1	0.386038112693509	0.403729970092387	0.215967865516064	0.512043202464446	0.308402043933967	0.310872994375469	0.164725452242038	0.220767021467797	0.176064087710227	0.195613060221354	0.132985197531342	0.0586884854290697	0.513176526525501	0.341670125069806	0.307047972918927	0.111707971818338	0.223949688704915	0.211260204559179	0.137929417716442	0.131845286512054	0.13654784513359	0.0394007174881993	0.148625978478545	0.318239712667706	0.122713876467298	0.120346208226897	-0.236198497477962	0.110006026856394	0.136176641612532	0.324919600117736	0.0671805192661918	0.0300948532804974	0.0246601280848428	0.190600980422228	0.290764003873657	-0.0792780021653898	0.0215399696725588	0.076449588530272	-0.00821124596030206	0.116728081162758	0.347403908580686	0.194417114130777	0.0494242565281977	0.120216207420316	0.108702933531204	0.110082763659016	0.0456829587774007	0.24405046177362	0.294205129081233	0.67248580137304	0.421884595557636	0.277084649921619	0.258278870006417	0.198886199417693	0.203404686143343	0.129638384867558	0.318275435378603	0.271224359734108	0.367247012166569	0.278413073043683	-0.0380864499803935	0.31463655061515	0.160881001522515	0.472268987341945	0.334283576950089	0.296407450701682	0.356051631210703	0.356893065303705	0.240700196955933	0.287941184340239	0.173393994721877	0.0289143205422022	0.12379710153369	0.312472153826468	0.0761426247002714	0.114534674224491	0.0716936322081777	0.239772576195277	0.446080784920238	0.304784220542891	0.220629657335671	0.256563300544487	0.281713476852849	0.403281370741572	0.11547499478199	-0.125974642006522	0.23078447374799	0.236641077879004	0.191603247271074	0.00783868899273838	0.0702816195496627	0.114052808533158	0.0234686044512058	0.269972690653908	0.0700302610569015	0.223101822236757	0.352435762507046	0.347658756936747	0.343342486683784
0.386038112693509	1	0.905481094641852	0.799132135389287	0.67357267348038	0.750632294950722	0.7156198726681	0.198844544598064	0.379376049938994	0.163082502066063	0.0220686356418298	0.412856418627562	0.388937297466589	0.439407830801123	0.615658803640125	0.670005305698261	0.249157032473275	0.255340040932181	0.514728941209793	0.408897866717009	0.203625781620268	0.200746916295048	0.427593518723564	0.652032082554695	0.234489309905422	0.77630709252759	0.478196928316406	0.0827546110037632	-0.00502672059276942	-0.0497740228422159	0.485651939889539	0.511332741035313	0.465715521340529	0.709486172225444	0.472020350106128	0.760410143563348	0.311988482743916	0.542534577141951	0.678957442446354	0.641641508511008	-0.213719591755983	0.400318418641874	0.395386549469899	0.696130446016056	0.544083883936802	0.462004908873668	0.663126822615016	0.496915820625325	0.29647982176235	0.374088085687551	0.4443159612871	0.814583884263305	0.583397639067736	0.749797355037645	0.570984534269689	0.686458683941855	-0.223125510143998	-0.0463453601899898	-0.321449418289782	0.374320537306039	-0.0780456752589093	-0.0707579647056136	0.0203870571134936	-0.203746591331812	0.454744151869259	0.30677835929663	0.32252895501558	0.197683099689753	0.613764529175961	-0.0898322083085396	0.0732522860832242	-0.155708846923925	-0.196717641192045	-0.131824835625596	0.172648874201639	-0.283789773672578	0.141351607650697	-0.0319237023215729	-0.0585968447898557	0.539223742051418	0.592759980778797	-0.040188341757641	0.20127604982969	0.420070722707573	-0.0126245635058986	0.398516710627159	0.205144477275255	0.362818732756482	0.264121041991867	-0.200262162167437	0.560716273477677	0.621164221170632	0.687796609175783	-0.17152157269025	0.239773522778902	0.417359845296543	0.121668529797576	0.0130992695942065	-0.129929048002404	0.266966233039822
0.403729970092387	0.905481094641852	1	0.822961892328778	0.787604517542321	0.812317900702852	0.761283938259384	0.291096728516428	0.49317869277094	0.247307630769093	-0.0236491569971967	0.53655624579106	0.500708617913805	0.549584637693782	0.580869608123815	0.720443547781823	0.299309041177617	0.296079139821	0.615561438100392	0.463138284904068	0.271451536313952	0.15411199937048	0.488265929646048	0.697757740684167	0.244408594514412	0.77480212290998	0.51049476234017	0.0861419274245189	0.0844262105147755	0.0435652014643374	0.520363251991535	0.42704529329663	0.563988959667396	0.614467811724664	0.507971039497996	0.830692842647326	0.322643014973132	0.533709559221368	0.744148902574053	0.62668289665633	-0.192320649167688	0.398984136984597	0.388883288318068	0.732368071256485	0.591897676701701	0.427742032908226	0.628276400138591	0.577180693488627	0.459148655951512	0.400324620639949	0.522034751019936	0.858587606746694	0.595559827175708	0.848316147099657	0.696985041592093	0.712840233816833	-0.146270775608701	0.0373327644170493	-0.294854011378355	0.504748403123653	0.00839973204775148	-0.0091576996507231	0.138953489402836	-0.130472166664721	0.521804668789357	0.372703062927386	0.320862090703827	0.291196407653192	0.696584441783399	-0.0985444391926631	0.176775117567069	-0.114986656556475	-0.211768155632762	-0.150409321450833	0.265753149044353	-0.394745866223414	0.192925973988916	-0.0844413399784438	0.0379991330380224	0.59274181499333	0.591254937421074	0.02485971821012	0.34199429539936	0.489896792397872	-0.0338955589010979	0.270661441985976	0.192076383732821	0.351410006720239	0.389915699522693	-0.203206194461459	0.62904002741017	0.654123625461526	0.72724587180798	-0.251575338833774	0.293251172468658	0.452822432481577	0.256578521894312	0.120373532812421	-0.0369644509568986	0.371607493734159
0.215967865516064	0.799132135389287	0.822961892328778	1	0.720810893656581	0.848346728709128	0.893585308175692	0.244113072188446	0.428002492282047	0.213094267506543	-0.0322644689603891	0.489121170452835	0.504106594238422	0.512149404266042	0.724912202614359	0.843174850126203	0.310342456820861	0.3385095366159	0.531316628461628	0.477850790071721	0.322048224098255	0.0922552091654934	0.46396880573041	0.686391949337053	0.283408448992404	0.808028236690384	0.617965606146205	0.098196030051493	0.0570164686091143	0.0589686321958458	0.646776992894103	0.55398615454976	0.594972278957557	0.770790371079489	0.657142744527261	0.823957303585177	0.459333436612443	0.587992067718631	0.803474904664943	0.723463218786109	-0.111356292482359	0.41495716691515	0.610208718849522	0.71774448042649	0.596996520215031	0.385197673087616	0.702830746250266	0.619194003079034	0.407442597145473	0.472377398113117	0.4430984985114	0.799764563476092	0.716245568371499	0.860905318460286	0.737646969305373	0.89919260562385	-0.050152700911855	0.119851990808063	-0.219376262645274	0.386384498578325	-0.0716867598270285	-0.00378445120176734	0.0837354038466141	-0.0362765341403247	0.428040715322271	0.472350920527935	0.487943744149008	0.284389694578231	0.655515411399573	-0.0599510549215575	0.105723055222306	-0.13668670759485	-0.0866080164737347	-0.000993041314674594	0.280919325182238	-0.256946202142286	0.294149534493168	0.000303749001633667	-0.115707150179193	0.560202445096843	0.542936654785917	0.108859155890267	0.208253441294398	0.52416236206294	-0.00710419169677434	0.467020794648411	0.395208898791822	0.528705013729121	0.397740949380768	-0.112577590117486	0.775923048966303	0.766017843251506	0.807828242480874	-0.141805815675845	0.294387497601979	0.651912486921692	0.222907237743251	0.0468684011020654	-0.135497755724922	0.359582424434828
0.512043202464446	0.67357267348038	0.787604517542321	0.720810893656581	1	0.730280636432125	0.6630049375655	0.300824343331422	0.589193442159411	0.245459371186227	-0.104481888627244	0.54554017647036	0.559092641365065	0.694268485700175	0.483696560240055	0.695158894057506	0.262156269664562	0.205843059435068	0.609448418937631	0.497538186048403	0.252585267874286	0.0732125356910992	0.482311344246697	0.617103323834238	0.420800513356637	0.65277821244804	0.547530920047278	0.0137387339509858	0.275103470422624	0.264667154671713	0.452656358846479	0.327432858755368	0.602148627688873	0.339478511660089	0.416385671839944	0.81623361029797	0.288830170048435	0.431369850485396	0.652362635859756	0.426810567918093	0.0906579369797442	0.389969710094874	0.24538776434292	0.629892380562704	0.498891664670498	0.277839730156899	0.475073971991562	0.415257732039861	0.713930822433471	0.316171348260551	0.675053926570246	0.700250363597675	0.403720492208411	0.777714176575341	0.714173109422901	0.565834234849468	0.144598817110507	0.291838053618086	-0.0829671310631851	0.63262299917786	0.208917264478264	0.130376460318867	0.307019005510861	0.20225295305611	0.647250792515831	0.443336982699896	0.376115429768461	0.568441042123891	0.798537509955763	0.105107533440151	0.410046256193045	0.0844985478161226	-0.0786793414581561	0.0661287236283055	0.547994284529929	-0.344286508640732	0.407222354606641	0.00482995254414983	0.247629341196266	0.666779872428867	0.545363393561528	0.225431697111872	0.436247022492224	0.618367411724184	0.152754906006672	0.165913312285389	0.203507632139743	0.31656663449971	0.605632381103251	-0.0291896108803162	0.586262340354354	0.649386461053134	0.709527032006237	-0.111297090803442	0.459375952138035	0.448040526997291	0.492929116915506	0.350297568373064	-0.0272897057778751	0.575134092813519
0.308402043933967	0.750632294950722	0.812317900702852	0.848346728709128	0.730280636432125	1	0.802224178242916	0.374605056788507	0.5510279323747	0.374810672824338	0.191776583548181	0.609798805866105	0.548941588028242	0.468976472833475	0.646591738725879	0.687794445761346	0.436496045052632	0.41241460512751	0.63366904508568	0.572890797964757	0.440380277909185	0.209796364020744	0.553467150722727	0.736371915357491	0.364180063236435	0.774491760222163	0.574270151035225	0.142852358636594	-0.0111130960090622	-0.102945440438321	0.523360075220694	0.377374233388359	0.62749914436188	0.654913772978977	0.469965022072877	0.774505535742426	0.381279223215296	0.630626446480732	0.833011536842235	0.681693528146502	-0.205245308133294	0.472612676738034	0.510807208778045	0.764592041334743	0.693713806367647	0.548382849371337	0.698171866776794	0.776951441430762	0.339964000037767	0.581189681469566	0.439192155488282	0.820401504826615	0.671622483077489	0.933327623827733	0.829441055278319	0.778635821243961	-0.204553219086589	-0.0562327044021479	-0.314390815150352	0.459182089744908	0.042105044707397	0.0208142987032392	0.0443474851177264	-0.132908702086752	0.395124831495859	0.304423010324238	0.206359423426728	0.191972108013718	0.590511193754183	-0.112531787632084	0.105553003866176	-0.176143303004619	-0.230272864825516	-0.0744249250368861	0.138853624950674	-0.42126266325831	0.14449370076295	-0.197097287466241	-0.147623797509331	0.547106389030377	0.543871320846792	0.0075619580125834	0.180543281229178	0.314550964682242	-0.078181749921674	0.228488873028315	0.320280369140634	0.30082607809265	0.269914587306475	-0.239805198008888	0.730423890753852	0.611815630843648	0.718199764101442	-0.341996857026499	0.24046914297933	0.658841407280477	0.198804004043202	0.0944554497891132	-0.0326054100358631	0.287270670585329
0.310872994375469	0.7156198726681	0.761283938259383	0.893585308175692	0.6630049375655	0.802224178242916	1	0.100176994598647	0.291042560893397	0.17203666745348	0.0120130592129202	0.323894090644819	0.309224326256234	0.554582198373183	0.682032365596247	0.837333519281808	0.149461167289171	0.25268783346147	0.366599009318161	0.311662425372963	0.229214857899625	0.0712953081764844	0.245327735701578	0.509039636746308	0.216610075631132	0.664232180313947	0.502464064196286	0.113641660779699	0.128286047321827	0.0688848811524271	0.618270416332028	0.518489209399718	0.380155783475016	0.726723013397065	0.820862690391919	0.702592586984639	0.396731185086229	0.378073615918461	0.703296466478637	0.654000968948644	-0.0473210938773275	0.303643644683089	0.678574785150999	0.526678638145562	0.401097791889464	0.249072430947275	0.555392109474476	0.639220135841259	0.343664821202024	0.455146253248863	0.581475506850521	0.753941060244047	0.800294230159556	0.755321909387336	0.704182907288023	0.94087339479142	0.0221841744320972	0.164186350065156	-0.0280536275099576	0.302377412756801	0.0278570648664446	0.0486898063436884	0.117781368577596	0.0107262815293413	0.509962417720879	0.617943569263258	0.604200926417473	0.251321665215744	0.587837204262565	0.012700080891952	0.188996654181701	-0.0380979389909752	0.0418940318895176	0.0616006163801348	0.317879490884611	-0.0424236616656928	0.344449821867043	0.0647965356084451	-0.0361274989105445	0.442336511279821	0.464743840535836	0.242143417953746	0.271218267997575	0.534270534019983	0.139217076651942	0.547729945995402	0.353621099871251	0.677339304760974	0.457011734030944	0.0827319138964045	0.719018370927235	0.704812647664396	0.712901111848473	-0.0613747054785722	0.237095190654363	0.759561563501897	0.293824540958306	0.201139902241462	0.00441659372408287	0.335994662105067
0.164725452242038	0.198844544598064	0.291096728516428	0.244113072188446	0.300824343331422	0.374605056788507	0.100176994598647	1	0.724981194375998	0.681911719066733	0.332825382025387	0.748546604381182	0.719164410609024	0.227004790480587	0.0536740486961923	0.176332307960765	0.789059413246888	0.806953657650302	0.671870853241239	0.829578274584947	0.730359386215936	0.333585879577662	0.648296267202651	0.636111950029559	0.586374720116815	0.447417654819686	0.383502746792173	0.0927934812605104	-0.129614964243566	-0.059747338820556	0.327174833961202	0.0248742806959263	0.698614663039739	0.00139984234927791	-0.177436560766557	0.41818709586153	0.31552850480323	0.731073151444093	0.423036678048373	0.120178629397383	-0.143072165670184	0.424820715124839	0.163234536749198	0.592383240113836	0.772512664077431	0.528309873323087	0.434591297554409	0.43107993925394	0.15052099332556	0.50980926414981	0.00832946374322917	0.343529444157897	0.0697486812944886	0.45842621488285	0.394903204874564	0.0819544242096528	-0.183968621075268	-0.0872047931347824	-0.165826227369724	0.568942450487826	0.102882236723736	-0.0124075236560288	0.0624878639282661	-0.121394951217669	0.0242930207400415	-0.172315664211725	-0.360558218288789	0.0236985917287145	0.228313408517518	-0.0303169259962266	-0.0654517141427363	-0.266167793478325	-0.320606269304112	0.016999583962089	-0.216266174246667	-0.579206625558546	-0.197534669535637	-0.587155947106272	-0.21548374424462	0.261352348592371	0.257654555407795	-0.170233020840928	-0.0555980262739082	-0.143056786197144	-0.14769288577105	-0.383944141740466	0.0561814107078094	-0.322813206755501	-0.063599292820028	-0.358337611041375	0.239974281626589	-0.0433625051419802	0.374983406454598	-0.503173798671283	0.178989008006195	0.0646299121856961	-0.0608135440291392	-0.217027485612226	0.255022731841771	0.218523536308818
0.220767021467797	0.379376049938994	0.49317869277094	0.428002492282047	0.589193442159411	0.5510279323747	0.291042560893397	0.724981194375998	1	0.502897718023586	0.212943089576664	0.769633484562897	0.740687321927392	0.488868810617362	0.177476518476157	0.41395352276027	0.610690562677697	0.470141676670904	0.907383505207538	0.769697004471334	0.562218448081904	0.233070254373737	0.637630972920276	0.764497884357887	0.532419758941443	0.497624756527146	0.477790122547402	0.168108392602991	0.215666353187868	0.173003152460583	0.280660160684588	0.00954987558433683	0.73390469683485	0.0375227903477044	0.0358051321986987	0.69256518009732	0.256557898362222	0.673622509431349	0.616207816919121	0.363132915636624	-0.0405220563896567	0.329903604765426	0.129459553405116	0.730753197212214	0.753701051620783	0.414819239232305	0.433701375032008	0.530015810287098	0.514352839745728	0.341211658739925	0.195654349367799	0.390754237929677	0.146175573297378	0.630327054602453	0.618556679601223	0.238288436563425	-0.0950619758818307	-0.00334397663365994	-0.193515059732481	0.860035512078636	0.170675427959415	0.153494058160375	0.252878945543387	0.0395868145625226	0.247436074891564	-0.0871552945729941	-0.173014325496841	0.37870839671619	0.630598061856381	-0.042330210023333	0.201658550353682	-0.051106022877202	-0.426397599206728	-0.0580281932932347	0.13548184037989	-0.713844639643133	0.0887051286330588	-0.401190363288419	0.0202286169478849	0.58893493332201	0.385847632601357	0.036346558605831	0.30851078541411	0.208724947595462	-0.130876467319755	-0.299959101432129	0.0561497140852016	-0.186800737868486	0.271871333546151	-0.269365553806406	0.399210975801697	0.303604787831434	0.536202799478555	-0.474647558804685	0.385208340937609	0.199888703331582	0.314330428078975	0.119947915814409	0.0326822462787924	0.346210098769673
0.176064087710227	0.163082502066063	0.247307630769093	0.213094267506543	0.245459371186227	0.374810672824338	0.172036667453481	0.681911719066733	0.502897718023586	1	0.508535731861035	0.757644460773471	0.49880555175459	0.318353226923028	0.0755044976751751	0.226138617814135	0.680621743164958	0.593269811826253	0.576644795728163	0.583448981376103	0.738349830544875	0.505357160384128	0.628101325741255	0.505234845552999	0.414950555494647	0.398803013465708	0.291630763460213	0.289331554500574	-0.0662123095441307	-0.11482568695422	0.350214524060196	0.147386195097478	0.600690455518904	0.0810861206883866	-0.0281556872897382	0.331251055998147	0.283455355678293	0.518014095560087	0.373445629407207	0.150223420442748	-0.0504082108692235	0.52799767763906	0.240328705694675	0.402594077393586	0.687397028437263	0.478684839983914	0.430054292800656	0.496061797862686	0.132634962239504	0.625355029455616	0.134365679325678	0.372267812961285	0.220309574289657	0.437687334939681	0.471082276849598	0.171118362479587	-0.263460921376492	-0.290381971687756	-0.189107312322526	0.30381376666668	0.336644244910165	-0.0127818536745602	0.173022331569708	-0.199556946058674	0.131598967208019	-0.015590613162664	-0.257371386568187	-0.138245209134618	0.165648940048372	-0.234568076196273	-0.0646164768990394	-0.252360570416692	-0.220559855592592	-0.197654627922486	-0.289131633856709	-0.463976437146604	-0.194401167437296	-0.521003826253468	-0.142474910303957	0.135158441022086	0.0909244877861024	-0.159770364934686	-0.0334978047655564	-0.181598911204367	-0.211805034231877	-0.321931088308296	0.114089770461101	-0.204555682729758	-0.0482346824932273	-0.355531094597622	0.26176310237459	-0.00338462855186804	0.247706118111672	-0.473209694777806	0.108064680828701	0.201977088457787	0.0648826598635238	-0.153151917814956	0.375643928108494	0.278349152420568
0.195613060221354	0.0220686356418298	-0.0236491569971967	-0.0322644689603891	-0.104481888627244	0.191776583548181	0.0120130592129202	0.332825382025387	0.212943089576664	0.508535731861035	1	0.274679095382214	0.0667387456283941	-0.105486774890441	0.0965293577489351	-0.0911804738596821	0.491062297310199	0.406712945451677	0.250118475949361	0.244119785439532	0.503404038455185	0.583025166878049	0.321443649493379	0.145100181607002	0.219921924679537	-0.0372668221149482	0.00928606362287025	0.105701951944967	-0.247551307705069	-0.427020978314906	0.0875593757899872	-0.0316226671442887	0.0447435955841534	0.0726799073701563	-0.187205791329815	-0.0537834733743266	0.00527029540226313	0.301809447420272	0.0407121134450608	0.108794667497772	-0.264819085638301	0.217810675923135	0.210535569625494	0.0863093151112906	0.306794008600542	0.552571372131366	0.31595554653404	0.30778309829481	-0.432232623071093	0.483456275417272	-0.102687576762792	0.128120886720526	0.262998790385961	0.113988106267314	0.105145457765476	0.0225614393270896	-0.420462563451952	-0.379103738464615	-0.10839906249953	0.0220515038982536	0.143438483066445	0.00364366126174726	-0.130845321171877	-0.287867445768647	-0.2231475958392	-0.262046049682057	-0.323476202205332	-0.22908792541437	-0.198911778248894	-0.209073415695718	-0.180448601467211	-0.211547015870708	-0.325094781567583	-0.163621350188869	-0.469911572970704	-0.137656650878157	-0.426012713756581	-0.412743947832238	-0.369137542691051	0.106673548370675	0.0800634505734954	-0.238364806978432	-0.255735473890923	-0.462441350294648	-0.183215364267281	-0.102891457140074	-0.114540972416246	-0.254693916064434	-0.423844819734152	-0.238517840364545	-0.179008763622988	-0.262883936312702	-0.142938773505851	-0.387469875495329	-0.102594060529455	0.0163602896787321	-0.30620036427449	-0.144880759698805	0.202649734957169	-0.14772222948491
0.132985197531342	0.412856418627562	0.53655624579106	0.489121170452835	0.545540176470361	0.609798805866105	0.323894090644819	0.748546604381182	0.769633484562897	0.757644460773471	0.274679095382214	1	0.841970814619424	0.431141003572056	0.210574282690649	0.441486105524389	0.766254380409396	0.611693835056937	0.818961949326494	0.778665880631795	0.749672465035938	0.351730762906736	0.843733098982763	0.780291968881514	0.483678763930117	0.658744640728797	0.61046573037641	0.238586962963642	0.0333517074654574	0.0574924855287212	0.419522520292444	0.193934146905211	0.886669053293055	0.225706965403635	0.0657356958206738	0.665469006597631	0.391099409081271	0.721034144887869	0.684762127240284	0.410932480812999	-0.0683540099837287	0.490969967677283	0.24276213289844	0.761485908912349	0.859632123745068	0.525655832639312	0.616106638233998	0.590914510628998	0.423933589128304	0.559961809097756	0.193773153404278	0.516447488867978	0.224781544309101	0.686944813446453	0.63626082481247	0.305692436732246	-0.133672536775103	-0.127539012370876	-0.310246476119725	0.608671972143951	0.262349305832824	0.123581679876776	0.236107867263829	-0.0152843729525995	0.21226613889461	0.0120651664879239	-0.172165552964504	0.190133474543005	0.51074897154653	-0.177717559112022	0.0681271825156202	-0.164503371656277	-0.32983842452988	-0.125816196430027	-0.0247440872713927	-0.652102774552637	0.0399013139094936	-0.400642582560471	-0.065736294537376	0.420440826280627	0.465471499482036	0.030978404273648	0.139253911402117	0.134244081771666	-0.14098993407619	-0.243279256806964	0.21056397064448	-0.151169225546003	0.215188128462344	-0.358041715093154	0.513695531173786	0.323837403856851	0.596339409030717	-0.464230219412538	0.357274553568634	0.258489557513144	0.218474331134861	-0.0114698126787066	0.176020451756934	0.373706302215819
0.0586884854290697	0.388937297466589	0.500708617913805	0.504106594238422	0.559092641365065	0.548941588028242	0.309224326256234	0.719164410609024	0.740687321927391	0.49880555175459	0.0667387456283941	0.841970814619424	1	0.37239214755879	0.204439896756016	0.402051011752162	0.630079323753091	0.589461405989344	0.723488097389747	0.793313310616731	0.587836221796234	0.208165280956477	0.732781932052477	0.764809431824703	0.524402208060032	0.626885220687682	0.599928576094446	0.280725345455628	0.0233190804364121	0.148595747149147	0.335234919417939	0.158594600599668	0.89202602756152	0.188195214037083	0.0633332872439899	0.655552228786951	0.480095724953043	0.694724069447603	0.649892048337158	0.370256302017573	0.0267932480639819	0.370684843914117	0.155206983165617	0.75286437981694	0.764912049381986	0.36424575104213	0.510416415134712	0.471529615060683	0.462097749178488	0.322838122944682	0.150751927886549	0.472437642981241	0.118392858253077	0.656754506376741	0.561278300376057	0.267538869529127	0.0449619523090411	0.0950917875339441	-0.266975983539482	0.66153063104184	0.166243248430643	0.168056648148786	0.235848323686731	0.124860324720255	0.18059028057567	-0.0143234534482756	-0.143867776562765	0.294251303633972	0.538432926455511	0.0399628291258469	0.0798654182639639	-0.10561441846812	-0.205766489854084	0.0826779832357594	0.0776719186585635	-0.603638091824174	0.129412876718292	-0.303404086621028	0.00089608564135611	0.37889543063487	0.435408805639416	0.153144619721069	0.139702925296129	0.196206022185363	-0.02195613787776	-0.226566386488255	0.295438886118356	-0.126921186224316	0.274790262801477	-0.221614459118456	0.51960238564627	0.356652796092127	0.639078835257386	-0.349519060663941	0.333883321911084	0.24806951614656	0.174510567393366	-0.0819415623579848	0.0280991225692711	0.385217653155537
0.513176526525502	0.439407830801123	0.549584637693782	0.512149404266042	0.694268485700175	0.468976472833475	0.554582198373183	0.227004790480587	0.488868810617362	0.318353226923028	-0.105486774890441	0.431141003572056	0.37239214755879	1	0.446565719310139	0.742295076615566	0.223361666767356	0.162204660223088	0.512090540716862	0.364175920186916	0.346987836833865	0.0812802935390691	0.28230676409637	0.368442977335936	0.412017430882123	0.40671243316731	0.401757803348504	-0.034256200191736	0.543135209233308	0.609272424411495	0.587810340452815	0.230599911378222	0.406439727965409	0.111096844247867	0.551616235658736	0.68288232271748	0.157504227177064	0.201948346750393	0.432029206284878	0.237557765165085	0.35956257975174	0.459624686969845	0.39957300372859	0.368403843085719	0.355041797360698	-0.00518747100130554	0.251917128630734	0.322770396081247	0.744563763508801	0.352160574863525	0.66215786893588	0.453185104618338	0.24834701484785	0.505718642813573	0.507883607850492	0.428667834429028	0.280248639682173	0.324329374202016	0.0846345194032985	0.512712034014505	0.374842345863817	0.183703006032064	0.552941940932052	0.414915790200616	0.697260523493594	0.522089661998706	0.492741155948002	0.57858732379837	0.685737747577739	0.115894432891376	0.509948993297461	0.266435452414586	0.0111149534759335	0.0680305139874703	0.595361974896694	-0.160954623601393	0.479032249249448	0.054369147452066	0.418190312345785	0.56373756548412	0.410337251150122	0.438050626439479	0.563279859783967	0.673077577979081	0.36990800101919	0.122937003295793	0.14301230514882	0.419942563770806	0.675046650815761	0.181511996117053	0.429264200554896	0.456238869853406	0.518189227912333	0.0497020348763047	0.665019294215058	0.322230596107107	0.686004858998761	0.459708676169728	0.301512936170163	0.670312384910266
0.341670125069806	0.615658803640125	0.580869608123814	0.724912202614359	0.483696560240055	0.646591738725879	0.682032365596247	0.0536740486961923	0.177476518476157	0.0755044976751751	0.0965293577489351	0.210574282690649	0.204439896756016	0.446565719310139	1	0.655642587653625	0.170818193436006	0.209662350029471	0.286787287192525	0.232795832194781	0.212887424725224	0.203957392068	0.231916556866866	0.323364608781246	0.199593862868482	0.467011494108807	0.390435300977477	-0.0174235909712502	0.109520569610443	0.0474828788122826	0.596693933280299	0.480766817291935	0.231574498318721	0.614998952790044	0.59552146072043	0.54866044773935	0.179351326858697	0.348879022407232	0.468884608960667	0.531238915139748	0.102017034411394	0.519164424272484	0.69107560520768	0.385492585573746	0.339936311053908	0.314119333576289	0.550036543802973	0.362110607121358	0.229994756306307	0.503591449865472	0.37456118616026	0.585484246131411	0.603618400008703	0.568392690989481	0.414897024898256	0.661506777247231	-0.0848169950540728	0.111168767878907	-0.0620588515039076	0.183434900340893	0.00739878058189101	0.0257558483966138	0.108420107510149	0.03455185052501	0.447085658557306	0.438723294016128	0.563262576538904	0.314610007644116	0.444087963445209	0.0205755820212856	0.241409355134853	0.0956756021750397	-0.0696778773009842	-0.0197853197972264	0.324216671846066	0.0392539241682904	0.233319650130379	0.22013897955459	0.0575719790471611	0.587342134298997	0.504907971870145	0.183436186801406	0.306235668499519	0.474241657762512	0.171912313047905	0.568973967434272	0.244394034959754	0.567448346516487	0.275409063178574	0.0304771417672498	0.444986730277593	0.567662799272583	0.435272967192268	0.110410653036385	0.337354065026649	0.416888189358812	0.20973455013553	0.143792573835549	0.0827589694210226	0.32558548748361
0.307047972918927	0.670005305698261	0.720443547781823	0.843174850126204	0.695158894057506	0.687794445761346	0.837333519281808	0.176332307960765	0.41395352276027	0.226138617814135	-0.0911804738596821	0.441486105524389	0.402051011752162	0.742295076615566	0.655642587653625	1	0.296177489075874	0.298565856882386	0.508878326739691	0.350742110968281	0.403234163583281	0.0274575395217432	0.394917355117716	0.58572249103534	0.27248992003191	0.70371145690604	0.581474793546868	0.0393743210775495	0.316629321744346	0.321168655137123	0.826955873739418	0.604486100515484	0.486051262133948	0.566260510739086	0.779419730137004	0.862416437603158	0.419183178892961	0.401632877306422	0.721012900957112	0.531373348539596	0.114273609945748	0.41563766891983	0.689979337350532	0.544173746454112	0.487853657821531	0.199900463032268	0.586308820117774	0.523546715487027	0.57216777031868	0.525617140877032	0.594274259726538	0.709483664138033	0.615631499936147	0.705024912022635	0.637668086958589	0.802122096472331	0.0924122348318377	0.176683463642587	-0.0187681413755294	0.414655845980969	0.0774865396928905	0.0750101936804502	0.266861672228783	0.20048355025002	0.653471312529544	0.63333542912276	0.67936623451921	0.479197306459682	0.780157201170843	-0.0244066327987317	0.333493139340452	0.0176261492309011	0.0737412020419447	-0.0105164920241125	0.508264637766444	-0.11335233425242	0.495826249629611	0.0734738736180384	0.129426676024934	0.602541138401434	0.553716615037106	0.28886729838207	0.391192783773838	0.692856453864601	0.209075580600726	0.448093904432968	0.392427815710664	0.677597464943501	0.634166458604671	0.0713929478085456	0.744003513756831	0.669281972393121	0.738571340558897	-0.0432943124101419	0.46858933005197	0.591656589480531	0.501048668154522	0.231798996600924	0.0754141636223049	0.529627899022074
0.111707971818338	0.249157032473275	0.299309041177617	0.310342456820861	0.262156269664562	0.436496045052632	0.149461167289171	0.789059413246888	0.610690562677697	0.680621743164958	0.491062297310199	0.766254380409396	0.630079323753091	0.223361666767356	0.170818193436006	0.296177489075874	1	0.772792551406004	0.674067802466334	0.682623412865025	0.880269489238695	0.494455443773216	0.729263023132927	0.6464093249881	0.442477375523633	0.459105712190722	0.40030938099222	0.023777908834051	-0.117574035286108	-0.149869615142644	0.51730342409456	0.138112910590345	0.640394585249734	0.092208467515372	-0.100452166569471	0.443374225123001	0.358971540121572	0.70128809877872	0.488412294857569	0.165204496239383	-0.197285113596905	0.459375689430297	0.326560780609314	0.581530517834524	0.787144778244173	0.699380118590724	0.587364811973046	0.481939914702214	0.0795049680032059	0.680558894386853	-0.0870348146136241	0.399733023100679	0.229095220260157	0.494617846153897	0.380586052002305	0.171416619876207	-0.357152938050261	-0.310187668123344	-0.338322064804355	0.347811395250676	0.0875108088187088	-0.0321124353222949	-0.00993376716282248	-0.145839922603863	-0.0182528473522477	-0.120464925065048	-0.28653513322701	0.0629754719288528	0.178197906942744	-0.292512091584315	-0.110488132497256	-0.316203186938264	-0.413993316209229	-0.16615017639002	-0.242136005203921	-0.529238564544919	-0.200127628560818	-0.556116273592963	-0.295304964654937	0.407788037233162	0.433826241629307	-0.18029183041215	-0.071413558283278	-0.110929446626551	-0.207332851990626	-0.268936686867026	0.127145217288028	-0.229693767524488	-0.108616464490335	-0.502596688948428	0.271017697146211	-0.0533196135393426	0.317249817913852	-0.47597130238025	0.216135547769725	0.0623605752174794	-0.0149979608969633	-0.143399411052285	0.255412897639943	0.184578669710051
0.223949688704915	0.255340040932181	0.296079139821	0.3385095366159	0.205843059435068	0.41241460512751	0.25268783346147	0.806953657650302	0.470141676670904	0.593269811826253	0.406712945451677	0.611693835056937	0.589461405989344	0.162204660223088	0.209662350029471	0.298565856882386	0.772792551406004	1	0.44523583478724	0.65385894222302	0.719483826254224	0.397855952130833	0.593766384900312	0.565238455380194	0.563510062739898	0.456664556471267	0.418039945162848	0.051071122229044	-0.192931671431685	-0.125630463128368	0.560615673354591	0.294250230314271	0.563986858503813	0.203861619700267	0.0329834570783328	0.384840998892319	0.4506892272006	0.613880254320286	0.408492153649404	0.157392439892637	-0.0986967876779774	0.453807283749053	0.381006642422614	0.455408569340539	0.64712243602515	0.530384327923625	0.570911615744071	0.400636649741872	-0.0363756061052833	0.6135704182305	0.142206380211828	0.483736672718136	0.289333491570519	0.426049072156394	0.297213888857175	0.249323330562301	-0.13996327644162	0.000889989690431091	-0.0155551309020276	0.396643754637384	0.100632356046673	-0.0174811686146788	0.0383729051208912	-0.109842390393067	0.0587368291956193	0.0164838623138503	-0.120086575217878	0.0332426750519901	0.169360212431195	0.0571427715740024	-0.0990375852347982	-0.22073660617617	-0.0730463581457575	0.121511881361894	-0.191229158152007	-0.267717708719077	-0.0869555857621922	-0.403082108271148	-0.228765683184456	0.215601033369897	0.353089796756072	-0.0552492639538117	-0.124873969849024	-0.111180256608594	0.0501639709025944	-0.0742023022781356	0.273278167216076	0.0080444093827413	-0.0810264449910805	-0.21522327430223	0.321355820192731	-0.0337683751519964	0.36728120334005	-0.325034321808053	0.162022354516753	0.189641091327669	-0.133110242665225	-0.212125120525009	0.292060010970986	0.166869842394808
0.211260204559179	0.514728941209793	0.615561438100392	0.531316628461628	0.609448418937631	0.63366904508568	0.366599009318161	0.671870853241238	0.907383505207538	0.576644795728163	0.250118475949361	0.818961949326494	0.723488097389747	0.512090540716862	0.286787287192525	0.508878326739691	0.674067802466334	0.44523583478724	1	0.72748182331615	0.638886282962248	0.272135221954335	0.690955137854801	0.842092967515145	0.378859008628152	0.600479251439581	0.465393827172059	0.154720779279469	0.156721199006497	0.0963887144525937	0.374773257717909	0.0437150433300369	0.772404918244791	0.151018067939188	0.0699507268628816	0.773354749834896	0.236542854851205	0.708643164701489	0.706895716849861	0.450106131433995	-0.167255414547419	0.405658750898463	0.234091896873441	0.810085813598116	0.827266879052266	0.53270951261734	0.514832223393274	0.633528125897095	0.49608924784184	0.447530430403904	0.16066202353825	0.499945276575198	0.247791061016646	0.737869507300186	0.692869839590302	0.33766711117845	-0.25890583288293	-0.232194554884948	-0.407304601727869	0.690852635567862	0.0597514237780725	0.0268022806661517	0.168675759091983	-0.0850078241728692	0.235431580913068	-0.094473304887536	-0.178340511217545	0.259374644593897	0.651092281226696	-0.303392941691049	0.0462269415389523	-0.232490596673146	-0.575517059514087	-0.324167460679762	0.00755945144607104	-0.805656679760729	-0.0158177151409522	-0.481715214805651	-0.0736771476701465	0.642939594508539	0.453410921333127	-0.0835622713817155	0.28748810724257	0.207374870602571	-0.292032977769276	-0.296385203978173	0.0169043163913292	-0.196070165626204	0.198429077153855	-0.462553317066957	0.436067855715457	0.358000441651226	0.553516240541329	-0.598467791148874	0.299759993460594	0.219102542588577	0.311059905325038	0.0378319244012841	0.0140536074047051	0.302959584139026
0.137929417716442	0.408897866717009	0.463138284904068	0.477850790071721	0.497538186048404	0.572890797964757	0.311662425372963	0.829578274584947	0.769697004471334	0.583448981376103	0.244119785439532	0.778665880631795	0.793313310616731	0.364175920186916	0.232795832194781	0.350742110968281	0.682623412865025	0.65385894222302	0.72748182331615	1	0.643704571730452	0.379521482794641	0.71797414177926	0.726807911080492	0.692571741707776	0.595451047540147	0.56763580230776	0.0851093850423304	-0.0248748691182591	0.00171149436629828	0.340819017180746	0.117820310191646	0.794779570521865	0.194957205818908	-0.0234365176400701	0.580915647396073	0.329979312580722	0.811180546163437	0.567731971982485	0.327662576966234	-0.120751663519507	0.408911865044395	0.190799575968136	0.74911366547171	0.809969126414971	0.557941785373878	0.517841494178622	0.523664901283021	0.317091735520268	0.489881704467327	0.173137449112523	0.493424208753795	0.202589177251581	0.653853897307973	0.588264958811711	0.302428491690953	-0.147062561670236	-0.0227168392423621	-0.258358969390393	0.659486042336202	0.0921666765055642	0.0618879832286476	0.114037214129704	-0.0892759883470471	0.14741078956939	-0.050639941503697	-0.200694473223142	0.123245913268881	0.420224449177775	0.0569822076066892	0.0571781658832166	-0.235682507305515	-0.307604922072039	0.143959332326331	-0.0339144616898535	-0.597230528899891	-0.00344851801548016	-0.470266188350805	-0.159301770878549	0.364446083748519	0.35105203188914	-0.0656464093693037	0.0324409545644282	0.0577521925960089	-0.136401753544457	-0.227945575666024	0.154405913732778	-0.178739485749233	0.102367839495787	-0.303651290731541	0.394085547295212	0.243435144421117	0.616380535035125	-0.433563183564223	0.275359312529981	0.248248393187072	0.0534160672809627	-0.166927359882957	0.0312753770969596	0.274363771975704
0.131845286512054	0.203625781620268	0.271451536313952	0.322048224098255	0.252585267874286	0.440380277909184	0.229214857899625	0.730359386215936	0.562218448081904	0.738349830544875	0.503404038455185	0.749672465035938	0.587836221796234	0.346987836833865	0.212887424725224	0.403234163583281	0.880269489238695	0.719483826254224	0.638886282962248	0.643704571730452	1	0.408970072912507	0.673483979332573	0.59126325616984	0.442287443002731	0.444093880803731	0.39529425626564	0.0832201203991638	-0.0316588660156664	-0.033691364029506	0.598942964760358	0.148574331601729	0.604336996119129	0.108319032444343	0.0559265723730203	0.463875585244329	0.427050577457246	0.594996298421208	0.509568072010292	0.17349778217785	-0.105742299627026	0.455219805300446	0.485093993807004	0.506913898647194	0.711996961336049	0.595111813410151	0.527520970508724	0.542703877472522	0.12867158801208	0.746945566683765	0.0487090460994776	0.377837037665064	0.280561099825053	0.488469349160034	0.41031818394057	0.242255010602625	-0.242849408251485	-0.282061380707214	-0.269030476999963	0.333708302744313	0.182688030356296	0.0254080036325573	0.124361179049288	-0.00948497088315878	0.0824489401864982	0.0323874257085695	-0.171906345096125	0.0650271376118556	0.232764433410662	-0.303316374032218	-0.0211854718209084	-0.277106251652725	-0.274705905845717	-0.17674813771926	-0.168910392697679	-0.42121636504421	-0.115039419615237	-0.532532554969481	-0.228805694763972	0.315556951153506	0.390867249288253	-0.0395301312930973	-0.000230759296565608	-0.0516201962513351	-0.111451691717557	-0.243736574484439	0.206518877035804	-0.0951634836782605	0.0475041815088428	-0.360229877105312	0.355851864770756	-0.0168827577460747	0.355064029549809	-0.451772509339685	0.296163235781233	0.178042689111913	0.0409400456275706	-0.109551087833586	0.396358866217439	0.278672713188007
0.13654784513359	0.200746916295048	0.15411199937048	0.0922552091654934	0.0732125356910992	0.209796364020744	0.0712953081764844	0.333585879577662	0.233070254373737	0.505357160384128	0.583025166878049	0.351730762906736	0.208165280956477	0.0812802935390692	0.203957392068	0.0274575395217432	0.494455443773216	0.397855952130833	0.272135221954335	0.379521482794641	0.408970072912507	1	0.43145062462065	0.276513384891457	0.348350682759299	0.16414748935223	0.194189126169453	0.137180425979213	-0.0432484997498951	-0.267258563204305	0.19036915639841	0.200981778286506	0.208665740932946	0.135597050867549	-0.0812638652764757	0.0886650088446603	0.152997604563782	0.377736481434654	0.115137644709308	0.166920828580462	-0.0131473007390975	0.311457100722536	0.12428711662861	0.262907220217191	0.386519412491297	0.540294274662673	0.380185719768872	0.207348241742389	-0.144509377017816	0.381793019562648	0.0522621861460048	0.28424590293176	0.262557644161296	0.218918885436341	0.139894902426576	0.0733389828971383	-0.345274228896187	-0.268242109948324	-0.210608899554379	0.110701714746989	0.139078539102695	-0.00214651947184983	-0.115436745714159	-0.275460469793246	0.048286793011045	-0.117713487606804	-0.185370649562038	-0.107490960541551	-0.0252675484604956	-0.115092420135975	-0.0817708793041514	-0.0767722409864341	-0.2447553023743	-0.0353415510313716	-0.269497336904442	-0.162274461512785	-0.199226725896158	-0.292515916474703	-0.136295548397645	0.150072215750232	0.17497801610894	-0.189938195001814	-0.0231510278173391	-0.162785623634018	-0.0934015928688557	-0.0863895580414641	0.0245375991442095	-0.116233683153218	-0.216115394072745	-0.226760418914318	-0.0607289694105414	-0.0965514594115848	0.100725232234698	-0.129336245065696	0.0899601721866826	-0.00869488296860275	-0.087264740696168	-0.148404080595711	0.17863718118114	0.0435459735260293
