1	0.584679000844483	0.568341190012471	0.505266289037937	0.621251655089933	0.47642391741971	0.442965174676681	0.279254918351514	0.279729568688334	0.35502953520995	0.131236705975036	0.243886798154281	0.229988528194711	0.677328940926913	0.419386901006232	0.387947185505017	0.390090249451876	0.205282862673377	0.29822448751158	0.161836916978413	0.584912448232664	0.00218090128445636	0.245606938041282	0.16447666433595	0.0181965307509426	0.187616069111235	0.092769058200836	0.0920214536162759	0.0145212986110198	0.212078426778495	0.340582575472854	0.373192827811344	0.246915542475581	0.243433624081674	0.495979908803834	0.408177751225217	0.224992615942143	0.141710111552172	0.465361611410753	0.265327234569362	-0.0357779367811936	0.340982564191414	0.451096722433967	0.257325150960398	0.265173823823342	-0.10698012524524	0.245118337837762	0.500646870158113	0.224707020538893	0.601772457366281	0.410982326260105	0.438134998861545	0.312579769435031	0.509232600010587	0.421637216010841	0.464699638412632	0.0580231447239973	0.185868065637471	0.352272830505233	0.427767514070902	0.142943100724302	0.124514043463279	0.0616159271657834	0.0635151665611752	0.22533044631713	0.383263035284107	0.258321683872965	0.0572434475158568	0.347445539840499	0.203890307888921	0.290397093465955	0.0943134649655146	0.0361523660576988	0.0925186462612994	0.124952187981239	0.143471022448724	-0.00329932878415588	0.248286208341544	0.237477763000778	0.112008318848459	0.253565417566786	0.203529201758573	0.378920532947437	0.184180196494206	0.350763617201823	0.203185423165488	0.17311287672302	0.582073447643148	0.167939110542002	0.114103440448502	0.449561700508288	0.348717032381637	0.133752611503504	-0.0140088583695795	0.153073047898338	0.479927028701101	-0.00541012024384473	0.142364346631387	0.358832363682008	0.132391389250909
0.584679000844484	1	0.182524281139801	0.57097954836962	0.327946158737608	0.339807796852786	0.362611215735229	0.325045313251554	0.256516047137109	0.29524936012216	-0.00376141586870593	0.221297594859446	0.302461806678985	0.555725022282233	0.588390748482165	0.2939749123332	0.334814847619025	0.228340734948285	0.2667253734125	0.218269178254098	0.386750402689571	0.15772427336035	0.403590772894161	0.197240583718712	0.137673943680072	0.33648916717632	0.243889554312451	0.0913693155554687	0.278185244130723	0.0856013602456943	0.179697622074673	0.286706986687727	0.385170182640793	0.352967477469573	0.501953636089564	0.319825134123003	0.287407815208478	0.151372510982662	0.41864112437318	0.168063016352327	0.15160694042606	0.265784522101573	0.20383337133145	0.352820104555628	0.262986043388038	0.18789634160187	0.332960534159113	0.530592933641306	0.0946969914865634	0.460059452222456	0.109232579039947	0.0525684190874928	0.15083311684793	0.301078641691032	0.371411613109155	0.304039449434481	0.166097888433524	0.27765169279207	0.21907421026017	0.28118075993536	0.242002049328624	0.106402944710237	0.192278088011687	0.169970334010037	0.400008205864895	0.418799920521558	0.282814251203465	0.125657587465295	0.229464819675293	0.138611624268263	0.360921056233004	0.175908825151823	0.168603422197834	0.202095764079426	0.34180459160412	0.29372149140938	0.28797495856872	0.302750158948382	0.32456398951472	0.242535068869415	0.418343821484758	0.288027734421267	0.430026317388146	0.248650878610582	0.323374318360913	0.371812356160536	0.197818071916524	0.512654495414674	0.351840646047755	0.128304897578783	0.503031214177147	0.394313186893719	0.38537888592895	0.317322743900693	0.25374737506162	0.525740071921516	0.279216495224711	0.258259796380669	0.460897165574564	0.284682390609411
0.568341190012471	0.182524281139801	1	0.441584198961308	0.626968162017298	0.649280094647231	0.67983992901286	0.164231327151382	0.236662092222707	0.128426022712219	0.0420079897496766	0.221276680694208	0.114722461420692	0.285408898318186	0.264118114980427	0.113066636361205	0.150510411759702	-0.0614159167983871	0.0672698091843068	0.0935634030944504	0.297139298638741	0.0261481640917546	0.0410147351352017	0.0322459398241129	0.0773720030018649	0.0482906319719952	0.198091804774819	0.0886860644443709	0.0889365747883648	0.133629958617112	0.149520962760387	0.170804807565715	0.0143511091369538	0.17880486519356	0.411238389675175	0.0889140758183921	0.0626371158731143	0.0354618410752286	0.363760232133469	0.201319644711624	0.150305315970269	0.168320108489096	0.189780267181562	0.200282041893682	0.0488422258664624	-0.118209821237639	0.16390568779088	0.538414965268816	0.0735874864874186	0.301116836106108	0.553865445177123	0.621076992495276	0.384530544724479	0.680855963000676	0.430124423588841	0.751233335032275	0.213109808229562	0.0276696119387492	0.0697133960312433	0.231680102136081	0.0243028342529692	0.116513152907284	-0.0872960083701553	-0.1005573772575	0.0789851478433618	0.0490234949128309	-0.122608797309285	-0.111271835875532	0.0579895618780625	0.122535734374226	0.0587668648682358	-0.0438367220517529	-0.0760385635760862	0.000139733177048506	-0.132472245629288	-0.0740847198153365	-0.0671999443954827	0.225498560187102	0.0434655821091744	-0.16271539338765	0.0213018979102457	-0.0410869153906191	0.185091958647459	-0.0869477798140124	-0.0531497590924659	-0.0699793884186445	0.00499784535111503	0.359982388166084	-0.197970416768632	-0.109664769038823	0.255173363809583	0.191560708825263	-0.0308712290395716	-0.158275412451006	-0.0896912870343217	0.479873352696641	0.0083439163428044	0.090623797478516	-0.00207374801249665	-0.110745763390662
0.505266289037937	0.57097954836962	0.441584198961308	1	0.492476035563	0.593141273168311	0.613070300128247	0.426012848979804	0.46654522564716	0.264346102399325	0.0726934442692063	0.34099549911312	0.210505690439686	0.474031350586338	0.667284670048536	0.425385809246126	0.31964527964535	0.216988609523649	0.419036057270059	0.378412964135584	0.423823379574689	0.125885694077775	0.26919944241148	0.0203213034619799	0.225048194841232	0.297826631667587	0.343135890296816	0.263215108445166	0.140118502548372	0.00217574948805055	0.286650407790972	0.2097859519104	0.220443223387219	0.310031307145557	0.554811498939068	0.388060481414752	0.170229477225948	0.171664676125087	0.418689665659859	0.322726543425334	0.143082164680798	0.182242137543452	0.411717769880611	0.397048618557845	0.247117468499417	0.120502469987563	0.273650349175903	0.63660465342748	0.125471209302008	0.518789414842395	0.399337595405228	0.173083823338002	0.389519498767561	0.467403909977458	0.478806134959822	0.568333617647525	0.200201106268661	0.340837269422938	0.299807886686657	0.421425918411175	0.229341408679357	0.0837306822182415	0.174245221071512	0.0835387600616009	0.440700018353984	0.422323830826839	0.302281082272952	0.134916459227367	0.382643755505087	0.302023442587869	0.235453489915197	0.121428678173875	0.0640296061369647	0.226560221437597	0.263093269204874	0.207856209137413	0.258991356748092	0.421996351937196	0.181510835106522	0.227655515295876	0.307680060048115	0.19477438043835	0.379778520870813	0.2135874241301	0.235419321173093	0.233443894688212	0.087267322845004	0.554816638581	0.286082578046255	0.1355510309231	0.467467098063901	0.468859378188287	0.305485069556902	0.236113029353208	0.208947395286861	0.556367387588375	0.156738982436215	0.22964370193172	0.318889788486305	0.25592227631914
0.621251655089933	0.327946158737608	0.626968162017298	0.492476035563	1	0.738042510909877	0.623757043321234	0.282177342983718	0.260326624820964	0.369266986647736	0.131404141831218	0.342407633094789	0.247884313552984	0.372939164207491	0.409122811455309	0.262500661757837	0.336586612791195	0.150722308813579	0.209305926950756	0.160096202078029	0.52506564601339	0.109177236249587	0.232112026132209	0.0899667669181717	0.137427090097294	0.218354543835702	0.141224940419828	0.2317247442158	0.0707623018068857	0.0628823572182022	0.282234613354705	0.289438344506411	0.177294675287516	0.120639671911624	0.620431800812324	0.249508379747087	0.310866591080175	0.112037187450183	0.52605010535691	0.387928836104687	0.259849607410858	0.274249271634334	0.477006462785714	0.398370598571442	0.149280708333446	0.105394082415222	0.287274184601913	0.656523179288092	0.381392176220112	0.526985784901452	0.577536494582645	0.326783798055897	0.202184938630128	0.679315458375972	0.571488067894751	0.64735278823062	0.242000572052434	0.218429932913106	0.255421696900831	0.300438039488386	0.228452825672309	0.0143030826828709	0.0432800053353474	-0.00414639444598833	0.16340693751986	0.213605715367108	0.12042333970414	0.0727518965609719	0.239558423744199	0.256285102056895	0.285300970770829	0.10830262008285	-0.0283120370780858	0.127791958946967	0.187802999659785	0.0790207909207772	0.141105995593852	0.304288729708876	0.106895216348489	0.0899055420871301	0.324927427591598	0.25600467143307	0.321856369568491	0.183566299505708	0.208457357973171	0.108328453964993	0.163158250951319	0.566208618169872	0.18963194899221	0.0774354404521715	0.428918867708753	0.276419091353942	0.216536603507513	0.0329089727004491	0.101004230355558	0.502042652389569	0.0261334319404637	0.239945048268588	0.23878396626987	0.105550391681839
0.47642391741971	0.339807796852786	0.649280094647231	0.593141273168311	0.738042510909877	1	0.810013193785441	0.42491323353464	0.370442482913479	0.281853597173573	0.0445454204155837	0.296062000296401	0.209608607134021	0.376433906750553	0.431093672898813	0.291990974962761	0.18079712278533	0.136605759873285	0.304458102161065	0.296667763775041	0.340358216865452	0.0777845038453018	0.291564743094023	0.15548666591227	0.269804803425011	0.27395579963322	0.321556613981165	0.220259052749188	0.0473685016515082	0.0118143563035569	0.234809923032823	0.227486668292219	0.145422796904497	0.238648329530368	0.627294661260505	0.327602947854084	0.223547629558371	0.263032542468432	0.566985961827981	0.274004727243222	0.145129930441098	0.152014469802542	0.412057117078249	0.401795300525159	0.235643709759541	0.138599843562542	0.399106306970425	0.802732245523622	0.155558216535009	0.428475841313921	0.573293986029255	0.343312744369102	0.237833016499303	0.813757287345119	0.761391621092956	0.763293351922871	0.252007686979513	0.20487990289227	0.320454572337394	0.327776055266865	0.181293197287098	-0.0602124961302779	-0.0188207511580872	-0.0120341123325847	0.186013698179155	0.234474020745661	0.114003739552033	0.0961999899051305	0.292661027803063	0.160751382084411	0.145762183615939	0.0751483939212508	0.0312183536646161	0.202149348338718	0.141345373848826	0.147444011124328	0.233617369016367	0.34056724904246	0.0853825048015223	0.197874288531404	0.235137647566289	0.213732406528962	0.231478388741175	0.242056780580764	0.225445042291633	0.122454032159407	0.171598907397038	0.634080577042443	0.217643593468548	0.166608374271587	0.509717523141951	0.215364170840172	0.26601301372486	0.138585802779069	0.154703141421796	0.683268847550458	0.0734506187479318	0.16319065485786	0.206372827966346	0.113765888985877
0.442965174676681	0.362611215735229	0.67983992901286	0.613070300128247	0.623757043321234	0.810013193785441	1	0.405770995245486	0.363945026669903	0.205013166766765	0.0686326607288878	0.278875704516303	0.163037426269655	0.292713124345887	0.463919321396544	0.29259573176164	0.215856652925078	0.124141317980588	0.308234015078841	0.262954668935559	0.267497424581746	0.172412125489543	0.20159922955352	0.0986197193823144	0.141625438386819	0.242023834524576	0.275923692512178	0.106389187395794	0.0308844007320818	-0.0571182458047537	0.187273595042496	0.230328715524131	0.131128942723685	0.251508397139377	0.712647438825092	0.316632842930735	0.195582441032575	0.143464853526761	0.482163078702699	0.242309885926295	0.115401531851131	0.134599683707963	0.323044158544021	0.278127346919976	0.170895190224132	0.151195541361688	0.372246725671374	0.773101808942407	-0.0156589201433678	0.372172568625783	0.527391692121893	0.446238617510075	0.398640129441414	0.678240820994587	0.651765648321422	0.854868608334212	0.348201782460667	0.150228176234258	0.185270234745186	0.242909004637525	0.141285289380019	-0.050388840616805	-0.00486070322704008	0.0339550226118048	0.195310793604992	0.195195639043299	0.0438930975624827	0.0981091317712444	0.248062864011594	0.168382510956834	0.0640572913253491	-0.00330591936743347	-0.05400764596556	0.166966115068091	0.144171987743137	0.0718667535772397	0.108411178226767	0.243168877588372	0.101290304140631	0.0624044836055951	0.151823585816957	0.115391092555338	0.205997574684746	0.101397386650664	0.09970558526204	0.050309324547334	0.0864331651079997	0.572279508231424	0.117269023292089	0.0129506363352136	0.421074265767383	0.262424639181663	0.188057320928714	0.0784745739911398	-0.058172353344566	0.685290079293886	0.131945881690459	0.15529272411165	0.167854819498815	-0.00998014286624914
0.279254918351514	0.325045313251554	0.164231327151382	0.426012848979805	0.282177342983718	0.42491323353464	0.405770995245486	1	0.574292127366241	0.166629306609851	0.0363370854028235	0.204533187390073	0.38576735217502	0.444306143351961	0.467691388316961	0.478486924657649	0.238344937572807	0.463602114661663	0.721212905294146	0.740714890568584	0.227886435970397	0.287200752080984	0.257229723433672	0.431269172706608	0.357706821224026	0.346629877614988	0.389338375940938	0.271395734587822	-0.010825268747348	-0.234852195743586	0.218709491206368	0.256361065381937	0.343813482080838	0.140056456683981	0.474834782682152	0.529471583478386	0.321049703567953	0.347419502753014	0.494271515526526	0.106163847311623	0.044580847179984	0.0943916742275567	0.315408715128901	0.259963669004564	0.408744991566502	0.319321529071129	0.30979256360728	0.556403680457068	0.089333691650133	0.390482699772206	0.430125067090574	0.255146061040056	0.335349045849179	0.353056280693185	0.450296790584862	0.285152875579407	0.428035820329417	0.504731325187997	0.587708451471573	0.380158848138431	0.177624206176529	0.0182037867981469	0.147904651037089	0.327612779598451	0.410777305274525	0.447743473577217	0.394858216027477	0.358312376801183	0.677382461465052	0.377711919243295	0.19265726022887	0.1744562680816	0.250609537170255	0.456075840933584	0.308608766961894	0.233048363890058	0.264238239381885	0.257713531849206	-0.0582192374854921	0.373898100252524	0.22890024494551	0.465765323488571	0.315374697056712	0.243755282095499	0.378755835102038	0.290992046901482	0.370446176848114	0.508204471063045	0.369338666431037	0.439302659964643	0.50007064348917	0.161425930709539	0.330407978894907	0.346002363766008	0.23428139981531	0.395896919557066	0.333763768917064	0.202628976457512	0.320334193455	0.277245205459601
0.279729568688334	0.256516047137109	0.236662092222707	0.46654522564716	0.260326624820964	0.370442482913479	0.363945026669903	0.574292127366241	1	0.362280845249206	0.25346734040599	0.400091830842704	0.216733137831697	0.319593139055479	0.245893396144329	0.395138183104615	0.164487989469976	0.135661800843726	0.49651941236932	0.530033000581412	0.365248441186113	0.251128427189935	0.364413203015773	0.403098905136317	0.409085253820164	0.30226978609978	0.403249443355642	0.108165661218482	0.101545382692487	0.0167410765777925	0.194915167651615	0.286025165858174	0.352644543412746	0.348364253721672	0.469794863784434	0.514836475065493	0.344212791806294	0.357069595654875	0.431236642078297	0.368756045259409	0.152495077244874	0.308201088141783	0.364042221234903	0.431387001751495	0.361714087608741	0.155788470111081	0.413803703869554	0.463457449730244	0.0888934382186482	0.490110489716129	0.375736606825419	0.133841445665899	0.283255575142723	0.356932418569948	0.426749152051623	0.394569807688007	0.337289426761739	0.582865757233882	0.585286736240156	0.779591940350165	0.521312761463177	0.336723963972818	0.292629054033445	0.221400627958697	0.255604607487633	0.495336568669932	0.341308596035675	0.325838035278273	0.570138693309651	0.522674755741869	0.299606479310961	0.253242079229919	0.325505873299448	0.524693546782466	0.294238213947383	0.240772097268404	0.24071738322379	0.373074774756186	0.100375777045583	0.357975089224675	0.272762868413617	0.372415517256804	0.314439295445069	0.19911842692337	0.354411823943391	0.357721283964457	0.322264938517332	0.513989030745012	0.265208298207613	0.437488021681927	0.532460599058312	0.443888659242688	0.304416843524247	0.179126580994335	0.288719232771635	0.463656094742955	0.225925253253022	0.306342765665226	0.463393522623557	0.434447401788069
0.35502953520995	0.29524936012216	0.128426022712219	0.264346102399325	0.369266986647736	0.281853597173573	0.205013166766765	0.166629306609851	0.362280845249206	1	0.140928578721704	0.564228885212873	0.377348558708986	0.315083613151047	0.225498337401934	0.47658628167195	0.431831624506178	0.382050755213093	0.308397602760265	0.111566146529546	0.62768457985245	0.42056364479179	0.237263046868134	0.314953308780077	0.167352409155793	0.363283752768211	0.179647385581227	0.0282627873243281	0.0163497002826807	0.17654121126383	0.430586813929004	0.47671523924884	0.339578883252115	0.339804557699268	0.373125123105001	0.515032262616072	0.425585272911673	0.262850927253955	0.377870129077725	0.266284048015441	0.290333201314849	0.596931392385337	0.441798070534365	0.400303110867709	0.428687562785963	0.18517714892266	0.317794804573601	0.263090357560979	0.186623808667898	0.67310537810011	0.273999558266327	0.215122144206825	0.0755498597793611	0.25521588165016	0.408768432932555	0.137714278583563	0.137952771189371	0.366670414705034	0.365652518396171	0.374213382923089	0.430501725627633	0.241787657289966	0.386973578994994	0.251452136159484	0.241691099975352	0.48979030306677	0.402756262665438	0.397882369720624	0.443651993777029	0.153830883785306	0.447839731005932	0.219110647082776	0.260045295609204	0.1084587222641	0.424552567046823	0.360311798421252	0.215882283358538	0.300273183920376	0.108873263478988	0.453844266458592	0.580919659006769	0.447185802555743	0.402254968516449	0.331110408210905	0.39992279679494	0.353326551565703	0.397256943412133	0.507338383224209	0.417812279617085	0.194191417195784	0.468401812257806	0.338187339776421	0.357299582182789	0.228259976520785	0.32562644029857	0.346723027136808	0.0891400745121098	0.23836363137072	0.571047387944533	0.501436969648644
0.131236705975036	-0.00376141586870593	0.0420079897496766	0.0726934442692063	0.131404141831218	0.0445454204155837	0.0686326607288878	0.0363370854028235	0.25346734040599	0.140928578721704	1	0.372088953939898	-0.0713127223897059	0.0764089357611038	0.054313223997673	0.0519340636425653	0.0438830467406246	-0.262870060770115	-0.00209245355102021	-0.00139261578815933	0.193592983234271	0.24580246615463	0.284299032857126	-0.0365752064830276	0.00969150755792963	0.0716211956199965	0.0819808636392291	0.00876190946045842	-0.0314281529311516	-0.0359896005691691	0.00927734395073007	-0.0330287618721309	0.0242461097819487	0.0801871121873579	0.0394742296423035	-0.0543901716281166	0.106982896615302	0.0146895749916473	0.0102676916326788	0.172120056821696	-0.025575162907704	-0.122871676625895	0.0811458880986313	0.037183124007017	-0.052305070783577	0.197548853803663	0.0306065555022422	0.0516231644323787	0.0445482579442779	0.138980878273788	0.0575859748665751	0.0374259162086237	0.14428174661794	0.075266129966703	-0.0275335906300074	0.152948262017334	0.0190879971429955	0.0260394320159966	0.0687855606578236	0.332213368048467	0.415107493655369	0.284235601027279	0.0844001659768722	-0.0271860001589663	0.0530897508095716	0.218012626568892	-0.0673794778972846	-0.0292831507348747	-0.0201070230307901	0.155183592652892	0.176982981276997	0.253776311778199	0.0549055830010631	0.142940382720368	0.00813202339052643	-0.0417625800550097	-0.0160126722413533	0.0475333318730457	0.21484314903358	-0.147892667345606	0.142224362915277	0.206704956598602	0.00393780061989313	-0.0391184199349929	0.0699447694625147	0.0902327795570128	0.0195019502910184	0.0744201155789551	-0.00277256427172716	0.0358852092236166	0.0501047327899939	0.0556924960094118	0.0405928045172596	-0.0170442712215253	0.0212296853931259	0.0314493419460079	0.0579345032498434	0.159541564205607	0.213328128179914	0.112189017098847
0.243886798154281	0.221297594859446	0.221276680694208	0.34099549911312	0.342407633094789	0.296062000296401	0.278875704516303	0.204533187390073	0.400091830842704	0.564228885212873	0.372088953939898	1	0.366931433386756	0.225522548229589	0.169397805151039	0.25529906137394	0.364286572959181	0.18278294583677	0.187610575229783	0.146865551920251	0.503247963388002	0.447398067143082	0.452516021383788	0.208869907570421	0.23917581841923	0.374994292667138	0.283965492056298	0.0164849655176126	0.147542487619488	0.0173548296112442	0.274098085333877	0.27488676600366	0.298942676242299	0.301445898924058	0.289216803763783	0.231412383658071	0.18459883565134	0.131711520180508	0.31600732388712	0.251447596730905	0.262534732020696	0.209211360236271	0.294505467977013	0.355479068054182	0.179070105521285	0.249701106837437	0.300586332704669	0.317384296528628	0.17002204130896	0.496088251016584	0.2911195598363	0.102212654762977	0.0186660631390817	0.245078741834561	0.372317252094709	0.268921523616723	0.210369294675023	0.261748161344426	0.28466690182146	0.476500888060046	0.655637650766618	0.423636899856809	0.471112386405206	0.300817827790365	0.145521564162937	0.375926236797066	0.0458932018016675	0.128257404072301	0.262391712318685	0.286660667745873	0.557485240855353	0.433979480370995	0.156825403506219	0.302440090360121	0.214642280745219	0.213256294068659	0.226846227301396	0.330874932960992	0.179939421178315	0.21207614172101	0.531223226422637	0.439895372599661	0.289890091159375	0.171137164241029	0.266979693956012	0.266116835069606	0.146757838952597	0.339982486632856	0.185505869677178	0.0949620640924462	0.336829505091402	0.376597450680631	0.305844391172819	0.200673483135392	0.350476855355065	0.365336962723572	0.0685763741493695	0.452776021989096	0.522664920221978	0.335877212259899
0.229988528194711	0.302461806678985	0.114722461420692	0.210505690439686	0.247884313552984	0.209608607134021	0.163037426269655	0.38576735217502	0.216733137831697	0.377348558708986	-0.0713127223897059	0.366931433386756	1	0.369126685261225	0.193578276129847	0.485616289739176	0.55726569194319	0.648028981649469	0.364239209238712	0.1241997340537	0.41886884493933	0.254667981847746	0.252297495649031	0.369716113053363	0.167653591571388	0.468291916206056	0.373519358421376	0.0758552471167088	-0.0604802547699226	0.0561805440975642	0.487398931107056	0.531393005275134	0.566519684815952	0.248434443878624	0.299666402764627	0.417859752530229	0.271037804621758	0.178329722759841	0.486761943249735	0.069516037895736	0.0485937545439146	0.335634115163911	0.390333088112042	0.327808719498092	0.435835348527759	0.276859766571084	0.225834089084519	0.347723285902028	0.0951324469243697	0.406185431721478	0.270999006325119	0.0915158976077729	-0.0393666726426269	0.196985278797848	0.340206526416029	0.0781025134081982	0.108782872151184	0.373430545900833	0.406222555475027	0.204840339701385	0.232115188233451	0.0996694423314914	0.359629689089275	0.439665077009688	0.239760728070454	0.403539000809717	0.275261051771345	0.385967202377652	0.350128482575658	0.27116452134947	0.521892936995139	0.313388995637734	0.16684343418133	0.139606254744772	0.399097405460047	0.421921018079769	0.416614563376892	0.237254848139997	-0.104472105461105	0.390986784102978	0.52826263705437	0.544923637824569	0.342293474193709	0.271083568292596	0.392948939771468	0.445945926150343	0.279845627892733	0.401042004691076	0.422235805682671	0.226691547687765	0.486445379426965	0.141623529507253	0.370268016002887	0.3728414210274	0.368217609669961	0.34058963505154	0.205470183737769	0.282016934965469	0.406358262961225	0.286710989513263
0.677328940926913	0.555725022282233	0.285408898318186	0.474031350586338	0.372939164207491	0.376433906750553	0.292713124345887	0.444306143351961	0.319593139055479	0.315083613151047	0.0764089357611038	0.225522548229589	0.369126685261225	1	0.473473667580724	0.537378283958187	0.409878297025001	0.398727649448942	0.524655713164012	0.34388053652265	0.467934481465616	-0.00422469853956889	0.30070167157178	0.213017731873633	0.0802632482914097	0.451338086922529	0.305147663915805	0.0886393756353493	-0.0299105122524833	0.269940409246376	0.450870701597756	0.514464242729133	0.421596339850374	0.355287101728275	0.444166628454549	0.531132981033091	0.139811385300724	0.350590382108903	0.430479163153376	0.14966071782061	-0.0686150249065698	0.291990658941665	0.476672973007753	0.328090063162285	0.492817635204735	0.018223528818926	0.305682184836774	0.433884067520305	0.296264359230863	0.526817359755344	0.343596998768304	0.314598060466268	0.348414239200656	0.24064184236905	0.31497344046186	0.244834152835346	0.120108740438562	0.335357192890264	0.491292125027137	0.311116791904938	0.156645290614434	0.0243342866709997	0.169434064272195	0.0735134132047956	0.571837233920328	0.38016079746245	0.460439440757253	0.150387282449012	0.528543517210775	0.287909897709342	0.257159450716936	0.225588875683782	0.0475387809593206	0.0623169266198229	0.325729715034266	0.368305267627726	0.254687095867995	0.311380154143179	0.246938871005451	0.337959906245228	0.327390095560165	0.31208029963004	0.375018850718813	0.341500092150875	0.529750548446462	0.392089779516584	0.138389118223981	0.502538139822942	0.351520539434702	0.375069485701911	0.410379680040136	0.289480263722803	0.229098060944421	0.211188628036213	0.323864360715482	0.384842186312415	0.181843909897411	0.106348555217052	0.408034014976644	0.212204534147706
0.419386901006232	0.588390748482165	0.264118114980427	0.667284670048536	0.409122811455309	0.431093672898813	0.463919321396544	0.467691388316961	0.245893396144329	0.225498337401934	0.054313223997673	0.169397805151039	0.193578276129847	0.473473667580724	1	0.261734710241404	0.174956283565383	0.235079059096861	0.32952603598456	0.266065330664656	0.166067564189992	0.114626159356639	0.295172117688864	0.0578269990513478	0.071133801290275	0.0738331773476461	0.197269191653014	0.220298224208562	0.0590647266200781	-0.0383782212722954	0.129699049435139	0.0888234232556387	0.190299730924305	0.128611750857306	0.474577242030679	0.177916246884541	0.149044333304121	-0.00737411620656653	0.344873018072671	0.180385379789312	0.126331126918498	0.0842135062328267	0.223610810178912	0.174544136195963	0.103504875642275	0.174369555460975	0.14144601196387	0.507126596273018	0.130028196190657	0.404495685029218	0.292385960039578	0.185463411998889	0.49607725917069	0.319615094347239	0.317494383277839	0.401337713717116	0.310138247513369	0.0827727960041797	0.129510287256408	0.183948588141825	0.229226338454087	0.0882320222725411	0.106865599665027	0.121641023559497	0.525760589209923	0.323970756547755	0.241062267731494	0.0321710783597239	0.273608308493814	0.0452584335412046	0.182055357903405	0.00185364217194105	0.0414242191762224	0.104383401160585	0.143143326232341	0.0388459516412841	0.111389545196876	0.278689522182074	0.238865326113533	0.0109433311373551	0.168935709051465	0.177251782808159	0.346783024562255	0.100512408380048	0.110116523498141	0.0241080513498364	0.0894150946728082	0.372387755973363	0.228735686580408	0.00883359543172713	0.347246200637929	0.261215428610604	0.179450151685997	0.109206785069039	0.012545828604259	0.416732168286794	0.214671959819876	0.080327530473619	0.176848500277356	0.0244565117048
0.387947185505017	0.2939749123332	0.113066636361205	0.425385809246126	0.262500661757837	0.291990974962761	0.29259573176164	0.478486924657649	0.395138183104615	0.47658628167195	0.0519340636425653	0.25529906137394	0.485616289739176	0.537378283958187	0.261734710241404	1	0.444051703133523	0.704018266693638	0.785111940908332	0.389486273231694	0.453491959750982	0.277675683143785	0.165157863824036	0.352700413802933	0.162870013689739	0.529534053971211	0.237537967257153	0.0568489622211575	-0.190079369864945	0.124787297347572	0.804646037527207	0.552446406932036	0.412353043759094	0.412422891002955	0.481832149631748	0.842726856103888	0.300035050345652	0.453683515123603	0.4434180100721	0.0672456815067146	-0.0544353782577882	0.394120837985437	0.728361504207536	0.33506379811009	0.641005734247421	0.134802573910672	0.311824200932726	0.391395708819246	-0.0121090624359302	0.635267728488321	0.332248638899285	0.158495145059685	0.160173164513443	0.231643784492221	0.426076287525594	0.10751062063957	0.108332923482423	0.403388059861845	0.598008914972137	0.288429056044426	0.183343973404676	0.000252446500626	0.186236844185931	0.405417347297141	0.341317258876943	0.552385141206564	0.72232407288779	0.514078062503577	0.709768796870008	0.332976009391771	0.250917598616579	0.0934106213632821	0.11669233570183	0.0684339480945751	0.574782448325104	0.53377071462804	0.349787653545945	0.365923648996519	0.0314202526053505	0.595351537752373	0.437198609146147	0.533887715547972	0.408514048487187	0.476052520058563	0.60235080065392	0.515511689893915	0.315015934256376	0.619072426837897	0.557642702192252	0.498765941245508	0.45877858834661	0.276651369746961	0.432054773772692	0.403321208492961	0.340723236137836	0.404861778799996	0.163611534275465	0.0704414395976645	0.564097116489062	0.454742552934769
0.390090249451876	0.334814847619025	0.150510411759702	0.31964527964535	0.336586612791195	0.18079712278533	0.215856652925078	0.238344937572807	0.164487989469976	0.431831624506178	0.0438830467406246	0.364286572959181	0.55726569194319	0.409878297025001	0.174956283565383	0.444051703133523	1	0.564227907711007	0.263320390957061	0.149624879749044	0.636670888176935	0.328757924891572	0.336837759355241	0.0790828187636771	0.101591141798766	0.493145807816261	0.329912303226088	-0.0255678103555922	-0.0654741795300193	0.0917090916730113	0.459962308646587	0.627469963181483	0.520854065655894	0.252953202467485	0.305592335846982	0.344540329449254	0.140053775406038	0.260923801935218	0.264118232865576	0.178359756851605	-0.121686855810747	0.423805093196331	0.385554636367148	0.277959125270628	0.380102243385383	0.175049582754185	0.317985853760605	0.311459957230559	0.117458954006728	0.486062583911915	0.190026256928164	0.0380697876292084	-0.0287825552978031	0.21888045970078	0.303294893365301	0.117462454918576	-0.0591652374348466	0.286283234730114	0.306548655511877	0.215051527986922	0.161701118827959	0.175169131916051	0.327733385219529	0.107213866472168	0.10360398981125	0.378187481019523	0.266522657554785	0.243682085648808	0.246162139249097	0.194355448861947	0.57475716119454	0.299459222230125	0.0181686008258489	0.150743594680225	0.511271032463688	0.433874267129744	0.423652050006717	0.0389592523142947	0.0338785094696901	0.325595646584947	0.642031828602419	0.332156872604115	0.243108627094394	0.259756417901621	0.365233953419241	0.492783262528968	0.113277538651057	0.359486502250627	0.391604994213997	0.237730324682601	0.383294033335713	0.268641446675051	0.359406113345366	0.325308779330786	0.373212122114422	0.354562582055327	0.156305115926657	0.206053204210144	0.390572335181662	0.342942559034335
0.205282862673377	0.228340734948285	-0.0614159167983871	0.216988609523649	0.150722308813579	0.136605759873285	0.124141317980588	0.463602114661663	0.135661800843726	0.382050755213093	-0.262870060770115	0.18278294583677	0.648028981649469	0.398727649448942	0.235079059096861	0.704018266693638	0.564227907711007	1	0.602868204889418	0.272900796439421	0.365530049131407	0.330340251455092	0.126850018945519	0.234043180662377	0.132958964669286	0.568517758589763	0.330901911909328	0.00504566419125026	-0.102615365284463	0.072533482032283	0.635256247325446	0.574856451510309	0.477567035914054	0.271685390515462	0.272326603415034	0.60028932313892	0.14432824718226	0.453749721580571	0.26467071627476	-0.0897865846476334	-0.0643337143816097	0.374772740490455	0.507101131527029	0.241082498657158	0.632814246611635	0.23362182552851	0.303709193272983	0.224037358016283	0.115871254386781	0.418423715629961	0.131284890804212	0.0119507529373478	-0.0943864588663498	0.0992215107890868	0.304766367564467	-0.0972391871699095	0.0212918418518373	0.366860236400095	0.48452533414903	0.0582682543241217	0.103746693660217	-0.0414464938545073	0.286578703016081	0.399344902707909	0.257889730438066	0.422376959247288	0.511310070171485	0.479893638183817	0.532290122825623	0.143928339467761	0.252782479436763	0.124437903731646	0.0205932650530656	0.0530692068289456	0.548107588400273	0.593190845003506	0.46524720154227	0.0874440800139104	-0.0466077184450172	0.602382378394533	0.469010178120323	0.402355685300543	0.424678347385525	0.425946559462858	0.525878985294901	0.503948733400894	0.198149764678019	0.348953775416169	0.543626452965606	0.424371998358394	0.342613750672401	0.127938465224444	0.378384720654598	0.388115367790925	0.304329157632888	0.239213219133577	0.254049417816022	0.0553443406559462	0.421594922871627	0.338096858979195
0.29822448751158	0.2667253734125	0.0672698091843068	0.419036057270059	0.209305926950756	0.304458102161065	0.308234015078841	0.721212905294146	0.49651941236932	0.308397602760265	-0.00209245355102021	0.187610575229783	0.364239209238712	0.524655713164012	0.32952603598456	0.785111940908332	0.263320390957061	0.602868204889418	1	0.619897848241283	0.295896544710467	0.194285240198603	0.112829539461528	0.410867210691553	0.211561796369378	0.463190121435942	0.327851992204545	0.233941921589261	-0.148404864838241	-0.0270533196489808	0.467210575015677	0.370089025295086	0.356625403265065	0.242826724964099	0.465199311549287	0.810482695904324	0.296348487768088	0.469707681065998	0.45488860953047	0.132655134432119	0.0166650735844816	0.212839735728026	0.527695380746737	0.302082098567036	0.571815759662693	0.22047426826416	0.234978011269549	0.430266463175146	-0.0201989956710383	0.483583896246415	0.348384956698378	0.260725284814124	0.287476604308666	0.240485445776052	0.328822689742179	0.132967950065782	0.251750969047086	0.411954753378784	0.612984466185052	0.26319078924787	0.10757563595094	-0.116251942378988	0.0794881832719977	0.33672813939579	0.433884630407015	0.456300019411707	0.576833385684945	0.451196647784756	0.809273350627207	0.314635223599448	0.0696386121610367	-0.0165648102562142	0.153941470497344	0.23062319872879	0.453272422133777	0.440742659889079	0.264197419241019	0.377613201796845	-0.0576982913078091	0.521443994402728	0.288518361069535	0.443346513680931	0.382959789985939	0.307813587924804	0.560816515433536	0.421297265002236	0.331439181696075	0.538352622870523	0.453003300429762	0.513982859122344	0.448302564312875	0.260590265545756	0.423539621576556	0.347422680836984	0.167836587341605	0.323405860494049	0.161197606381629	0.0367356890190705	0.45664829083307	0.330757487785902
0.161836916978413	0.218269178254098	0.0935634030944504	0.378412964135584	0.160096202078029	0.296667763775041	0.262954668935559	0.740714890568584	0.530033000581412	0.111566146529546	-0.00139261578815933	0.146865551920251	0.1241997340537	0.34388053652265	0.266065330664656	0.389486273231694	0.149624879749044	0.272900796439421	0.619897848241283	1	0.128811035613484	0.333920662319704	0.226543856709977	0.361203267049339	0.470382177861622	0.329737571430063	0.333141490256688	0.194237130827756	0.168677858247332	-0.131491465733617	0.0962980043575624	0.151616100399734	0.248789573202101	0.206621530122077	0.350117700083756	0.488294426849788	0.23405591155285	0.396918449118863	0.333529648349842	0.0310167999014999	0.0972733981844587	0.00914058900604511	0.238748790972043	0.283434974840819	0.363031824333568	0.239132495356849	0.315927435173987	0.406032099915279	0.0609190456754351	0.259065047025406	0.379066627842773	0.179563469658813	0.344243248191452	0.231922267254648	0.325574779548793	0.209760231242889	0.427220279093629	0.488579653608926	0.502096793220191	0.400706331319735	0.159735824022494	0.0469513662947635	0.106187081603728	0.169168384041048	0.323329443912847	0.370020370628675	0.426093025431879	0.324657174960617	0.590159481551195	0.478265361379897	0.0763163526299158	0.0988931290063841	0.253282994262736	0.54094719858276	0.23703475984821	0.2264554008582	0.281301328867646	0.265998456917084	-0.0844178683900954	0.402564384156113	0.149118163547738	0.336332345833525	0.275325623661415	0.250717750171276	0.312152124970679	0.330367569394931	0.368489197160758	0.41441141049173	0.299024793380188	0.517485407337489	0.316888606469408	0.182353577625798	0.368011263625959	0.33496125052178	0.147935714656569	0.305841853314691	0.339373015584359	0.2258514755247	0.201521980936854	0.301280354306523
0.584912448232664	0.386750402689571	0.297139298638741	0.423823379574689	0.52506564601339	0.340358216865452	0.267497424581746	0.227886435970397	0.365248441186113	0.62768457985245	0.193592983234271	0.503247963388002	0.41886884493933	0.467934481465616	0.166067564189992	0.453491959750982	0.636670888176935	0.365530049131407	0.295896544710467	0.128811035613484	1	0.247603152543406	0.354415608502398	0.196996098352819	0.214809521460913	0.422007487961217	0.244365948606929	0.140440918374437	0.0618517960172246	0.121882346018793	0.520049256984875	0.547100955767571	0.445627998155828	0.431887482919323	0.414137016462896	0.470432104184934	0.285603250703493	0.37263272149847	0.429313689290315	0.329199814713796	0.114248359257801	0.414729954660442	0.542666705902489	0.50254079541781	0.425322209332785	0.0984080920251732	0.376651253132016	0.41405945200741	0.297494487939608	0.610116592707596	0.318788256046945	0.16954973413507	0.0914764183112849	0.330863554302211	0.415777371000083	0.300020582841312	-0.0265910138348341	0.357488718263652	0.416028419933731	0.466637329224176	0.284600849211033	0.216221167382248	0.336223377410506	0.16760458032971	0.21188472594451	0.43242655612453	0.354348161453719	0.315373197880324	0.39327661176526	0.307652391672777	0.564567821814074	0.307657286935383	0.150063870705695	0.221040994384366	0.485237061654936	0.406371893134185	0.283085158812262	0.249919361616423	0.189082661438368	0.368954159352319	0.601645626627559	0.434159253568937	0.314534365647727	0.243756984104594	0.458716501915217	0.501732436597969	0.229887084267157	0.529464204455206	0.380990203928536	0.230308527548226	0.55377450278455	0.403387740643192	0.374182587582618	0.23865858731574	0.356212345041783	0.441062914685744	0.00790878572492085	0.240528576142746	0.513330938601846	0.348551123843117
0.00218090128445636	0.15772427336035	0.0261481640917546	0.125885694077775	0.109177236249587	0.0777845038453018	0.172412125489543	0.287200752080984	0.251128427189935	0.42056364479179	0.24580246615463	0.447398067143082	0.254667981847746	-0.00422469853956889	0.114626159356639	0.277675683143785	0.328757924891573	0.330340251455092	0.194285240198603	0.333920662319704	0.247603152543406	1	0.320902606828318	0.21411688518182	0.349971016255119	0.331398651390713	0.484333430603001	-0.138935279568081	0.252617366726528	0.049981988685262	0.153208128135725	0.146639877940233	0.204143443320337	0.333263991148078	0.16841550772788	0.223526640096072	0.307199839968237	0.267009721705771	0.0669603859269962	-0.00363411637128408	0.185648874083532	0.227473287574301	0.0669338389642215	0.21394867281969	0.301778101265341	0.555373446937639	0.403425092331839	0.17364041494201	0.024307820475681	0.351883885863276	0.10346116914749	0.024189171063668	-0.0597632290044099	0.121226859621777	0.143631269024287	0.100927902712952	0.19910974686649	0.244763177197959	0.140047736109188	0.179780630403551	0.344816165320532	0.185749790455233	0.239062379164464	0.283641325459045	0.0316138149429557	0.305035286699031	0.155484027465614	0.295906015515101	0.231412966934888	0.203244574741096	0.286197898372047	0.283442826285319	0.187019798257492	0.299923321360181	0.358826678909561	0.212755591117228	0.335027302148615	0.171259814600201	-0.0829725130729351	0.26289698131531	0.441962969195624	0.380839883757007	0.238173909319136	0.13212666040638	0.156287987077567	0.374914337241165	0.323612667598274	0.220101435791149	0.217993700080985	0.170288325617821	0.182429222457637	0.126478615944486	0.333741565281927	0.428877025577933	0.207035465042651	0.208219174374953	0.328599305284577	0.250073271607413	0.383425525901274	0.306539687356549
