1	0.680223657683471	0.705664254174534	0.728273519189391	0.666077420774085	0.622806052870871	0.728075857481213	0.0704972684985224	0.318700032046052	0.409172853088831	0.347475265510433	0.439851215453037	0.114449058042856	0.526109900829278	0.535149269156662	0.16362320636616	0.0873966236999554	-0.063039572610581	0.152668826413251	0.212269603343388	0.227429492535423	0.334399184293957	0.103436018251171	-0.00881990736241647	0.248875258188706	0.0378908100388958	0.0507973275035758	0.429456147046273	0.239062076070649	0.34811831524976	0.0876515054989006	0.0175151033070564	0.0963905451805123	0.38074764048887	0.608238209809437	0.016767039878424	0.00130219942038837	0.055648306172409	0.346992753668507	0.488417269623495	0.37758972154027	0.457043503835535	0.322665190665134	0.419576428603633	0.00952138908122802	0.0863878578606488	0.220781269453473	0.524529543858493	0.0978740964213716	0.520331205499037	0.550426527672552	0.624599370420365	0.689147033879129	0.592225415102011	0.289448991973203	0.690469764257478	0.337206719034089	0.382255291197314	0.373565802551045	0.456465814853989	0.56670134998161	0.474533064574725	0.477883371032213	0.0827393042594083	0.606451955067477	0.377754522994145	0.31125727267362	0.143116280310973	0.44471581261443	0.334822513439789	0.334948244484733	0.385963784596475	0.064497918173538	0.223071283155778	0.226697347956131	0.269822196107827	0.141062798775465	0.434037499945031	0.437966529347054	0.148588069526683	0.166272771150671	0.0126574969412369	0.373630968007814	0.161472416066675	0.171899271605647	0.269267482369354	-0.164329409413574	0.417736728368071	0.296724505263971	0.158080741302501	0.364560513537747	0.523134497839075	0.446696373722572	0.232734950467857	0.273924370870417	0.289803000221452	0.379004005332791	0.394443803721942	0.459608223272111	0.328147002101947
0.680223657683471	1	0.713825748558463	0.650733882920663	0.492780410005808	0.515323084396175	0.601395077416156	0.177127342897769	0.370286449625037	0.343880877469901	0.130669792502742	0.288024724071659	0.113255126850661	0.616500483620141	0.603425964412442	0.222102408650798	0.0099885464780976	0.146620556328603	0.242304756205686	0.330060844352921	0.0931684336787684	0.343497228600605	0.039328791001375	0.140859556438463	0.21366508104203	0.12355539258141	-0.148213249608826	0.4358487542835	0.0517822384643121	0.437276239420141	0.172354010010575	0.0354877052882188	-0.0344664991389632	0.370950758137059	0.375554547769222	0.29032002272998	0.0195112691156358	0.098845915252744	0.28113235984206	0.334226237199073	0.301184480922162	0.45619651155307	0.179656366785714	0.125924685040799	0.107358773234548	0.157122128978869	0.298511245600229	0.371107370484928	0.0900672239273432	0.538446974751483	0.395860954176996	0.777482669814427	0.517452526267499	0.4555329331749	0.204106991579122	0.484826222473853	0.289951965983187	0.250031618775097	0.399585686107949	0.447109188084673	0.420845208954275	0.249742672171856	0.231052241589708	-0.0730616604429621	0.666482336397311	0.293068962511681	0.358269654492035	0.11913274182065	0.382485485228217	0.397070502112506	0.101717147366526	0.270203060326517	0.204416984537217	0.188412090367523	0.104475803829512	0.166540858905386	-0.0497762373539346	0.490824585543427	0.278775483040627	0.259226864535852	0.18713367765825	-0.0578460279814921	0.388523794796354	0.240703177278474	0.165005968554649	0.337020993501058	-0.106577878067929	0.395948114040779	0.13915853753156	0.31958089881378	0.39372658440405	0.45973607660157	0.317002009282295	0.11802697746378	0.176448510566604	0.092449316156374	0.337565812953075	0.218706838442562	0.487291236632177	0.241372970292107
0.705664254174534	0.713825748558463	1	0.720760566736259	0.645377360077444	0.715983639353702	0.710847205457741	0.114965444792676	0.429109705347849	0.367832280244528	0.291375951152238	0.373488458764113	0.152503303045444	0.591803323000162	0.606810007786759	0.160632424781285	0.00700591842743001	-0.0258049366522631	0.128644979804044	0.337659302195009	0.0661282333379143	0.309879158640645	-0.0695951329926503	-0.000137282085010766	0.249333675616367	-0.00507864659456456	-0.0917758377880026	0.435678745694932	0.171347022470592	0.289358132675956	0.00106649570693268	-0.147020936570537	-0.0610562660197036	0.333164572576751	0.5199998673624	0.149798611361305	-0.0765146137226679	-0.0164105455693384	0.308563071785134	0.441873601971369	0.313752484039865	0.421306491433658	0.199644091368077	0.181536613880736	-0.0823080456709072	0.0400965241822251	0.173266659517732	0.457647098147474	0.138305044379416	0.561998636304047	0.435880917521078	0.746947795619706	0.623020152824164	0.74723004176187	0.265284563823132	0.726974632937819	0.398920802449444	0.446840315361286	0.422769938844168	0.49350360192977	0.50066327235993	0.294625696817063	0.409761229836053	0.0217097157639557	0.602900745256269	0.350596664206329	0.28424871643582	0.151317227747037	0.472359716564843	0.363525887473909	0.261799961413959	0.182461447605017	0.130325629122476	0.274909506245286	0.21230131812061	0.169345603467147	-0.0335556011330632	0.486826907854635	0.29420617101941	0.155039814714862	0.0973389715219321	-0.115466495724443	0.285130472017539	0.091251470268359	0.079845114741529	0.20202361172768	-0.135135247322459	0.40565407553181	0.152068472741129	0.202174944663668	0.438579837253922	0.502888774700053	0.270886897854788	0.0205469000492477	0.1728451077154	0.21664274269468	0.396953559513264	0.327569757861649	0.500568961559011	0.261915310301874
0.728273519189391	0.650733882920663	0.720760566736259	1	0.725225189184593	0.750594274760305	0.882933497457835	-0.00931216002102597	0.462361791410153	0.518197140939901	0.481170221618215	0.513597236309007	0.017657248405716	0.549953179317213	0.665880590938504	0.220715271714616	0.203207723428584	-0.115847266741501	0.155249925197852	0.292062511455066	0.295663116389797	0.420656649792201	0.166979640106653	0.0485751374779938	0.226370142163047	0.0412807959797785	-0.0487828072029641	0.538257768810995	0.286913366105219	0.277320961219716	0.0995749561408399	-0.0524158125336787	-0.0787199400140636	0.463023567618444	0.67272096764568	0.118493865867206	0.0258930161909999	0.101633769154056	0.460956747057472	0.610190974168899	0.485504946993613	0.568434794336877	0.380561308975276	0.281448609555043	-0.0769207447385676	0.0802312609507506	0.298615583825692	0.670229801787048	0.1359675289123	0.665291520385364	0.537544227001076	0.559550223940179	0.702731522626722	0.685032066127686	0.376604960947621	0.821389754654781	0.256344566938277	0.381455340978528	0.362321464613609	0.562076785441026	0.548972826324035	0.545297570016512	0.574152608754718	0.00371879430322041	0.665198894883118	0.402208246895153	0.304753082180262	0.0177405858839538	0.547915564595561	0.355813161391514	0.237598693440198	0.325136774186754	0.158223449068369	0.217612764245618	0.232223975807832	0.248827081289556	0.0233394493126867	0.500887206804574	0.420955765795256	0.105525171594941	0.194874690197487	-0.108497667603062	0.280983294227124	0.121582095485974	0.145759608963617	0.312879885702911	-0.147907516386864	0.513937664113453	0.286582971708019	0.193068269892595	0.476909211532499	0.666660620166834	0.363965634267131	0.133726224140489	0.307692241555056	0.461625569568214	0.358643170597259	0.439531448437242	0.499163180901969	0.3548420463594
0.666077420774085	0.492780410005808	0.645377360077444	0.725225189184593	1	0.815136675419676	0.752464895125675	0.0702182471665689	0.379847098612675	0.374838274910244	0.399902679207784	0.411633328464865	0.0827729860306671	0.433477303877421	0.445005867236482	0.169815510510759	0.125017266524617	-0.137391752010335	0.0934343601280764	0.23120251685715	0.170874136562874	0.351289575716939	0.047011314796468	0.0260196355746903	0.212387912716027	0.116175668200721	-0.000886817152679128	0.495919587592799	0.249547033302221	0.156739583454511	0.0180167622602762	-0.0598222832186074	0.0465503630064376	0.407587791457827	0.511986115116297	0.0294271903596415	0.0178678324110305	0.0779889097784909	0.322993627014844	0.562792413240228	0.350718099916449	0.486176985992953	0.233382079473695	0.357548661609203	-0.126518164597035	0.156296555716542	0.218258245906169	0.565864359638702	0.251568273148953	0.422638561350701	0.594474245772538	0.521059333844305	0.566169087119039	0.751382593829943	0.461527569580696	0.664395051047964	0.287834869862348	0.345080683720406	0.251076028941777	0.481545561872742	0.439915931189014	0.421608982603172	0.431674664006456	0.109123289781127	0.476261038044076	0.227222505157997	0.189836095638315	0.0220557790247428	0.339702764159465	0.290231917826514	0.226198236287606	0.209062498743921	0.141659017321224	0.209027616897565	0.138574925628729	0.205081436162364	0.11147677704693	0.468089749880164	0.421586007561552	-0.0389119552897603	0.0676114652874658	-0.172246410284444	0.260882891954083	-0.0281995700732673	0.0374617994076354	0.217839535552894	-0.0901801644312033	0.301520095256119	0.11451492212489	0.0665333948475502	0.392913987189592	0.549532259390372	0.284077644440282	0.169058132046875	0.176036680904307	0.347352425785727	0.418422913748223	0.397596431388309	0.333853883445248	0.218820358812291
0.622806052870871	0.515323084396175	0.715983639353702	0.750594274760305	0.815136675419676	1	0.741518550197859	0.0764649817384726	0.426252939978876	0.351194252796535	0.36116657501218	0.355571320171745	0.0405830519228342	0.55319084837534	0.556165325679056	0.127304269595976	-0.0425668800036102	-0.0838211241878303	0.125269522398863	0.299892774864448	0.0589318628617427	0.272021910464976	0.0144650562970671	0.0700934530416491	0.145961587053433	0.0842135907994947	-0.0589259520369543	0.348600909823498	0.141108361450661	0.097733347776867	-0.0181700058634132	-0.107327705322959	-0.0586157964441252	0.313195640544049	0.442158186114911	0.0431644761635294	0.0222017778507388	0.0456986436349478	0.309868168537817	0.509081635486408	0.264345228340677	0.419784988073037	0.161263724871792	0.224024978172889	-0.141461254176162	0.092005045312301	0.156590356732443	0.539815860304829	0.0659148226796462	0.439840171831596	0.48170317437275	0.601007247397619	0.581721318412051	0.806954112300432	0.376103366837505	0.672141721129936	0.322617960004094	0.380176661304348	0.28252368366647	0.50289473404803	0.416132921591214	0.356492142887466	0.400944150611998	0.0727363315010226	0.490758981539083	0.115885063947447	0.128841888300828	0.0335367720073004	0.324715280402214	0.278886676692554	0.203947439696744	0.0694257520883119	0.139624447916996	0.122864184367358	0.107313380151388	0.21278511415206	0.00805382967510675	0.329103655139161	0.284819445062281	0.0205266831176467	0.047935483698056	-0.218893845303257	0.253640912544161	-0.016613149937109	0.0469879304724393	0.189285588410911	-0.0720263980119872	0.25323115580239	0.0423636910622092	0.100819496412784	0.38143721832567	0.497038037279652	0.265168914996384	0.0520248050383964	0.165884220894525	0.22839971576395	0.279684889906329	0.409981480244223	0.343407215481963	0.134483196130201
0.728075857481213	0.601395077416156	0.710847205457741	0.882933497457834	0.752464895125675	0.741518550197859	1	-0.00380384968613747	0.444773967003651	0.498039470518308	0.528745863642787	0.49132326440805	0.0298933429832667	0.499113681196569	0.626400824078083	0.184905067725158	0.0921161594409085	-0.128266206387224	0.158830873324366	0.235740654707585	0.237200112320594	0.382834400683001	0.0668923966648623	-0.047903277157507	0.205971703642686	0.0462427014618772	-0.0367101184645847	0.478228894221018	0.202302592899489	0.222408203209511	0.0470290928024539	-0.0950097704878883	-0.089821543597916	0.377369928165598	0.722781969219574	0.0959891149091507	-0.0690599106634258	0.04014923697764	0.434750672652121	0.592346201509183	0.406328536083459	0.508425481201663	0.308475392022422	0.288940056574345	-0.183351074286739	0.0974941979550522	0.259166831274917	0.629939219490279	0.133553166912349	0.590273790933813	0.481955231714088	0.588076782682193	0.677850888272729	0.685560346095949	0.38957158847562	0.846863953768239	0.232828073411915	0.326585107484263	0.303596998107301	0.539768014428917	0.589690140074166	0.536637282846919	0.580912515191517	-0.0197189092769044	0.617085247520187	0.342417005009565	0.273977312429788	0.0376172636839131	0.497551639598981	0.309822410964929	0.231295976353188	0.314918258320286	0.0526480952298177	0.139084228055396	0.195649757672608	0.306603923634158	0.0822570478923636	0.443729465914541	0.409860981599124	0.0516371620206364	0.181252586599593	-0.0962794924016636	0.258609018292272	0.00960268777882734	0.0898794921362233	0.308557726066453	-0.23245688072608	0.470382376200543	0.193675164303384	0.147649737039107	0.440297409653185	0.668851777147893	0.369795938257879	0.149475966051125	0.242935646227349	0.318969431970857	0.348537461276517	0.46704264090607	0.470502907065661	0.322127628247377
0.0704972684985224	0.177127342897769	0.114965444792676	-0.00931216002102597	0.0702182471665689	0.0764649817384726	-0.00380384968613747	1	0.346875555197464	-0.023597107357422	-0.0334511716325545	0.181427745058477	0.316449745086358	0.410693382818623	0.253513463690715	0.215979933387032	0.158143509595368	0.431565036673678	0.51674248400168	0.496156564552938	0.0149690332499914	0.0885091439961134	0.201326346469451	0.35603278303299	0.625464264221745	0.275645995609891	0.230446976327702	0.0383886327678664	-0.0537972214766959	0.0874041496468451	0.145169317979133	0.111873546731995	0.247965051484673	0.121389700060065	-0.0735713749014463	0.337459538098734	0.201971470470296	0.147417918534207	0.163180384373903	0.0648067715687137	-0.101249031904755	0.152821956066244	0.0391676775697529	0.0575422237493579	0.258959229039256	0.278721982688454	0.192338685155456	0.0352117884091133	0.0177640449040329	0.156209567680318	0.0794549151721029	0.215396802926748	0.0977084358494211	0.00999418351384669	-0.00941153010114353	-0.01600372274044	0.127117765460679	0.258726744100812	0.502508120883201	0.25228997817123	0.113198743429934	-0.0317041757246857	0.0455189855954062	0.170853292523279	0.279110033990105	0.114859638350269	0.104124501810677	0.517012978692891	0.224409918117996	0.451779434970743	0.338683110916515	0.106220316838819	0.378220829049379	0.497309499851225	0.256235325921688	0.161212354178425	0.203243816248502	0.193279194918858	-0.0910884234476187	0.281130145473945	0.0312210400957354	0.149010471172596	0.183901177327545	0.00750985511246486	0.128894431796491	-0.0739215374849173	0.213840894588654	0.120549984356894	0.0868132453174219	0.196256060579915	0.312488026097525	0.0793776359292061	0.104928824029396	0.104160752985668	-0.166536316295477	-0.15006523366824	-0.00671942630666351	-0.0108588270469393	0.145965433171888	0.0215655525989862
0.318700032046052	0.370286449625037	0.429109705347849	0.462361791410153	0.379847098612675	0.426252939978876	0.444773967003651	0.346875555197464	1	0.180810780312907	0.192705766825545	0.282003395272312	-0.082310517004602	0.327849745826567	0.426771869517423	0.0632609335437037	0.0123935300004661	0.0107149119450953	0.19339907197659	0.703968394069102	0.056038409729797	0.205078110687846	0.158842610207365	0.594061199790142	0.524605425010711	0.0268186854586122	0.0587779758766961	0.300793319433312	0.0360813851967249	-0.0376358342634937	0.0632242739889328	-0.205948937547363	-0.23702595407079	0.225970018968171	0.281279993344156	0.239855186569716	0.360396444582264	0.10973790378539	0.466062399345403	0.466344055405438	0.147595926132993	0.33890428476676	0.233951236538734	0.106392122936971	-0.163166419455163	0.0709556321844134	0.0977485694584694	0.441534435407233	-0.0362282052046658	0.3841090875246	0.144008363012216	0.493053748475575	0.36189527698592	0.355720368033126	0.0262877669036878	0.428685832186158	0.123924319909289	0.445911414557075	0.336302511563909	0.866371825515481	0.251802610492551	0.196006487554208	0.283169645651798	-0.016790547721255	0.391250992914409	0.19485995383286	0.110878674974486	0.034819153100517	0.283440484415479	0.472692260736731	0.111914578661091	0.13252272181313	0.625646529691036	0.468361045322091	0.0190766233362772	-0.071307422503934	0.0294135818048803	0.481360668828875	0.154329185939827	0.00140427539467564	0.0387740684846344	-0.310382855837607	0.2533027503615	-0.0765668103572656	-0.0171933346176466	0.126904279368099	0.255977812591849	0.413156383635623	0.0519181904430707	0.11973394204655	0.542617494146344	0.462050981804977	0.2288876993607	0.0873503976203805	0.00819170302991815	0.208619644572245	0.0258860848494301	0.275949405488409	0.312198149373487	0.115238887124518
0.409172853088831	0.343880877469901	0.367832280244528	0.518197140939901	0.374838274910244	0.351194252796535	0.498039470518308	-0.023597107357422	0.180810780312907	1	0.584735417211594	0.764271846918373	0.229505714318263	0.352412838530449	0.454637451464649	0.220045791340097	0.331077074804508	-0.000699159940487846	0.12426149633163	0.0480896032317695	0.564538519889505	0.517331001146801	0.399786401261081	-0.219450735125841	0.180968164958024	0.214564721489521	0.0860493164376361	0.284475005323311	0.266836630373559	-0.0541273066401361	-0.0435568595156975	0.13597243380349	0.169464434984155	0.322751235679533	0.340628838971727	-0.00707585318435784	-0.148223665983691	-0.00988563508765728	0.159822105327217	0.334211238051006	0.224836850268183	0.468648450820097	0.160384871573267	0.248208272526661	0.00113237327440543	0.0781577404214401	0.473618362523685	0.274043584951825	-0.0103978717233837	0.567732973667037	0.451865671109326	0.307623517437422	0.376819964673926	0.480449266377063	0.240825188165509	0.506267782098461	0.351697574621963	0.220758967273165	0.23966401834141	0.272923651874392	0.616740879239449	0.556313754154238	0.570194477621937	0.036296261816918	0.620601069252528	0.536454120390599	0.300449598064335	0.02067252771809	0.561806822148183	0.248174116014647	0.316049372023932	0.49354373113778	-0.130450841966247	0.131571429489877	0.260525677005556	0.416737917816803	0.186803212385752	0.25657016053016	0.439347735209752	0.106959265854061	0.393948005537935	0.302616189222258	0.304591135417446	0.133070311696892	0.305625887559026	0.42882693132236	-0.31914839808459	0.365670683664585	0.42317980003848	0.226304980028355	0.0869806351565449	0.439325317577343	0.324975459907845	0.315401087084585	0.47320598609185	0.286650173899486	0.451631685311334	0.43454742875755	0.550416934112038	0.515677869722137
0.347475265510433	0.130669792502742	0.291375951152238	0.481170221618215	0.399902679207784	0.36116657501218	0.528745863642787	-0.0334511716325545	0.192705766825545	0.584735417211594	1	0.560516478497024	0.03414708491858	0.185698155936192	0.265383458227613	0.0662367743458617	0.090636349741077	-0.15066725192287	-0.0660742748280166	-0.00622272778894114	0.30352135549756	0.298325007026469	0.17423112307431	-0.22988656617625	0.125498630408983	0.0148862383655119	-0.0274084000629851	0.25482368877413	0.324218720231313	-0.112278008141921	-0.140295472999302	0.00827570654214976	0.174461351767624	0.0792717531605319	0.418030894352151	-0.197756402121301	-0.0477203223642889	0.0167816875640763	0.263821918247627	0.327100269942705	0.15314894713438	0.136785261919937	0.0949525861148365	0.164777721328897	-0.136278475045219	-0.0824563629507073	0.131611681341193	0.338343093476398	-0.0282653202474797	0.257936413625384	0.471714172196452	0.19538736880123	0.429253942727572	0.50320711193352	0.436521695295262	0.554574125258808	0.2686834831308	0.223438278277654	0.13934385642527	0.276807666418134	0.484887245483212	0.522355147931607	0.579414562957939	0.166584626567353	0.364965927352544	0.291774270202656	0.0652075265001741	-0.0641189052368988	0.453699190321782	0.0843329241091593	0.286740164183051	0.233579788323455	-0.0859853272128526	0.0806446941739784	0.190821572730608	0.148258419709175	0.0676295688644735	0.0585025864354515	0.268038156681753	-0.121042495012807	0.100467150087497	0.0942851844618147	0.0744585842773442	-0.178259510888924	0.00658039895718866	0.0860626687569452	-0.070303512487504	0.183007179577983	0.15462527801079	-0.116920632003248	0.252391755499524	0.356354119545998	0.145818266931494	0.142881181841641	0.117580312063697	0.47810923729686	0.322919858874354	0.356409295972091	0.205011975165289	0.286619727808565
0.439851215453038	0.288024724071659	0.373488458764113	0.513597236309008	0.411633328464865	0.355571320171745	0.49132326440805	0.181427745058477	0.282003395272312	0.764271846918373	0.560516478497025	1	0.317665122261267	0.322358912165856	0.549435197234922	0.00466482069320102	0.365849396214469	-0.199365180742222	0.0187502827332047	0.138579365535296	0.498781532399738	0.574765550436183	0.402510003840857	-0.147868157743997	0.292217430324835	-0.0358444279597287	0.108668219238613	0.297640339344727	0.279945630757422	-0.0926768284148358	-0.161429076775972	-0.148553706398329	0.174539108410376	0.264114844837668	0.364113024725311	-0.129081610679164	-0.129863536169222	-0.106531819271023	0.28813476698007	0.462411187768515	0.339900348552754	0.346688717854008	0.170894425250516	0.243296741499571	-0.267124071888588	0.0691978803249988	0.424392950797491	0.370310016470313	0.116137796799756	0.508081069428168	0.427297970261916	0.251984510505833	0.458156240749651	0.47766707305364	0.241985295187576	0.495932449362132	0.261609838910729	0.219318671765075	0.172313414976397	0.32596716285977	0.690993874093591	0.615676844110529	0.620141979502291	0.0911004443378602	0.554869123899803	0.547247512724206	0.160074771267586	0.153735384243446	0.466322365357342	0.172439223577286	0.547828097506343	0.515826889291381	-0.0262756792690343	0.265314194381867	0.358755927003041	0.313834536417314	0.177175306546082	0.335922861908433	0.48818409420743	-0.000637566293340829	0.193216618433391	0.243914539291565	0.266908317624037	-0.00195129229601687	0.0825927718281949	0.222987306122394	-0.291100748634648	0.344692902280964	0.386132717481702	0.0109949928229383	0.165556601131332	0.51768541404824	0.230099912602687	0.318736294534572	0.413460165702714	0.364176371212763	0.507207844867653	0.481382342047621	0.519630399979496	0.46693649967247
0.114449058042856	0.113255126850661	0.152503303045444	0.017657248405716	0.0827729860306671	0.0405830519228342	0.0298933429832667	0.316449745086358	-0.082310517004602	0.229505714318263	0.03414708491858	0.317665122261267	1	0.240683555428987	0.130591055640502	0.287639959715279	0.47025783300449	0.174537228372291	0.123876613434742	-0.0226718698519632	0.330748570516735	0.207659931704888	0.113706578062432	-0.00794925070947196	0.208315153289521	0.0634683883562069	0.195150092936623	0.180146128608378	0.00774227826089814	0.111255964286076	0.295783578193128	0.220541556558939	0.457360014431689	0.0711707098960519	0.220609709109106	0.18134959633002	0.034207569183294	0.200590346438381	0.157701755896194	0.0899902081914814	0.193139233809237	0.086205724175199	0.310323322332912	0.213381386815023	0.289463954054885	0.217802010001489	0.298580017387744	0.0509558894193818	0.114988653873291	0.204286090063381	0.174108130699106	0.0414159634575471	0.152122038852379	0.102694633621384	0.160246753974967	0.0962567009925591	0.355190377388275	0.289427853833718	0.300394396443355	-0.0779605343227003	0.26935240478818	0.243703695156966	0.11019188891477	0.535159419622288	0.324023016457548	0.402367366273964	0.287041358861685	0.5694258281141	0.170942327328322	0.116737529626395	0.422860502658213	0.314641537224932	-0.0693601368323033	0.106731654281674	0.430973542514744	0.317146270331075	0.262136777589939	0.200354841169757	0.159930319658465	0.394380439157838	0.268679473839903	0.445685425857036	0.28186105049443	0.259408627085705	0.25633354179214	0.0837130746846364	-0.0819553227367388	0.155639033299452	0.299624347545448	0.200371241978882	-0.035513485628302	0.0758105696235919	0.200234291989409	0.243659839293837	0.154774662531537	-0.0570166455646134	0.245688492430339	0.12455551617259	0.251997074000513	0.255499745207066
0.526109900829278	0.616500483620141	0.591803323000162	0.549953179317213	0.433477303877421	0.55319084837534	0.499113681196569	0.410693382818623	0.327849745826567	0.352412838530449	0.185698155936192	0.322358912165856	0.240683555428987	1	0.565593070081137	0.409319039720148	0.00625992598775062	0.39570606572079	0.491507121126689	0.369940153953415	0.0663939477773713	0.176638255528332	0.187352070154766	0.0489420358489476	0.317016560988876	0.391075189843551	0.0153979743993567	0.384480238102023	0.106577798093796	0.431273941081634	0.213030847293159	0.256794171415234	0.153720593000224	0.370247988392976	0.308611274330633	0.383421060552395	-0.0390533634209802	0.141741819953301	0.201660355024127	0.345009663671433	0.142645132404079	0.400434706519159	0.0685694291882096	0.123274871769197	0.29361101391306	0.229892639009357	0.287589183193697	0.313547613967896	0.0197878604302785	0.491936600784431	0.346667195581921	0.52858332302295	0.480976019364889	0.469441657460933	0.0944851305557535	0.461282288246859	0.392119793998193	0.490275769873766	0.596243231924933	0.402853439561003	0.3242737072637	0.232985643632752	0.258630549887718	0.149816124552839	0.723579054155964	0.197820237876527	0.481374737668571	0.296964960433437	0.569391946448937	0.61549539990213	0.19532914381921	0.189602396535546	0.0810330058941644	0.327434857965182	0.189901204678361	0.485315976064195	0.173088253080082	0.365013322903882	0.180870352106281	0.40443762162325	0.379094035518376	0.0730004646741613	0.372312784320511	0.271981334302285	0.371718065288195	0.438734812773227	-0.157304971089008	0.386345853514425	0.110246558108377	0.53253162047648	0.30868694669288	0.393644355066512	0.366242909032798	0.0304697419319538	0.125576373669748	-0.0587108957731175	0.213308703450281	0.213255379601076	0.406271926467015	0.134399263519271
0.535149269156662	0.603425964412442	0.606810007786759	0.665880590938504	0.445005867236482	0.556165325679056	0.626400824078083	0.253513463690715	0.426771869517423	0.454637451464649	0.265383458227613	0.549435197234922	0.130591055640502	0.565593070081137	1	0.066870864252974	0.216787356024043	-0.0703059443905492	0.197683244581686	0.351773954379905	0.216715351961503	0.514715538432422	0.17955420989554	0.0333463378673927	0.382559841272006	-0.0548972507520219	0.0964295225707962	0.426379384065172	0.185141220620392	0.117976573608103	-0.039876646771006	-0.178272166421784	-0.0382887564191214	0.25506869062483	0.40291443866161	0.0725298333562777	-0.000346709064799046	-0.150002434853548	0.35240438318447	0.56188828293645	0.375999309407831	0.493017549040856	0.270431947021979	0.189429323674417	-0.127757110204837	0.0736158726773921	0.351587203845135	0.458863241881263	0.175709382235307	0.596667561783283	0.356521020294054	0.551088910319003	0.568858803119328	0.551621885468142	0.180163266148252	0.611991800637234	0.288981226283646	0.379657999417194	0.320948531084465	0.437669379453633	0.528963028736139	0.364273387859545	0.482625835169898	-0.0167558333144983	0.656679961049078	0.397436122355982	0.112950912085857	0.191153538669825	0.456516049197616	0.237954307057061	0.320923019788142	0.287057674287071	0.144547724373283	0.313123651210691	0.31687962166942	0.218529521670944	0.0204896609643173	0.417946322247926	0.425746174420687	0.0215819578944506	0.114634411587981	0.00907092368077806	0.305829126928893	0.0132275697761638	0.0139663264158615	0.171634989695749	-0.172872052304885	0.302040657251899	0.245642026906922	0.0954424905140681	0.297612572632658	0.547837044760911	0.218861678508578	0.188110699303195	0.275928724276257	0.169334983586174	0.290210965903977	0.476551040291295	0.540254469916909	0.322735786593752
0.16362320636616	0.222102408650797	0.160632424781285	0.220715271714615	0.169815510510759	0.127304269595976	0.184905067725158	0.215979933387032	0.0632609335437037	0.220045791340097	0.0662367743458618	0.00466482069320102	0.287639959715279	0.409319039720148	0.066870864252974	1	0.15128677118423	0.631420079316884	0.583957486934281	0.183689745522137	0.178483596106883	-0.00302952331273909	0.176836864257742	0.136507755465023	0.252924519988197	0.509135922428671	0.0963550920606967	0.313455771812335	0.061635541017657	0.437099115068151	0.717556122079059	0.646174656016378	0.261134701660966	0.335649203194197	0.304836960038777	0.634393605804653	0.154371492886249	0.396505693651367	0.248597744822536	0.0818541033894332	0.110576714988336	0.410669075410621	0.321912125397873	0.171803848271437	0.614532030399743	0.25410290862242	0.350851112416572	0.0397998272783301	0.0460771036090082	0.225303395217951	0.113721022186216	0.0951984470257778	0.0623413104805379	0.0680403889166092	0.0312068682452114	0.19930693898234	0.270003185119463	0.350447077043505	0.50542457588865	0.181293716598237	0.0869178699254924	0.104213189177165	0.0564077412485889	0.251538113166777	0.38061386816943	0.162672482289553	0.765680510532115	0.311348068453926	0.420977035980301	0.446014333726015	0.00562320315270877	0.205465825807855	0.0160879965205789	0.157919689474277	0.163545684169131	0.342058795283559	0.301437862038633	0.280501256837611	0.019659510948515	0.605954730299538	0.646422272206842	0.334236814515113	0.420561716405502	0.573901554993928	0.609585638042232	0.561403426470927	0.0246756682503189	0.605951554789429	0.249726667596065	0.732795447481073	0.293740338486169	0.175413719652928	0.456567792957177	0.119210466201374	0.21776684460834	0.0501452520433803	0.0448194970815258	0.0762431269119381	0.213046241472081	0.220426042595788
0.0873966236999554	0.0099885464780976	0.00700591842743001	0.203207723428584	0.125017266524617	-0.0425668800036102	0.0921161594409085	0.158143509595368	0.0123935300004661	0.331077074804508	0.090636349741077	0.365849396214469	0.47025783300449	0.00625992598775062	0.216787356024043	0.15128677118423	1	0.0512978279887956	0.0699954123387766	-0.0170589694821562	0.726654062421498	0.342363814368109	0.309830683794562	0.0669686906028416	0.316167976010756	0.083923304751958	0.454801085149668	0.245445081730109	0.283629435021781	0.0688879656371285	0.217379691471315	0.174474566452202	0.365282036429262	0.127385970577672	0.248506348115917	0.0259382102719636	0.0910908640262221	-0.0113531084155561	0.156718469775587	0.254984755829104	0.399201169077149	0.297366771442812	0.369938007761201	0.236792079513257	0.241932652789268	0.234378909542698	0.424879413317564	0.0817829301383789	0.304406277780713	0.347757827149173	0.14787448356149	-0.0778178702424853	0.243581051247929	0.0658371173967066	0.145054939431653	0.138316798846857	0.189750138160259	0.0646719663189975	0.128355218213293	0.00976374540165906	0.320922308082534	0.270001970449262	0.370174220842023	0.24621302343568	0.331818631790484	0.637703950754288	0.107456150386476	0.327736176471844	0.287467440741041	0.0892669183677434	0.45372574775435	0.542967571625474	0.0839792621952174	0.307673953244935	0.631749343292627	0.293804776452151	0.327758460099995	0.3029537467498	0.240411627050918	0.179508189711976	0.154555840615382	0.398906618697548	0.155057720794917	0.157954648365668	0.190684778987357	0.0796458981462155	-0.0239160100869593	0.211542893241415	0.614951648925128	0.00648143309525011	0.00544615265096129	0.258724890529672	0.141417605959266	0.431435249735084	0.383534393824615	0.311691114538757	0.311315068183347	0.285579885012789	0.285039288345392	0.486937264726603
-0.063039572610581	0.146620556328603	-0.0258049366522631	-0.115847266741501	-0.137391752010335	-0.0838211241878303	-0.128266206387224	0.431565036673678	0.0107149119450953	-0.000699159940487846	-0.15066725192287	-0.199365180742222	0.174537228372291	0.39570606572079	-0.0703059443905492	0.631420079316884	0.0512978279887956	1	0.632151100222382	0.172122588295854	-0.10053091960095	-0.233000977112627	-0.0142189108880454	0.16638762127739	0.304290975352751	0.608715462852321	0.0409781673503005	-0.0841165525350045	-0.0798598099179348	0.319271988388349	0.51119471321771	0.571900460154439	0.315915969082699	0.109557566316049	-0.104866288511917	0.558554319486846	0.0921798246221363	0.310275513966549	-0.0542173754634324	-0.243000810534168	-0.255896891044331	0.129966076704665	-0.0601675971432598	-0.0419623464599063	0.648804307410348	0.0700811718912055	0.16217411886101	-0.300313469606636	-0.222838215573009	-0.00312048844647705	-0.157741699307715	0.0546176808617865	-0.138967208753509	-0.150243579342785	-0.220168819099444	-0.144868801224564	0.115702697563992	0.119885644046719	0.449346009048083	0.0555580765126138	-0.130841801354697	-0.245213583157527	-0.205950308442526	0.134060165502243	0.228649281054353	-0.0631411995901285	0.504177656975675	0.389740760090055	0.31286775834353	0.436024032686294	-0.0868844215985009	-0.00845809240617348	0.0917755304044872	0.10034254036338	0.138845894504518	0.400849752072041	0.281157106835577	0.00786010521295335	-0.262402583284692	0.609660606020895	0.402514381799461	0.344912656124575	0.258415227477475	0.337704707573044	0.566201715941088	0.327557696856324	0.0954719829133956	0.32109600608542	0.0674030007199968	0.572150342639311	0.105679063062425	-0.0656089012196277	0.209904642055719	-0.103870842868289	-0.0383240130211037	-0.320524161487834	-0.17739488396608	-0.220062732827423	-0.0143367890624638	0.0041561149143372
0.152668826413251	0.242304756205686	0.128644979804044	0.155249925197852	0.0934343601280764	0.125269522398863	0.158830873324366	0.51674248400168	0.19339907197659	0.12426149633163	-0.0660742748280166	0.0187502827332047	0.123876613434742	0.491507121126689	0.197683244581686	0.583957486934281	0.0699954123387766	0.632151100222382	1	0.426221554281388	0.0212083955693124	-0.0252657788752454	0.162420545510028	0.121840330068865	0.391198360386025	0.51962505851515	0.0498640089649968	0.0474577778804484	-0.0981792460330459	0.278648227370612	0.36068889668315	0.451962402173976	0.137226705834064	0.213765885150703	0.0949811594001914	0.725655108696413	-0.0578584600207775	0.333030576323262	0.0752863899798632	-0.00609677164177379	-0.0429685740525306	0.3441842526182	0.0885109265183962	0.070751327533069	0.540706782809012	0.256987081129166	0.293972625480587	-0.000920822137022024	0.0387859612625731	0.318046184831064	0.0686704701908456	0.210581186990412	0.11000820636611	0.0239635876117499	-0.137373329653955	0.120874316400701	0.0714883327069436	0.165179149801258	0.554390026701097	0.199855063687141	0.141158242521987	0.0329776625422994	0.0948812954046431	0.112756683996015	0.383405544401378	0.0944364650351864	0.508451899921631	0.261976941602047	0.488385003605912	0.618396467519782	-0.00704288768300367	0.0576691525109211	0.0464386558279555	0.367908543155995	0.0948327819569624	0.415550577769572	0.261962774195142	0.119218544838419	-0.075551750919996	0.501710373959373	0.471974545691818	0.254251910963738	0.249019356044896	0.328229884018776	0.530985500785587	0.380300289029512	-0.0683931786631607	0.458641671580796	0.194254242080005	0.599622017860548	0.280586910827442	0.060962388199794	0.288642492533631	-0.0747359118416728	0.0137508343028422	-0.223852564140827	-0.142498832872551	-0.00718123696205314	0.211743684353325	0.053983636760526
0.212269603343388	0.330060844352921	0.337659302195009	0.292062511455066	0.23120251685715	0.299892774864448	0.235740654707585	0.496156564552938	0.703968394069102	0.0480896032317695	-0.00622272778894114	0.138579365535296	-0.0226718698519632	0.369940153953415	0.351773954379905	0.183689745522137	-0.0170589694821562	0.172122588295854	0.426221554281388	1	0.0353720394320975	0.0528856086207151	0.128983834359818	0.436077858485909	0.553690813718516	0.106824463535791	0.000260569262702988	0.159351276064584	0.0474105733875885	0.0157253409004344	0.110986169056451	-0.0497880805525549	-0.240217848045726	0.300309328875473	0.0679758357379279	0.331039225794712	0.170676802668527	0.209551190307355	0.282365730673234	0.285314368851969	0.0599190718941497	0.332263292462347	0.146703746533482	0.0613472677756391	0.0331001297378613	0.273124916506153	0.168076003004708	0.269467788934627	-0.0106771806246964	0.360660790042966	0.0181276268771714	0.386889647904973	0.225374535882929	0.184967968033013	-0.0283570957084498	0.243705474317083	-0.0642359294951448	0.285411241736028	0.40347777160017	0.642924507070132	0.142057225110559	0.010685191411311	0.105629740911831	-0.107934993693374	0.286435069357864	0.103087521440537	0.128615543029507	0.0645757982827121	0.262827887374256	0.517470312289643	-0.00230561237300916	0.0899417199222074	0.478748057413524	0.54745714016462	-0.105029870453943	-0.0721101980524106	0.108663630185918	0.331242070859604	0.018842992283551	0.0272830789651838	0.139691627112311	-0.21810731456	0.235997937707648	0.0286513748161054	0.0784129109870925	0.178528249010759	0.168012334316638	0.331111998998979	0.0766331385309004	0.248314146800649	0.380671327868383	0.301088603204697	0.302744420807405	0.0603361004163302	0.021001565194107	0.0361417327756366	-0.0275501257264824	0.108934435432307	0.381650891637077	0.0229619284770759
0.227429492535423	0.0931684336787683	0.0661282333379143	0.295663116389797	0.170874136562873	0.0589318628617427	0.237200112320594	0.0149690332499914	0.056038409729797	0.564538519889505	0.30352135549756	0.498781532399738	0.330748570516735	0.0663939477773713	0.216715351961503	0.178483596106883	0.726654062421498	-0.10053091960095	0.0212083955693124	0.0353720394320975	1	0.4580046312492	0.400156636072493	-0.0201162052184824	0.191349770282311	0.150805071512064	0.34359547726833	0.275501710257239	0.297984484589072	0.0946805547333864	0.132586684717833	0.171541506775732	0.164283558937653	0.230955519660232	0.250882401449269	-0.0496032016640793	0.00963302542861999	0.098502581115904	0.172869753437858	0.310389689287296	0.406749144821464	0.377483360474323	0.459107718786615	0.384561485464356	0.162007684044958	0.249540270553868	0.530802226556341	0.165617284878509	0.156629019277205	0.554886302613378	0.239395907973625	0.0264858888192028	0.288294510126108	0.182665486346011	0.229893612237698	0.222868682345557	0.231681155799555	0.104986042080603	0.0904655917123262	0.124559852620888	0.451284519346708	0.439424376446309	0.470966567616418	0.067388841432843	0.373021400310414	0.751914592673139	0.156465521952535	0.146367504241114	0.333798294322132	0.129836331945254	0.474244184044334	0.589018376867499	0.046294534195087	0.287058700561028	0.495650896149515	0.326148705849072	0.345332781463593	0.261767176736571	0.346503433311942	0.130245184189832	0.323718965361334	0.381031753660303	0.301940980394702	0.264393361915413	0.321519228527728	0.259827395972225	-0.0916533662747652	0.259607183936345	0.715729596951935	0.121444854558611	0.0333854069973111	0.315659674036886	0.371072806143746	0.588822609375816	0.549512020215438	0.427115425067149	0.317085840260085	0.371322080039679	0.483126514388683	0.687051983361693
0.334399184293957	0.343497228600605	0.309879158640645	0.420656649792201	0.351289575716939	0.272021910464976	0.382834400683001	0.0885091439961134	0.205078110687846	0.517331001146801	0.298325007026469	0.574765550436183	0.207659931704888	0.176638255528332	0.514715538432422	-0.00302952331273909	0.342363814368109	-0.233000977112627	-0.0252657788752454	0.0528856086207151	0.4580046312492	1	0.41805771027089	-0.0687138372976075	0.165681317214786	0.0351037303410776	0.222886078189454	0.282597456595003	0.18789700639354	-0.0193866305720392	-0.121321179763961	-0.11048805103368	0.0501271590507557	0.344540045413857	0.189609943521681	-0.0374772481789762	-0.0141581317805405	-0.13621093711188	0.102463424756191	0.343545300846781	0.438923707571046	0.473770219809675	0.291142737083967	0.282242338710617	-0.106231810012668	0.21869014487048	0.482539612575061	0.317028820936023	0.169839256953639	0.443491096995198	0.308664275305457	0.164500498723025	0.203070795238616	0.333515669376906	0.258412146428018	0.343074939022239	0.144803839681403	0.0828555877828272	0.0775609655797931	0.240587215904392	0.450562508653595	0.490081373462164	0.386060264888374	-0.073708157195165	0.420356676136163	0.49189871613835	0.127272677969034	-0.000641677966803264	0.272932316800362	0.0939500278521138	0.404672589289844	0.555141469558351	0.0324444877377154	0.301070582807013	0.259278100520497	0.195043228843837	0.258595748334274	0.295062922695461	0.439114011674267	-0.00875107338598201	0.156585534145906	0.207814429764642	0.331943951270609	0.168121219257393	0.1023213049598	0.235165350510332	-0.150399192003602	0.233288457553108	0.408399773089785	0.015831601729428	0.0571431013926119	0.403572014063067	0.243190793906189	0.487995646504541	0.417371492684953	0.309400987706736	0.478643861385744	0.49495696042755	0.450213249223616	0.44153494970033
