1	0.814312320006252	0.825752742361101	0.706659822721219	0.771340001140421	0.558634823282874	0.704551615246147	0.182255174397232	0.478999989670825	-0.21249161556642	-0.0396987368611905	-0.195344383646789	-0.105692365684941	0.608848416316244	0.693885685194044	0.628459672356093	0.512437026638695	0.0651145412811451	0.466231677681951	0.0990142301071296	0.256746622741958	0.443567967023242	-0.150675679265244	0.496944570303601	0.130002142894673	-0.127253677861577	0.0501285484353178	0.425168128031628	0.27220914643384	0.159829605030208	-0.0979334796317678	-0.141687920372531	-0.192435720808062	-0.227603586904732	0.637595039112897	0.29478254845616	0.272494095843159	-0.00536925733111029	0.445855673616247	0.357489636771351	0.269723539203435	-0.243247095406676	0.0530866690505076	0.0360178319363407	-0.0903275101021663	-0.0465012508810416	0.0708226007857012	0.571521344571095	0.424063491899597	0.325818415622355	0.669321162027504	0.828649676059291	0.738193172667734	0.634233428763682	0.488262260560122	0.676662792510798	0.0747513126235456	0.107054397686382	0.345660007174299	0.452805600805271	0.0219185634354032	-0.0177030824252024	0.0786001361589819	0.0136183329697982	0.351266340830606	0.435959631447319	0.175080593284651	0.121845816444095	0.446363654428094	0.32956236146204	0.143267795933058	0.159273289567036	0.47984838005172	0.390758027310625	0.575096073621403	0.0681792146578494	0.0502451662005793	0.528758690970774	0.167622650961446	0.00813765733377438	0.314544539102849	0.42706396920022	0.220686972285227	-0.0911147553997981	0.0972046212298021	0.249826435579459	0.310739109351862	0.544790846193938	0.36590949414807	-0.0310539298526891	0.407101562736567	0.35267937412126	0.219878623997795	0.100887327510145	-0.00933258121781796	0.561657804592601	0.2658537186446	0.473916108123876	-0.0462923531189063	0.0263456435620224
0.814312320006252	1	0.783556021419335	0.72299684865551	0.678679156265221	0.493954372000261	0.703709940937579	0.162546913601259	0.420926562891781	-0.227383233091344	-0.0389629543858468	-0.21205057768871	-0.105663469963498	0.453983654624537	0.630509859522187	0.488300289171835	0.349572997722541	0.122152207515984	0.292169436658002	0.114085255263432	0.202931389254804	0.342558963844603	-0.179425254168571	0.438888383373996	0.0310959308765025	-0.370704211380439	-0.159204786804321	0.406127236982495	0.263765871251189	0.0902897971783759	-0.108697958251913	-0.247493208329384	-0.288544434125077	-0.255193038326395	0.590317424779011	0.133343639440386	0.219861288951682	-0.160224157937044	0.360049062303789	0.385152831179294	0.0945901158025657	-0.257531983375988	0.00742008278497718	-0.111190766121676	-0.155847809060397	-0.119889440263213	0.0110830657362101	0.558173171642887	0.318139489185398	0.19514579151978	0.547405030066208	0.835068725001842	0.643192884788517	0.55193572928967	0.419520585205786	0.605676402477537	0.0733409430331552	0.0899183398075213	0.223813098549438	0.408303747148063	-0.00591164018860196	0.00921026702720604	0.0800477838036281	0.0365637627361904	0.28168392197632	0.406692864795088	0.10668408118324	0.0673896841484212	0.29792757973071	0.247742301390054	0.0587269097324276	0.129194882589989	0.417989054754185	0.172627479160527	0.404801498396007	-0.0772714730514167	-0.121387159728629	0.556602658486797	0.33372210318888	-0.0961212161709089	0.264381550799119	0.318144379709699	0.172968422493483	-0.138472946056604	0.0103503874383203	0.128936663974667	0.262502436597696	0.463636303432785	0.28093056816187	-0.136724529871997	0.40582888472726	0.407162463991362	-0.0305072332202404	0.119407057894209	0.0100486536730006	0.570258671871234	0.278501218395599	0.447238343261943	-0.018024129890056	0.0802077782165809
0.825752742361102	0.783556021419335	1	0.844809060142774	0.840043790619781	0.775693335600434	0.856017143733321	0.185280290223863	0.667543678688209	-0.21210930296526	0.00409884696990329	-0.188404222585445	-0.132447147819031	0.545761930408571	0.79366221598183	0.658154552352496	0.447802549562538	0.0343852462540763	0.522210117721266	0.245439529571794	0.213675500885458	0.490372207687349	-0.136984788710503	0.589254872739671	0.188289139296263	-0.170785343933591	0.0546143627369573	0.518058509039164	0.318578675514111	0.0256455106654449	-0.093823672082265	-0.23966734864806	-0.222589958952741	-0.141107823644613	0.757989134319123	0.272163836275395	0.332842397295638	0.0301231638581411	0.513905062336877	0.431566133200206	0.226035861793242	-0.340819480088659	0.0572059313364545	0.0499200827595531	-0.170074380415449	0.0917278029465333	0.0179344441160321	0.762457087605462	0.45244388619879	0.323268353433843	0.69299559302951	0.819479703172446	0.8062959404681	0.85420437278282	0.736931943464404	0.800741324035339	0.257870364350544	0.175628038391501	0.416579302515283	0.64000088963341	0.115974790205993	0.0431965090142855	0.148781416097041	0.110355942093223	0.382299073862864	0.491303537393959	0.137623349268407	0.133319206350368	0.492509489601906	0.308133076812442	0.0726614513254277	0.220137183347061	0.594524915499205	0.436799486098759	0.471017034882724	0.00246674640861576	0.0527021536521334	0.638498140542383	0.198534937316525	-0.121493451202126	0.248537041759435	0.381809018483945	0.281476760183116	-0.177102668621736	0.00150935957371064	0.253000427282111	0.361629580314903	0.641702215017873	0.401394295883185	-0.0390067737503285	0.565616922480568	0.404678467590025	0.198015433729297	0.226538165486386	0.0248266892400855	0.764718812585752	0.360242917053494	0.475444546611853	0.0190611379874879	0.170468241124139
0.706659822721219	0.72299684865551	0.844809060142773	1	0.756745010976477	0.753715653244434	0.889474978656487	0.103662180979234	0.638475343364427	-0.0843857426545295	0.176781288321032	-0.0248931585916329	-0.0660624918692091	0.570105704392954	0.835301090106439	0.641832903521262	0.371177013850477	-0.032473916729332	0.508729008417188	0.188987688285542	0.290490064745199	0.576303816594706	-0.00432773407877355	0.458749623118253	0.221601808744742	-0.144494060390795	0.00460546928405032	0.439811447142804	0.293141936247711	0.0492842308649555	-0.146109931564485	-0.195635144635947	-0.168487488198629	-0.0927527289255449	0.750724238159928	0.31084037884606	0.331565474130134	-0.0189553095159208	0.558880818528809	0.41802934650041	0.130075055769803	-0.389570220132526	0.0427188643267499	-0.0202175852345707	-0.204282466648969	0.259859797933894	0.0953350781387915	0.788534640066802	0.432197740719561	0.342770708639722	0.752519454553428	0.733469845419912	0.844574296629622	0.788172464897117	0.729930959009587	0.923236328226048	0.28215116436774	0.0723543295153104	0.359035088377952	0.663712627686974	0.286412083598044	0.160245533102263	0.246806795290202	0.0894856112058926	0.396219032161206	0.632138886040815	0.172409220220243	0.0153982001874903	0.526314941985951	0.312692463891127	0.0405602970119792	0.428077079606244	0.490830082592859	0.386557204204178	0.461458579410271	-0.0428216194704546	0.0731751961807815	0.524737688434953	0.202788671809461	-0.1193714981156	0.257833803308294	0.318909715553929	0.237116899581177	-0.116014214234444	0.0278821446238843	0.219695359645395	0.354211444710693	0.716365068593213	0.576497443272358	-0.0808145121992657	0.586769585175217	0.419769507033515	0.0941176675000979	0.232052340482256	0.162879282231341	0.708591020321146	0.317982847753174	0.528383853246184	0.0447536870874783	0.407407027262927
0.771340001140422	0.678679156265221	0.840043790619781	0.756745010976477	1	0.846018366073001	0.794782547690524	0.32520426484578	0.697771925968529	-0.139055193556726	0.000231596218795074	-0.117825238575231	-0.0229338500818906	0.597928699677031	0.705767558238348	0.643481643336389	0.503295601873075	0.109282646495163	0.567174532166907	0.254769572295005	0.185896468254168	0.506717617016064	-0.100980113412159	0.56244263348296	0.290760083041498	-0.080028907428656	0.121941511805941	0.444560691100496	0.205569929795535	0.0414729412872117	-0.0332513635561157	-0.0844223032863905	-0.146636278876746	-0.0980542728437643	0.741263701107844	0.354666806890489	0.293440454630993	0.0795912022973685	0.520272855055227	0.370484135762788	0.20612229321575	-0.264107022059457	0.0689569877515399	0.0156748826609557	-0.0272802954201263	0.084230048955387	0.137750844591781	0.732925867622395	0.516299853132567	0.307346259684959	0.737633901360527	0.738917001652595	0.800323760840355	0.79921571498304	0.737901566242403	0.74396194510561	0.406608779616336	0.256740131818389	0.495962695071881	0.654713346098	0.18901187675487	0.160422306414253	0.244515574810814	0.263770246638689	0.465201933470552	0.502094978817911	0.226882628693412	0.277975284336195	0.568374774628048	0.402044231137885	0.173697691025047	0.244396312885776	0.555072923483724	0.542495348416185	0.574628243972736	0.0939402362987102	0.0959970516330006	0.528163856923696	0.0842088981934516	0.0679375288014857	0.361257029862216	0.529128592499151	0.358902708639799	-0.0531375192207183	0.079096963076431	0.283403566090024	0.352533724266101	0.612076018212014	0.491243956319485	0.0911533148515713	0.532090443185022	0.312938235884956	0.187009659387118	0.129851862082524	0.0206899525737124	0.736683695163521	0.458208421694511	0.482938390986968	0.0908429119896477	0.175662377669738
0.558634823282874	0.493954372000261	0.775693335600434	0.753715653244434	0.846018366073001	1	0.827838371057213	0.281712516909732	0.744616929676018	-0.100246454570764	0.0851696441024004	-0.0111985742199606	-0.00906168815690126	0.462504957317609	0.710922425154209	0.554123184945153	0.464106270692239	0.0147785083795832	0.579905895229771	0.311142596112417	0.214814900447031	0.543737489447261	-0.00163478662658966	0.49527153895384	0.389005677665495	-0.0335614681859456	0.0740653067259159	0.552397402020504	0.157873652529384	-0.117001240081434	-0.0890670475331031	-0.0632869783893358	-0.0917236298749874	-0.00101967375969571	0.751436547042941	0.279825481007949	0.234633786424836	0.111918156355473	0.560671841036405	0.39158933571024	0.188051078257291	-0.331437548655073	0.0575459869993323	0.0942693812295833	-0.109781720644222	0.30812306344828	0.196875908582582	0.832699082132688	0.44359343717998	0.318431238929366	0.65126053737964	0.605554858800711	0.733267755556494	0.842745373884082	0.840637726294224	0.736203168865049	0.482484919349317	0.236356796624696	0.483984756320019	0.715687499844991	0.22764279835951	0.135244812223155	0.262717747239765	0.27358648204386	0.332283788958387	0.535417631998064	0.113642475221782	0.155924886646942	0.533295772470571	0.306625766353887	0.111828135815537	0.278164756415948	0.550124104103189	0.545791029828502	0.437766343304	0.0281990592999547	0.0911403157803695	0.592788559453124	0.0149573949290611	-0.0804700133641577	0.31229111323525	0.431353142840218	0.373174750306461	-0.127801855992198	0.017298412033489	0.337504593626925	0.260725530315959	0.625378035961601	0.459367642529307	0.0650065077739076	0.553455839637578	0.337874145577547	0.178030201872162	0.262226434027454	0.134661226469737	0.739876501212389	0.420645662374523	0.3770306816061	0.0914049770727117	0.256845641495397
0.704551615246147	0.703709940937579	0.856017143733321	0.889474978656487	0.794782547690523	0.827838371057213	1	0.245800884644627	0.74876405947834	-0.0747175231545343	0.218734043105765	-0.019572187336966	0.0514309723769355	0.55144108615818	0.765474819228243	0.653775898786039	0.477999236885701	0.018911198922424	0.572356544220567	0.254484436618415	0.375131927944785	0.602672365759228	0.0817517232238637	0.546232837448238	0.314411267782981	-0.0997801579324581	0.00826213968269804	0.529654979224351	0.22179045792136	0.00968787011189951	-0.072637726113906	-0.107967354096915	-0.0752693989252497	-0.0203710819950016	0.899087438704398	0.37306215376137	0.287721217738301	0.0496569745308494	0.625525778350567	0.473311944368211	0.177210597077843	-0.25515814101776	0.162055640151858	0.0921203153186838	-0.108789881670115	0.333916093367348	0.182381271239035	0.845438103791851	0.429071777230193	0.447694856749039	0.697688385159535	0.74005293634177	0.804048617950477	0.82422161619276	0.711807000051206	0.885804528505153	0.439211358074881	0.250078406406776	0.464636892474683	0.733050140542019	0.26611658501973	0.251849363774281	0.372153789963466	0.258273585825303	0.292808523145021	0.572772619482209	0.178270271789929	0.140490550180328	0.586491308917759	0.338938140763253	0.175332225148637	0.375309300309501	0.537872406040313	0.47700145803504	0.50770848994479	-0.0290194612339918	0.120604707253223	0.571783377619496	0.135673891427001	-0.0605720657738594	0.285968407349281	0.361468257088	0.24413837422961	-0.117089406916001	0.0154176806350273	0.255225727132304	0.294373733831571	0.712199477264338	0.542157671454364	-0.0464606775919944	0.624876844997957	0.42777015563434	0.0584444103963872	0.241063796185368	0.18322319240385	0.733500220736936	0.358172483689041	0.40972987862335	0.00523511763865429	0.385199650196592
0.182255174397232	0.162546913601259	0.185280290223863	0.103662180979234	0.32520426484578	0.281712516909732	0.245800884644627	1	0.49686979263283	0.313025636317682	0.138065465242162	0.412949495457043	0.491645984891716	0.361595765506021	0.0216663500916317	0.313250951762581	0.515288104586905	0.46573370807971	0.536561795410773	0.569814456975488	0.205811093719289	0.266487854048499	0.381697684030608	0.176259946861904	0.540866076644865	0.238553332251348	0.336333897094459	0.126600784946125	-0.0301991379027159	0.191247245900937	0.265593705463438	0.344889512709555	0.369234721811498	0.396412674837643	0.32490392679267	0.347354937215099	0.0355364561128726	0.250179119554183	0.228342106515005	0.306529207501157	0.0094646311220597	0.221877979693635	0.29192758075186	0.164978774792487	0.344660679218862	0.153796117960874	0.387443255406494	0.128636501547375	0.208546781907901	0.14538187816872	0.133559049278696	0.255032418588635	0.174408479034821	0.139252415737273	0.0477735946444196	0.172166953846652	0.535938037390145	0.576665074680874	0.551901201862535	0.352326283109885	0.253835749491635	0.361631723811505	0.373081628103369	0.491796685515711	0.0289673636748816	0.0331058496745426	0.384504670263283	0.626187643398505	0.52588393432582	0.518861414226752	0.465328988202607	0.198033534171305	0.139428953545993	0.38226987126432	0.313946982906872	0.47528152713287	0.230378256795899	0.00899979491985048	-0.0460972364813457	0.46584680001561	0.401684456830963	0.407226804310899	0.154579118327625	0.217213026722913	0.284812399082799	0.449805749750222	0.0421953048881615	0.126614147824357	0.146629815320307	0.414222374677962	0.186100690345481	0.0630548363070651	0.143349637551529	0.140188777095497	0.21705194671253	0.130787543287346	0.10799775978687	0.0355524271871666	0.188408764458505	0.199334858889785
0.478999989670825	0.420926562891781	0.667543678688209	0.638475343364427	0.697771925968528	0.744616929676018	0.74876405947834	0.49686979263283	1	0.0263890204818986	0.230022729311132	0.122436512088909	0.123213507122686	0.4954256423906	0.563281477243736	0.531026907439319	0.52234674048465	0.0268884166361681	0.677370342515737	0.466600837781483	0.302071315642145	0.495395831737786	0.207205161018321	0.509476066701373	0.56886184566355	0.0647462280607887	0.227239307744856	0.332929862580882	0.212084460414319	0.0624042622105163	-0.0565672259709258	3.26565020996608e-05	0.0380487340254494	0.177013226203044	0.727778275443337	0.320293359031669	0.385998466837979	0.214261255756708	0.558648580838812	0.436916270040907	0.0912631581458219	-0.218479028905174	0.0974161186266545	0.21176024762694	-0.0100330999331612	0.276580281387293	0.252857336734839	0.687410301948841	0.49897068394285	0.311597357343096	0.550576724654384	0.519286157369966	0.653629833968501	0.68721528038742	0.579212945498751	0.715307257685353	0.524409532757894	0.363851343632654	0.658371147235275	0.859590666789725	0.378066749105725	0.347786289440052	0.471566886742588	0.376077401834648	0.265084961474056	0.404703077184609	0.175725985521777	0.332872284181957	0.637018282990236	0.447485582814944	0.351290206951434	0.409914481408231	0.512511075801067	0.681517651993772	0.5573345403644	0.156707011094402	0.288690510400652	0.40159117000017	0.00310248179065327	0.0460292402762008	0.326954730910315	0.341582042507316	0.310687032060723	-0.0474193401482659	-0.0120319149642397	0.339210587148414	0.378971800037874	0.578960777690543	0.562060369864432	0.118840259270814	0.61465812058338	0.324945184347537	0.216094132114232	0.194807891615779	0.230334014990346	0.620317464247832	0.361932480768922	0.258558312197371	0.0430696062589119	0.442224587237716
-0.21249161556642	-0.227383233091344	-0.21210930296526	-0.0843857426545295	-0.139055193556726	-0.100246454570764	-0.0747175231545343	0.313025636317682	0.0263890204818986	1	0.574516849952922	0.657973042268426	0.60419843146327	0.144648272937294	-0.220345508340546	0.178384752190282	0.11717571398368	0.365304736140695	0.0637303133085851	0.183140441222257	0.412868666881115	0.170357858262979	0.522828421758289	-0.123782257033805	0.353904560874797	0.552934116044882	0.43750813838807	-0.389945959504266	-0.0153592998837977	0.334192214991251	0.52438100482942	0.612520306321923	0.596724463312914	0.619494796403145	0.115615711251308	0.388683201093537	0.132009197694762	0.352807112974157	0.20985489030473	0.149336488199255	0.0652831016794172	0.525142813839723	0.542885386250186	0.484528770007955	0.598994914649675	0.312343154799413	0.554058966812512	-0.119168703028752	0.155059948803693	0.327548046209058	0.0198612509359311	-0.041493119279671	-0.0641262953533936	-0.168378401414037	-0.174502149015157	0.0509127255101621	0.317009372222551	0.31142978528664	0.202564983471561	0.0166232327792893	0.460015383208907	0.568415056596546	0.342155477354439	0.292607535900073	0.241562800677525	0.161740417967523	0.572547254956244	0.239801867956317	0.251870696701365	0.28849862404507	0.199644055130053	0.476824484864013	-0.214304734349086	0.116997475495346	-0.0641264385984063	0.520199101417786	0.438902567559065	-0.476847901933565	0.146316101247182	0.508955655991059	0.256579397393743	0.15240468387404	0.156492947196184	0.542520200835302	0.474859771002284	0.370380853687093	0.067443805333432	0.0724408226442887	0.0781572105359062	0.412146318265637	0.144840017401304	0.0173667540668376	0.228193964330018	0.222818089493344	0.545038356560091	-0.22828365782211	0.0489395666434064	0.148728615824412	0.388364882240597	0.417636003149845
-0.0396987368611905	-0.0389629543858468	0.00409884696990329	0.176781288321032	0.000231596218795074	0.0851696441024004	0.218734043105765	0.138065465242163	0.230022729311132	0.574516849952922	1	0.494940291836208	0.294567229586796	0.245176204151196	0.0336818049925869	0.170344466806316	0.0495577528783288	0.0797371730202271	0.17046250212584	0.15546670275174	0.429033444371632	0.257116426809528	0.451041014833698	-0.0695155354577585	0.336653773904744	0.275093445172324	0.220996083339013	-0.230389266191637	0.00673362603326518	0.245974002460762	0.231181431786122	0.315320321489492	0.234189711809958	0.424206293855817	0.295148560396419	0.324762506782424	0.036508317162197	0.21391993966987	0.26809812545346	0.152651656288369	0.0500742503179891	0.27406125334407	0.313770157604543	0.328502660794179	0.289094452853996	0.417703081958115	0.412836256022914	0.112560703417471	0.236443391005804	0.28201918837136	0.151059323783997	0.0749685366891251	0.0839622369164955	0.095246089980614	-0.052911070462923	0.338455720887559	0.222039879110383	0.2099231225996	0.190235949535987	0.250056147358903	0.537608250631316	0.492056137943091	0.485376661136995	0.244541301339889	0.0718240838872628	0.145779607401531	0.324220747865254	0.0494222519153538	0.269488717492027	0.246173845487736	0.127945728878847	0.509097438733436	-0.0217145983162166	0.188842693263053	0.0162341896031091	0.265580302355929	0.359199621136248	-0.248895840753447	-0.00998253937117197	0.172998291713221	0.0893145787946135	-0.0710686531680164	-0.0598899863370684	0.18785035488348	0.0980541045946317	0.191990429454103	-0.0279429611725995	0.192794781436531	0.199036208866327	0.0954539456620134	0.187920950551506	0.0994199880921064	0.00956120124885709	0.212517475295517	0.472162205560156	-0.0564239668457528	-0.00410757469982196	0.0861082163316371	0.0906601130445344	0.479499458395931
-0.195344383646789	-0.21205057768871	-0.188404222585445	-0.0248931585916329	-0.117825238575231	-0.0111985742199606	-0.019572187336966	0.412949495457043	0.122436512088909	0.657973042268426	0.494940291836208	1	0.636180275510573	0.18003530992273	-0.0961101828994692	0.146684907544248	0.290275831539409	0.241807803566246	0.179657584540785	0.328670467264422	0.37070003887192	0.221574680286423	0.714363970989223	-0.211012955600692	0.50389162762561	0.412399006521778	0.446334814775696	-0.350027580334008	-0.0785589175401559	0.31573388949642	0.331609901895274	0.559506779260946	0.620201029378451	0.590873798695678	0.101845258720165	0.337468996685686	-0.04195258095191	0.232293067918806	0.198967055333458	0.0980598398154463	0.0591961451591233	0.269629981640247	0.340218848571289	0.309214170327695	0.393099283438693	0.347411443439157	0.570300924709708	0.00321349172842705	0.0798509478221886	0.161330492966033	0.00936149402913931	-0.0633011556342769	-0.029919511304412	-0.0946042870803029	-0.117847164143042	0.0568628149786498	0.40589638999206	0.311207045700675	0.22360377120692	0.106342677083818	0.619429235725172	0.585037466403333	0.461890891984512	0.386327330628123	0.0948580185284357	0.122483032908786	0.489151032732323	0.339259496865254	0.32442238327138	0.325818583994059	0.406775730040882	0.538391851733912	-0.131023790704785	0.261462741083396	0.0521409262201555	0.418244505641647	0.416110328809503	-0.42761656643701	-0.0643029740635077	0.370004626738636	0.318008727780562	0.171124671784881	0.0612344102017495	0.402525798914914	0.287112225085482	0.346168088904997	0.0176723499344687	0.0598278493999485	0.220100906121602	0.268816825233295	0.16988032733878	-0.0220997628471281	0.153337084031787	0.204120635709044	0.502100666956765	-0.104465170362659	-0.0789324807334939	0.0538208277872556	0.238951881758448	0.467522278910675
-0.105692365684941	-0.105663469963498	-0.132447147819031	-0.0660624918692091	-0.0229338500818906	-0.00906168815690126	0.0514309723769355	0.491645984891716	0.123213507122686	0.60419843146327	0.294567229586796	0.636180275510573	1	0.176453042731817	-0.185441932071152	0.246403303395793	0.377923452568186	0.512344999274617	0.228705505717649	0.391615647312099	0.357141728618194	0.0742385870841901	0.610065449726694	-0.109409692472427	0.48127828309567	0.416639380748758	0.335394970123527	-0.281923009730725	-0.154342109163083	0.35453767221118	0.511925547713937	0.661755164906021	0.839582182939679	0.58766041408327	0.207496745735065	0.455491010838392	-0.0833430851880587	0.326585748415384	0.201553418573109	0.158865874696062	0.0728755192765914	0.459451068081879	0.523147485296633	0.282101675510028	0.64493455250941	0.29085012777586	0.554839885717966	-0.0493770922311857	0.11510223231252	0.274512702083973	0.00888374539970927	0.0494677643180481	-0.015720318053619	-0.126557134166705	-0.21820862774962	0.0281781481018989	0.479378867304442	0.415017226621503	0.202675173964253	0.0413952791116394	0.365811577195298	0.481306300634317	0.393645061661063	0.457473354260771	0.122607524441603	0.0456624476850359	0.509639441538501	0.474202050319491	0.372241511064528	0.39287282300097	0.467226598862339	0.360544217187551	-0.145095751474558	0.0737065843360375	0.0763511175349723	0.433522407077116	0.333031533142982	-0.366381016575808	0.0379968532049897	0.582155869286995	0.404021118099777	0.286707824179777	0.00631005188794204	0.476197304251873	0.3845133503513	0.361387655050511	0.0107788986733509	0.0454583967882607	0.0627712603431669	0.33290854680475	0.15599052386721	0.00704598344960518	0.0422321454206699	0.105894473846956	0.38132818023482	-0.11025673026434	-0.0738065851453117	-0.023570533752128	0.277788741363447	0.340921807748735
0.608848416316244	0.453983654624537	0.545761930408571	0.570105704392954	0.597928699677031	0.462504957317609	0.551441086158181	0.361595765506021	0.4954256423906	0.144648272937294	0.245176204151196	0.18003530992273	0.176453042731817	1	0.582359182051855	0.673456405550725	0.4236344528751	0.225255118897053	0.600546215389687	0.284923618507324	0.234897985254087	0.500939895989997	0.102859342462836	0.331653482997319	0.317248408377019	0.203509814771229	0.259352752630182	0.174992438929846	0.235132209823891	0.462855184098286	0.145793142398466	0.195274205845108	0.113967315868539	0.210117411116587	0.549807703591551	0.524675234558877	0.244001966803988	0.142073293615851	0.380238180199449	0.311116903719883	0.200661763272655	-0.0868369094425767	0.234838977890344	0.158339379119355	0.192784083337456	0.127286055149125	0.225608756995634	0.423272143401783	0.555401078024373	0.365257537660757	0.691447280120964	0.547645889185005	0.611527488869102	0.445438187289211	0.396739920550016	0.636346629599955	0.402014209692001	0.218434680000808	0.435030850479427	0.512998906434869	0.430930718141267	0.397487860044058	0.391884928729326	0.234698931704931	0.479937030268723	0.358122453533789	0.483940994129819	0.326612727058869	0.659986604653091	0.527154393849499	0.43728402564749	0.502695004557166	0.313059161485424	0.360660408076694	0.559466064575477	0.396924648596155	0.25691473925373	0.180816888265789	0.148506579281177	0.281217430653497	0.453977288182697	0.583940211480224	0.186029696850002	0.130554590148286	0.39397851214299	0.424448374635584	0.327503459287646	0.476756534912793	0.508860550356538	0.280511912569474	0.343198734264044	0.266018109817747	0.277768858855098	0.184117473152602	0.232089557948788	0.338484744616012	0.316657451114606	0.463043623393233	0.135746335085908	0.431795358739762
0.693885685194044	0.630509859522187	0.79366221598183	0.835301090106439	0.705767558238348	0.710922425154209	0.765474819228243	0.0216663500916317	0.563281477243736	-0.220345508340546	0.0336818049925869	-0.0961101828994692	-0.185441932071152	0.582359182051855	1	0.580331737323081	0.408750560833743	-0.0489480433527364	0.496379237676946	0.188177470207992	0.209539671586176	0.553943421833735	-0.069896138590174	0.506801803206093	0.154935921651059	-0.158839091954191	0.00544817966851394	0.479843581488176	0.288695138269766	-0.0352378294204073	-0.266486984664653	-0.215524886423899	-0.224248298284176	-0.144971042227206	0.675103207891912	0.262034891315826	0.316340989678576	-9.66397268507794e-05	0.545018677010318	0.433427891907621	0.209137322199848	-0.414463986971701	-0.029005218938164	0.00352046058403462	-0.244104744820717	0.158920813374212	0.0531168572382935	0.794737248676075	0.381474454469633	0.323113953062448	0.681908698763189	0.635853127976233	0.83873382510976	0.75472214131939	0.739098418819364	0.795800003117589	0.162007515348017	0.0218206575532993	0.345607790757314	0.626087361584474	0.141148577680128	0.0742690520939323	0.120623075652031	0.00777050259921548	0.350149010824298	0.655409618606257	0.0458076768289702	0.015641722579518	0.467358828794813	0.274275139619801	0.140627562232864	0.335537416626036	0.564456560290776	0.440069339377493	0.502179505565785	-0.0361108645430277	0.0599040202240301	0.631591323618746	0.134627632774665	-0.183224581803172	0.307683442213351	0.373599848634914	0.323920517564596	-0.195556336385995	0.0191456031697015	0.274214050691728	0.396909357382056	0.662313759278631	0.560115346544561	-0.0497040922912318	0.546794481534469	0.462046418066654	0.228442075329224	0.234537152266967	0.12914775847227	0.752205354521539	0.36700388480802	0.47524926838891	-0.0464485067801236	0.282732113800818
0.628459672356093	0.488300289171835	0.658154552352496	0.641832903521263	0.643481643336389	0.554123184945153	0.653775898786039	0.313250951762581	0.531026907439318	0.178384752190282	0.170344466806316	0.146684907544248	0.246403303395793	0.673456405550725	0.580331737323081	1	0.536145088924517	0.321532221050391	0.638734323287872	0.267372939312937	0.467604197367773	0.553565474956699	0.0960195227443032	0.526103814421628	0.300894876024329	0.240139017035817	0.300592330579594	0.170137112206403	0.431162691220094	0.415213122848321	0.488192150367213	0.286693183944938	0.20143558383615	0.137164400276397	0.701943254996726	0.67374334187921	0.419211315592039	0.286817820468748	0.538271714520724	0.377110145475923	0.366204157546166	0.0575488704972973	0.514322051739735	0.301596952627311	0.31086355786143	0.201819746820788	0.328993866956548	0.497005666141817	0.587359234670006	0.555136811361093	0.630280624150557	0.637047203261077	0.698085408793212	0.543951716753055	0.508801810313311	0.720317783900543	0.498345823396691	0.228917502936882	0.454606000300975	0.521624675787994	0.343171075300673	0.292129172305559	0.332125483161095	0.372114486620961	0.590791959246182	0.480221158621655	0.686525655694257	0.341454908805322	0.701009784103538	0.711896519550637	0.291632061506817	0.484177950546956	0.469317251283475	0.366776469294077	0.512124294791882	0.389560742994963	0.388073515791605	0.199190345587582	0.354339808595047	0.42879861981322	0.495399499263228	0.639031776166492	0.275005071773521	0.362008818818122	0.533632135231309	0.461254427942483	0.457539638397997	0.782685136422044	0.464879414149116	0.351131171150185	0.555220614415438	0.298234343980097	0.323874855468041	0.146976029074429	0.256992827725692	0.48294181951872	0.365910580506293	0.510237941249723	0.261565428487991	0.368192776945601
0.512437026638695	0.349572997722541	0.447802549562538	0.371177013850477	0.503295601873074	0.464106270692239	0.477999236885701	0.515288104586905	0.52234674048465	0.11717571398368	0.0495577528783288	0.290275831539409	0.377923452568186	0.4236344528751	0.408750560833743	0.536145088924517	1	0.351995168535053	0.601535106734095	0.226337691142199	0.447947979188565	0.387129748986889	0.322626148674304	0.502129273400949	0.376816139719159	0.181199162946048	0.305750432220985	0.166846884113328	0.100331684632338	0.256052618882307	0.190119427449279	0.331574922128454	0.295345812677613	0.221581764384726	0.552787637731753	0.469353612245378	0.280175533979957	0.20683692024584	0.543295056347174	0.279213727711567	0.210387776257413	-0.00487255957033389	0.308462240904132	0.155577162957038	0.178962024386445	0.133658734350154	0.410723788574272	0.474813444028824	0.328742614739281	0.351707218479238	0.386941896536033	0.419466806891171	0.518312048086967	0.380649804575716	0.28322754817266	0.449129227292225	0.351419503549589	0.362132183519428	0.494372523552048	0.414584788819127	0.22708080943835	0.275452444571991	0.266106401325502	0.252240124118763	0.246605325666277	0.417251581532091	0.334930757524574	0.528728283868902	0.620126449495855	0.402253675954806	0.610256435759981	0.257553687883714	0.475068417930666	0.376336356045068	0.610603697155203	0.23928191325262	0.202006811872414	0.181491210571827	0.0300846582916247	0.323365993970158	0.64188857302493	0.600595239048979	0.282511185030319	0.19198343847922	0.297000498214101	0.424549045533282	0.364904078275595	0.422647282602365	0.476439431665439	0.180231874194713	0.452986541630529	0.236667787937068	0.235926433376976	0.22056728970296	0.279678245377908	0.355383937550911	0.223206819285832	0.257794141453353	0.0863008008586916	0.274176889734054
0.0651145412811451	0.122152207515984	0.0343852462540763	-0.0324739167293319	0.109282646495163	0.0147785083795832	0.018911198922424	0.46573370807971	0.0268884166361681	0.365304736140695	0.0797371730202271	0.241807803566246	0.512344999274617	0.225255118897053	-0.0489480433527364	0.321532221050391	0.351995168535053	1	0.390844980443796	0.163733894121087	0.174089816142263	0.14222758544483	0.191400307390955	0.311133946320833	0.0576479101396115	0.136165863656052	0.151615291212882	-0.177935465014082	0.0568025274708853	0.413172955181887	0.578440055518936	0.399528415383266	0.405074115482827	0.314699471812932	0.0844907250690994	0.381212069291401	0.115732968331121	0.126637335707722	0.0935934065347674	0.200690946113344	0.154623172078754	0.352909614612851	0.338294739685705	0.0512656057996729	0.456433060466898	-0.0556783938480095	0.242841490858676	-0.0996455660626896	0.149845765630191	0.285096946349355	0.0125693359313451	0.113064510899154	0.0675732872837292	-0.0875417093921658	-0.112262543296212	0.045872880483537	0.297415227414146	0.271620339422747	0.218573441533475	-0.0908431836526168	0.131930145316377	0.255609124521998	0.133443410279048	0.357389046091169	0.211531443860018	0.0510724960893984	0.46714624212453	0.499507023651765	0.393394436963817	0.391349621226027	0.330342997092718	0.0556211595708927	0.125555437621566	-0.122007714962897	0.108466247048366	0.479314945718548	0.179488022628503	-0.128521802824949	0.30106654139458	0.563560381451475	0.323904495992766	0.418649724065928	0.0508487679571399	0.372925199985057	0.456108307996975	0.232632419237391	0.185666905279857	0.0995278258808739	0.00636364251067532	0.318217176994499	0.0865873233878205	0.0809640451352301	-0.0336218147090997	-0.0413112481385138	0.0505012433742882	-0.0319472340525822	0.0976626487227718	0.19607434471561	0.178767755601272	0.162281423491474
0.466231677681951	0.292169436658002	0.522210117721266	0.508729008417188	0.567174532166907	0.579905895229771	0.572356544220567	0.536561795410773	0.677370342515737	0.0637303133085851	0.17046250212584	0.179657584540785	0.228705505717649	0.600546215389687	0.496379237676946	0.638734323287872	0.601535106734095	0.390844980443796	1	0.459973570507472	0.299153204184409	0.510444702175588	0.21850812911851	0.57855385704709	0.386785712136928	0.192126274150647	0.342758499601091	0.268152348388898	0.0987556382763523	0.262657763780784	0.198025436617579	0.190028202570107	0.213533919637207	0.252124826241994	0.583985454299784	0.634598475873043	0.281580984669087	0.288956219667568	0.428530121417778	0.410495402568876	0.0711877563104725	-0.0435659309944216	0.233290383500003	0.153662735348074	0.201416155750531	0.28260073354264	0.296355581100316	0.461219044550496	0.407592718726574	0.403139862812795	0.500463254907926	0.377159015158833	0.56709164420104	0.471224062401083	0.442164121119048	0.609373468624979	0.501232615283316	0.394711562071654	0.702339139235768	0.529513488073527	0.32586713689447	0.239131467753209	0.345667751384844	0.370873969613181	0.290520767292613	0.350604667104927	0.37951112411883	0.531951447014836	0.852176072118553	0.580237293876854	0.449650229535545	0.338313962786205	0.573898246768231	0.474196145365361	0.533486955007731	0.403068402263455	0.344496567313181	0.299743210190679	0.0129629532781792	0.377935657397518	0.355681571923385	0.508842417476146	0.1377449074374	0.123211277540981	0.261902819356347	0.415511755349509	0.308747916511706	0.512046473581096	0.495994730537215	0.339636370547639	0.38529580001004	0.246758675087018	0.130644265258656	0.201936890351667	0.184928743459976	0.421293704868928	0.259503031811603	0.258850141672434	0.066357538296899	0.401698707045343
0.0990142301071296	0.114085255263432	0.245439529571794	0.188987688285542	0.254769572295005	0.311142596112417	0.254484436618415	0.569814456975488	0.466600837781483	0.183140441222257	0.15546670275174	0.328670467264422	0.391615647312099	0.284923618507324	0.188177470207992	0.267372939312937	0.226337691142199	0.163733894121087	0.459973570507472	1	0.0666935912526994	0.228997250740024	0.36842124209528	-0.0134269394513468	0.627952378517719	0.210003266020685	0.322797611343113	0.101961685876189	-0.105332956281384	0.0101157456590682	0.103957934131781	0.282549122927295	0.409382954444238	0.280254510855279	0.289094648154349	0.289814167135823	-0.102067153122398	0.479715313784711	0.199940549972852	0.301053164478386	-0.0486425495386494	0.0729517866030843	0.227431404560195	0.284617760847273	0.372011390936264	0.217172045305019	0.368602218649467	0.216480577944695	0.154158957669797	0.113194701548653	0.0995767242362548	0.230851911289053	0.127530343373888	0.246639837183487	0.142566885541071	0.182675741706591	0.45903937969593	0.477699078305963	0.545959851464049	0.386413932285407	0.191076098185923	0.235179623205983	0.224513785404349	0.234068383614364	0.0501150228993143	0.0579467965598134	0.228063923232517	0.325555483506274	0.446490394342953	0.517296145622878	0.183931314168505	0.233230044485965	0.159730389966621	0.428942273733296	0.00794041535370983	0.285680037539026	0.183136291758512	0.0132860104910477	-0.106207181561	0.237720971049449	0.131055477619798	0.0680574426953724	0.145792833024228	0.0517564474219333	0.143343217642384	0.292695655544753	0.0342557854523188	0.116157550543702	-0.0281701252731639	0.41957108334763	0.231769776645399	0.090688070188966	0.216532929829003	0.136263263181411	0.108743370862127	0.259878429345195	0.0355868644534904	-0.00111704162132368	0.224130059489071	0.19168799404046
0.256746622741958	0.202931389254804	0.213675500885458	0.290490064745199	0.185896468254168	0.214814900447031	0.375131927944785	0.205811093719289	0.302071315642145	0.412868666881115	0.429033444371632	0.37070003887192	0.357141728618194	0.234897985254087	0.209539671586176	0.467604197367773	0.447947979188565	0.174089816142263	0.299153204184409	0.0666935912526994	1	0.42876997261175	0.427569456503219	0.296661806267249	0.233556062700791	0.204703164948922	0.163306834109704	-0.0156057617935676	0.254883407376988	0.317815695366942	0.32883662492831	0.330923911395174	0.224488325541526	0.189838233256101	0.506785050384958	0.521514723002239	0.32835980589819	0.24611819927281	0.52960269730467	0.271546018232335	0.279767280496269	0.278607784509156	0.534136119012925	0.435931873801904	0.277013026694939	0.319452866456167	0.578907557848105	0.310135865983881	0.285487089691392	0.512474602465739	0.261547146208525	0.243292847532015	0.337975281257534	0.0961785875857521	0.0337279204838219	0.384057999884554	0.191826575064914	0.1013099176242	0.238510614001059	0.253749363833515	0.27578068417168	0.33526635453146	0.303073384190377	0.310865821848025	0.324554705368936	0.475176473384469	0.432299777002755	0.198435421623615	0.374729769146624	0.291288257676538	0.343225105651857	0.492497139650406	0.187878330320542	0.0852549898968064	0.254771356412499	0.232373171732394	0.35041097904873	0.0108139192194401	0.350057946812175	0.281673871405665	0.395596148641826	0.348232323559452	0.193099622718519	0.482429235878219	0.395473689445221	0.326159730089122	0.230567057733312	0.513300294034035	0.373185932581545	0.163750348242181	0.44676099704537	0.347546246804805	0.205109161288582	0.315640876921418	0.537509061325409	0.104014632193219	0.17725483727259	0.340856932029465	0.161835549322566	0.329981424884855
0.443567967023242	0.342558963844603	0.490372207687349	0.576303816594706	0.506717617016064	0.543737489447261	0.602672365759228	0.266487854048499	0.495395831737786	0.170357858262979	0.257116426809528	0.221574680286423	0.0742385870841901	0.500939895989997	0.553943421833735	0.553565474956699	0.387129748986889	0.14222758544483	0.510444702175588	0.228997250740024	0.42876997261175	1	0.214719620430669	0.451572730303812	0.145262949422538	-0.0632929959932431	0.120087403981228	0.227544345168172	0.320110715677728	0.171964210843271	0.000972350699513965	0.00525705096521503	-0.00126514348862883	0.0414767398260043	0.596629660862556	0.319584025038064	0.279098996197661	0.0696748623314368	0.530437472685764	0.337985249981447	0.372876613387235	-0.111546595898697	0.17656957159094	0.104574845525665	0.0314808474153836	0.231902295242284	0.193777488895108	0.554759939753329	0.437189510596308	0.516455720223429	0.562952761184646	0.429628084822535	0.646797253486498	0.517461339260772	0.496253924696042	0.657186560567706	0.364313954232007	0.257373571130254	0.431035589923243	0.50715341994312	0.350783210255214	0.281952579716138	0.342252583031602	0.276938960141816	0.442565256814023	0.595758174994876	0.266247498816478	0.149301925800959	0.533291688298831	0.343511990585591	0.224731322989994	0.373859162855514	0.433265613336352	0.415296685070045	0.520804157065728	0.11313434153658	0.191526530406149	0.317209658149281	0.330119315486593	0.0807041399351443	0.267735634514294	0.426996779610063	0.439935128017255	0.0507815505730481	0.205263544770485	0.223421243098319	0.281222841607708	0.610428962382073	0.464558407590981	0.0779856039810831	0.496116188872782	0.320743294682867	0.104514524795779	0.136963948497568	0.138861912867891	0.529572537143039	0.395917525023516	0.548127893214126	0.0448281880129317	0.387118919884794
