1	0.546297828722586	0.59575600798163	0.653555080879878	0.737968535788757	0.707911438833539	0.531625600328152	0.480503295128929	0.412793262714169	0.588536067527578	0.53445247150749	0.53965155784058	0.54949268212761	0.590363820256264	0.674897058759807	0.424538132620283	0.416280842552059	0.306198552622503	0.477334237842798	0.436700905235053	0.39143425120896	0.170260994758334	0.27619300767478	0.353661939242284	0.465612956853659	0.421706256498573	0.485941639010029	0.261269932421229	0.129888574246563	0.389271060865502	0.31995267801714	0.37155021015426	0.393275626743612	0.162110765208934	0.313463855366068	0.29523281122922	0.39494155190311	0.382927614689179	0.355962912097978	0.220735071578082	0.452909889467286	0.459129456800939	0.530396054662003	0.425794176717899	0.452047909894615	0.139396475277443	0.421783351775729	0.35630055135932	0.380926389940063	0.488744863387336	0.593218606873704	0.601738259406147	0.567748603881729	0.731031523702253	0.511750032964166	0.569811337219048	0.535893996836846	0.644084645786597	0.475317427422979	0.359989548316961	0.511288709048169	0.411436477938178	0.499584954374704	0.470271110436804	0.49870964674809	0.516943635829949	0.440910714662796	0.435494429367908	0.360489133208243	0.480305916286768	0.490582768874829	0.324123743129941	0.395020164860214	0.443012919143075	0.313698891443042	0.212790264322248	0.420371728068957	0.307715717427327	0.224575735470271	0.39363556451869	0.392058919971458	0.382545520569491	0.428116956359484	0.473985068129448	0.408279628684533	0.237364509254721	0.318590199124526	0.305972875287439	0.360113077196676	0.280410371182752	0.309831294016984	0.225949961754388	0.342159240639263	0.345243330713578	0.330025869026958	0.389825213986896	0.24276244621812	0.297653139167299	0.435033016042025	0.517571013368435
0.546297828722586	1	0.788519325665524	0.671320481837884	0.502433833274327	0.538648692953724	0.457261386156647	0.424387332169101	0.3150938856293	0.439000002168719	0.35861906867277	0.332624532111232	0.436319200070526	0.513249056861246	0.567595243353118	0.583261769100406	0.245326101417271	0.246085321868296	0.461939244880919	0.241538707837131	0.0245920934315435	-0.0344083449995764	0.0476776187068768	0.325814838809799	0.369746042138706	0.398504973526839	0.161569517238259	0.435643980636761	-0.223724622640631	0.561691926186004	0.418120489109042	0.234769803563453	0.35555114633405	0.162074678371468	0.406918591712895	0.557420742042323	0.574274517911222	0.424804433281337	0.369423997966994	0.370669798114725	0.354614533806561	0.494036275867231	0.511778051162679	0.393028898176532	0.377388082924521	-0.142269767426314	0.253730679587075	0.21356291544143	0.186427322626597	0.243241500841429	0.352085959305692	0.806451141567133	0.536110179835899	0.453679754419446	0.151966440188907	0.472835997660482	0.527595296819999	0.523221986045118	0.406116773659654	0.259345294024295	0.40283817374029	0.152689199018326	0.333751413293664	0.470139356766114	0.592883989321302	0.396843521221065	0.614105506609327	0.390829688203889	0.329101574983739	0.456274743640134	0.203214396610745	0.0248279194195645	0.450848790747274	0.265695033202315	0.136039414255535	0.489852547607438	0.263753196832502	0.556573547352147	0.113310732591541	0.355123887450002	0.558985822742243	0.28671710636799	0.492372178038589	0.430858974059318	0.4908736559441	0.401798316537778	0.339350740098609	0.445473976666472	0.0554044785824089	0.44064595248969	0.291170217102612	0.363664259851005	0.287591470046335	0.0411956842614468	0.202232589742458	0.153368712931848	0.0656572756084331	0.315371601449163	0.284602732893171	0.328319025294142
0.59575600798163	0.788519325665524	1	0.719628067928446	0.71751025549657	0.748215187122704	0.617014042461703	0.543246994946315	0.503444102824652	0.366688414336619	0.360083202653365	0.393121202266281	0.500877940857718	0.554125931035538	0.602413738613991	0.640539459829459	0.341830981936384	0.416351899359925	0.606361669396461	0.450236436867666	0.110304087918203	0.0642345069940797	0.14215653553461	0.445783607049252	0.473287731751389	0.492677652497583	0.369980440735589	0.289389675402636	-0.0586373299189219	0.682391365296427	0.439535292956357	0.190164217224334	0.437458666735241	0.117158109907095	0.432088056587155	0.686548279482847	0.58275601445547	0.52988552663238	0.344453634477519	0.258143858934777	0.266676646370582	0.328122969691608	0.351269634944764	0.362519724064318	0.387242287912537	0.0143560046133119	0.264336861482414	0.292153574523138	0.316213919264636	0.277797562485745	0.335521056030749	0.608330886021698	0.678672398703768	0.675131386735028	0.366392801378603	0.546890327518761	0.533560628979401	0.583388424197214	0.483217426477083	0.377212306338085	0.410472531330121	0.197055974373052	0.37354437977038	0.539283346751244	0.61563977412008	0.4639619411918	0.649936275793249	0.427433511068122	0.473376794007337	0.577634795502105	0.274642728045645	0.163048939098255	0.410961384730968	0.42726690535985	0.277825657156234	0.507011890358073	0.393637243647726	0.38488979758883	0.118992606905389	0.488000541332739	0.44401171653562	0.236758519013189	0.412414649161532	0.301540371219046	0.429308102630782	0.319032935001649	0.402415611869238	0.525686468706521	0.241585507356919	0.438635085494008	0.341893628646621	0.220271341063767	0.200048845677532	0.181345869665079	0.244556728750693	0.308898964973777	0.15617227011761	0.293503632107711	0.34917611076618	0.321417453256197
0.653555080879878	0.671320481837884	0.719628067928446	1	0.640257429824782	0.72802785930722	0.796605770855214	0.432846269916575	0.468732738903751	0.39805173191222	0.3433652436191	0.351719704863353	0.471473294691506	0.484024365636502	0.787389738524271	0.75297983376456	0.420041736104761	0.473668153816479	0.66707434374257	0.36733673988619	0.336854037723511	-0.0330742618398866	0.10353275123553	0.550656609600937	0.470385284563908	0.468096474196743	0.351157063304582	0.155398683668449	0.00873787546851827	0.432271929715778	0.579938499347767	0.260779502629902	0.354298500255966	0.120489969843629	0.538936949402978	0.641847144724334	0.477303070802487	0.358546463376282	0.452465829516969	0.156861420266395	0.118916673387114	0.297230908802843	0.484840133779338	0.343053063918364	0.34354234388534	-0.0239510993027362	0.192474011011529	0.448308957230488	0.224555901718675	0.481656636688913	0.373682991274429	0.59278610502591	0.723122121466662	0.666608461394647	0.505624935860918	0.831901349801947	0.541204471578362	0.478334473303339	0.473914535696167	0.385073166404739	0.360641420198081	0.304736141269179	0.36295700274807	0.501097161670183	0.489389903441713	0.515658954897875	0.629452295779375	0.349057839249612	0.56380590698374	0.561842938520391	0.43109974580864	0.258927409058391	0.411392536509744	0.425451836629636	0.3717829441992	0.486993302711492	0.342841247727856	0.219459773569463	0.0707951920190956	0.490152624489515	0.37899082836088	0.402437179825799	0.172363909645444	0.34784586208585	0.405398310745653	0.144818305541827	0.460778842406029	0.649613207514596	0.396664289122977	0.377089063610305	0.471826231312402	0.145895916265822	0.259032386335072	0.313900555983893	0.251003503196728	0.479692939064893	0.209082862068546	0.20138991301757	0.442770179437603	0.533225447769771
0.737968535788757	0.502433833274326	0.71751025549657	0.640257429824782	1	0.873317686055975	0.686646130566382	0.444309043098993	0.379706899557171	0.404816223788344	0.451288205757325	0.492894275353182	0.569365337592807	0.557445726374062	0.605602933149463	0.508930047494724	0.408122337247587	0.370055703727701	0.4789987449951	0.381312718762256	0.261098065443736	0.171268881415328	0.179608402303397	0.314212562128624	0.398519254487542	0.353080804477441	0.485347895245676	0.148696977682347	0.0496062154841177	0.425817822489136	0.374546991956469	0.195696639463148	0.329225177929248	-0.00169610795106052	0.361635317606094	0.41519588054151	0.327706799857335	0.299811668340578	0.253528147725355	0.141840368605301	0.286492866228663	0.192123471885648	0.305001740756112	0.216948222545147	0.313612817168644	0.125950070115756	0.251714467604812	0.310318561317526	0.482175999628594	0.317475070184808	0.434856536381344	0.48391710704694	0.626795002638043	0.800104677801864	0.663793664596869	0.607467212474988	0.504292904347074	0.577620793276164	0.451376653094884	0.366407555519062	0.536919704895929	0.483930175565579	0.520507403214115	0.498451681054796	0.450374281923668	0.349815623154913	0.411413958204542	0.451983076475425	0.449747990134816	0.487543246986862	0.435322509509221	0.39888909744489	0.394936350318145	0.453976110706207	0.37943562023428	0.284687234745158	0.386139721048466	0.13826149564521	0.123087777210219	0.39901234385316	0.283443431250424	0.302455212820508	0.296065230590192	0.223999070978424	0.266704701801445	0.124122761460936	0.283462208189292	0.473589659970636	0.375974510878631	0.173612728129333	0.334923113256146	0.0864910199263231	0.0361058599874433	0.376179466318035	0.266761125184356	0.372593895889083	0.256793287981925	0.347406029303708	0.415372449686484	0.408704624703916
0.707911438833539	0.538648692953724	0.748215187122704	0.72802785930722	0.873317686055975	1	0.765492678934041	0.388991505519403	0.42217119652971	0.405962852562371	0.44365896735526	0.422912397928747	0.528655061076885	0.534695163826935	0.710150213759378	0.61580318790962	0.376007695428978	0.404660756453575	0.520637070091497	0.367168652011131	0.243995585892885	0.102966111455155	0.160012575844937	0.445205142906063	0.416012976209771	0.448477431561193	0.439340971791471	0.164110491296661	-0.0318333533192987	0.410224732440953	0.491088345270873	0.242370001571705	0.340292975305211	0.0983744093079948	0.481154353087916	0.535938164035891	0.420184243618114	0.422588435381992	0.431266569947512	0.229817488216945	0.22882445270204	0.276607351584836	0.438258678640576	0.33328486196237	0.377159129491473	0.0599596242610775	0.210992605103848	0.598641957284392	0.412983662773376	0.390910678642052	0.425665562226679	0.537653949808033	0.729818919047361	0.839294293112198	0.658667371040334	0.696801191369205	0.478419328434932	0.586680884800099	0.477763328693772	0.38235918143504	0.433178002922509	0.384073254614809	0.432434719195745	0.529191391094692	0.473621231926838	0.481120582942878	0.572090558221271	0.401820438556458	0.540696853593297	0.49507529899538	0.370642854320425	0.270921586731987	0.405548942582463	0.385276729356646	0.3305429807216	0.363000160823609	0.434350867215336	0.213684643797306	0.133998970957718	0.432222420972848	0.37571170979025	0.309813978276482	0.302894419704259	0.338811578423173	0.334470049781276	0.237727367755027	0.344985131861585	0.574924613468155	0.365436086308368	0.361623168005944	0.462412937793007	0.178602983592856	0.160352305752143	0.28205919617181	0.227478245436991	0.582423421927159	0.31736594171063	0.219766088579981	0.336689847317753	0.357545416442175
0.531625600328152	0.457261386156647	0.617014042461703	0.796605770855214	0.686646130566382	0.765492678934041	1	0.313321531373099	0.347943661701181	0.172869003910418	0.13843598379599	0.21002105978372	0.356395837936579	0.375122367564539	0.626150955649358	0.798253283803996	0.353976532389857	0.533802499409048	0.608307112547599	0.28727813866648	0.241998979535221	-0.0655730839387386	-0.0728743180549626	0.549894262849455	0.298658269501204	0.34111255898715	0.293108346328696	-0.109326743414583	0.0143081166568646	0.318083740855346	0.704953233097589	0.0486344023513456	0.110290146734905	-0.102171317853597	0.794404725941085	0.63900514015687	0.440149050035327	0.189442994854857	0.552712164629147	-0.102713263545127	0.0328878629631857	0.11529933303765	0.311006660804288	0.13485756851657	0.169209504584213	-0.0774694914056845	0.0322909608057014	0.550140122648387	0.210176060897515	0.297179175359859	0.309591469477477	0.406769040940545	0.679302850362204	0.674762464010564	0.659763233200395	0.809539288607637	0.471573127636458	0.362454098939893	0.417892370511441	0.333170315244276	0.244522307799784	0.237060620390848	0.290265728051918	0.365945870667809	0.336190548954003	0.381157687369325	0.552390125811291	0.292503236609727	0.550800958198527	0.500976143106132	0.346479774189226	0.376467937448056	0.403546673683895	0.369172781583613	0.42139323107221	0.45564303961564	0.257422303520878	-0.0857287645881416	0.0172028734995012	0.504798334740624	0.225762938476432	0.441084704094162	0.0601643042539233	0.253200720947361	0.331157799692975	-0.045805393099855	0.551071001965875	0.788856425556834	0.435279927659873	0.312513503792652	0.689168976358975	-0.0768261017147335	0.136900517563687	0.396169513840972	0.287190626836022	0.56478103738127	0.158658902968003	0.153538283083524	0.488587537339949	0.411507673047055
0.480503295128929	0.424387332169101	0.543246994946315	0.432846269916575	0.444309043098993	0.388991505519403	0.313321531373099	1	0.639462388806611	0.557361330180504	0.560376054494752	0.635304410034023	0.731877585931211	0.530845340552089	0.43034010490748	0.393783297442535	0.591300982149547	0.647256987982823	0.588750728008213	0.845508029274767	0.379129219215303	0.375674944514292	0.492131870070098	0.396361284517898	0.709641272861533	0.482451051554711	0.593149383572577	0.363354612057006	0.071844630345486	0.562578042198853	0.339470446690854	0.318449172204423	0.582650782279033	0.0851010364204173	0.200431306204132	0.260253921643126	0.516479365972032	0.480396232464287	0.213868042930644	0.234394570374399	0.351354195747589	0.381169361054053	0.313516175079651	0.466674543196061	0.613523074345531	0.393784288697992	0.489791508379634	0.15332614515913	0.329724145471596	0.353321267404557	0.354936609937332	0.344535252173683	0.453640848043214	0.38949745080123	0.213720589886659	0.254610190013597	0.701518299622356	0.760138436176309	0.638795303953848	0.547006361285659	0.607343700381299	0.413483779733455	0.504120358340146	0.566976192314743	0.457514741650167	0.366509311166908	0.320497603433031	0.653107355374515	0.303421212439632	0.608754479796768	0.504134408940339	0.447678944466955	0.488540634193708	0.770530086605065	0.295428813365169	0.37317362837732	0.547832067191044	0.317815550547804	0.181834336510263	0.484585602270292	0.356988211622357	0.481207149838284	0.309245312777803	0.183465152289539	0.46526980853856	0.175712450788981	0.492288052474092	0.197484750645953	0.309649827090605	0.409526524248948	0.14913577417424	0.200311562160932	0.386547693992519	0.505896013693593	0.520099047632663	0.092406135653443	0.200338893380339	0.476184775938681	0.530144758674891	0.486839570794082
0.412793262714169	0.3150938856293	0.503444102824652	0.468732738903751	0.379706899557171	0.42217119652971	0.347943661701181	0.639462388806611	1	0.450614651887909	0.469420052550275	0.450533128256016	0.497144908192202	0.444375780239481	0.499837752867002	0.390606043048997	0.448260444481498	0.495201588889598	0.768087129045496	0.661911401908715	0.450551082019442	0.137003124437075	0.367326366890015	0.606495730016461	0.797948674914002	0.539261830874344	0.686408198281397	0.160775337609355	0.12141181725106	0.45058226038209	0.359449115904997	0.308905807954079	0.514965909323823	0.227996989240356	0.190623106249287	0.433248873583211	0.440624105526009	0.465186871917161	0.268713486429818	0.200772043796068	0.252256642998932	0.35978721302778	0.341931772176804	0.603603187753447	0.450219650952596	0.267831537759463	0.400714914912506	0.225149866165635	0.178736002014587	0.460172114018044	0.183031957637577	0.229029554602864	0.508635386986446	0.449016297639037	0.168304925932746	0.340838171737378	0.50757152849006	0.70241241030417	0.82139992538487	0.86401695033972	0.399307383142927	0.32225638334313	0.3874948801105	0.533103329041237	0.381943344227338	0.524718831879808	0.439754572338012	0.472725801426046	0.679987925659517	0.61231656414199	0.43988164371669	0.244726260790307	0.601898705381793	0.785909033465613	0.39421863637689	0.296841218365475	0.586440650700152	0.235224378656463	0.0421370095134379	0.54960215269787	0.280335433502193	0.349017035398105	0.381595533649587	0.360250546182934	0.372843054054252	0.216405274216918	0.485860742852345	0.263153155142639	0.403445546347482	0.444296565129303	0.143832279951359	0.190644430639134	0.472408084268765	0.409295317613435	0.389230312713534	0.207786819916576	0.128871196560773	0.282154893976423	0.386975889086825	0.408343998573532
0.588536067527578	0.439000002168719	0.366688414336619	0.39805173191222	0.404816223788344	0.405962852562371	0.172869003910418	0.557361330180504	0.450614651887909	1	0.859928433334125	0.868449523963249	0.760089054614209	0.696013112961748	0.548554618208875	0.211975073355938	0.601031094780257	0.315563027150436	0.407053410325611	0.468578804447295	0.639612356270238	0.563086826596926	0.632872321372714	0.324377884860745	0.573717544937825	0.541220389889982	0.578709358576513	0.564642308631057	0.134371064177832	0.517536975087017	0.198763511103858	0.665591399207615	0.661067388641409	0.317146922023845	0.0318563489777601	0.0628406022436819	0.386187777332353	0.371657285328392	0.223824159586518	0.459369812326439	0.709097069191085	0.632675355268094	0.606553567709797	0.594671681787425	0.606035855722305	0.4829316058027	0.733210801521334	0.217933848152097	0.481933588526639	0.715276267407445	0.629481692678766	0.534250311090205	0.43340351598395	0.416652323579445	0.182280411051992	0.254738789653804	0.612514577907337	0.746488098444606	0.557116466614391	0.478305777091687	0.771415981494245	0.604363194624362	0.695283435458573	0.643000967767972	0.571434477807644	0.659545064651725	0.31033624557845	0.665457078197563	0.267085692113044	0.474552065655938	0.713714200830518	0.38489450846346	0.487915103179196	0.525890331033646	0.347093658484646	0.243808049380845	0.615507721101064	0.597218547858547	0.359707479979868	0.375394576113718	0.619025276567324	0.591465456724987	0.609077917763792	0.451933866851225	0.477146403279864	0.448890715771853	0.228057764917461	0.0227896846058006	0.433751162677368	0.283930740877596	0.0109112973667228	0.493567243790422	0.500074700197702	0.435153217836633	0.591167134484886	0.113171448372227	0.421592051207597	0.587675685824412	0.508422620354201	0.673531747677624
0.53445247150749	0.35861906867277	0.360083202653365	0.3433652436191	0.451288205757325	0.44365896735526	0.13843598379599	0.560376054494752	0.469420052550275	0.859928433334125	1	0.826461344734928	0.743738745356518	0.615974016513236	0.477340470659463	0.151666375680245	0.49979984238303	0.240730072128443	0.367027450814905	0.530585528442135	0.436996652803806	0.440096603110893	0.629172749335081	0.224807653148054	0.53542700324377	0.460810511240656	0.549746053702955	0.443827156546468	0.00781735037334092	0.391491587534568	0.0867681322235129	0.553448421046168	0.696860082122278	0.300079204814666	-0.0128049102873108	0.0257845541815568	0.344932220595926	0.330468468808927	0.196942329857106	0.426525110677284	0.515101632900376	0.486086090402709	0.483721447333589	0.53874036794224	0.595868521706999	0.430808348405401	0.569608468005128	0.175858666456036	0.368628792588513	0.531145184340448	0.482495396152943	0.423815670233817	0.383625089040352	0.478788557196542	0.155033791338688	0.224981781835142	0.581202240358793	0.741749491354279	0.539153455981464	0.432006155947049	0.716119096492904	0.627184622575889	0.706815397470337	0.661365031105387	0.439329383849414	0.530929484115181	0.252991667468878	0.664189738182805	0.247557839315903	0.394323922647464	0.633905623928724	0.324884351452182	0.428765832414374	0.487099123270926	0.237920291050201	0.121316047318136	0.571657242915003	0.517458356363172	0.209472179205969	0.280232469891465	0.527427711460301	0.473123783563489	0.612447398574318	0.41275193175168	0.365593274207395	0.43536864283186	0.202035926671079	-0.0308849509930416	0.32962930545172	0.253892576270427	-0.0417079200034181	0.443750754627417	0.395298915077425	0.352121238234337	0.437764789746189	0.0791041481420259	0.335207367754361	0.500247787456961	0.391390076514355	0.535828169442426
0.53965155784058	0.332624532111232	0.393121202266281	0.351719704863353	0.492894275353182	0.422912397928747	0.21002105978372	0.635304410034023	0.450533128256016	0.868449523963249	0.826461344734928	1	0.829352818932441	0.620648579339009	0.491170348503117	0.179779386623792	0.60651107092308	0.328040406433531	0.473951921037399	0.536177259761032	0.595087259244439	0.66088234243495	0.762944426281124	0.272554671296462	0.55806818921258	0.494173703217492	0.599185837254544	0.485490795300713	0.153817246009118	0.483752908768816	0.124821405673344	0.610357319170783	0.728569799881132	0.279922506796989	-0.0309112544895319	0.072241355523501	0.32293709810675	0.312509966612563	0.088514633687567	0.435764916472541	0.578589827253612	0.44486615451946	0.374486296095125	0.429524827557212	0.528723363180381	0.582236493831755	0.735555184234021	0.12651373157067	0.498540526285177	0.633387210518683	0.550455916868426	0.392457674375832	0.383130632216758	0.47178574224992	0.203179640707727	0.237444755044703	0.632747617286615	0.733975087721063	0.537307867076849	0.496702458897993	0.826359157451661	0.665509013988294	0.735476369324728	0.660340557005209	0.527907010381798	0.588481764772622	0.210259989523938	0.731408116732026	0.313774519250551	0.478497354602355	0.722026389334568	0.458471408408743	0.450464800982052	0.575812690999554	0.369903306245185	0.184371966400829	0.593442167216435	0.501657726577187	0.30205091746589	0.371338180949337	0.553484942444123	0.544663472166674	0.518883834923111	0.24972613048093	0.318723420214511	0.395417377851317	0.197262097026582	-0.0101545909953659	0.543994297598702	0.162521876660991	-0.0627307923308652	0.467742029207092	0.308310699267757	0.451853249369335	0.599441259588473	0.0281777427668861	0.399446284580096	0.625476907718293	0.488708523803004	0.626248777909782
0.54949268212761	0.436319200070526	0.500877940857718	0.471473294691507	0.569365337592807	0.528655061076885	0.356395837936579	0.731877585931211	0.497144908192202	0.760089054614209	0.743738745356518	0.829352818932441	1	0.671171374163503	0.558842868203403	0.414160230476978	0.776369358126721	0.545900106196771	0.525418970450685	0.681955518412182	0.584235807992803	0.473091401727392	0.62119121489577	0.40373704184807	0.639670400460762	0.631791828930847	0.622649128484676	0.473358567510758	0.00968313352184553	0.537763334974525	0.332807896949931	0.54205488898855	0.751412667869039	0.178781700219194	0.195780439880594	0.264513359896065	0.496816055043619	0.466567883567848	0.257025267642389	0.378879804939026	0.508061238311572	0.47988311456212	0.542038880640548	0.525092898669965	0.714874043687928	0.439768838446762	0.617111141454796	0.242979743934627	0.483218653105009	0.593452190793488	0.5493334433831	0.447316060538077	0.476172696837933	0.477282546070771	0.207939304790643	0.289570022492031	0.721224952435816	0.800580973223663	0.57216553149882	0.50185376314869	0.751554601233994	0.552798068904429	0.623990150567842	0.683038327535232	0.56168687721405	0.5572699312608	0.386296507594078	0.765279556675027	0.336064850294468	0.630214408392734	0.749315782775687	0.457373026883951	0.450320894151342	0.659760927666354	0.440823333301911	0.439448452500143	0.650099976050514	0.479757111469157	0.238701538665917	0.460841766657823	0.607111744036627	0.641772978222574	0.428972108088723	0.385817984715598	0.544912319748424	0.372879919811243	0.321669442079508	0.15086722469833	0.47023604633262	0.402181268534523	0.0987708082287315	0.40226021200632	0.412560706890109	0.489152101879381	0.544154849172764	0.0967067716270366	0.356244325524157	0.456761075146396	0.520709000114422	0.627642372233001
0.590363820256264	0.513249056861246	0.554125931035538	0.484024365636502	0.557445726374062	0.534695163826935	0.375122367564539	0.530845340552089	0.444375780239481	0.696013112961748	0.615974016513236	0.620648579339009	0.671171374163503	1	0.652131120017233	0.441105240461978	0.602580582948387	0.508025607522439	0.415435322283688	0.528697985269381	0.46570159384876	0.358928991074455	0.433076969589387	0.429105100142827	0.537954816868943	0.646601754056961	0.566981890438252	0.32827018225198	0.0868804422757875	0.7660040282802	0.397487105343955	0.558368690832344	0.469898090691625	0.15041356611768	0.26658918578447	0.329009818366205	0.481218409239694	0.535008259959887	0.256401508404368	0.21485277975176	0.578425066730674	0.502406712284657	0.431422899547531	0.490645687071818	0.589382094463328	0.336706849301542	0.539049443654202	0.273736275291244	0.517878662822412	0.56375461546607	0.597621714329494	0.496569640977977	0.644422014759796	0.483937700854917	0.267545297448847	0.427482170437648	0.496784983102435	0.678218857568297	0.575710591682702	0.373681873866065	0.491229397574477	0.268144407441326	0.446003192386749	0.46796892037361	0.758332913674594	0.681156651514786	0.599618870820738	0.51925840654025	0.295602028894219	0.624741163336903	0.486640185934435	0.293111963013101	0.503768680590003	0.47292093015219	0.454148018146616	0.43444564344169	0.551956496195885	0.390529623695585	0.332089120521219	0.604456460250933	0.625670924579796	0.545901228018067	0.520678955114724	0.431166848111792	0.56465482463106	0.437175907337921	0.418169756879699	0.298491657379142	0.4198347294788	0.442767228268452	0.172173404703494	0.297966623769603	0.415836653822532	0.483968384415981	0.548192062037646	0.253635721798609	0.43973811358234	0.449895956436096	0.526691681568372	0.556893126120719
0.674897058759807	0.567595243353118	0.602413738613991	0.787389738524271	0.605602933149463	0.710150213759378	0.626150955649358	0.43034010490748	0.499837752867002	0.548554618208875	0.477340470659463	0.491170348503117	0.558842868203403	0.652131120017233	1	0.708353733618002	0.549828040106102	0.523344027903583	0.61255808933373	0.400413884706624	0.46940763816956	0.159594588634757	0.295110124244808	0.580700010608002	0.512018482524502	0.635244654211529	0.468818038482858	0.303967097759484	-0.068497969768718	0.520816774242987	0.566116951694507	0.464514447981826	0.425963242777731	0.23682377929988	0.4498474755401	0.621470725717162	0.410404824452531	0.457858550520229	0.445404063176324	0.288318292525834	0.290307453996724	0.471213454216537	0.578495553665181	0.496942468245022	0.488436645556916	0.13030714837931	0.368817642671153	0.444508544172982	0.2710932477657	0.675853395216719	0.513023432869356	0.536799880350009	0.750717292573826	0.689567274841301	0.392129994792916	0.639232870388882	0.534188190877035	0.589648595530455	0.541880258845636	0.397635874421204	0.39829883544322	0.265669548271656	0.394606607189685	0.436983034344302	0.624873801234685	0.7016736542686	0.671593211695639	0.415531169411512	0.605823012889167	0.638711411641831	0.494996758951981	0.220300435330054	0.419942538666888	0.452182006322856	0.472019628994309	0.522000429955464	0.509012649844912	0.343915745268633	0.132405576660842	0.531268613168135	0.542024931794846	0.552145999371899	0.310367170619652	0.491878014180883	0.550015583071303	0.357792645805736	0.410759353342036	0.558683060363493	0.492900291578043	0.511915184196386	0.333955190147984	0.305390873636686	0.470027291778661	0.348073602813646	0.416135664668557	0.420030860042169	0.340643191086863	0.246038175589712	0.460188047248322	0.542931242095801
0.424538132620283	0.583261769100406	0.640539459829459	0.75297983376456	0.508930047494724	0.61580318790962	0.798253283803995	0.393783297442535	0.390606043048997	0.211975073355938	0.151666375680244	0.179779386623792	0.414160230476978	0.441105240461978	0.708353733618002	1	0.513079579652429	0.718253122925487	0.657067350764824	0.314963580681416	0.23674699895668	-0.142127407651771	-0.0485445105061597	0.658635931040592	0.326414284503151	0.543477472470167	0.305509824948033	0.0726416255929184	-0.209121814459755	0.473978215983021	0.891850981866084	0.162618088904655	0.170844890972312	-0.011192408995037	0.819801258438223	0.860213011396665	0.594176492779546	0.429514354602992	0.578942785324121	0.0360877489844982	0.0452607487274863	0.255684009382148	0.482827460500823	0.33845377350081	0.37783950056657	-0.169251426719863	0.0403760376353894	0.482947990566133	0.0755578193939389	0.346270295455149	0.256593713652664	0.450785849569851	0.725821806498832	0.493775337982588	0.325976879307413	0.662338180435465	0.466565223360577	0.414692265254129	0.491059698459779	0.295690548148418	0.15703467449446	0.0607361103546161	0.130077347091455	0.250766921910064	0.535918285415835	0.48452173497428	0.815924133818214	0.340344252291537	0.594359786886032	0.678906450390412	0.306576637012225	0.167140210646452	0.415702836076844	0.359333261695705	0.461026833986524	0.738843177214791	0.377837239099012	0.130991759316765	-0.0791824663161405	0.637353550832601	0.42250299805716	0.552438308603521	0.128988811083256	0.465054789592985	0.632675381952292	0.161129043489589	0.582287667195973	0.865993800090792	0.367012700599631	0.588011975115062	0.630481278732786	0.0793677105608092	0.343965523152243	0.251359390055056	0.263942644384832	0.427204306548585	0.115523378806415	0.0493751629959387	0.524496604468419	0.400090796858912
0.416280842552059	0.245326101417271	0.341830981936384	0.420041736104761	0.408122337247587	0.376007695428978	0.353976532389857	0.591300982149547	0.448260444481497	0.601031094780257	0.49979984238303	0.60651107092308	0.776369358126721	0.602580582948387	0.549828040106102	0.513079579652429	1	0.69414863917318	0.488381091010578	0.557294315660481	0.740419982424363	0.512780573511809	0.55230396538137	0.574152272177431	0.561063101979527	0.650313366072192	0.613280474369974	0.356672261697037	-0.00974865419391074	0.516767365400707	0.476107307264611	0.593311749064245	0.509690596601258	0.0907820807999563	0.250903043846568	0.365112317785078	0.408482057131555	0.380454862446192	0.188254709479614	0.224675751201319	0.435506504452589	0.381880369982886	0.475700635017725	0.439483788006691	0.615066080589272	0.494879442200793	0.610448832133877	0.210940117315845	0.39469642580312	0.685840758580463	0.519712111059204	0.332850979090176	0.506805142832825	0.306854428643475	0.130726193125843	0.278847513894494	0.578243041195204	0.642871364604228	0.51952762802914	0.439053719397916	0.539640225365991	0.415677813683344	0.458707788100724	0.384663790862805	0.581829606771032	0.606171049013163	0.431313884399639	0.662103138625913	0.376384049969848	0.716555080970305	0.75778135822703	0.532271281838361	0.372076740234326	0.66355789611104	0.682793828393442	0.589379463632355	0.615684933025302	0.292626964459668	0.196830985485595	0.631666298476476	0.544564041213297	0.784690532141943	0.1535714652621	0.351759359263365	0.635761410426216	0.307115831798247	0.297464363425241	0.286511724819489	0.621734256366429	0.393385727364943	0.082455372096439	0.240844909421877	0.4163320023923	0.567631868574272	0.699276668043888	0.0500296223020181	0.418887321298055	0.31829260786217	0.602120817333649	0.607303516144447
0.306198552622503	0.246085321868296	0.416351899359925	0.473668153816479	0.370055703727701	0.404660756453575	0.533802499409048	0.647256987982823	0.495201588889598	0.315563027150436	0.240730072128443	0.328040406433531	0.545900106196771	0.508025607522439	0.523344027903584	0.718253122925487	0.69414863917318	1	0.59090255922335	0.583196456203448	0.430079389145375	0.189929389321365	0.229610629614694	0.640246293021104	0.480461864053907	0.649737019404855	0.51634830232185	0.106087333905931	-0.0223830848924887	0.497664446196083	0.780560919128183	0.295477074462618	0.286639007674182	0.0348976863100596	0.56016333222064	0.54223451188812	0.593141349874924	0.490265598547332	0.4185525622037	0.056957425583394	0.178947160356154	0.219810240816708	0.34270917857274	0.404684055802868	0.475381601817074	0.222525536299873	0.237763188933113	0.398084789043138	0.228535480004397	0.404105841477832	0.318523662743894	0.224077427061741	0.590571529323543	0.284401417156205	0.234273125248149	0.422031165661722	0.488959648446391	0.506238235191304	0.566260847938371	0.391263966265836	0.242391539122094	0.120842322409356	0.151571115410919	0.263705214776946	0.489960304262498	0.469643396746915	0.604138033137866	0.459348969937406	0.448180957968329	0.727921027468519	0.414902471014708	0.287351774138499	0.391592458823046	0.572480951274816	0.469921297133293	0.665813169518762	0.550301347007251	0.0807604502245177	0.00974499161164598	0.691420924442283	0.388342171457159	0.634775428858494	0.0738366936711978	0.283223012297773	0.624617324620939	0.152178122920931	0.603131227137184	0.574298576407347	0.432461903074976	0.590363652120263	0.430218142163127	0.0866382481128529	0.438800595611123	0.513946027662272	0.436648015699276	0.314580768827336	0.216825325375207	0.149694913623452	0.55768412688168	0.42213599154965
0.477334237842798	0.461939244880919	0.606361669396462	0.66707434374257	0.4789987449951	0.520637070091497	0.608307112547599	0.588750728008213	0.768087129045496	0.407053410325611	0.367027450814905	0.473951921037399	0.525418970450685	0.415435322283688	0.61255808933373	0.657067350764824	0.488381091010579	0.59090255922335	1	0.529297304493731	0.40948561575307	0.12696542769495	0.336537192199796	0.597279449352452	0.620002817920379	0.539507715464801	0.537027845940989	0.203225115727706	0.0789547481585326	0.466643589746077	0.57538212031919	0.290707108275045	0.477771161866037	0.221833276153812	0.453047621726453	0.677335521404585	0.496705448585863	0.419448023425375	0.392031734476406	0.205612434480586	0.179743775888956	0.261722295957585	0.352839942202846	0.470479784648174	0.368843592998465	0.212878887096183	0.319673857298182	0.332754090217399	0.164621248202902	0.493584674598819	0.29800035627275	0.338687619165094	0.595705941087657	0.561069186714585	0.303896227335897	0.5767314579905	0.628669176997494	0.650364897444088	0.741853825224288	0.679987294089429	0.421461271332346	0.295117426836476	0.395428041689293	0.546606370977791	0.435617656748067	0.54153515427841	0.573507264326834	0.535070248326214	0.763846201988982	0.686306339160467	0.4801719515636	0.272065041997671	0.574345208347011	0.677548253202742	0.460914642476127	0.472833329792252	0.497802698203621	0.262093229570083	0.0431979703977327	0.632293447308747	0.413225245879442	0.474333708091461	0.288026509973929	0.338292043665547	0.402200203411093	0.255588624862276	0.509112958365368	0.525904429725133	0.511711738683508	0.482657720303884	0.38563258240634	0.236426087513684	0.423181107689151	0.363249028723867	0.388737012315092	0.323212784777914	0.136756798400198	0.312845814165445	0.484791786970006	0.52998075539075
0.436700905235053	0.241538707837131	0.450236436867666	0.36733673988619	0.381312718762256	0.367168652011131	0.28727813866648	0.845508029274767	0.661911401908714	0.468578804447295	0.530585528442135	0.536177259761032	0.681955518412182	0.528697985269381	0.400413884706624	0.314963580681416	0.557294315660481	0.583196456203448	0.529297304493731	1	0.392372051705221	0.327801446712387	0.504009882727336	0.376769130013276	0.728410389130971	0.539744265970444	0.594808203749817	0.209498183393276	0.0240556110578368	0.464727165314924	0.268937637679848	0.346343340380852	0.606456867059021	0.0922003896483722	0.166991848197716	0.198145702066953	0.41388075139128	0.526371359523931	0.175106804696889	0.155249480126913	0.220012834085528	0.297436703563975	0.2051257745992	0.433002369739213	0.659683069692903	0.410751888970339	0.413217311451445	0.218082870831532	0.298951058412216	0.376911904237446	0.336838499132523	0.210165909033488	0.420487857437015	0.368864680287179	0.191786152408114	0.245917971133554	0.530911517630256	0.687647320738422	0.621781565358435	0.528874601660717	0.414371654136282	0.246780387768569	0.34709907340224	0.482868365056583	0.393500249879818	0.349031834273056	0.314672827804895	0.548999102317397	0.274116724086151	0.624363147340611	0.457927223723124	0.343967076361285	0.402502275762784	0.733497360968329	0.274736939993198	0.310406444639121	0.555562463049693	0.23155375768447	0.155798981393233	0.446213114734542	0.352171533410073	0.451633680268818	0.178604189776572	0.159596017999736	0.365994088443812	0.250116384289169	0.447191923809308	0.126603029115999	0.276284497522031	0.39570571786175	0.0811782140303944	0.164436543058112	0.332997918722889	0.445883836485453	0.422906910300972	0.205515547943731	0.26119238225947	0.293572532281151	0.357990790719343	0.362902490752477
0.391434251208961	0.0245920934315435	0.110304087918203	0.336854037723511	0.261098065443736	0.243995585892885	0.241998979535221	0.379129219215303	0.450551082019441	0.639612356270238	0.436996652803806	0.595087259244438	0.584235807992803	0.46570159384876	0.46940763816956	0.23674699895668	0.740419982424363	0.430079389145375	0.40948561575307	0.392372051705221	1	0.533492912200653	0.518727391122986	0.49919652733544	0.54601952268788	0.440445364906188	0.585516241183919	0.214209180573889	0.279363175885442	0.349212987558311	0.254997545767767	0.58071111662926	0.411596345477748	0.04400787666951	0.0615031062995939	0.125188837855811	0.151629192667544	0.158275669688039	0.0597448698883577	0.0482256782767176	0.481073894593919	0.392763761761958	0.418230314439398	0.359392898412304	0.423929789976513	0.521331183859625	0.710273277303433	0.130416943984674	0.32154992069859	0.834534846454591	0.424789166222512	0.150455327274701	0.343874120748765	0.233325284898886	0.175140273699066	0.229232330909904	0.43084950182255	0.494368761752993	0.46852802443686	0.489190380196454	0.556388137894963	0.461705276082012	0.486860876745707	0.335943348981327	0.397684950702239	0.622655339178797	0.200782590809911	0.499880710229355	0.38073728343567	0.481026637136573	0.784141731055735	0.541182007508201	0.375556474775186	0.621436740917086	0.721575875013096	0.177244398525344	0.476563490136043	0.116839255542628	0.278958241122574	0.507479640793165	0.27225680330189	0.630645457819218	0.170609958057789	0.28807672787687	0.364455492897107	0.0599205210616659	0.198897059484737	0.118446321179877	0.732148914540726	0.0488987598460213	0.0223764945912464	0.0847978718807774	0.387044771266238	0.614218575754656	0.735411310138862	0.11148773069769	0.329465022929272	0.385968855112484	0.612697235144668	0.733404706321724
0.170260994758334	-0.0344083449995764	0.0642345069940797	-0.0330742618398866	0.171268881415328	0.102966111455155	-0.0655730839387386	0.375674944514292	0.137003124437075	0.563086826596926	0.440096603110893	0.66088234243495	0.473091401727392	0.358928991074455	0.159594588634757	-0.142127407651771	0.512780573511809	0.189929389321365	0.12696542769495	0.327801446712387	0.533492912200653	1	0.728827147973786	0.111302305873569	0.319911638697807	0.240124571272376	0.373934182670016	0.39756553933551	0.252096297678094	0.267352709904302	-0.102309502982645	0.515841126882037	0.383102306588403	0.164894549722496	-0.247033919515746	-0.171578231346886	0.0181780693594901	0.0712331895033107	-0.214687704120391	0.324447142548321	0.574800798213788	0.287107818016323	0.0320175564112626	0.166250664977267	0.278990810908924	0.766604501601262	0.740686618743651	-0.0314678294470618	0.585872260258046	0.519682707816366	0.519045520518114	0.191577130036137	0.140131101822983	0.073811489975127	0.0753411163385479	-0.105973313151299	0.337101113098352	0.366121084229293	0.200152324754431	0.183472513601514	0.616892113579434	0.476495078790406	0.582701142896509	0.292838920435702	0.373335638974233	0.342870965454408	-0.105454753454741	0.473240259104411	-0.030194232340189	0.282103517235118	0.549066975338353	0.54750824208221	0.110134724051964	0.417418467257186	0.422550506656592	0.088939376992662	0.435393606491097	0.272553226142956	0.489756247813516	0.258565706365382	0.346787508164292	0.442035806811503	0.184469885091324	-0.097047672051929	0.148550250461254	0.31988877003007	-0.125878795453334	-0.228822001016578	0.468747419592654	-0.0647869813021602	-0.293238360035176	0.307739703368715	0.159652800554559	0.470243450079844	0.676834466551829	-0.137738977542559	0.540110794211113	0.492417005932665	0.325659351210099	0.367712503516467
