1	0.673112611090911	0.727459638127093	0.56715913904552	0.61609954588785	0.449784875410029	0.541366828832571	0.469497271240926	0.424846905234284	0.446945063633177	-0.0829354945821392	0.483249510528899	0.571926797488	0.556537157224843	0.306185099133863	0.539709091035088	0.620751556215694	0.568548343026173	0.501480362685922	0.462416285882326	0.283900485732936	0.288356404078194	0.124247247549355	0.491526135687251	0.534661354752288	0.450573345732615	0.521343000067621	0.107723009541267	0.521766627462555	0.325045975922725	0.528551901430231	0.509789366071618	0.416754082391452	0.249699620338295	0.428475282814472	0.51473110584703	0.303564852709172	0.501754682373879	0.36122745003913	0.155797680957731	0.64443944336324	0.156841503949132	0.279587686412391	0.581283836236681	0.50635085831372	0.0747863988686491	0.156041076260494	0.125708223422228	0.368807896355709	-0.00936186464021162	0.770027271800392	0.67021652188522	0.609820285078879	0.736277635706009	0.588071305255794	0.632845475080963	0.433277579368679	0.554857323237901	0.615912361747159	0.537942328845846	0.473074236841403	0.372441787924106	0.496025440864532	0.490424410504482	0.598547826183492	0.318410455631528	0.545944341415643	0.41860796286294	0.543338506165409	0.485893390284522	0.493827747705659	0.486741184604301	0.29242499185947	0.602020450534433	0.381798864195374	0.544736964982721	0.573946023741059	0.453750751038081	0.406423920005276	0.46330916041234	0.434643088425034	0.571207572397044	0.430385914576424	0.364123935107319	0.518467971484895	0.162926613305039	0.351488245121701	0.49825853825016	0.354168695359164	0.580348384373337	0.30241358966936	0.121858997331449	0.61859120019819	0.327797599666146	0.245522667234222	0.338978417310421	0.262943423505733	0.410947069531792	0.485833253964243	0.539707891797024
0.673112611090911	1	0.838379315114347	0.722635871770478	0.599490724911551	0.597747378178747	0.69600374384979	0.465025889685175	0.550786812201111	0.440758287670324	-0.117321400139248	0.414229952702577	0.538852957887201	0.457561540091178	0.290978016639366	0.642172463481646	0.560216191766407	0.547290524580137	0.607785228232937	0.490151042820629	0.267789392934159	0.256117363030362	-0.00998508240745194	0.520436595807878	0.565870422972227	0.54210124867642	0.565646582229769	0.255634730419587	0.460119638675284	0.343040390371789	0.606025389564021	0.428919894540644	0.286477694968672	0.517234158226157	0.536534572952148	0.725984102427626	0.354678420151085	0.468003675318124	0.425796063789271	0.340461106912671	0.578975835920214	0.306697433799547	0.360499242198373	0.556573259904465	0.49205249297276	0.0468693552364459	0.15049374836769	0.222345853108042	0.406285135569718	0.135965146196422	0.74851322554892	0.823323472303571	0.755619008877458	0.751281313438888	0.702737210521464	0.783224820125061	0.487768582733657	0.570233388744808	0.663764266304928	0.660291419376354	0.573287428299693	0.434827838849292	0.511962638145586	0.536084654096237	0.667138304598078	0.437116550719778	0.629225488118304	0.408660300145078	0.629895418467797	0.548701686356576	0.568395980768581	0.539452068720638	0.390622803128333	0.617740920353968	0.443199268377995	0.558065194225938	0.560055559935449	0.520148994020951	0.434603517569994	0.544813560310834	0.389992020618362	0.610366879326432	0.552520477797898	0.467011033131418	0.571634042918218	0.367949158128764	0.392566326513427	0.725049004272987	0.474526869336561	0.549151822551009	0.412647681651443	0.36587639353783	0.599338297812693	0.330606814462296	0.240433169235737	0.46266772570152	0.417423394892357	0.574703024607565	0.58553834130409	0.482355551771395
0.727459638127093	0.838379315114347	1	0.732278264621145	0.630124541474071	0.589618101171623	0.745480682775737	0.559221898142355	0.573748676687161	0.481884541262486	-0.143127406927015	0.516034801005737	0.616318328846785	0.501088477070238	0.219665319696376	0.658248097081019	0.665905853947586	0.599968898846193	0.647160487556545	0.510217294597567	0.246296952293916	0.29019623562648	0.0221169211855506	0.523434169938177	0.63614418810383	0.560930946565362	0.555973299481813	0.196398569167551	0.49920044595757	0.327144217233715	0.62178944945671	0.475320036748864	0.321345959195379	0.474279622541165	0.525435216822701	0.722164462105278	0.269234405373109	0.546599548795738	0.391187029790645	0.299151791722129	0.692889030072038	0.294474603025567	0.34622106163487	0.626579382535864	0.520285472457099	0.114672338840199	0.126454301315185	0.146524639840025	0.442339570416368	0.0818729995551467	0.850630168768863	0.88867892705175	0.800571664372551	0.876608348274481	0.73831634142897	0.864911465002852	0.543409943360994	0.666031881493431	0.722072103937886	0.679194707917909	0.641502775700768	0.514228957578504	0.573524045461321	0.661095522245509	0.711413552565715	0.413495543138218	0.637280830144735	0.483566403032106	0.696472657305974	0.604106168096518	0.635903899541427	0.589561730276505	0.314930023159236	0.675256880264401	0.427351610793663	0.603273163949267	0.602646098662479	0.527944241743633	0.467860786632473	0.572101612813433	0.427752483020611	0.691045437706228	0.572992681825264	0.406911388968148	0.658162196903744	0.268316873075575	0.3688155478142	0.667240738290067	0.450895483911558	0.626434817018942	0.390552570459203	0.255130865297121	0.680631169744992	0.468632446417895	0.280119068090331	0.435100593038374	0.36823339902667	0.632772824057865	0.570822072004864	0.488108546405697
0.56715913904552	0.722635871770478	0.732278264621145	1	0.716351263500279	0.773386200772533	0.878348392619319	0.505932796217651	0.470944239017725	0.368047361570091	0.000741036175909674	0.490916447932584	0.526534246366837	0.534139957661007	0.581628617400569	0.645214132718598	0.502184345013709	0.47079536880587	0.509006322799822	0.618567853131343	0.43238523765868	0.321483962299126	0.142407207096457	0.431065878248761	0.451799533246242	0.524145764265218	0.452705713938395	0.441466894509464	0.493828490652372	0.385626127882705	0.568290292944727	0.526681701123565	0.438968245760673	0.649126258017569	0.707501725860001	0.664725838172496	0.388120842310291	0.653532960082024	0.648530169753561	0.490121737420244	0.599270254428552	0.258035347495972	0.630131411087025	0.546331199789529	0.573649220879127	0.265148852560237	0.33418676070989	0.454832408011325	0.504807428361766	0.277388451089271	0.628238940612606	0.614852667383092	0.672847800820517	0.745344602462801	0.781099519709774	0.810998111152977	0.508554653576192	0.601626051764127	0.596335849846345	0.572909374233295	0.432954399673162	0.437830772850857	0.384659118766767	0.499143180960065	0.469243489204342	0.711144212603934	0.537397142843362	0.399015276207723	0.535562888673184	0.580414220436451	0.482402467986083	0.482111507887626	0.256696113071914	0.45456972829146	0.505613525121159	0.409889122549184	0.503540238624736	0.512455973450376	0.53591162924838	0.564165298704052	0.482010016701573	0.609014649389884	0.564530750436265	0.579778785855142	0.521786670377176	0.417915284267685	0.337850690070722	0.727374490647666	0.583685577430464	0.598434001237257	0.636129294698166	0.45033077487772	0.584628081644093	0.434003559071403	0.297802360873297	0.63117359640454	0.44706798631039	0.408763112810274	0.461001168604125	0.549466008446404
0.61609954588785	0.599490724911551	0.630124541474071	0.716351263500279	1	0.748408855921645	0.663652133225409	0.28272681095329	0.265155723053729	0.315896410597587	-0.0135431048500173	0.359340982817083	0.362059514970743	0.450456930592647	0.406652436798591	0.43263612179537	0.373425100618984	0.366051476300551	0.282972045537145	0.37540160342768	0.186858839819616	0.301411408211757	0.131246298761958	0.423616298085943	0.325873259924058	0.453090665924061	0.400206683525019	0.374602874294292	0.430028573198667	0.310549235974217	0.396839887090553	0.373709048291844	0.330058189655579	0.486388924762034	0.497954918105422	0.461309106079398	0.37392305085616	0.417750835995479	0.49381030091	0.356982592111772	0.460801613579125	0.174556004357826	0.336869304455113	0.432663767360582	0.409681078299151	0.281696215438161	0.156192397671756	0.381254253657009	0.497114495951121	0.0963519925453591	0.577852716961865	0.506827495722124	0.531490123088204	0.714090376362581	0.72265692268247	0.642341075274062	0.340440843464867	0.48299629741885	0.385781819929608	0.386099654432835	0.400491513880619	0.342214220022693	0.378124351038207	0.416420269890942	0.373268090645094	0.573124163484351	0.460539796292774	0.29068927308322	0.299181953501025	0.435716748509189	0.406824516857156	0.401498299525681	0.228909327698904	0.397315916459596	0.3453560081423	0.33595945943369	0.418141737730205	0.504394773831115	0.40337555395898	0.429338926468535	0.242802573971569	0.456110420863937	0.44490785462173	0.441573943685658	0.439830606511542	0.321666921362882	0.329980446919403	0.554439849546616	0.43208620093991	0.509191586412796	0.497466980218694	0.394851773640873	0.436690381129066	0.361930853392485	0.156891256014045	0.639344178499188	0.492136168246191	0.313226500013608	0.491194967592556	0.464466142762035
0.449784875410029	0.597747378178747	0.589618101171623	0.773386200772533	0.748408855921646	1	0.779212333197134	0.388974461707873	0.350171917048649	0.318255911973947	0.020187008134171	0.41962159314153	0.422893642068752	0.481528560829709	0.57313403950763	0.503400764350394	0.446612885458852	0.382545523747194	0.392142583809567	0.454729801215429	0.294584235795621	0.197353798154864	0.0829352846551297	0.457547703557006	0.345780283680356	0.463737121484489	0.381467683911269	0.385228198444049	0.411231971274149	0.411545131132214	0.44792681493312	0.460651311510585	0.404345633796862	0.612916171608369	0.593859323074212	0.553242896385847	0.512365088834221	0.604555625250791	0.726650578334612	0.52456085343687	0.503268361002696	0.192611368580053	0.525051817921655	0.50725724787507	0.553978218114381	0.169040775711514	0.208613716569453	0.62298558595196	0.519745508217581	0.119959947032962	0.510348604281678	0.503734418221724	0.519994058237809	0.694103930043114	0.789504985745977	0.663372809564778	0.492130425201832	0.460034923560378	0.439502187702228	0.44575681547301	0.327166484914754	0.373825900288416	0.295736026209894	0.495908191560974	0.312345957980577	0.692783315382173	0.448970157729043	0.359736755933386	0.401421084849586	0.401669425496744	0.390047830407276	0.336963536093809	0.206002678362102	0.378679816496475	0.350872017673686	0.375643131594599	0.374336917824879	0.425188000936275	0.422556780989038	0.400439488148071	0.390295410905475	0.509493287832838	0.531627191958193	0.43102654484608	0.472176687297821	0.331252459121921	0.427668192551733	0.619480037014288	0.536544858386189	0.556810117231893	0.68147227252691	0.48086276605305	0.518874643824963	0.270451852736318	0.113199756361369	0.77752152305765	0.435678804293381	0.312335602160035	0.440235343905879	0.518725956640758
0.54136682883257	0.696003743849789	0.745480682775737	0.878348392619319	0.663652133225409	0.779212333197134	1	0.506187939689387	0.48155914395719	0.37485530553922	0.0394042700917479	0.467412740281568	0.502431247303314	0.502833694504855	0.49786652434701	0.628196328381022	0.489674709953582	0.435067151527473	0.538159385460437	0.634978258628542	0.379985586729951	0.273391168485964	0.104167657173238	0.469530601092252	0.49012996098635	0.546870484911539	0.419359981562383	0.355592386312214	0.522361819460732	0.379856387866307	0.552785414600976	0.55033264110648	0.488501412254497	0.630747527439912	0.738997249074987	0.732759539186257	0.425194633086126	0.687016696083344	0.707188255475285	0.39106111263906	0.633365044148913	0.279187623496367	0.660937273291861	0.613536705409558	0.709290821280676	0.179653522040727	0.30587247984292	0.41704694387733	0.480831525985786	0.1612624535573	0.656944678596219	0.640402019467799	0.672877952917929	0.760652489486127	0.820431694181973	0.863344999657907	0.516317191665054	0.59182862206828	0.591412743122852	0.578724046119607	0.461676672496516	0.468213802943271	0.410762288106069	0.507415548086451	0.501493992133854	0.678698338208408	0.520160954203368	0.410653938882524	0.579867522279992	0.568849633855	0.524186133750973	0.472666739259989	0.280841489621233	0.451608395195901	0.541910670183247	0.449958513463169	0.489073354174078	0.438023487586076	0.457720616736774	0.599133756431934	0.436828678625765	0.60272426696755	0.590751289957342	0.597331676840213	0.567356419535865	0.390639497047823	0.394006000472298	0.776659803364145	0.646766563286924	0.701555624057342	0.683283538230952	0.392981878379563	0.619528382839729	0.382503848007474	0.249357392865278	0.643384729466305	0.411298570138037	0.40245844178005	0.468961551490328	0.543430570599371
0.469497271240925	0.465025889685175	0.559221898142355	0.505932796217651	0.28272681095329	0.388974461707873	0.506187939689387	1	0.750337644974089	0.500660878835948	-0.0272435837453315	0.545805062412515	0.698444868374374	0.513463737668228	0.160042075697201	0.657723409648816	0.634546785739184	0.797042072210674	0.758146867107331	0.735083625189227	0.383013037458363	0.39542440258142	0.0284979463143798	0.543447285509595	0.635963290700086	0.27026377614784	0.31599650386094	0.0194807050888814	0.181048509826237	0.190335226094931	0.674234089619139	0.474953766786524	0.381210686897931	0.241247637299612	0.380444025534232	0.571737878458046	0.172905953160465	0.427942661267818	0.281884530109628	0.162653780410568	0.484247542309228	0.29276270654847	0.333769483041398	0.394639642386893	0.510585396803262	0.160434285243646	0.1931792877882	0.0850134702327761	0.223092087787118	0.186149185140684	0.522436593160256	0.535263285073165	0.448882866098423	0.504986413811859	0.405895593645399	0.527981881514015	0.475832247914558	0.553654970596929	0.60349023256486	0.697259550484668	0.467365871580536	0.346239400104541	0.422117504806614	0.575493188903413	0.457144649706724	0.173028605752974	0.474414990829354	0.478725524550297	0.646933022680373	0.634531667225409	0.360354517355615	0.458447503886551	0.345963194216849	0.511201563589078	0.372549923205062	0.447356804646226	0.317938217469294	0.245039768245558	0.322725251263507	0.45544133011852	0.403259132230212	0.578094030103832	0.345890504739419	0.394837573868253	0.574378029923808	0.0963222050483251	0.210735426109901	0.391984626285908	0.205508690044119	0.490340453204213	0.252247917840645	0.118366136887855	0.47579946880229	0.35957466217502	0.292296162471861	0.159602138429154	0.216952873826355	0.506996090473873	0.376188728222181	0.229312840349882
0.424846905234284	0.550786812201111	0.573748676687161	0.470944239017725	0.265155723053729	0.350171917048649	0.48155914395719	0.750337644974089	1	0.426094448187692	-0.0578908237214323	0.540547634726114	0.613248902694474	0.343222488178957	0.117996767922121	0.611840886914767	0.572593228212844	0.726175518974788	0.91594029591559	0.730902542934418	0.18237366549327	0.384180185595755	-0.070906025318305	0.627148416766084	0.755284540636086	0.197954276491509	0.40534713077406	-0.00324459829874485	0.168507051639957	0.108688754678105	0.621060742022012	0.41229702713329	0.199804150939488	0.206769014148734	0.31212551381557	0.738815349282572	0.158976753690755	0.371724536352552	0.243052721876369	0.248802641551808	0.532427382606562	0.242673937297577	0.203914824317321	0.483935273435922	0.486092786347878	-0.0269370300245521	0.0984436952601411	-0.00816697162846225	0.173431510751774	0.136336227769705	0.521416251803989	0.608136432677608	0.533438144472886	0.486437486312268	0.360524538775092	0.556237506890219	0.491991786738566	0.546365874365293	0.617472658644544	0.908828825752394	0.503369672990873	0.418953340520733	0.486266499259128	0.538016680539628	0.477345283352206	0.114069435094084	0.460423206159346	0.481628716972106	0.788596005238591	0.63688563903897	0.455966514017117	0.506958471743355	0.473351589976726	0.654790718655402	0.375029690954257	0.457147496193039	0.420881074890894	0.249461433308234	0.291668093223223	0.472520108741946	0.408099371035175	0.570365409464545	0.371575099644076	0.337666887762998	0.626984011155159	0.185678536554176	0.274065478000667	0.435593644416828	0.257742563539807	0.549715119309906	0.271960219791323	0.251698974363442	0.558907248171477	0.452585010732272	0.244966484516157	0.145087454473095	0.174905823208173	0.628376068817144	0.429439149881331	0.272733631521504
0.446945063633177	0.440758287670324	0.481884541262486	0.368047361570091	0.315896410597587	0.318255911973946	0.374855305539219	0.500660878835948	0.426094448187692	1	0.24668619696046	0.709953495776546	0.524371737835581	0.493208246987566	0.159353983027718	0.385612150717428	0.575126816526209	0.461275033520041	0.37916343678485	0.404689066310553	0.334580298824711	0.526181571896923	0.259833640268144	0.350979620226328	0.56806696292491	0.513978540722752	0.504155089045368	0.153825772989993	0.216450779945774	0.153584555899746	0.368196437858469	0.312283231311339	0.17868214286814	0.207781058156061	0.181770664779942	0.348976041637287	0.139338257153183	0.389671175498379	0.187447141272393	0.356058593039334	0.43746906971591	0.646619187801824	0.0186709391714896	0.520235400350514	0.374532006425758	0.254849678424272	0.171014469726015	-0.00456516219537284	0.102751543367813	0.445407691938023	0.369774797593582	0.509444765285015	0.502027647122506	0.424130940526149	0.319455064090431	0.411792004117744	0.385771844974463	0.444076089265038	0.518858516598074	0.495616671463263	0.727296976107105	0.557477663614526	0.65973273303187	0.610873983444228	0.304121248753318	0.153606761638856	0.370524100162807	0.443765228022341	0.438652948070875	0.47819415378983	0.534449137576565	0.675576644104784	0.223058276462966	0.504696394087383	0.193395929683036	0.444705369445061	0.44170528339672	0.444590178643409	0.27704369513005	0.274095244235373	0.419467760935506	0.512633507427335	0.302685449264512	0.13863497954306	0.396943625349767	0.322142129833263	0.189747139096479	0.312419582288879	0.130840539920334	0.331698310975004	0.159327683727697	0.326868407526769	0.525654820951072	0.427716508856267	0.480681839898141	0.0856281728647507	0.252927895242958	0.58410087577604	0.476054352551878	0.377102667250438
-0.0829354945821391	-0.117321400139248	-0.143127406927015	0.000741036175909674	-0.0135431048500173	0.020187008134171	0.0394042700917479	-0.0272435837453315	-0.0578908237214323	0.24668619696046	1	0.223125182680618	-0.0372195298816419	0.00696408976964981	0.0704323009639289	-0.0261090333084546	-0.137129493293388	-0.184052161058408	-0.0272763131263971	0.10096648378187	0.140433176922589	0.0152330856731233	0.427864019897379	0.03342261611149	0.0177774803891769	0.039220505122654	0.0559155182886317	0.0432428986658209	-0.140457642716704	-0.150145082354476	-0.0705268474112635	0.0292820824391314	0.161041715442208	0.0465993542960658	0.0243128875138187	-0.0426290530027699	0.119568560004528	0.0373837616485164	0.153764371088132	0.164161644925144	-0.0958987677866293	0.183431348579576	-0.0353850843925595	0.0369003535590199	0.186334735277722	0.059607546360004	0.107419355837074	0.130200846253768	-0.110955014616989	0.236736553752586	-0.0665566112315297	-0.182732190616176	-0.0696119203157494	-0.0953656599044169	-0.000870172594761586	-0.105192197780132	-0.0059270894498021	-0.101439717321331	-0.116918802792109	-0.0301886583142433	0.0737106218704867	0.115639183287041	0.0617802784707796	-0.104916821570456	-0.0565722510242156	0.104303833024714	-0.133274728406655	-0.0434070084950029	-0.0667291044795716	0.0679386812227988	-0.10487920086882	0.0756404178373951	0.00562135356080963	-0.0561512884332195	0.00322493544813874	-0.0854341661418966	0.00514980366421553	-0.0509270054537484	-0.0698483362175614	-0.0585260439918711	0.0827650906159097	-0.0634167915225351	-0.0252700531891264	0.030910384100572	-0.151437139100656	0.140394949546288	-0.0130458666108346	0.00186774774918398	0.0454917205080443	0.0275614381944367	0.0786145070286931	0.184166448474093	0.0197277835476127	-0.218838352552594	0.107238761177483	0.00543390321618517	0.0634098641726299	-0.0927301729799423	-0.156944074950783	0.0377948980023569
0.483249510528899	0.414229952702576	0.516034801005737	0.490916447932584	0.359340982817082	0.41962159314153	0.467412740281568	0.545805062412515	0.540547634726115	0.709953495776546	0.223125182680618	1	0.69611182872474	0.410768244509269	0.202935008076886	0.509159042938714	0.621840444649672	0.493854217865199	0.53026130274875	0.508639409975755	0.351756694471534	0.534148981221257	0.345149884599585	0.369359597496164	0.573830523240019	0.460015006582719	0.463591883818046	0.14474853652737	0.269664408751437	0.077942055451619	0.512671189615607	0.452342145269649	0.411412830200797	0.178582168858375	0.268124147535749	0.461928676572421	0.102895485351659	0.528008333387167	0.229406572290418	0.352770499753191	0.445754677739114	0.300999434917434	0.161201728151757	0.583948607295519	0.447588043291215	0.269181196262622	0.0788404106570026	0.10244953400141	0.0828391253496	0.244574509434556	0.495839667764364	0.526514667711354	0.488371297531775	0.536850289604254	0.426568755570794	0.46701456679383	0.484178916652284	0.533849614257667	0.611084170829569	0.594254284061684	0.546798937953339	0.60013699303631	0.554007950169517	0.546127854385173	0.38214243712855	0.306527041770383	0.435719577797203	0.434996429213025	0.577051693054462	0.559681269138302	0.473618842672146	0.585984131539595	0.160234079249307	0.501243810761512	0.177840227050879	0.491813227410868	0.431565202286612	0.287690803059987	0.370449823237619	0.320205805854072	0.429353354391023	0.613480763848994	0.328712983852569	0.208439739066652	0.479981680319052	0.168015603341434	0.135756925960865	0.321070246771207	0.174358821516726	0.455211717724384	0.244132061860165	0.291727318092702	0.606923455311423	0.413156273830161	0.468879996052485	0.204472787983159	0.153267263649276	0.437471381868834	0.359913760760222	0.396092338233995
0.571926797488	0.538852957887201	0.616318328846785	0.526534246366837	0.362059514970743	0.422893642068752	0.502431247303314	0.698444868374375	0.613248902694473	0.524371737835581	-0.0372195298816419	0.69611182872474	1	0.473054723419398	0.205345996352653	0.694695264437705	0.810107505054788	0.694112951052336	0.631284548106259	0.589827929026068	0.469507705038391	0.369934160679504	-0.0319403778491424	0.510183728720668	0.567338293427743	0.359947613473647	0.377970773492926	0.0768988315340725	0.292904236048321	0.2248987954037	0.704800078102244	0.572493320098286	0.491799247901522	0.24729728851058	0.408068799322683	0.609728001033959	0.177851362884496	0.566557548393209	0.273680626737053	0.200030974601885	0.506247319045929	0.261928386223745	0.313903157598722	0.519449511124576	0.521557197252346	0.0709731148494575	0.0238423013515673	0.0505224273115353	0.215910666674179	0.0316975544493221	0.585906246971498	0.599551740371415	0.514349200805743	0.617262135441462	0.48456861413491	0.583159808054709	0.56492583165085	0.602258376884336	0.65809112174605	0.633065553942772	0.538433552544322	0.590320828845918	0.507264093091299	0.659953132933501	0.460909461028511	0.279130902734515	0.513998586001276	0.518807017336482	0.667660145009396	0.588850804796821	0.495068138861794	0.500348539466716	0.273739928854683	0.553777085581587	0.310160290058215	0.562164442350537	0.396208853299835	0.253307818219508	0.406251870036674	0.450615222358911	0.514349757916677	0.74438780185747	0.465826787007368	0.338327043765329	0.652553077268845	0.0266077410531866	0.23501056102139	0.445319816491669	0.319382741924054	0.512847723592333	0.238783306444642	0.141618849225752	0.528683752439098	0.454629812094804	0.339417097106477	0.167097797867955	0.270627467597847	0.575166260288765	0.51955282827539	0.402337018065321
0.556537157224843	0.457561540091178	0.501088477070238	0.534139957661007	0.450456930592647	0.481528560829709	0.502833694504855	0.513463737668229	0.343222488178957	0.493208246987566	0.00696408976964981	0.410768244509269	0.473054723419398	1	0.491839831901422	0.463055234791045	0.535764863201132	0.429173736986287	0.363521318875775	0.493360369422538	0.472131837501965	0.232073151768928	0.10371770514841	0.282539727309887	0.349398834721858	0.441886860884286	0.290613092041418	0.297261191382322	0.401054049336843	0.533392940004544	0.421868407843596	0.441797017784748	0.439407336737868	0.503401931333369	0.399118875679908	0.418913201519869	0.193417934489509	0.439189091376522	0.403049749722449	0.326567340465646	0.374066139720779	0.326180577985755	0.452219378770948	0.411518389905491	0.461753439403321	0.04364159675889	0.296550599289411	0.208180666427024	0.310976510415702	0.327000953096978	0.427307155270736	0.439976660828956	0.445864574433174	0.456254703934785	0.396771464291962	0.491449947368879	0.326638385143067	0.408908397309613	0.44412815177243	0.349253482762857	0.37074470236059	0.186277895974638	0.328562242857774	0.462490142449544	0.430666898025446	0.426436245275674	0.472807181967282	0.424535653915669	0.385054089568195	0.350639470325841	0.380279602569003	0.344291391912628	0.159865092758548	0.292497948010138	0.308396040975139	0.353806291140304	0.243656376200202	0.388974319849264	0.450678579605057	0.418979012854821	0.405927975849225	0.461075514765558	0.464567763774066	0.418608149501746	0.445172763721438	0.279708131615157	0.14191423274273	0.399045526867687	0.353020092255705	0.305998054008029	0.309219938020108	0.308012356875991	0.429624950844356	0.17412317681632	0.294396473970288	0.34762691306393	0.245614798714725	0.418957614110108	0.409999241553348	0.458116949107149
0.306185099133863	0.290978016639366	0.219665319696376	0.581628617400569	0.406652436798591	0.57313403950763	0.49786652434701	0.160042075697201	0.117996767922121	0.159353983027718	0.0704323009639289	0.202935008076886	0.205345996352653	0.491839831901422	1	0.178851559292002	0.205507929999737	0.184758614090971	0.205981704411127	0.279514744776684	0.309287855807994	0.0567676970062363	0.0989820506352049	0.253773336049652	0.0226354595443312	0.204172446207143	0.185398874861985	0.555452005502513	0.434077178966411	0.657310794506857	0.144604463313456	0.252912730741745	0.266830933683625	0.601785230369359	0.492762054566071	0.324836052214005	0.42686716543147	0.486806604001469	0.743978231796595	0.565131414133827	0.399884575491179	0.130495229698001	0.733072035240676	0.347099727134589	0.46073781390676	0.0637115263310505	0.440563970155196	0.608239849297658	0.351230951666135	0.322545844725819	0.169818111085403	0.135054874493728	0.281420277529099	0.326244423353933	0.388916680177343	0.344718953558002	0.115125252289505	0.151556533467421	0.173094939444918	0.110006962572703	0.0471575031882225	0.156661315507058	-0.0248646458390082	0.126788647581273	0.00377513898112387	0.670353898856844	0.0598652605945169	0.077075724753828	0.101242353607009	0.00550313009451703	0.173222942046019	0.110446884517685	0.064962300104229	0.0150964425723205	0.362907489028642	0.05206211462471	0.268772300312723	0.329035749073605	0.455954456799111	0.176375630696224	0.442309324256697	0.124665243343636	0.468212988772764	0.319385554256829	0.0859285140658826	0.350363196947006	0.316756210901043	0.307256465701502	0.635732938654807	0.333888925229102	0.668663350028894	0.480381538089809	0.390844215322423	0.123640950334441	0.00740991542128342	0.613998801200936	0.354600262658483	0.136035562478533	0.124691451230919	0.561493032050349
0.539709091035088	0.642172463481646	0.658248097081019	0.645214132718598	0.43263612179537	0.503400764350394	0.628196328381022	0.657723409648816	0.611840886914767	0.385612150717428	-0.0261090333084546	0.509159042938714	0.694695264437705	0.463055234791045	0.178851559292002	1	0.688340319320829	0.610076330648036	0.622027685169009	0.676835846386936	0.618328201564172	0.325439903586621	0.106995905656047	0.563672372179888	0.586445343273797	0.43007498371486	0.408393404023264	0.0791368664475939	0.241446657042418	0.133712151029616	0.871547196663863	0.582002474004917	0.506524319976119	0.345255272153313	0.642807304004977	0.737077270641012	0.276273695924954	0.501736926188007	0.311002293755918	0.107338276245049	0.394689743135157	0.309750609306114	0.432099812720929	0.442021716302191	0.554801677072513	-0.00245470138855519	0.0902974076986968	0.148744549195339	0.171775582890659	0.210993897095398	0.622066420368229	0.653508225283696	0.521423591285893	0.578825470726002	0.520078113300256	0.644447410389097	0.629326420451536	0.616854684029521	0.701163042912769	0.656229562525015	0.534445055410451	0.43167038268606	0.492946965963669	0.636389552238388	0.525036247085906	0.294336858786223	0.782378911708867	0.674098725321319	0.739678556849826	0.660276608662706	0.507238410617051	0.450085229881594	0.461521321895126	0.555213652479156	0.322293658489831	0.580306328200146	0.377019658515209	0.272046561700251	0.245160515250027	0.556330550645695	0.438722182515923	0.694724294855313	0.351953187501246	0.452389266411277	0.659731516968771	0.175267877012027	0.292722862034663	0.7028595702935	0.22567959683443	0.448253703460532	0.217713714204539	0.115076316731759	0.418659211275812	0.346595689595676	0.342220374115202	0.175727702093082	0.173091818236115	0.471374382961883	0.525821769600907	0.405397100187114
0.620751556215694	0.560216191766407	0.665905853947586	0.502184345013709	0.373425100618984	0.446612885458852	0.489674709953582	0.634546785739184	0.572593228212844	0.575126816526209	-0.137129493293388	0.621840444649672	0.810107505054788	0.535764863201132	0.205507929999737	0.688340319320829	1	0.696266599171083	0.597264254744618	0.557887811238286	0.545752513084819	0.334585449799451	-0.0450974913390391	0.494406152774876	0.61970573120449	0.447017351452294	0.4509136483466	0.128227243105131	0.321826875004044	0.273891329293252	0.695912570770028	0.59997115531042	0.486063412236676	0.253463364743545	0.33203489835907	0.566821914697363	0.132476485918341	0.586987716103027	0.253224800207329	0.147042171326424	0.558989287379872	0.300776801164883	0.307770175739522	0.624638817247861	0.564230507962319	-0.0100090476368365	0.062469296699428	0.0107549213532731	0.233938853307046	0.0974017484594346	0.613013700427655	0.655515768852013	0.59663948797512	0.626203409213849	0.492659931817094	0.625694278967818	0.582049504636056	0.695947878307599	0.694638733334516	0.614449017545045	0.575788011248956	0.492158996569209	0.559070181640158	0.796381810902789	0.50802095860083	0.31115032647492	0.652205488045609	0.674543182678286	0.675666822842607	0.58917437429253	0.549949566664278	0.473605290852272	0.297544347247662	0.618819537381034	0.311881938652122	0.657372487422213	0.501356197786539	0.3932596705329	0.464255798969251	0.587194339583383	0.512427592361816	0.759672391537789	0.539042470429904	0.385899325093383	0.720666761583366	0.0653325323114898	0.212307427975611	0.457286057226716	0.273955520278957	0.481812592860325	0.191428618267854	0.134189973279054	0.605218765387172	0.42879163392226	0.261725058210089	0.168824800621687	0.201837105325078	0.59683491597151	0.532712102669047	0.399610697053037
0.568548343026173	0.547290524580137	0.599968898846193	0.47079536880587	0.366051476300551	0.382545523747194	0.435067151527473	0.797042072210674	0.726175518974789	0.461275033520041	-0.184052161058408	0.493854217865199	0.694112951052336	0.429173736986287	0.184758614090971	0.610076330648036	0.696266599171083	1	0.711683798612867	0.517198889826632	0.318526059043592	0.357838700241765	-0.165769941548926	0.63201019996746	0.598552720157731	0.23631915330702	0.380565145973075	0.139743876537215	0.25379480312426	0.27947672399381	0.73167791193794	0.391080006014887	0.181767360979189	0.227782226796874	0.342730997242949	0.582693561660653	0.22113245033554	0.344043047748718	0.231291188476147	0.200097515202037	0.544404748701808	0.274457508852344	0.292001240382983	0.456390411449468	0.456694958074174	0.111736470793601	0.1537634927641	0.0675564860471685	0.275893559710218	0.120437004455429	0.57905476111249	0.601944784881353	0.467968162218893	0.556080589606683	0.39420790916415	0.545048786837908	0.432352216721131	0.56870842586372	0.597776862634743	0.666076025220235	0.509164296815795	0.421546060518827	0.446729406316371	0.615673387136432	0.464204429481723	0.169477964286996	0.506281655144464	0.526109468410742	0.642849225381889	0.58976204875352	0.472158401685446	0.45146231649187	0.430325091362783	0.597706113375601	0.389256272901255	0.545862720925634	0.407409841210743	0.39033711737691	0.418242233596148	0.495532765680806	0.467858527528104	0.611253201124874	0.456618886162929	0.345523172447589	0.633160306277424	0.191441970648543	0.298448423625588	0.421970341558576	0.301333306083694	0.489324211354805	0.245053904383224	0.144492444022049	0.519209126802528	0.50465782790793	0.189473467657775	0.207806717899204	0.292377042896387	0.561536532380969	0.490080231466505	0.357344045440566
0.501480362685922	0.607785228232937	0.647160487556545	0.509006322799822	0.282972045537145	0.392142583809567	0.538159385460437	0.758146867107331	0.91594029591559	0.37916343678485	-0.0272763131263971	0.53026130274875	0.631284548106259	0.363521318875775	0.205981704411127	0.622027685169009	0.597264254744618	0.711683798612867	1	0.69388799360408	0.187826625348972	0.329289820102499	-0.0600237018605807	0.620566813140599	0.706182665260178	0.255523884943731	0.41516143409195	0.0618905253736521	0.258706652433817	0.207307079921927	0.620553214847186	0.407544035150646	0.244874019026241	0.249882743523365	0.345092286718167	0.749936964626347	0.157275029142852	0.442179722513118	0.322731718243718	0.276519294909531	0.590842107248681	0.187245560713337	0.318039046927573	0.532702539359786	0.534651048690092	-0.025898360285444	0.0845820582645516	0.0852103578650218	0.217264161388503	0.0499202927932379	0.627125370946934	0.633383823800867	0.576191318013037	0.586207330147549	0.429970519363701	0.609964864025296	0.464206334355814	0.5561622256259	0.647616961988376	0.863730836564438	0.452808657750675	0.395817180107802	0.425419837641506	0.490786805706813	0.554366179518593	0.204264873354911	0.452612581419442	0.44321770639059	0.810976312417759	0.575793336294091	0.378221472913506	0.455109433725455	0.420221820703751	0.603604891106331	0.397927641137143	0.443680027808683	0.447821669956963	0.242751480409971	0.339898747933167	0.458913246203978	0.385129454846126	0.570506371099484	0.401028612839734	0.363869130019242	0.563684623435625	0.135545606640395	0.296327552939334	0.416711702026843	0.352986825821828	0.55168771516114	0.321934219938884	0.266895187984914	0.615721951372297	0.326594697203121	0.15395587818423	0.234258759474785	0.212359343913593	0.529890553759527	0.316178248638279	0.292029458623878
0.462416285882326	0.490151042820629	0.510217294597567	0.618567853131343	0.37540160342768	0.454729801215429	0.634978258628542	0.735083625189228	0.730902542934418	0.404689066310553	0.10096648378187	0.508639409975755	0.589827929026068	0.493360369422538	0.279514744776684	0.676835846386936	0.557887811238286	0.517198889826632	0.69388799360408	1	0.427203971120965	0.382466648905619	0.128292856604946	0.532521803557326	0.699613131777046	0.356051555904882	0.393247943563967	0.0999863182059642	0.284140342668507	0.145728006969243	0.599908307126997	0.647133297478634	0.543825393298342	0.32568711703569	0.489517818174752	0.664594692882453	0.294304625587177	0.593232876894763	0.437768532321089	0.20851902300016	0.435688330946026	0.306029317290677	0.445351331596525	0.50088728835896	0.708153240851682	0.0511443655943597	0.196145517167419	0.0809208165745358	0.191574369168404	0.201882536592157	0.455140461772967	0.497389386079759	0.503112521908069	0.50953587437504	0.459880294100775	0.597110870024827	0.468286881003259	0.519124224844231	0.56853433924735	0.735731335375593	0.433502258498028	0.296183262733303	0.370070459551477	0.482154418741292	0.44736601926196	0.332120357002828	0.484079080826001	0.460090964650174	0.626755334904803	0.652619071028181	0.384020390667326	0.413161211960858	0.40804845769981	0.579254577018343	0.433637407521471	0.448807680597942	0.428623455191254	0.250514354790093	0.324014866386946	0.534317648708961	0.406526951462315	0.516113777030596	0.412859534014205	0.501437696081307	0.559172035454694	0.17529628661319	0.260767783247875	0.556221271253482	0.312463493263173	0.589031999362125	0.401552477544814	0.258922815743904	0.494236714210721	0.286263154761715	0.304886533808032	0.214277091678196	0.123758703162394	0.405508586047686	0.406142905296543	0.319210723548675
0.283900485732936	0.267789392934159	0.246296952293916	0.432385237658681	0.186858839819616	0.294584235795621	0.379985586729951	0.383013037458363	0.18237366549327	0.334580298824711	0.140433176922589	0.351756694471534	0.469507705038391	0.472131837501965	0.309287855807994	0.618328201564172	0.545752513084819	0.318526059043592	0.187826625348972	0.427203971120965	1	0.135597714937528	0.198803425008068	0.22358868258608	0.196342575553013	0.307964866030523	0.152117020720786	0.191250997483552	0.159708473000295	0.149272516041191	0.521540819260059	0.550620161400043	0.58608633054266	0.243120284661531	0.448108906696572	0.334431307452556	0.192637193637548	0.401480321713671	0.214838028070604	0.0178521084220445	0.163102156540864	0.328398993051263	0.458567441202886	0.208872079081323	0.450386170786859	-0.00184397621555926	0.275079794998355	0.162075196962472	0.0306907953437269	0.387316037229806	0.229477348371059	0.275133316805162	0.168628163469272	0.225351666976812	0.285275021096405	0.288218273782484	0.365002612684772	0.424945757017125	0.365761676484802	0.211310754731894	0.239491431512871	0.131963583537748	0.218639911105622	0.393625334667754	0.125619291108055	0.324680860401139	0.417465485412209	0.504235767719073	0.277214289781422	0.360962204633417	0.330233773325146	0.162829773032384	0.218883027225236	0.205135921466923	0.226315860694524	0.402193539806933	0.174363843482622	0.129302427308221	0.232387530263604	0.406179721802988	0.466737770134341	0.452665813852928	0.267395424344954	0.412315056140693	0.384401289916313	0.0831885740654919	0.113862137423034	0.437391105636092	0.0985434674250418	0.151137354608888	0.0822877117650883	-0.026516406618811	0.146959071970534	0.171603385012635	0.356470360752656	0.0918299107961404	0.100366585096702	0.148040735312581	0.32644118593025	0.3224384516424
0.288356404078194	0.256117363030362	0.29019623562648	0.321483962299126	0.301411408211757	0.197353798154864	0.273391168485964	0.39542440258142	0.384180185595755	0.526181571896923	0.0152330856731233	0.534148981221257	0.369934160679504	0.232073151768928	0.0567676970062363	0.325439903586621	0.33458544979945	0.357838700241765	0.329289820102499	0.382466648905619	0.135597714937528	1	0.323483573667053	0.355657749727391	0.391883215374295	0.268303914854336	0.317859383483072	0.0485961946557747	0.232755396478537	-0.124451899516012	0.336144055570641	0.233669241651388	0.155755154817399	0.00824336085505668	0.0357875987396289	0.369101639851347	0.0916304823947845	0.290974634248626	0.0927293177535547	0.231749042585409	0.334834289734471	0.284890034844153	-0.00318817976192062	0.334791509993954	0.194930698709337	0.401304569424619	0.171770614623868	0.00302521280973745	0.0374926670631399	0.229508738897317	0.289723709347081	0.24941192346521	0.316436529816613	0.321054092657452	0.286805685659372	0.288317916163246	0.389830222234965	0.443852102008976	0.402411734798344	0.455867432771316	0.438789441412095	0.456192539335082	0.518242145529886	0.394237533556566	0.212000085513547	0.0844173625879839	0.364198582869229	0.311699384761581	0.459691757469548	0.405565896814309	0.404195798102403	0.559302142844604	0.30112258174975	0.328214700826503	0.203963079357352	0.363069466321284	0.329584154104889	0.172777894414164	0.249043123753681	0.247143532318847	0.176024669442292	0.461097697062373	0.0618459812246518	0.182187737447056	0.283312628225915	0.111319616348428	0.101557116897019	0.212100994403468	0.0827955439779873	0.2845941512268	0.196268682250831	0.197784421994953	0.35954301337353	0.546139565587405	0.468135374095404	0.0608099502055168	0.201812024272864	0.379704807689921	0.259081266532873	0.0966313271769488
