1	0.780782324629456	0.742254048909614	0.762429829364602	0.647204218928721	0.6278512998339	0.751826062740666	0.590320694763876	0.585897005327444	0.367838186125391	0.23035396427147	0.479608900249065	0.478413375458293	0.720257924765415	0.489696699602617	0.410569341505704	0.35859990356687	0.333525110251	0.395182115878769	0.403262292417198	0.205299593361588	0.413187694895409	0.280447373032829	0.284758853091023	0.397434542002376	0.319585997576876	0.295991951671908	0.403169193098698	0.141753053851201	0.64377998512701	0.292676777974158	0.35898210702597	0.445805101501631	0.384920517507279	0.449300760804901	0.283424355368328	0.313574786262004	0.258385456182832	0.210880397748722	0.308920505252497	0.429417894876616	0.524606669143874	0.262563544581252	0.266431170382594	0.37568163511711	0.230710330969573	0.327130078737913	0.293496646829244	0.335481904702771	0.348968018679999	0.294177662500451	0.724237804295954	0.569913625929885	0.65201916094128	0.479641494005673	0.622161314959871	0.457557677091033	0.572452361024037	0.558620620360771	0.575197375742546	0.44964231751331	0.0335088999610278	0.20990831515786	0.288103815596499	0.585102350273526	0.303401132356067	0.408477168754914	0.343301287324414	0.283371253924939	0.341523636580378	0.23508134221791	0.273949306320473	0.146312051605954	0.333874689288252	0.247810940491302	0.298293383865998	0.266407799079057	0.438802877335159	0.17655487317775	0.263970519787864	0.213373490015981	0.362137109318943	0.379508066916899	0.135730012663892	0.320677007865151	0.37592163008684	0.121432551846707	0.367803844902026	0.257715234266344	0.256633256197343	0.16431219794219	0.320263605811962	0.327980983174635	0.268584548154256	0.311642400262653	0.110441010430547	0.211312769197411	0.455405063353193	0.359386870070726	0.265427286806888
0.780782324629456	1	0.768164498278912	0.860227940283596	0.421987863053531	0.490026503045392	0.781978956454336	0.596891189244423	0.474894666833931	0.242871720873087	0.100410027942315	0.347145326807407	0.335832789948708	0.623066020986401	0.500826657002156	0.356289397965957	0.262136513621327	0.354349537811377	0.38990574880485	0.262397383505088	-0.0672402939962024	0.0966486740010681	0.0184127642147737	-0.00836639617357458	0.141940501517503	0.248954825597902	0.00979018782872231	0.169391298456019	-0.0340263723963417	0.542730349891928	0.194617918639431	0.185284196231483	0.335177845444971	0.232216255603312	0.322825721488735	0.266140719529603	0.104909872849862	0.089809592344197	0.0781578644585624	0.119376157771192	0.223345051542849	0.388194807053009	0.0579654799601428	0.0587221081710343	0.197935727383703	-0.083865161321427	0.0260047996147899	0.111212411987387	0.115777622376356	0.264351470118898	0.127014687613111	0.761893487360854	0.572697649970451	0.507273886066677	0.336553363672146	0.619380811406617	0.310032308312052	0.505648904123398	0.47844857758635	0.490148580737681	0.273875698950521	-0.0717032690914164	0.0680083432151299	0.226572396351318	0.530508459190213	0.132157246221329	0.290760675911922	0.168644000559599	0.0627339963945535	0.233188191727164	0.0191824032178466	0.0760095595054038	-0.13421735331547	0.147232777392345	-0.0691739453489275	0.273749795460472	0.0832424340005625	0.281530848220296	0.140385298606174	0.0585574938131049	0.10981576845014	0.231264494549755	0.242670333304635	0.0301020237808735	0.26858884978626	0.439032185883855	-0.0931008787778766	0.280069236875416	0.0716137024070429	0.209414889307207	0.0377670555310174	0.150362288207157	0.186955486770852	0.0408581286814056	0.0610863238227822	-0.0358573514034048	0.169487788526901	0.288420913089121	0.179815124539175	0.245115909267576
0.742254048909614	0.768164498278912	1	0.788369195402033	0.511309561735464	0.627413246807723	0.86263583809434	0.526865027156281	0.514707996497943	0.377856669164398	0.220256190593187	0.498970168678029	0.4339513509971	0.65135736735301	0.484363545038572	0.477064557387475	0.316894375095811	0.358345032658093	0.542984399695542	0.342124008405226	0.195410709055592	0.232560860819703	0.120585011630193	0.280580217224326	0.341298031590418	0.427237121210775	0.285629496930034	0.317607009802048	0.10418926229259	0.617483059895821	0.268264635206106	0.316292962834981	0.435098050894725	0.451871425757805	0.496134610946261	0.543038540195735	0.378719970723746	0.344712787724888	0.253296670945781	0.295716831576473	0.231915503554965	0.427858299972535	0.185136522520376	0.318005713401392	0.392812377877614	0.0980942914368427	0.235335785624639	0.293795929102086	0.181800270025837	0.368520828549323	0.168351764891561	0.730654120488814	0.616261041437411	0.634755029301775	0.420185091221716	0.753002162320762	0.488317786880454	0.62206036144961	0.594140715452833	0.461863072804206	0.400017545052882	-0.0511608471925092	0.251295637353089	0.407970925805814	0.581995995470003	0.328390573751201	0.425643923177902	0.326312367047787	0.267853144354384	0.361085586953116	0.198305136761327	0.218576121163633	0.0916459224053218	0.363451102466219	0.20798475932938	0.465244150140933	0.318216314383437	0.357584514825665	0.148922814037032	0.256301244564568	0.31679544593877	0.424555395919829	0.350996222331134	0.158505564527424	0.452329670552989	0.558574974627399	0.221700591944354	0.466414612407784	0.34927261969279	0.378775083342508	0.193404578803914	0.351622740207451	0.458981480811367	0.219633580200352	0.323701470155141	0.119802947807029	0.281580663389886	0.422400551499853	0.260517249194284	0.398463388744555
0.762429829364602	0.860227940283596	0.788369195402033	1	0.514968669018544	0.628147076917079	0.84043234540203	0.555877604315968	0.496075050822262	0.279793308697607	0.185655579389673	0.407186268753888	0.437137767308304	0.581939045587858	0.59020611369428	0.462117347484443	0.276358764177195	0.386827055158941	0.449720452370857	0.346108419746791	0.0538626211438112	0.201647578922119	0.108389508145527	0.0970385641414921	0.263015376047295	0.304378948204084	0.106127872715035	0.155913514706644	-0.00422404512729679	0.53410010699162	0.293632041580252	0.282512666181408	0.41911706281129	0.305268002835191	0.364663202269742	0.349668369797838	0.164275296920111	0.148064358130839	0.105499725951294	0.166562990279895	0.233262917519969	0.346496671576271	0.129239679782346	0.116200430058999	0.242576394811477	0.0459927486150345	0.137763356219132	0.186236666356625	0.136079066119467	0.303079706900608	0.216189393638949	0.744279422946765	0.566241228176239	0.662531864957616	0.423505863081269	0.692479092761275	0.487212467712055	0.579497040325638	0.503730545952231	0.497610862451838	0.309268398885494	-0.0144344316385108	0.138063702325561	0.372579472863983	0.503250516284601	0.228607770101745	0.371109463405628	0.342044858281965	0.129751027237414	0.311222347482955	0.0997824102468444	0.179351361860201	-0.058288875144761	0.278242642069033	0.101637478600434	0.337546165509433	0.157840104927575	0.308969043560711	0.100561856884403	0.170400717956197	0.186023373837007	0.353587100871886	0.196475622388818	0.104229127331213	0.29210223233707	0.417528290928416	-0.0675110212810935	0.339472790121698	0.226393361565661	0.248922009446292	0.015899835015638	0.228882456780559	0.270117398081511	0.0957159674652031	0.150837797195618	0.00854118147516103	0.193057344046057	0.308588426366423	0.194814959830027	0.324487579937084
0.647204218928721	0.421987863053531	0.511309561735464	0.514968669018544	1	0.753237747804962	0.586007938180428	0.396594662108144	0.498424096377981	0.471544380567226	0.374348978263469	0.550675816471279	0.531823072821747	0.475032412897421	0.37503108009684	0.463953849348303	0.365300726790884	0.238923729220259	0.360997771264204	0.392490000793189	0.389545367863586	0.525376402538614	0.425219403014481	0.38863096503413	0.510424228299487	0.36279019360425	0.443109793003106	0.288231462611863	0.288634332327041	0.466329081969832	0.381501951612777	0.418470488158653	0.513187366314552	0.327240994623125	0.487867660054767	0.297848017222658	0.271482998956907	0.346112614317907	0.142195038915059	0.276117434802592	0.482137219345303	0.376854102388814	0.290624858388816	0.319895847243232	0.428781666988045	0.4721390486562	0.458412377569504	0.419334535032284	0.464408798640819	0.329934627449146	0.358542454438925	0.436320407565082	0.486507683552949	0.696910761282027	0.493787225348763	0.478959114520967	0.503686543373284	0.50372214283558	0.492230846485478	0.437844397852927	0.532702237908841	0.226387313518334	0.415473756982774	0.400811163858231	0.380993935719821	0.388874345498468	0.454142408540892	0.454607929033452	0.374404311742514	0.344406260517995	0.284837885720641	0.428455936034042	0.258960486588597	0.473222876645487	0.323283304645228	0.27466951900545	0.412203020226173	0.23323622648248	0.0777240888097905	0.362273063020513	0.288358307061422	0.382451664948521	0.20096587461687	0.256067351035239	0.25001479431024	0.270934140423035	0.126772476092322	0.260587575448596	0.352620044279433	0.231917844215892	0.0728544974766091	0.327476021000183	0.3059835037225	0.382097353673008	0.391544712264754	0.249309140364216	0.284880313935736	0.301807667438545	0.390532169611347	0.416012216302203
0.6278512998339	0.490026503045392	0.627413246807723	0.628147076917079	0.753237747804962	1	0.730980852519337	0.367894166970793	0.49583519741656	0.560388521703377	0.373972938124529	0.572671296728071	0.467765576416349	0.506221153329006	0.535297904328457	0.510444869552003	0.311592901230456	0.237504820270528	0.395653436295878	0.394383722992308	0.424984018630884	0.498620929054935	0.445338268996892	0.402155978433657	0.459646728346907	0.383761234484808	0.455017682607183	0.318171700861875	0.279089565642386	0.516826113978369	0.303842303519384	0.473999029845462	0.545120146567746	0.466534855630338	0.581356721821218	0.491982714198784	0.313954339436836	0.368272532351532	0.34110529349593	0.426070393219357	0.415013832502104	0.53212826714575	0.337648612012427	0.370567504721356	0.420814958811488	0.464794703804315	0.486107800883912	0.620226467466358	0.350004065077113	0.491316866498898	0.32757437916088	0.481138976587035	0.585850344846418	0.782618553227281	0.640881440198435	0.630838172839485	0.571603750471168	0.588560035960485	0.550743106385671	0.478308020842141	0.571351964480954	0.178527889780216	0.420478717958153	0.44184736192062	0.493672857599808	0.509020319635821	0.549946417113095	0.475268357508417	0.465749477963689	0.43963695681553	0.280878715480677	0.492652327365267	0.282347055353415	0.509714449604162	0.259582245800143	0.354340876873226	0.443430122069796	0.261049686261809	-0.0105600552602542	0.400720931028195	0.36604204044138	0.458182939297005	0.3173929962208	0.285017263526803	0.366955213150418	0.484671761113362	0.180285309505852	0.490957344850906	0.456283379031966	0.374950928090111	0.298626506747134	0.516868690089035	0.432008055826507	0.378299228021741	0.430744249842958	0.420433080723194	0.222536622173998	0.4402842617041	0.465928114961049	0.44368737064209
0.751826062740666	0.781978956454336	0.86263583809434	0.84043234540203	0.586007938180428	0.730980852519338	1	0.564944996564071	0.539130074694979	0.405551363899987	0.277172094349742	0.520542729862568	0.482862945031749	0.637821923070383	0.627345103311857	0.558625537830936	0.329688340594255	0.360371699133251	0.534990549290015	0.367334581382477	0.226153455476187	0.347904254999574	0.266266040614181	0.288726215823252	0.359878437414245	0.436916556004457	0.335343806121953	0.316837272575535	0.202043507176918	0.641963750516139	0.331540437540353	0.423998546178412	0.524263228258358	0.510883421341966	0.631410839458867	0.559845991727048	0.332916795482587	0.361889150626594	0.33402935469414	0.388238183605286	0.379490366018773	0.506317002944669	0.320997308106094	0.379001103593754	0.44649633969817	0.23828285991426	0.349822250146176	0.44202719772826	0.20948647068594	0.440167645328011	0.225332826958401	0.708236383733923	0.643571827165872	0.687943404543799	0.515125752836233	0.826099758110666	0.547243002406121	0.665327392090664	0.63898653557289	0.489581714830257	0.471415828616766	0.0983636247186588	0.355880183736189	0.497942235422803	0.60618614857417	0.395760894139435	0.527369270505937	0.402232486686955	0.351491718688299	0.405560700572127	0.272007554053736	0.35050339552338	0.0784748907278787	0.378257026121892	0.196083079399223	0.507979338365627	0.375990483148367	0.369286211988163	0.122839007297606	0.342250005294431	0.334665902123095	0.469411817744672	0.367043077584139	0.241082275837346	0.458647865268807	0.612714002757607	0.141464505136397	0.598043426571225	0.362825955871251	0.427394632277339	0.292102544119364	0.444858413412707	0.515376863307159	0.235756405683535	0.351604963329242	0.251026299445391	0.191694098012543	0.457713476343129	0.303686112131696	0.410506858389878
0.590320694763876	0.596891189244423	0.526865027156281	0.555877604315968	0.396594662108144	0.367894166970793	0.564944996564071	1	0.688167410237226	0.34518247279449	0.31271424725616	0.473674576853969	0.573692450898608	0.619523785268772	0.313856947552938	0.552466413487694	0.576798382656648	0.689075301033117	0.657945489496747	0.609792530700445	0.253827825279483	0.212903977721067	0.240016375577873	0.243006733891936	0.376218807865508	0.284463807047119	0.258452347563933	0.232157604569142	-0.0049832382522544	0.492142912144153	0.435628581018526	0.283669421958613	0.495397148183163	0.262893353859355	0.343866909874769	0.399436299180255	0.326785295249672	0.298262638798223	0.204703663785942	0.17731803223956	0.201012557915398	0.437151412250218	0.185708124942586	0.189502400508463	0.293389409931668	0.211710404126612	0.253536665252212	0.242280556456013	0.257040252691347	0.361045880769879	0.181512248068173	0.571622325253451	0.538418349499464	0.410569239189744	0.348152752045845	0.536934673623481	0.428069718463735	0.664338170069104	0.670189944087007	0.464798873728289	0.288039174087759	-0.000596474476182913	0.245002078608067	0.454837336885134	0.47713938421033	0.185659965542909	0.504114827411003	0.501736507005855	0.298506097521463	0.592179334842263	0.355783578340343	0.221637205559095	0.123332678938936	0.416402689345872	0.313700293116018	0.388282960859791	0.204733118809007	0.323418114796021	0.0357500212211304	0.414619830789814	0.270187373307033	0.474149510617521	0.173372208565052	0.265283990209974	0.397814024259936	0.4290245132171	0.205660874247611	0.39651479753535	0.342276376572617	0.410227409515402	0.141221357880022	0.190025408479462	0.313673339392167	0.234408543570642	0.213806115185763	0.247235412173091	0.111170845316459	0.292657484803567	0.139909374727541	0.372715207372662
0.585897005327444	0.474894666833931	0.514707996497943	0.496075050822262	0.498424096377982	0.49583519741656	0.539130074694979	0.688167410237226	1	0.44964888008582	0.305844164318156	0.522524291160177	0.438103673721352	0.576505844311394	0.425444902479826	0.487244419715846	0.349116757009253	0.379879568159644	0.611322221449253	0.674286057127336	0.381643412640437	0.341132315963699	0.334785246485305	0.445853588253206	0.584853040156146	0.499449669319884	0.470978020841316	0.34825935817105	0.0700533572833445	0.487611152164949	0.422596279584086	0.364521623681711	0.457415671755181	0.378696861625096	0.417863298903368	0.477957527885874	0.431719225697971	0.441495834595657	0.231376637358331	0.319228542954495	0.333055033890773	0.507513607576299	0.350614027514921	0.370198703663221	0.417869441569327	0.363000762832866	0.46242966752162	0.388047245722957	0.401624708405719	0.464877510874953	0.301927351183026	0.543195677734519	0.603157516429309	0.556144605243499	0.430488114631868	0.576141398323429	0.527889003101962	0.5965616214958	0.677683797561094	0.776772486359687	0.407409192437306	0.0257086721667535	0.428559696368951	0.426184355019275	0.472159789988791	0.376864207638732	0.500944324188673	0.426800521696232	0.43901445492717	0.545424751201506	0.28033355896497	0.361687643932008	0.310319392332434	0.581894384356385	0.426641625373755	0.376921135012126	0.365986845295359	0.349235613078154	0.195482205265045	0.395831213715273	0.345608381911295	0.464036504946195	0.309641328639026	0.332176404772079	0.367286851612285	0.39527355109999	0.29987040387202	0.356071969876595	0.375298761707257	0.395450636904174	0.123968689605994	0.302604214091732	0.435936860340726	0.383629108335288	0.368456014198135	0.283541670244882	0.287484869284393	0.362944726557356	0.325900692952522	0.397080490189258
0.36783818612539	0.242871720873087	0.377856669164398	0.279793308697607	0.471544380567226	0.560388521703377	0.405551363899987	0.34518247279449	0.44964888008582	1	0.595192608410381	0.804560568980757	0.553189902999465	0.500642465074197	0.472421125088215	0.425672509855291	0.511670193096847	0.394382315215138	0.274127590893157	0.511104196085993	0.62480452719501	0.67831549919917	0.490232499445448	0.400165262848386	0.421477832285176	0.54231064815649	0.558652549355787	0.356201010336748	0.169955187203653	0.497556580027963	0.473595654542215	0.651132229349074	0.551440610793395	0.494425867606025	0.393801431968384	0.378603304435819	0.438509417294773	0.447389978752434	0.307690154927307	0.562682653075827	0.4037025774648	0.686400586371203	0.502628386828198	0.558397535696712	0.527965392991995	0.537922338685705	0.643981786382356	0.490909024885008	0.406191363113949	0.705804555627572	0.311039568444785	0.323333168519157	0.606722830741741	0.513367029857774	0.332771510415749	0.464091160922355	0.414980448591572	0.465198164740137	0.451679211949951	0.429901151770553	0.729431596021566	0.336916604926316	0.469115861797773	0.512005448749893	0.532020182631108	0.6156044498127	0.498470834696667	0.546902069797589	0.272948103878203	0.485760691748608	0.449658358220754	0.594060773867569	0.328338618002569	0.516715911367956	0.440794180036077	0.446474037534907	0.629161059853717	0.307106368667579	0.15977244973374	0.491931918511755	0.566031342196532	0.535692587617531	0.364103865870995	0.568107088653808	0.480761917121647	0.494319791599209	0.305202953079969	0.381033997493495	0.530871268836217	0.527582684328365	0.29280479088869	0.561016617285742	0.565498108193949	0.608581889798133	0.618120848898601	0.352759012893116	0.300463878693792	0.568377420091038	0.601402984706605	0.618001650465803
0.23035396427147	0.100410027942315	0.220256190593187	0.185655579389673	0.374348978263469	0.373972938124529	0.277172094349742	0.31271424725616	0.305844164318156	0.595192608410381	1	0.541429772211333	0.537346754670718	0.328295164019361	0.322585580143317	0.419302153935162	0.514716808622134	0.395045811965083	0.186854486636233	0.352230681092998	0.460348921791772	0.433939040609783	0.376114019945552	0.311658312395579	0.357792568996062	0.397892743872237	0.399865792656475	0.274078949668971	0.17364672650211	0.348653919795006	0.429628452703845	0.568526930010613	0.537107648015283	0.332346820102533	0.308458515938542	0.328980745141879	0.341635117621869	0.330313903288524	0.320760816575904	0.359049534761154	0.37456652367113	0.487043308320555	0.387234448501882	0.474831255516307	0.39117366852367	0.457404985715863	0.458505875040256	0.320870053997669	0.28606133697586	0.425415951567806	0.427124187429177	0.216421812251919	0.363349328546449	0.320149298825069	0.288567648650069	0.416358453611665	0.284193541730993	0.339854171848075	0.30960904577979	0.331096057349937	0.485536729518673	0.25514020879025	0.341721377929158	0.540640315990277	0.445926182332268	0.439900413050719	0.376530622013904	0.475081070509821	0.243432947346606	0.416617668004098	0.427976710182001	0.501814979715505	0.193766109538038	0.470223191637031	0.414941126149871	0.383154370104062	0.383779290088147	0.0802689674927785	0.159833532156235	0.406681155029793	0.528118609264931	0.554981220987306	0.302282004133452	0.315225907361318	0.362810525424268	0.332511593441154	0.235035089810387	0.353442854210052	0.378676520841358	0.483149279910567	0.286363608285254	0.393744854173709	0.459103446373957	0.545789153330359	0.452271507524127	0.381168633376379	0.328063961569498	0.410975254657276	0.399228901035771	0.49545000159816
0.479608900249065	0.347145326807407	0.498970168678029	0.407186268753888	0.550675816471279	0.572671296728071	0.520542729862568	0.473674576853969	0.522524291160177	0.804560568980757	0.541429772211333	1	0.645918478835727	0.498655029323007	0.387169603375003	0.460420881161891	0.550597847084976	0.437030748587544	0.386605203562482	0.575935144020435	0.643186955237487	0.64312323828038	0.528232032060879	0.451027317246729	0.540977885763853	0.570604973459927	0.581619359007883	0.40063249746316	0.267841293280447	0.521394814883219	0.465177581538004	0.640979385359997	0.58476717959856	0.514914519991535	0.465244418511072	0.445350569631983	0.458960135576929	0.476972055681462	0.356142678479695	0.606491237960665	0.344229745688382	0.589022648397235	0.483354278709365	0.561753765055636	0.467821859938261	0.47665341679403	0.612995186080818	0.489526264555101	0.433347674420258	0.603956124828919	0.307959033405953	0.468916151868544	0.575371074608637	0.593512076280386	0.40112259767822	0.555284484499601	0.38395510889102	0.537187514012566	0.562723653121372	0.486701173801922	0.770174148381376	0.34566573392731	0.437722641591841	0.527470204433771	0.58319294217013	0.574938226047004	0.441552505646737	0.574602299055682	0.320233697252011	0.565000255191086	0.511873749652984	0.590428175142935	0.312296087553947	0.58522472586863	0.5165970498111	0.522557405534738	0.596090716610306	0.336516478590773	0.22955695008428	0.545548090555268	0.566553007422789	0.550530263076551	0.418173727994477	0.494796474317496	0.470920934751196	0.506819405365277	0.339446390753545	0.35315295849238	0.553198356123695	0.491665538689155	0.337979006722311	0.571466457155594	0.58300383080597	0.621743228756675	0.603150926726221	0.421312195458451	0.356030681660291	0.559449340601617	0.505436201947207	0.660298710416598
0.478413375458293	0.335832789948709	0.4339513509971	0.437137767308304	0.531823072821748	0.467765576416349	0.482862945031749	0.573692450898608	0.438103673721352	0.553189902999465	0.537346754670718	0.645918478835727	1	0.488167263736187	0.389267738103255	0.603524991945627	0.689866678006432	0.649623452315929	0.407677958692956	0.513602381062872	0.513042661776478	0.429062950578707	0.447203380870476	0.404591762761661	0.45017598647703	0.492774300181283	0.555788009873306	0.35107121528123	0.309878137087434	0.430753682846863	0.643343601321402	0.563228508419782	0.67253324725695	0.361761080914966	0.435115702066437	0.37256500382072	0.481210320459176	0.413645810697246	0.293761762192481	0.301592102809131	0.290227197969491	0.486804180478187	0.471088171869889	0.454405053294177	0.493279695031353	0.396307313279018	0.492531810323589	0.348367067099674	0.510775527733346	0.421416371287478	0.44440396565721	0.450397464003471	0.556270985084062	0.534982265015636	0.453587038577308	0.50596961026511	0.386238917000316	0.509144960798378	0.400447580045847	0.2814805431377	0.574632098327443	0.300349004548397	0.382035203764142	0.582343496852509	0.467604573607336	0.404818306629634	0.512197632073504	0.506761621499134	0.227959196149047	0.512210777474554	0.539401532069581	0.422096626051481	0.204972180356586	0.540297355309357	0.515834978527977	0.473558815887222	0.461529434928462	0.386485064159846	0.2285588139252	0.495952939545096	0.45712906234086	0.630599993910253	0.228464683905646	0.466012446584211	0.374727534492193	0.292343599519067	0.336698252020135	0.415974742061734	0.544133638787019	0.378500935507134	0.220976149220362	0.407097972605252	0.496195107207465	0.484412028018406	0.45617082261099	0.313418019399475	0.371558701803615	0.306632475468927	0.396466796166313	0.52404833014684
0.720257924765415	0.623066020986401	0.65135736735301	0.581939045587858	0.475032412897421	0.506221153329006	0.637821923070383	0.619523785268772	0.576505844311394	0.500642465074197	0.328295164019361	0.498655029323007	0.488167263736187	1	0.469660662582783	0.535802255186775	0.507912932318985	0.524561855916916	0.534250818481272	0.476247440458102	0.340624931821145	0.31331048784322	0.245840549772893	0.255115024620958	0.321657434434507	0.379881060621809	0.270698769074549	0.420000943120581	0.190347990913879	0.833142830531108	0.420500048272688	0.471195259362393	0.509971791651062	0.410054143551087	0.377068333506819	0.400663687725057	0.371033764488504	0.282803447725082	0.198650140808459	0.307496601649714	0.32311339969185	0.600822426537482	0.282509371126405	0.249075956550315	0.44002072880386	0.231580139346236	0.350658078562205	0.211753290648639	0.385126398455851	0.392345881501321	0.188807833541334	0.610144387521556	0.578944200136766	0.510429308695269	0.402819920570325	0.613148315513832	0.444432960246707	0.637300859316322	0.614996824371414	0.508360701368489	0.475033871759296	0.0121804298667047	0.311764587892337	0.411298924905435	0.648120870526761	0.332644602984303	0.541312647350095	0.457577601426015	0.319445176576688	0.442430433042092	0.325232509570301	0.253769097635983	0.158558422533506	0.321149166509585	0.256287658213697	0.397627303906305	0.30788719936384	0.479247974904895	0.152607816921362	0.315539949444379	0.269214171917441	0.45424889354693	0.27513373528438	0.183313551593051	0.433994221012776	0.478374412973822	0.262174641726214	0.466018934302657	0.222185378143819	0.350839561794117	0.165487367305496	0.293813393898464	0.347246232881828	0.215577139064729	0.309788338619255	0.123968653531441	0.146928365287558	0.446708926788828	0.288115586715676	0.310239432133158
0.489696699602617	0.500826657002156	0.484363545038572	0.59020611369428	0.37503108009684	0.535297904328457	0.627345103311857	0.313856947552938	0.425444902479826	0.472421125088215	0.322585580143317	0.387169603375003	0.389267738103255	0.469660662582783	1	0.486062867384822	0.310864482609083	0.273337788228358	0.264393713657499	0.345927832631721	0.280551809647909	0.375784758860825	0.318411704844699	0.250971763662468	0.297997172733818	0.367851070296847	0.372942971295508	0.246714131139719	0.217552886721239	0.465308329349911	0.346201387124212	0.466743192757798	0.441339433246404	0.396529988771666	0.409880927397772	0.381836316455417	0.256659910339109	0.346455724536599	0.277171406206582	0.38771155084855	0.434125022260856	0.525208853392433	0.405158189114501	0.397335228080455	0.423005183915895	0.317045242529203	0.449194624524207	0.394595514449226	0.264007386206661	0.561843637176767	0.240386805996491	0.454204974529708	0.532170817456854	0.540680441067914	0.423009842837734	0.558383349694493	0.41344349902716	0.503114317845003	0.376008948767318	0.498210971625208	0.386045977863909	0.166547422327853	0.162547304850535	0.395775008404805	0.522676177262561	0.524968918091352	0.450221664413479	0.37225672505928	0.162052354232702	0.363077264332236	0.33260803375257	0.387552249077947	0.16926043330262	0.385724796039382	0.229014543771939	0.375297391351481	0.298824630639337	0.367974996332985	0.201743882168777	0.258666323363838	0.379488590316408	0.476338155997516	0.234212269314715	0.303808718010097	0.375014556801489	0.40102918165889	0.120527527651462	0.422581897845434	0.354979922277587	0.37074244112987	0.138279825476994	0.453209843263592	0.437206152834023	0.279738392889226	0.319929479688635	0.213607436405977	0.199376619455918	0.376335711479143	0.326733114221315	0.399331539512028
0.410569341505704	0.356289397965957	0.477064557387475	0.462117347484443	0.463953849348303	0.510444869552003	0.558625537830936	0.552466413487694	0.487244419715846	0.425672509855291	0.419302153935162	0.460420881161891	0.603524991945627	0.535802255186775	0.486062867384822	1	0.49806771135329	0.604976245307252	0.681479703161633	0.497904587367996	0.479904410728036	0.190437218991581	0.236347062599648	0.428849226876662	0.428976056433822	0.54957536634141	0.446316342015544	0.292427307557128	0.241452605405066	0.573998526814044	0.819781992711597	0.612240287860334	0.564040202667666	0.431447327849637	0.686063221061849	0.771896301812538	0.52048624817025	0.53922997954992	0.440040206566933	0.347839200179543	0.279116615165619	0.440241438100542	0.513466801270397	0.456264252512321	0.632710268388224	0.289713890502231	0.442384928009837	0.432154039203863	0.375115301666611	0.34443559641142	0.205584313217006	0.365498275643104	0.599603595374122	0.4883238700358	0.500252921621703	0.686516383358293	0.5155594618518	0.568167862015717	0.517111673906926	0.263295863977516	0.295194403575498	0.0794004112430252	0.294185844375358	0.419717577762271	0.456829130209379	0.402083016489598	0.760984226696107	0.483642936606498	0.496939355551052	0.605908326351837	0.32535958728527	0.212089065669542	0.197229216651673	0.483367594179496	0.371747097362266	0.605359991892463	0.436737541419464	0.451279025018835	0.172905315039641	0.479579662244443	0.498715489916811	0.679709395413136	0.216714916127126	0.421805391692363	0.57568666305955	0.441257617699388	0.339029789723324	0.730516837373282	0.45443558200545	0.529711846497378	0.345177950152351	0.401719571561447	0.556298239559598	0.263227065470349	0.351153425646011	0.367582807803933	0.131575507063194	0.25866856732383	0.278028243773309	0.449080370776414
0.35859990356687	0.262136513621327	0.316894375095811	0.276358764177195	0.365300726790884	0.311592901230456	0.329688340594255	0.576798382656647	0.349116757009253	0.511670193096847	0.514716808622134	0.550597847084976	0.689866678006432	0.507912932318985	0.310864482609083	0.49806771135329	1	0.793165250943635	0.422055617830006	0.542882508431554	0.644635505858895	0.423567788442968	0.430834716335721	0.18499583572484	0.391806938469393	0.358416892024306	0.471799740717097	0.282427309178711	0.318368156438165	0.512694784398933	0.560414275438856	0.6046861996601	0.57044424050227	0.38197190959935	0.239056962070719	0.304576161359352	0.310718058191802	0.267420742084976	0.152544359594835	0.339432589264636	0.232920542331933	0.564608435765957	0.334910658753408	0.369014028893474	0.380865802423352	0.415305619357936	0.502889497407523	0.257351597408097	0.317413635228082	0.516331171703062	0.246647673292613	0.294588150715232	0.483962038706404	0.360362796618826	0.26969618864497	0.42772385543986	0.320765751981799	0.523246184200455	0.459585186751015	0.253130869873046	0.484356223261319	0.230007925316651	0.177115060355067	0.475566096428532	0.509714039753099	0.418017683414118	0.539698726021013	0.540214584540481	0.332594376541681	0.614315166428655	0.516824266078312	0.409983740555666	0.0527075346825204	0.478144868069387	0.573633243369695	0.522106174771024	0.443084955316974	0.37473480928767	0.212634926827964	0.549405041553363	0.50223104428441	0.608733269925799	0.212509381193219	0.538719601066641	0.438630049361895	0.401288793291606	0.20933899296065	0.36276927479245	0.496466777963249	0.420738364156346	0.0995648346989436	0.429802402241638	0.442550203821753	0.397236798535751	0.479512952886327	0.28626287955064	0.181298990232713	0.390122889031842	0.385636810654026	0.524401298362625
0.333525110251	0.354349537811377	0.358345032658093	0.386827055158941	0.238923729220259	0.237504820270528	0.360371699133251	0.689075301033117	0.379879568159644	0.394382315215138	0.395045811965083	0.437030748587544	0.649623452315929	0.524561855916916	0.273337788228358	0.604976245307252	0.793165250943635	1	0.545372388116193	0.45100146040039	0.431218477007134	0.246591824056296	0.227041788594153	0.0936378766931325	0.259631888139782	0.290063712106903	0.266026863016578	0.160676441888771	0.170181710676426	0.537181250765647	0.630108809060954	0.405567490320413	0.525801601499425	0.273380822990927	0.157898216213351	0.338821137785753	0.24162805683205	0.188306503362477	0.0445005192712693	0.167784217652199	0.112782812320145	0.411240598864625	0.174137720040088	0.178290995828695	0.302681309197079	0.143775551126141	0.299223466539388	0.0508847502394329	0.180633760160679	0.357540952099827	0.177395015550154	0.371522785564116	0.519860035444337	0.320985701253341	0.174034816169112	0.44958612851916	0.269835619198959	0.486104559731291	0.445235485374389	0.241116867830126	0.357241495820062	0.0842533447332589	0.179739644768602	0.42502770593386	0.495350639522861	0.253452873189169	0.556811091193845	0.464339524676801	0.241635360142549	0.612147930083809	0.355109866405321	0.160061300193885	-0.0979405225904672	0.35287015383198	0.374426869379188	0.55092318312995	0.297736702376543	0.377262293705155	0.0911269679911421	0.474432527871195	0.412053736935105	0.554713394608304	0.188298313775867	0.441495863183258	0.445066336002456	0.420263416073463	0.123265684271946	0.350381766818488	0.37165302555045	0.404372979674643	0.0156467665417208	0.245629525672004	0.355855051114793	0.181315709787737	0.267715146200789	0.0972396204441923	0.135863999198876	0.292072937167295	0.187636571416046	0.361992630952517
0.395182115878769	0.38990574880485	0.542984399695542	0.449720452370857	0.360997771264204	0.395653436295878	0.534990549290015	0.657945489496747	0.611322221449253	0.274127590893157	0.186854486636233	0.386605203562482	0.407677958692956	0.534250818481272	0.264393713657499	0.681479703161633	0.422055617830006	0.545372388116193	1	0.575310101646653	0.356359772851947	0.140558920641652	0.154969516314157	0.378370626540678	0.425955673675269	0.38485901971807	0.3099807254026	0.186249826807174	0.177718157572514	0.52063101724728	0.495619193851817	0.286945969527177	0.355660438645237	0.318673417861307	0.518229684983692	0.684830249571682	0.43485702207269	0.383258591684338	0.251978413068675	0.177982696629355	0.230378457430646	0.28584318135693	0.246080454036551	0.245547223150986	0.426578879886245	0.145402239344925	0.254970967531287	0.288616095335964	0.299105649257927	0.248554187504444	0.105275296866275	0.437929681203583	0.578780836399678	0.346043100598695	0.405010016761456	0.533462064202378	0.484294272545881	0.575495454737651	0.645814768916921	0.345812858401415	0.259840511193211	-0.110959818920115	0.294276807871962	0.302550028619761	0.431753771455732	0.237810918524843	0.581177585168022	0.40191057028878	0.615773172929492	0.561974548841822	0.213805696505788	0.125728972005682	0.220129380379318	0.425780927482956	0.379711518679076	0.475596931678664	0.276027421125242	0.375404318558231	0.136833648951095	0.390263870796442	0.301643641641489	0.398034925454097	0.250702257619181	0.254260202863874	0.441323909552975	0.392235234520243	0.283589237776905	0.523727991452245	0.382847978794096	0.418210890244868	0.171489725630161	0.241000160257734	0.359140503251416	0.134289090598058	0.214675221777347	0.238894220241984	0.134431802977218	0.215166734939074	0.124369574259128	0.284848844802701
0.403262292417197	0.262397383505088	0.342124008405226	0.346108419746791	0.392490000793189	0.394383722992308	0.367334581382477	0.609792530700445	0.674286057127336	0.511104196085993	0.352230681092998	0.575935144020434	0.513602381062872	0.476247440458102	0.345927832631721	0.497904587367997	0.542882508431554	0.45100146040039	0.575310101646653	1	0.554936681157048	0.328547154858145	0.403627500723914	0.44064975469537	0.608276425092699	0.552675612137806	0.556308860692652	0.262346920206701	0.213408396789872	0.442205798080604	0.512212242784138	0.539799284149481	0.574521507767601	0.389208099668893	0.364005657316665	0.469170486133224	0.456254552577076	0.418940519931747	0.218368916344904	0.316353264922686	0.199256679495164	0.453866050904915	0.346086936744671	0.324053868329991	0.462060186546667	0.45815270873768	0.482885685266624	0.384109312732381	0.397128887122851	0.450894831583716	0.268089128081851	0.43127972209768	0.571348044092284	0.39992190197963	0.30642214794517	0.470118668405889	0.468185059855269	0.619364766765181	0.576032512162258	0.47600485236395	0.412144266289796	0.168951107623034	0.307335463016028	0.472350753698451	0.466717035412604	0.424595902007982	0.507275363583054	0.623112482490351	0.44636887333495	0.75852103786118	0.406046588215985	0.435635738446898	0.455735352140122	0.649698066884259	0.63137016100134	0.446493716203249	0.412204349773734	0.304106076450359	0.216477425305012	0.576806108326476	0.475775230242544	0.58599551923264	0.255497084189741	0.453732185418717	0.461868612466986	0.345029541155198	0.415170106744195	0.360427049256078	0.581423212193325	0.463016766604363	0.139095435192655	0.352147928406526	0.38187314129441	0.345560005313971	0.403800569746225	0.343808021814077	0.151468310040301	0.312353737263262	0.258346759193699	0.588529586758376
0.205299593361588	-0.0672402939962024	0.195410709055592	0.0538626211438112	0.389545367863586	0.424984018630884	0.226153455476187	0.253827825279483	0.381643412640437	0.62480452719501	0.460348921791772	0.643186955237487	0.513042661776478	0.340624931821145	0.280551809647909	0.479904410728036	0.644635505858895	0.431218477007134	0.356359772851947	0.554936681157048	1	0.544687620124327	0.552711305782456	0.513890028250671	0.502754060172687	0.501486518949358	0.703348567122345	0.453321679222835	0.321442130167107	0.418508432182328	0.556572701019236	0.714235034922904	0.524102828068951	0.445542047669585	0.465162426312942	0.441517015786349	0.46701413716046	0.484925891540109	0.363718096183748	0.58019684818755	0.319715297469389	0.511355075445619	0.541499747926938	0.580922041151923	0.528508805901703	0.58486673683535	0.724961027509918	0.527053086828673	0.408360711802022	0.574583534730738	0.255550762447137	0.116339552623527	0.416261009921292	0.432880828372743	0.356620465961615	0.357425517534351	0.40311044090139	0.446494767274104	0.332830161779097	0.219443050495404	0.599245206609549	0.417151568531025	0.436491226801338	0.421219765261409	0.367221875361772	0.560069703426069	0.539443460149526	0.556997112381964	0.519639513414974	0.584186701977917	0.588382459787064	0.594539734987862	0.404185311944635	0.615055973038959	0.640374147088376	0.521305100200717	0.678355034259856	0.398430106421227	0.26712174144699	0.562388609398658	0.625274843423222	0.644402309121962	0.275749579796967	0.615138080726373	0.470235509624952	0.298930159075814	0.415361066814808	0.443782226212481	0.616985636585292	0.482870938188947	0.294947174277785	0.59425746520897	0.568626895297366	0.574565908114845	0.646915470366965	0.474987088926278	0.0601187046705441	0.453388616345118	0.52073924810993	0.593732681707555
0.413187694895409	0.0966486740010681	0.232560860819703	0.201647578922119	0.525376402538614	0.498620929054935	0.347904254999574	0.212903977721067	0.341132315963699	0.67831549919917	0.433939040609783	0.64312323828038	0.429062950578707	0.31331048784322	0.375784758860825	0.190437218991581	0.423567788442968	0.246591824056296	0.140558920641652	0.328547154858145	0.544687620124327	1	0.650382276565096	0.437305216796413	0.429956770497045	0.392627009244662	0.57459291170797	0.412964224713469	0.362460643907829	0.360441632635664	0.338537717293864	0.538930271392955	0.401562413675182	0.480447085930702	0.3388053307323	0.147069939049446	0.382005555690515	0.34129532652429	0.226119073930291	0.578311466175569	0.634051092661667	0.515745754177668	0.423901060749071	0.530842927302091	0.413777507803409	0.558577502475186	0.712524748905031	0.47017149206713	0.395304636353745	0.541605702198869	0.380146530071903	0.241189463976511	0.34745283893327	0.484259884109389	0.266889951381013	0.283204843751722	0.371074313034345	0.350664822921627	0.417848378577324	0.403171275437623	0.659127581128201	0.385391592135666	0.496050567171647	0.394044310781417	0.444733530043987	0.50784856972332	0.303824689768905	0.394198850560193	0.366809228135015	0.354834802277558	0.494469109646082	0.642565436774712	0.30518987179737	0.45261736638944	0.497277294284203	0.327210615618119	0.589714005862218	0.306296095703038	0.170498492963872	0.431925163128029	0.486579443745965	0.409071410111528	0.412560840046026	0.429830799987239	0.269165045661909	0.385045989846238	0.213787140331634	0.228702019613089	0.485117486731648	0.375679937301132	0.19342955045299	0.58472047545026	0.466973511203822	0.594118891241254	0.596200379672925	0.285674552436187	0.294449754265507	0.554613123419455	0.531503176670177	0.401408901420323
