1	0.888195751100978	0.886745292427322	0.872530609240084	0.741316184816448	0.774996263206412	0.823570678035718	0.55256184867664	0.659779311932845	0.634707801636241	0.514947559972189	0.5959377767381	0.588179471396356	0.656637683833896	0.595909771443906	0.700866221239545	0.38176934690057	0.642159561897647	0.715886016256832	0.48108944136072	0.249510905051689	0.605761136241842	0.520144330548512	0.474377129950857	0.601440608632937	0.512682750484527	0.663381553569052	0.415624100326938	0.412998104160855	0.349671178613085	0.57049549883319	0.332577274374705	0.328012933836219	0.541810085989009	0.740452828337536	0.758912830386309	0.674726521792051	0.186434340826814	0.550165446054682	0.431520112502717	0.584184917864	0.505582615174236	0.345697643368372	0.504621643765469	0.543517493924112	0.364361655116968	0.316871956990474	0.596491932389321	0.44352137466742	0.441668397144554	0.830653187135339	0.866127740458588	0.809826034573243	0.852836215464124	0.768679483477264	0.826010478919031	0.545146178428513	0.662716850840295	0.531058292955722	0.619972708184756	0.640243744845519	0.413158586690135	0.649537754814503	0.487345809304335	0.667438536449181	0.678098514236499	0.652671084557673	0.353346662381892	0.570390048212151	0.379842997342028	0.272703035005059	0.604060324900246	0.367061221428845	0.61969581304234	0.506316952562043	0.625028964330398	0.5587181744411	0.545745041758468	0.521393645433915	0.34363670347652	0.536564228781703	0.541216312326654	0.465463976982352	0.452188282969597	0.647350269808869	0.512942370445342	0.589643157505152	0.819692910564919	0.436614633601988	0.455103539521086	0.583518558573524	0.533441106242982	0.490467739317974	0.455691379857189	0.449386468296768	0.64986375682476	0.372648541399445	0.516980526702309	0.688025702526704	0.40909046622697
0.888195751100978	1	0.906471245142595	0.823625259409272	0.655897409822742	0.735534019212601	0.778067404150044	0.511992455540246	0.543244297830217	0.548434789295447	0.412099261660366	0.508541865973687	0.484693845477635	0.580280386222533	0.479279179359608	0.696277266765086	0.296405016421605	0.576219470644246	0.621191730281659	0.381602005319614	0.0927239624866638	0.512505374342941	0.443942049532085	0.377585340125821	0.500441753366255	0.464523742523724	0.609572790004098	0.457119091953545	0.4804451454808	0.451125416165623	0.549504837442814	0.298525217189312	0.209572759944137	0.508990878162046	0.74749979960985	0.71346703749091	0.685728586091288	0.143763970256952	0.55861520493756	0.463428458832385	0.591525875700028	0.531647223508389	0.369755801849726	0.501074601321964	0.49843728601441	0.365375230897148	0.2857148847027	0.578632808153389	0.338349981207176	0.371100511664729	0.793420595035241	0.921721306192573	0.743617294437889	0.853348587877026	0.705163259131434	0.826955294521505	0.508206176176425	0.594677186200403	0.381635551032237	0.529188296907362	0.524355164856522	0.289162530120105	0.53250153308501	0.404386456315826	0.600696271968697	0.597998719967002	0.684052744295783	0.254347758429795	0.446742682858922	0.343722938442395	0.143688837398646	0.482729448897532	0.239018537487835	0.527039328006195	0.486928491870052	0.583608405393036	0.544395496900165	0.589564434251519	0.556754900301245	0.354557010834298	0.521859850014416	0.425460428708377	0.498070357203045	0.533683367303221	0.603599600975615	0.520067765783338	0.574896939718743	0.782876634450566	0.482570771713259	0.463153899702868	0.610553056066341	0.572708858494656	0.479989601206912	0.469017236961961	0.471197404575808	0.631539768559336	0.431181132242444	0.489848796624512	0.647756056247789	0.34699398721757
0.886745292427322	0.906471245142595	1	0.846427810864706	0.738525601795155	0.843081851831831	0.816473123772862	0.608549715722174	0.627092303451741	0.563422839779719	0.4928710194743	0.548877032136229	0.57848353652537	0.512343676149263	0.469646899675351	0.632815376308298	0.375421861535165	0.664227859109576	0.678954820575712	0.47028307380254	0.231978671668042	0.569058937232149	0.539133575088731	0.441272558792046	0.604608705625936	0.43669354665752	0.700633347426434	0.387347970333508	0.493541083155664	0.30962719836162	0.522075562916018	0.271954258379128	0.288498229245179	0.504248048811059	0.719014695388299	0.682902324936833	0.679678649552355	0.0766255246015758	0.550730726257019	0.479938348306226	0.562230839686796	0.488723444077985	0.282449768855635	0.48650258196937	0.49625640336035	0.401026981966488	0.268707902772638	0.554483250905725	0.285489108633447	0.389299645810092	0.817900164602233	0.88934513139735	0.74677532354006	0.926716307426897	0.785154364573464	0.841199422399948	0.594450862903057	0.656876496293943	0.526387365152368	0.573724352846536	0.579756411522085	0.338172700130298	0.577048346848811	0.480609930456217	0.570630621809108	0.609098704681307	0.605456795701543	0.318794123210715	0.507494693000651	0.41289348359535	0.217269991255749	0.599423924651792	0.324850830790199	0.587031434947888	0.551895963465078	0.651079831732284	0.624003853178387	0.539728978069755	0.583317769448184	0.356411400067577	0.592943824356698	0.528742360514047	0.533533492738271	0.463476062748313	0.670713105113018	0.524924033462597	0.58065078828736	0.774191645053717	0.515667609188751	0.457172675380152	0.602690255188742	0.601864605678378	0.540585052061524	0.516728476319181	0.541436350410062	0.623295003933084	0.44252713561334	0.476629215676761	0.685441131335622	0.394715689177205
0.872530609240084	0.823625259409272	0.846427810864706	1	0.733886757417535	0.804240867061221	0.891225702894663	0.573418762660118	0.661944577356894	0.703064205591055	0.570304732922438	0.650740320999001	0.576633252766585	0.701933694289158	0.69421273491028	0.725207259581603	0.36124132945649	0.611756026671869	0.736836840488836	0.508836730662373	0.344385783991435	0.633561402862406	0.560541755913189	0.499032287742206	0.595329057008815	0.503805295167824	0.703218337793782	0.353225121851585	0.414275641744189	0.335616265297915	0.535118947148241	0.248822923348323	0.341798337227887	0.494392733084602	0.7572858821831	0.733675850943772	0.668346570098654	0.177263646289591	0.550642441541611	0.46912370401662	0.569877668640954	0.49783800401743	0.287354591445332	0.450927711677004	0.496227532142342	0.331722170503904	0.217866414487017	0.621662641590854	0.467070125853208	0.494506688580085	0.808730531096401	0.76208209175956	0.782010573978708	0.845309560897536	0.814503115732728	0.84917750429058	0.608400718214156	0.700009700009262	0.567530299011682	0.614054687933375	0.689328624228477	0.450526556599635	0.6621859265207	0.477327866753203	0.685042310342496	0.784133473147839	0.599223228312243	0.363625256090951	0.581020456506011	0.397225605664861	0.332891151001687	0.644864190589989	0.438016433300178	0.601697740463563	0.476890340651682	0.619187110233949	0.596583348356742	0.483855132183638	0.586199375116701	0.270110940841853	0.485425010264297	0.467785181669035	0.408929247015525	0.378439573480634	0.577113811048733	0.401293600109197	0.664149853443914	0.847010479303198	0.489133904837737	0.440548774871335	0.653869740878921	0.565860386999804	0.537736352970394	0.435826792596622	0.434147116565186	0.748252246733586	0.485498510127925	0.53078721089758	0.719553371762656	0.468641648350531
0.741316184816448	0.655897409822742	0.738525601795155	0.733886757417535	1	0.870124721059643	0.738752472707915	0.571068937201973	0.615641378054809	0.672680874394986	0.619946784998106	0.625322448150303	0.650610601089959	0.524212750926028	0.502570180345226	0.582769718209374	0.46052219584756	0.595132781934438	0.630437474447331	0.482042226057847	0.39285060510968	0.643486447546778	0.551290399918174	0.501806466354695	0.631353632413144	0.436233235239922	0.754078357611827	0.352533908437844	0.537063114844639	0.246898420543486	0.498989075517864	0.265749150663657	0.442077437301619	0.379224567831096	0.660592349253858	0.620568994013483	0.550948069756102	0.226789089971115	0.503332118464664	0.502605693236952	0.534535339978811	0.376325040396718	0.214284194183239	0.417832050831837	0.496622493584818	0.41546595872184	0.247164011600682	0.696445641687223	0.549985637208866	0.38172405956387	0.721374552708417	0.626050280031453	0.626736255282279	0.769697946908281	0.799682377465986	0.651437944009956	0.622643330171446	0.56566934514173	0.565498642532779	0.613220665815134	0.715361260763657	0.54144289202027	0.682898232308078	0.54881715452024	0.471702137300238	0.681894215858237	0.373940217926641	0.372953421231876	0.586066530263739	0.443332529529407	0.334769370218112	0.642937236430486	0.444785458785712	0.633840555436728	0.310314289083154	0.470075994251316	0.588722009432749	0.375835265959634	0.630102330474445	0.136631740029484	0.413837951120101	0.523391076083034	0.323476255908851	0.213471293502413	0.460877780822621	0.281860931038045	0.486503650472168	0.657319257835338	0.347221715696738	0.379913057629528	0.485107801961165	0.533810258197651	0.402964270606541	0.467467252606597	0.405327617215394	0.687785119057746	0.516803932800617	0.600001430896643	0.582569215158903	0.370182945214604
0.774996263206412	0.735534019212601	0.843081851831831	0.804240867061221	0.870124721059643	1	0.837066587024735	0.646522653099616	0.619696499826814	0.626835571873281	0.604537973160382	0.599318229989296	0.641108122359304	0.493019118757162	0.484923856650179	0.588597222342459	0.433653635981312	0.635111073674567	0.633316880515012	0.524645299985901	0.323590254963666	0.627522579934694	0.551477326053125	0.502122137158741	0.652637774790963	0.401579848446957	0.72930349494404	0.357721993669875	0.484027725544694	0.244493122917256	0.484505786169427	0.185150046590771	0.358388254133611	0.460668280867762	0.724806542211324	0.589222589164289	0.636580170289215	0.151778444844891	0.587096174057717	0.55062762970147	0.545153419426851	0.405015333281211	0.21773435257308	0.420996128174039	0.474634887564067	0.407394033308481	0.19047331962385	0.690078944255791	0.414578767273814	0.351027053868624	0.739630228119978	0.688926445092642	0.668824974682301	0.855675843191942	0.859278826772549	0.731020002640906	0.59201798468913	0.6131262883672	0.596716186572201	0.629459212478182	0.699344285143136	0.51370649893272	0.685379880874503	0.53653965762647	0.499626163464418	0.651035683259544	0.441214812855736	0.334620889704877	0.522398861980669	0.395954315466475	0.279901588222509	0.640530457429314	0.463006907430997	0.610050376261098	0.39381340602497	0.527069775243734	0.598203363035187	0.447655642018575	0.630557657641857	0.178344278183294	0.47403442999369	0.52036603059248	0.455086726064771	0.335594921869415	0.586402410557647	0.35820271257899	0.595281258624993	0.705506394513382	0.431067009131796	0.433949124604898	0.620245069829414	0.630582661795193	0.484477515827124	0.483557738132878	0.460304838489052	0.75159222395381	0.5499482172501	0.569891301139968	0.657278988456938	0.344543121275605
0.823570678035718	0.778067404150044	0.816473123772862	0.891225702894663	0.738752472707915	0.837066587024735	1	0.560871696384015	0.647826078127343	0.674738079467818	0.56977416447802	0.585437316225177	0.61617385541753	0.519785324453915	0.530485928487185	0.595060499681975	0.222907507799061	0.553467050369143	0.637979513828336	0.415332984616734	0.174949026360047	0.604266416017874	0.462897606697864	0.460737063903006	0.562010308702638	0.318560987589126	0.626041027696433	0.461980189297403	0.452725030013145	0.346062015092701	0.435118499856039	0.102108490269838	0.193927045423794	0.560152676099885	0.85089934439106	0.614383158133623	0.705095230439355	0.0664368268466957	0.669064804702659	0.578886632382066	0.62503759772189	0.489250557531418	0.291291891559379	0.449227754609398	0.387298679982972	0.318892915268682	0.151462411628484	0.674850974594411	0.481211106560956	0.353202561455626	0.831921623080421	0.748332432110203	0.775109577464954	0.866778076250452	0.8510277019412	0.895719227230303	0.562905416532745	0.592536358302007	0.478238692713899	0.642736316143348	0.679991151102076	0.469835507881323	0.638101715518204	0.48618736265156	0.567903456392758	0.695551395698913	0.512716264701336	0.214086468389276	0.458685418738274	0.301312624665603	0.212351110284924	0.544742392448157	0.383315365983533	0.544968831333628	0.39187315288524	0.503350696980738	0.525112693526969	0.643746355788492	0.623193176563179	0.189193522283323	0.454615015654319	0.423603467440886	0.487562085576759	0.46605212682552	0.54541871194181	0.394359474277928	0.614192746377965	0.776481047495727	0.488258152340349	0.357701738198079	0.732048273792003	0.708238467347473	0.433083337650811	0.524300080992098	0.342065692017632	0.760145734293265	0.516776230339414	0.588949703141867	0.714936806821121	0.33424561720063
0.55256184867664	0.511992455540246	0.608549715722174	0.573418762660118	0.571068937201973	0.646522653099616	0.560871696384015	1	0.818347746947539	0.353722789290101	0.355793334254539	0.450730175720648	0.588650697570477	0.360659371697915	0.452128646558803	0.424504885638815	0.522962811457398	0.79648773143415	0.745939859924626	0.781613307573792	0.317647520087826	0.427517161177928	0.430294340236736	0.617314060391546	0.780376256291228	0.264831339415106	0.489285426394615	0.276235865383304	0.226482656037471	-0.00534995004649785	0.380786864130419	0.0544255443871606	0.352752602351026	0.342800863744367	0.496592271621279	0.419300099037972	0.467437960129556	0.0386760333453721	0.453325903545133	0.362153042319418	0.369963085360317	0.156765758970057	0.0715600847570771	0.181592282908623	0.500310730144367	0.15800221051984	0.0313786510952882	0.436363145805119	0.221093578923738	0.195427060891877	0.558702106379402	0.448464729540022	0.525683738239413	0.657006105459302	0.606871200166193	0.49433125874561	0.611581178587023	0.732542516439107	0.762888891600697	0.756283701929719	0.469496532736241	0.277810307347907	0.509732218204931	0.379353038864349	0.400820048052756	0.506801505539366	0.192587543101902	0.359961510376563	0.519500761646966	0.609586100269858	0.230389730429356	0.40952289687554	0.600135854295724	0.63328935431973	0.254930673283228	0.374656759935275	0.444618264631957	0.245036949989136	0.397355513880626	0.065647531128547	0.285538005897793	0.403351174369502	0.168373458985055	-0.00584177371975306	0.483419993088772	0.253974888538227	0.530651229617386	0.45584500586748	0.170312144857166	0.319432322375298	0.451699969263866	0.343773869476624	0.277005221764618	0.203396832804781	0.205367637374457	0.511731236756904	0.429026218377434	0.360239502413337	0.394884101225419	0.261489112282968
0.659779311932845	0.543244297830217	0.627092303451741	0.661944577356894	0.615641378054809	0.619696499826814	0.647826078127343	0.818347746947539	1	0.479781992893241	0.487294927857404	0.529916793321685	0.572003162231893	0.535969659874254	0.560753889324726	0.522977502873829	0.443524535555172	0.715312617553719	0.80222830211659	0.76809390043998	0.45791896318954	0.550417070708292	0.473341101337636	0.752992506436248	0.773405303291503	0.431587911985357	0.557229048807725	0.300782979944373	0.326128291832025	0.074752352572247	0.435532397320055	0.204457311843413	0.428487718537944	0.38787046928624	0.602343269544185	0.596319563195389	0.58447156188598	0.167171961137166	0.5044583669207	0.402689032314533	0.466511127083588	0.255669104162407	0.123248748097031	0.313571111902554	0.536384911314523	0.228359673148073	0.192556969648302	0.533160461086126	0.39908831784641	0.299548376990789	0.587416509752785	0.530222374975987	0.664040625263083	0.665699628491227	0.642652828257995	0.597388477072041	0.598003513317132	0.734773811547935	0.757903934402681	0.873562200903963	0.608155049095885	0.389681222271433	0.568100884798912	0.422248203987268	0.585372498847316	0.67698901251863	0.304302780329662	0.40446937603494	0.63390548282586	0.537323995127699	0.300301725232996	0.503473779826126	0.721391092336221	0.629524411177863	0.291149056388315	0.444083695153048	0.468384584516487	0.34911048689736	0.47776021279156	0.102761710128135	0.356411983869128	0.40674683071386	0.215325332169669	0.0525360360206867	0.50820636385609	0.287365659394666	0.636111112208507	0.612668401720473	0.259789199977558	0.376889698230363	0.492556602512924	0.430521779779973	0.335038835674817	0.300725719369714	0.197195321155614	0.579492697086154	0.368582522582864	0.463120933126538	0.498178462381058	0.357041394313015
0.634707801636241	0.548434789295447	0.563422839779719	0.703064205591055	0.672680874394986	0.626835571873281	0.674738079467818	0.353722789290101	0.479781992893241	1	0.769337325049102	0.869031443521416	0.58934450944594	0.529203892451523	0.494536041672481	0.492292414292009	0.39276387703335	0.397817781469788	0.527554407132311	0.322964077392156	0.457161330831401	0.728372422680752	0.563034709199621	0.356298085097807	0.579650405186729	0.470168436614459	0.695724017485181	0.16500372364282	0.46293839143246	0.210561360752943	0.313416628020317	0.219388197356614	0.387509648000946	0.335305283486547	0.579526555710546	0.560802474063387	0.46667644825004	0.195545446014556	0.339805687476376	0.277875133226626	0.346012801826984	0.495432324417673	0.0936206235645732	0.431688220989198	0.204219746927639	0.36440151103176	0.162299379625007	0.483775693276879	0.433320470479908	0.57183974867359	0.628918627102875	0.529371581513093	0.634023112339533	0.61260951171805	0.656541307132869	0.688166443219449	0.599386682134458	0.502226634934535	0.418996751850504	0.510655998929568	0.781517468134894	0.713277185065898	0.804019535716523	0.619031449888199	0.579448783532174	0.638080766485917	0.406906902328049	0.437420237993215	0.601186364963406	0.267707564903951	0.560052450478478	0.704331059333556	0.342858300243419	0.605660320231579	0.380132646755796	0.460415124346233	0.599261247996249	0.368495216610163	0.635948822806383	0.172765575002652	0.429260138825652	0.483824658185791	0.229195227060442	0.23906754354325	0.498394113887013	0.39026551111136	0.428730587022214	0.638160090256059	0.422076303303844	0.340772900214306	0.418134690513049	0.398921586968173	0.475952096471555	0.450240444143472	0.459341329239919	0.530725011735694	0.413053344229651	0.441412295346469	0.64814411080724	0.520951046412351
0.514947559972189	0.412099261660366	0.4928710194743	0.570304732922439	0.619946784998106	0.604537973160382	0.56977416447802	0.355793334254539	0.487294927857404	0.769337325049102	1	0.746472408359185	0.52356288289535	0.368757800249298	0.423573564304538	0.368704947847372	0.359705743659062	0.296798403396391	0.472082964088048	0.364279501739676	0.370192470541255	0.602011632469352	0.550464591866289	0.338721490179334	0.576991493697541	0.408554122571555	0.582159752278304	0.141879601094037	0.436343334191079	0.140697751971652	0.193844938510188	0.0840916277395635	0.357565957719536	0.358263588681829	0.453190764328231	0.45349111478057	0.33980815502078	0.212717432166322	0.33306697030811	0.28735291103131	0.335999368659742	0.369953366284028	0.021320290333517	0.310776291894174	0.125952789666075	0.299186258869924	0.0752741054801252	0.444294650640754	0.29675120355099	0.391669486047783	0.565356128564901	0.435939340948026	0.546843489885032	0.552598412279083	0.604833945257467	0.547806806919939	0.51905493896581	0.377293638623909	0.47561559501316	0.550755529532856	0.688573467381299	0.699503618964042	0.684151576318144	0.625755542213063	0.468591630066535	0.545210680010115	0.274253316912542	0.403505388365204	0.556751448448617	0.261357160888791	0.468265932045614	0.668110397847832	0.394169529339651	0.583186791886352	0.227748579409712	0.331890095353421	0.477074374203844	0.292430347045928	0.589104956017311	0.040240720151975	0.380749394395464	0.446121564167533	0.185643401784357	0.151516714111552	0.39156603423123	0.266400459423927	0.307584815324859	0.488443851712599	0.280404113440037	0.240497527887588	0.363358043081772	0.344817344963799	0.331328404769782	0.380961065348719	0.409288622582273	0.444995862434592	0.430734701187247	0.417651406153908	0.493268174616575	0.359236540231818
0.595937776738101	0.508541865973687	0.548877032136229	0.650740320999001	0.625322448150303	0.599318229989296	0.585437316225178	0.450730175720648	0.529916793321685	0.869031443521416	0.746472408359185	1	0.641790565343956	0.465555157606855	0.466154611789853	0.43585701435827	0.564811578476905	0.495346865301634	0.593666206656956	0.392967956974949	0.581205527153089	0.791821861710084	0.708873776425094	0.418964158222541	0.623429186143924	0.524150040231586	0.701797854304356	0.0708776873160671	0.360414260645333	0.0478030181111647	0.24693663485395	0.19427469834899	0.469572252840146	0.300868684937491	0.437227136505391	0.571319511110722	0.367678770691052	0.118169599913284	0.252371662349407	0.14892866625147	0.264449355111685	0.337021149169976	-0.0779277614192862	0.327354266068977	0.181904423888268	0.334897950184146	0.0920121447411102	0.33502454442239	0.301057191734581	0.447961538190599	0.619151323359115	0.499336328265906	0.618471743964147	0.611148547016301	0.655970757312854	0.621343937639136	0.627634451614446	0.516991833484819	0.530706764778935	0.531018450934114	0.789166554602527	0.797954884017634	0.851093713378967	0.70941691997535	0.585661568526943	0.603689773591698	0.342731366205073	0.525030844874932	0.652347235950601	0.370841510210513	0.666477935272826	0.801454541261889	0.371353542665777	0.606168863284836	0.366846116391562	0.438389068901703	0.619691143687567	0.236374231854649	0.554393815858891	0.118161726018555	0.382587506648617	0.581364353445064	0.194037504476849	0.120631308677702	0.505559589000406	0.341053747930533	0.33851924045946	0.53916038308243	0.28850840143553	0.314008153336934	0.30187987129891	0.275149755207539	0.400280725409905	0.306361448017145	0.488399241695567	0.430552791583649	0.399800073027834	0.355320914774349	0.577196274356509	0.517280315491875
0.588179471396356	0.484693845477635	0.57848353652537	0.576633252766585	0.65061060108996	0.641108122359304	0.61617385541753	0.588650697570477	0.572003162231893	0.58934450944594	0.52356288289535	0.641790565343956	1	0.290364985993154	0.36067066452878	0.372234844960853	0.563754521835232	0.598704304197084	0.558905470238983	0.393726575387013	0.324183963513887	0.650865792198158	0.492252669370595	0.428937450363194	0.556559809813181	0.269156128387075	0.564828369024663	0.171532828132022	0.286212258225136	-0.0714650767664467	0.298217584816444	0.132321616395066	0.461788610679994	0.331444482932682	0.497708017788423	0.439423075766275	0.458803487451751	0.0726192514445844	0.382841630911527	0.284622696131933	0.361698907016225	0.263768325155276	0.00576989730748778	0.295809878502327	0.301249926707733	0.292255484664115	0.0805385951731042	0.412742652069501	0.274959748093539	0.265853316875254	0.55237499179199	0.410964907069084	0.488123121525791	0.651468705244298	0.601704761492079	0.52961877997658	0.575819801561702	0.596296589116345	0.53460452573024	0.555023211950734	0.619757424730348	0.574258554344016	0.705697461080229	0.586633613575669	0.404658401651524	0.491048596000209	0.26139507957862	0.353920222693508	0.444387294964988	0.305331367693275	0.347824887561763	0.571305077142166	0.480214298193526	0.466781003179225	0.373631922062146	0.423617499886175	0.501802521678607	0.255942087122195	0.46847510022535	0.137125688177338	0.41281189340225	0.574205638079585	0.307607129498205	0.172879060800218	0.528351467911815	0.371287730949084	0.432799420932044	0.507558342035959	0.374191636498959	0.292490765539776	0.427804585832943	0.375822041256319	0.421127276886847	0.263398405382973	0.354276804120408	0.448538811697078	0.408056460097291	0.298721738702795	0.600675721676445	0.373638594797101
0.656637683833896	0.580280386222533	0.512343676149263	0.701933694289158	0.524212750926027	0.493019118757162	0.519785324453915	0.360659371697915	0.535969659874254	0.529203892451523	0.368757800249298	0.465555157606855	0.290364985993154	1	0.704057859447178	0.737428141961711	0.449833991593264	0.455126691852282	0.639902711850149	0.463963458560701	0.434875627368735	0.452754302983051	0.437136765472016	0.544144778573678	0.520215735366957	0.619483700378319	0.525610940010667	0.150992279771453	0.276786712634666	0.315959062952526	0.660140296023663	0.514188703280968	0.486442759418252	0.261001646870429	0.540626561240014	0.763605557482008	0.522869702900824	0.4087623810308	0.354554651617122	0.259722682921033	0.404006927940337	0.392832040766635	0.2910887005761	0.439777511870797	0.513427530200745	0.328890457395011	0.329508631249018	0.477614866435567	0.525074518820739	0.485479318053429	0.507838939891015	0.539631575250174	0.591052641122447	0.488318490841375	0.509216594021762	0.517605333319388	0.445521144332948	0.624153316819342	0.513066433697048	0.503892864646404	0.515891564778736	0.268687597419779	0.507830085194568	0.240732861513474	0.687221480869139	0.635631208497841	0.596822424501652	0.469011423052296	0.603666553529164	0.406675443361115	0.350724226535524	0.497668776138646	0.403456996458052	0.477773618560408	0.438502962303322	0.558358940859213	0.462954247762185	0.212733588650769	0.345342504773074	0.402358155494118	0.436393656766203	0.396982258308094	0.263594570320193	0.200625509889739	0.484744181456992	0.359299035121016	0.591911459787573	0.729958757373815	0.317847138997569	0.574293420379083	0.390666074021692	0.241404523196825	0.461351415290824	0.216652233389984	0.251513232213935	0.557703556732213	0.289830985714036	0.381465883660157	0.464931267608474	0.456306357813015
0.595909771443906	0.479279179359608	0.469646899675351	0.69421273491028	0.502570180345226	0.48492385665018	0.530485928487185	0.452128646558803	0.560753889324726	0.494536041672481	0.423573564304538	0.466154611789854	0.36067066452878	0.704057859447178	1	0.500488734958246	0.451291044579377	0.495153879306078	0.60232957061261	0.568150580163597	0.469118720349779	0.414023948900148	0.432276021482224	0.562305091914904	0.48618674139176	0.500217776757752	0.491208730216073	0.145930180025202	0.253410072973619	0.142781613225755	0.407437665137798	0.282246264462557	0.383459799080811	0.308435491688837	0.465174699968227	0.703385614927567	0.451327961218179	0.309844222360773	0.389947128718295	0.300132268212001	0.478322568036204	0.373520160696338	0.275290177710482	0.372962948798861	0.460288463318675	0.211400911518048	0.281819019917449	0.468112026022876	0.446392754560489	0.585088079791982	0.448137220329269	0.388919419348344	0.504960080077337	0.429396083833313	0.486990778645848	0.48459899553952	0.431215921547583	0.590668963346053	0.58803581199916	0.463049833631988	0.529515029632014	0.338678626401451	0.456353243004797	0.342029700164609	0.540877281228962	0.678129591811457	0.392156446715011	0.448091393811086	0.646800175883978	0.36740314875073	0.386541880649435	0.537301899093604	0.491005163956687	0.504415275611937	0.457093938014554	0.51339913555319	0.429995644816251	0.220890122148366	0.473810955956362	0.237534964501554	0.34047939718622	0.315731009667779	0.265426309464921	0.180560529195351	0.445479818137051	0.362897094755805	0.555569346322604	0.654968053295418	0.426013239373579	0.455843868828845	0.455161272594284	0.319779433675678	0.494490659362242	0.32271762598034	0.429020539024741	0.598658338645487	0.335978580210542	0.512564987966495	0.557543806833531	0.485252370269446
0.700866221239545	0.696277266765086	0.632815376308298	0.725207259581603	0.582769718209375	0.588597222342459	0.595060499681975	0.424504885638815	0.522977502873829	0.492292414292009	0.368704947847372	0.43585701435827	0.372234844960853	0.737428141961711	0.500488734958246	1	0.39585297687755	0.53194016175332	0.680307159637491	0.492774928539005	0.342438402856322	0.370076413375867	0.469744899196493	0.410647559324735	0.593429437086282	0.651220797691579	0.609560350917537	0.237114271031737	0.264196064727777	0.361715840558572	0.871592365523179	0.561383440811983	0.560664370680629	0.362927379364213	0.606159121407515	0.776335963048727	0.512216553669804	0.56597099245183	0.347148989172905	0.234691502970378	0.406305337127389	0.48193467776071	0.46148923201587	0.509136817090908	0.655185421214387	0.457025904467235	0.371872891390362	0.426692601337496	0.341648213279358	0.485062301082204	0.641265098669043	0.705996940134729	0.719983695637288	0.646178615976034	0.582854907032664	0.636365986366207	0.501530542403672	0.604708314699463	0.472761118525934	0.521188734267987	0.476681713864982	0.260550323365709	0.453599538119073	0.368552492979712	0.684323819110433	0.606639765272604	0.786610819676982	0.489376736115571	0.569760790608614	0.460805923700692	0.232665157905895	0.473904685887301	0.287748610834374	0.501680771466268	0.494756923325989	0.722230323850539	0.605910479435449	0.290773119943249	0.352150108775967	0.561202987858742	0.556694116157208	0.609664532721254	0.291005087036377	0.345156763629761	0.617450045355049	0.399074756487621	0.534188318832692	0.812467452367805	0.387495558615517	0.664489655410602	0.417869774718726	0.283131043318005	0.56003251892147	0.322063711356326	0.30135367731652	0.551688336020451	0.293831486923697	0.313033504199396	0.525672929903607	0.418003819613671
0.38176934690057	0.296405016421605	0.375421861535165	0.36124132945649	0.46052219584756	0.433653635981312	0.222907507799061	0.522962811457399	0.443524535555172	0.39276387703335	0.359705743659062	0.564811578476905	0.563754521835232	0.449833991593264	0.451291044579377	0.39585297687755	1	0.652356948002193	0.593178724945177	0.430955818903861	0.647892819262422	0.512007145529439	0.584142280258038	0.47226033621604	0.576568737690364	0.431193520273797	0.484109214099928	-0.105470527888109	0.154855247886459	-0.174752790382357	0.381213624436087	0.313948464465324	0.644210060368663	0.00786936345975165	0.145847107787253	0.555204434035579	0.213314466415228	0.204446551682926	0.0262022085958076	-0.0213742318769768	0.0938198264769672	0.105789102646392	-0.108622083259748	0.168334948599733	0.30710525977646	0.267479283087322	0.12252605711332	0.151178504396792	0.218686470489629	0.374909349523214	0.288026053460639	0.242738808675291	0.314874323132334	0.38546301639948	0.353520468182597	0.240060935816144	0.488224066565515	0.585881827746176	0.607984520665167	0.437609445300051	0.477681675796981	0.453498920497155	0.588435408632729	0.479798183306872	0.443617946262023	0.407664875212005	0.249343035387359	0.666029965265025	0.716074583588168	0.417042746265881	0.573412625814859	0.590655674331484	0.471506009553453	0.458228930021401	0.469935326010901	0.492148170248087	0.492897889824389	-0.070386427430082	0.243717451933167	0.268218953940528	0.391766785546917	0.567004685974644	0.0552501660728925	-0.0655469225052429	0.492602548638917	0.292352351391456	0.32044571527948	0.37314872198187	0.198339566272375	0.446738585604766	0.053621476115399	-0.0179637293675544	0.369668507171802	0.0437695700751206	0.351090426846562	0.226946368383365	0.234054278632727	0.0753401180686604	0.392546011032659	0.552334036474585
0.642159561897647	0.576219470644246	0.664227859109576	0.611756026671869	0.595132781934438	0.635111073674567	0.553467050369143	0.79648773143415	0.715312617553719	0.397817781469788	0.296798403396391	0.495346865301634	0.598704304197084	0.455126691852282	0.495153879306078	0.53194016175332	0.652356948002193	1	0.843083057214898	0.664270126930914	0.376337521541217	0.512112727928043	0.558351119741585	0.574009344362419	0.656498135974382	0.312988915088697	0.503989077933496	0.116499800956153	0.165811986090049	-0.0538819075529904	0.498978802781874	0.165548308185982	0.4802824269762	0.248482836341979	0.425941491249452	0.61283984471306	0.46597881411762	0.0102571116705543	0.273354068165967	0.18836185859189	0.257522540650075	0.141806342400505	-0.0396562568754203	0.126461370391313	0.453831137625323	0.215313925964032	0.011616845027956	0.303888420416542	0.205012145192369	0.230966989890724	0.557707501171779	0.543667369650036	0.556679981808542	0.684989147677352	0.595271719053995	0.514268123271911	0.647630088769194	0.681009130778472	0.701010850168481	0.585144043163756	0.44190016888541	0.315496778181527	0.530180552292402	0.493327657622155	0.480929203411806	0.496652555879722	0.376405913305071	0.567519944810321	0.645066345889064	0.626407098938679	0.358810637953254	0.515979542125942	0.568686828748152	0.572203098438653	0.476592570208927	0.575579819604705	0.563381925243294	0.204925375898866	0.309082234756254	0.286203644920535	0.354544751668408	0.515637235418052	0.23582612470255	0.12782024281065	0.594580540729941	0.321668607105836	0.526271146191341	0.572360844895116	0.31310696313122	0.43857605571241	0.339317411946445	0.266522294849365	0.365969209039102	0.189226102302474	0.300104087949227	0.470829402295925	0.297334577312943	0.259045547209495	0.486988584487484	0.430320362465884
0.715886016256832	0.621191730281659	0.678954820575712	0.736836840488836	0.630437474447331	0.633316880515012	0.637979513828336	0.745939859924626	0.80222830211659	0.527554407132311	0.472082964088048	0.593666206656955	0.558905470238983	0.639902711850149	0.60232957061261	0.680307159637491	0.593178724945177	0.843083057214898	1	0.71242152189476	0.473244349505632	0.565823962138869	0.605988863403402	0.581651030610643	0.75315669017772	0.498585102162786	0.600598393116853	0.163986850689561	0.185257868949903	0.101724676862569	0.565887719726806	0.259520977388619	0.536967408090153	0.33595294376223	0.485605421482701	0.742854364854764	0.452637786602448	0.165648531263603	0.273569007818025	0.169620398801964	0.29063080007073	0.264051573647249	0.0501935624355518	0.204507020657998	0.479751929222164	0.241891075166365	0.139427519353467	0.38943070441654	0.31498320095283	0.328768450644988	0.693277156038161	0.60522134188003	0.695340476048163	0.695015069286254	0.664253223435892	0.62365207824063	0.682648332464965	0.728324694348649	0.742662603526664	0.696542431636805	0.584787947863244	0.402125657758911	0.601327412407602	0.5120360523224	0.701280916652172	0.606956636100539	0.517456635609485	0.615296654547212	0.779139001032908	0.649231576344369	0.46510897245362	0.607858546075916	0.559535628475814	0.618457331682182	0.49663796764127	0.627595826927263	0.561782122879959	0.279067729822941	0.384280797721256	0.354959584557197	0.408635267468692	0.574755968613248	0.211723706259614	0.122875413619242	0.586079382711228	0.354157988012774	0.512883182718876	0.678445397313291	0.30216399654508	0.505376665021404	0.344446691324179	0.246617864134688	0.378897825683729	0.194602282640707	0.316693529587943	0.516309194863915	0.378221647927689	0.324411590586259	0.544581306805447	0.511172715260111
0.48108944136072	0.381602005319614	0.47028307380254	0.508836730662373	0.482042226057847	0.524645299985901	0.415332984616734	0.781613307573792	0.76809390043998	0.322964077392156	0.364279501739676	0.392967956974949	0.393726575387013	0.463963458560701	0.568150580163597	0.492774928539005	0.430955818903861	0.664270126930914	0.71242152189476	1	0.411207982979541	0.336387697585412	0.399846589229603	0.627380186388945	0.79005531015416	0.364139310266938	0.451839770497289	0.131318622251922	0.122650796792454	-0.0448001050540208	0.438208001018588	0.18373492704477	0.476538871661903	0.246499758766519	0.365838237417121	0.492350234284239	0.350210965517084	0.310475744788229	0.308882385666531	0.211803532911056	0.280342836854371	0.117261899905958	0.101195375762454	0.159349457421932	0.518804389388246	0.198699580605198	0.100922824865491	0.376048882688533	0.217234556374299	0.304496936014738	0.44240968953259	0.347941582405146	0.462085547587809	0.484655541400858	0.479447302215912	0.371968858683814	0.492518940623425	0.644708173008985	0.773694198744556	0.671745353865478	0.442629581078218	0.224885405499186	0.391948537833353	0.315111899693328	0.410316419560683	0.48408827287276	0.238047753426249	0.477126651216438	0.581873531683959	0.633738725916398	0.331120559830139	0.427179227743766	0.632143176076267	0.662795515513657	0.276851985848907	0.443050349262593	0.417231524141315	0.156409421152013	0.325460298865221	0.16853328216127	0.278931310339037	0.372489643401504	0.105897285438815	-0.0695203494630558	0.468715563759137	0.26669082998	0.458782992653194	0.462580125133127	0.172713284632037	0.424348207330838	0.322993726642937	0.169651969227813	0.306319124190308	0.22112939889509	0.22133642172909	0.415014830231895	0.377644508196778	0.349475106605551	0.387553067583404	0.319508566707418
0.249510905051689	0.0927239624866638	0.231978671668042	0.344385783991435	0.39285060510968	0.323590254963666	0.174949026360047	0.317647520087826	0.45791896318954	0.457161330831401	0.370192470541255	0.581205527153089	0.324183963513887	0.434875627368735	0.469118720349779	0.342438402856322	0.647892819262422	0.376337521541217	0.473244349505632	0.411207982979541	1	0.549303081011175	0.614660490732029	0.488979796237384	0.517893701987223	0.533581085745097	0.520999996560329	-0.207573780209657	0.183745703006358	-0.179602325398737	0.244215910230471	0.371674011878175	0.599436769424952	-0.0683627295361602	0.0708907320882815	0.431904339892017	0.0743339483834869	0.294757038668719	-0.0939496872682752	-0.0898946267748073	0.0318796243237257	0.13932990867475	-0.0935673909074044	0.211569033644413	0.302468952163031	0.252146816852041	0.212130864304412	0.112094103741198	0.266647724382589	0.528268089183396	0.178714637224403	0.110096266770845	0.280362502608873	0.230026088739052	0.342989659958194	0.203201628459324	0.429896502272754	0.44120408231599	0.520561995473215	0.405792548180689	0.498925796805592	0.51176012562124	0.469755810655957	0.39628488200328	0.419108936722227	0.450177283542366	0.114333460681738	0.556725047225868	0.635854329610464	0.342101623416369	0.617543648254071	0.571735952110109	0.522190199674788	0.34608056319211	0.329167044055409	0.368687598592293	0.460845003519255	-0.176461166250258	0.237183422290315	0.112579127374207	0.279094101104089	0.403826871503172	-0.0975210135729121	-0.267635422619575	0.329402132040845	0.066878397295355	0.247213087789712	0.313538028265493	0.111545566971508	0.294304518024876	-0.0416005838363976	-0.0826238449281093	0.357769722655024	0.0476374695246314	0.328235625727414	0.246846329910292	0.20010768288932	0.077777304452697	0.273655505744277	0.511376722858749
0.605761136241842	0.512505374342941	0.569058937232149	0.633561402862406	0.643486447546778	0.627522579934695	0.604266416017874	0.427517161177928	0.550417070708292	0.728372422680752	0.602011632469352	0.791821861710084	0.650865792198158	0.452754302983051	0.414023948900148	0.370076413375867	0.512007145529439	0.512112727928043	0.565823962138869	0.336387697585411	0.549303081011175	1	0.660187318134031	0.436921075055066	0.490028555585973	0.467010050123367	0.629702440218347	0.102602305688272	0.434066610291322	0.0211394923738598	0.241194444362683	0.25106698019312	0.372781849737387	0.310099332753428	0.510118647785464	0.526702989282498	0.477647008622074	0.0342323790475397	0.277500399403813	0.233946647696767	0.366908816288592	0.320759784242819	-0.115319757163137	0.282517740494562	0.260899881550033	0.351082937069881	0.182187786093286	0.46022949893739	0.431205417292229	0.437210116664271	0.591305978329181	0.497979626756486	0.589039036646964	0.617887992306702	0.673262283118315	0.600753234369527	0.617047664452975	0.499048270201019	0.469217961765549	0.537917695517476	0.744722502559879	0.73218419861501	0.827575004914929	0.615466278053489	0.579257774830549	0.66474693790979	0.264565065232654	0.48455086021112	0.537349273396218	0.177603606847081	0.591979959539372	0.748605672177096	0.428059509958573	0.509001378193031	0.416881008262509	0.430377528419192	0.510853434938085	0.296380552544118	0.526265766590587	0.0818737688799692	0.416644711061464	0.43818054709746	0.184456780632687	0.107941197658801	0.474116732825148	0.305453779660807	0.449734164131706	0.560327609981387	0.268111662260259	0.314998544767761	0.340728719165551	0.377053879709176	0.384441383628769	0.355334255753803	0.44790421517162	0.531454435373039	0.356073261282193	0.341789865608615	0.566932484607135	0.532379170456041
