1	0.408216494796976	0.67269870840936	0.518299630417769	0.602368164993954	0.573640715647708	0.444902682386991	0.230548898542286	0.269324538846238	0.360841225684633	0.089070445663576	0.376718763245094	0.263396335903841	0.449644730956179	0.29104475973542	0.629719335245889	0.252252420059153	0.377050864805754	0.282294076719375	0.113228861075174	0.277711790343494	0.345977873957394	0.0966452337041211	0.0462295976214534	0.217324017548565	0.255213045175007	0.447548073535873	0.142593876970806	0.0934043490376677	0.368584592121872	0.568539747339129	0.314576445361477	0.280831860464285	0.271653041095924	0.499042072657922	0.337190568272611	0.0362890947722338	0.0976943109928224	-0.00841978623150636	0.151727413158526	0.127660117173427	0.435913107122118	0.478396124531957	0.213969196731738	0.252025610289085	0.0823220375782906	0.387014507969455	0.286907681437321	0.385496992208921	0.248727868412498	0.561419845430772	0.396717001186583	0.372599309353059	0.741967460463775	0.432191863494249	0.466109249209524	-0.0677383508212492	0.102742305329853	0.210136971977466	0.268795546480445	0.248069007468704	0.184120142909629	0.170789893238152	0.266091493609459	0.409849203176765	0.375941400434384	0.519901744223187	0.293213267840278	0.28926243975196	0.310961963998419	0.267313839791667	0.266119098810099	0.084420671802707	0.279949798358721	0.281973631085119	0.328749991627455	0.263043678331162	0.220507720817945	0.2681813522495	0.507336795219333	0.51339769785325	0.408785953721909	0.261925329165067	0.396328440237426	0.372192913390314	0.359985362085657	-0.0559827404510624	0.431381843022364	0.157418567206715	0.141839864797873	0.0387100089376272	0.229485672792069	0.124554251386958	0.223378019198403	0.423032045483959	0.343014869118097	0.376519601858606	0.123096913942723	0.286198965374195	0.189837183964779
0.408216494796976	1	0.412035295482523	0.589146404773178	0.181872421844474	0.210461785788821	0.271917242409968	-0.0444047664593559	0.104894283974622	0.248675885853567	0.00909589420691068	0.294199869673579	0.0856398543693294	0.277695827894871	0.515040497157621	0.0283112373274649	0.0832153867216477	0.0317909186337869	-0.101053595247107	-0.236387963425534	0.265483157957591	0.316371636079325	0.0793514794887729	-0.124376147397211	-0.125601498050513	0.0664502263144126	0.241782877276091	0.280733242956242	0.185341343297475	0.0706584288574509	0.0308474103366265	-0.108193214409894	-0.16152750731845	0.147496281288335	0.242084075632805	-0.165379703739662	-0.0718185729041203	-0.102538574048624	-0.157044103320757	0.273501618800415	0.223369169377149	-0.061422943293904	0.0472610086267237	0.0862259278527178	-0.248432617887199	0.119128415247258	0.12618555753502	0.217452248696713	0.32583354038425	0.282515518088706	0.269935050459545	0.287467045570976	0.37576745253188	0.411061409412298	-0.00976829194341618	0.311930338938706	0.0743131452489848	0.163999702551184	0.0605870851047608	0.114850221092229	0.342316065461604	0.217540401369309	0.29524792258704	0.187559515438735	0.322346149674204	0.243317034641175	0.263497047695157	0.00904724771152985	0.0338701966421822	-0.0977967291387584	0.138192983696386	0.368437185632078	0.155308021371345	0.118246322881016	0.0981121830424567	0.321750337562366	0.208844224146105	0.366316660797929	0.293237989004344	0.119375710134642	0.180736728888047	0.120495843048147	0.199848601491544	0.0370857617573114	0.0432049434639645	0.287768299122307	-0.108241028824507	0.164261081182667	-0.0322234759226029	-0.0433113714313002	0.000440792411635176	0.261880913915353	0.134164950484562	0.276579731099984	0.401539822634849	0.0822202993480133	0.28582512170604	0.157414297552387	0.215501298951171	0.180185052484778
0.67269870840936	0.412035295482523	1	0.569587147605516	0.627492621372568	0.610878455261061	0.491967724859631	0.131347332784899	0.258441106170099	0.201172662351825	-0.138453188156107	0.252411889169473	0.0859582598766653	0.413749440928592	0.421928035304626	0.487338661910355	0.180190114773029	0.222013059132948	0.207068717007029	0.0530707762209989	0.245509259045516	0.25745146025987	0.156358850831796	0.00784406999551126	0.135046479639795	0.220154352609574	0.323809983642873	0.33527351897713	0.0792020155458934	0.409994116536778	0.460026424040677	0.237835683939133	0.158590921002629	0.413105959212431	0.508817934843093	0.234019532669063	0.0303562795865289	0.147690636778728	-0.0478995421511245	0.202978961673535	0.291109347438742	0.278875588193571	0.351871780809703	0.29440152403581	0.193202697658612	0.328001799104265	0.388094206790848	0.218694134165767	0.378106274469675	0.190249546069708	0.490941989462046	0.359254516914654	0.420249050799443	0.748525677692869	0.373575186333829	0.553359675464829	-0.0027498395734217	-0.00429033154160447	-0.000883697325162629	0.173996503419431	0.215453909652642	0.0878180961715376	0.097617331623603	0.157560292953286	0.368325200058413	0.367252721355323	0.556759688802283	0.114369737708517	0.171394473940049	0.12978449121756	0.153923441229604	0.235167491521218	0.143512811584215	0.274041054471007	0.216013652078805	0.37562836205699	0.13734428373458	0.405461561964533	0.206558971618815	0.399667709131222	0.483697574148859	0.254546119801447	0.356009948932786	0.379653625315151	0.293964985703836	0.417537214849633	0.0387953782909592	0.479369500365438	0.16933216562797	0.1989125538428	-0.0043120058294196	0.217905558978718	0.129842442200564	0.319370790862011	0.370690381136346	0.290826517346355	0.379486094407318	0.211504889994641	0.218529587563511	0.265412018144088
0.518299630417769	0.589146404773178	0.569587147605516	1	0.567594538562992	0.630013066666934	0.717968282168282	0.179652390504739	0.272473439726708	0.212625068105967	0.0352084036920843	0.248036105185994	0.0839291618019537	0.285606062273654	0.665713916144137	0.339333033749893	0.169625181700335	0.137013826317349	0.106409804974834	-0.0186928945667129	0.254400238568079	0.357372663734324	0.119240079963865	-0.0582767907453016	0.119947496034969	0.0915679631179752	0.22450604592898	0.3221217537649	0.153406114677555	-0.00759191558409606	0.251716740693609	0.0630115495709216	0.0934704681527175	0.137300470458294	0.612940385617685	0.0551794884473709	0.000813341297658692	0.00469629396369553	0.00892536271747546	0.206128004660215	0.169041688987678	-0.00373790292941872	0.268355030733024	0.129998850459525	-0.0117298202682274	0.08547731876226	0.278988608423685	0.456432388936422	0.401508479701198	0.308920830098101	0.514583502010614	0.0945293487303156	0.56917928244418	0.650443324049201	0.487923733321984	0.665143230641683	0.0621933470562286	0.119890765594045	0.0326843493291904	0.262829884181885	0.319652867386134	0.272347264885304	0.27479146677438	0.195219041640039	0.33885239588885	0.371721268720004	0.503135756169949	0.0212114039739389	0.19052566301604	0.0671525708914713	0.303939205757667	0.333417361014802	0.097872147107531	0.23870967627996	0.270029282620714	0.373216538411106	0.0978871680523729	0.295848906061691	0.227130098691541	0.264839636572432	0.328628970831045	0.300573620834273	0.0370852487290839	0.252174085743389	0.163675744198858	0.222555214818477	-0.0413271406721503	0.537351452519394	0.100301412327483	0.107620688836044	0.182357696104814	0.257499644857497	0.138869171952927	0.240766740600805	0.384527974003731	0.417987321853163	0.277712924684377	0.191627916743137	0.132409315866381	0.356651025741466
0.602368164993954	0.181872421844474	0.627492621372568	0.567594538562992	1	0.874604712407264	0.738253633236254	0.43754694622345	0.445435716664114	0.227480605039656	-0.0402774063963342	0.27380410250773	0.105090936840302	0.389398917075361	0.411473489815932	0.632872019082281	0.30538252955267	0.396898014108785	0.438373011888749	0.322153484292734	0.338682929681923	0.32203621626684	0.179831546517328	0.0710772800682745	0.482682001167847	0.282574398102094	0.405604347993222	0.0512064367208878	0.123479514834468	0.119937692736219	0.508341619774689	0.228112488207369	0.236116845300598	0.244143505863967	0.691770015554854	0.423640535790592	0.0391660293462445	0.243038642964224	0.080436811697607	0.0107054944875492	0.141866479423206	0.205381662845024	0.371337375977155	0.126729276313584	0.322072205740284	0.143375731392034	0.238006401047901	0.479365041697961	0.501520437455442	0.258048304501776	0.644005157149257	0.126325723925677	0.493067828628135	0.775974587476614	0.754303557321184	0.599862626494912	0.0432459214803054	0.144148892829955	0.253062720580968	0.41836730901614	0.217359931127838	0.201713486067512	0.153710525820499	0.152256052906773	0.314983394619867	0.453792267539655	0.603758198573553	0.285332835177939	0.462968213139733	0.382284288276522	0.315923518071705	0.184841072184047	0.190404308281872	0.410826940408239	0.247370561922373	0.251381565935893	0.198027808222264	0.157471136936759	0.0339248658090907	0.508366328081373	0.36710729006065	0.347762265610733	-0.0127110571316536	0.303094869344155	0.219923948639658	0.22935764055781	-0.0333023321999334	0.60797771525294	0.0736580002675065	0.166012882690579	0.130988682433993	0.0317273793520267	-0.0427362178400202	0.256835066681874	0.18794933346491	0.573189382477532	0.435001633073678	0.144649954155431	0.0759569246616876	0.168096033465454
0.573640715647708	0.210461785788821	0.610878455261061	0.630013066666934	0.874604712407264	1	0.818687949751367	0.559107917368729	0.489175744791755	0.280446121649868	0.0823322462911132	0.34586674512718	0.141024970915057	0.426994766234171	0.500960474686168	0.712019770428358	0.356663889551362	0.48507561411727	0.536432218359247	0.391674566462215	0.420275475260346	0.319807746137441	0.236315410017809	0.0526029236374695	0.512156828526779	0.243365298529257	0.405069389842098	0.0240730600012163	0.213911315686169	0.100170077119961	0.56935254207267	0.307076588584621	0.343734304054095	0.184154365881495	0.741248112576186	0.439823243245598	0.0309806383294557	0.217119361748704	0.0233103653926841	-0.0773754271990224	0.120030607463152	0.244435408072661	0.448351981763538	0.086805807812792	0.332129465808849	0.145154746974393	0.250920515799905	0.495790419134294	0.556181210859315	0.303027274313969	0.653890475783363	0.0301474445079608	0.625325066022569	0.803492464671999	0.805420549870469	0.635490337705267	0.086350136100313	0.188080759602163	0.325330326092674	0.458030973133455	0.274439719615988	0.329767437402726	0.279468682383825	0.147108738464667	0.406672283131527	0.490398156054452	0.714921576346473	0.41082716179943	0.563577075841786	0.458889157784665	0.492051702330713	0.256452910858459	0.19674873509885	0.490587862995632	0.271873395511116	0.295419879722722	0.189153525410374	0.109644261386627	0.12904051327317	0.572550880353749	0.402526131494991	0.475024240296566	-0.0107447622198611	0.397566667329328	0.285145207532364	0.178252887518961	-0.040551078881623	0.679017306982295	0.111421557642219	0.166193220284304	0.153598142385491	-0.00366725793538606	-0.126617375021689	0.181282074891659	0.250406614373926	0.610505712385592	0.358500912145868	0.232628601043535	0.0858345313051589	0.209414969037954
0.444902682386991	0.271917242409968	0.491967724859631	0.717968282168282	0.738253633236254	0.818687949751367	1	0.297505494352671	0.387158366667647	0.148666923807925	0.0659776835145353	0.240984644687044	0.0896840141939263	0.220197228364573	0.559616051615498	0.471608279505634	0.345982732653394	0.286146370620858	0.318905275489054	0.179974660860562	0.376439878987725	0.313145434703159	0.216499318502814	0.0291177643557177	0.35510634223315	0.177059565935167	0.335772721396754	0.207304814581791	0.144677960983199	0.0214166110325958	0.34893330775063	0.215077031821869	0.210603148150576	0.154097116182001	0.803284352335341	0.261845112333064	0.0204107307557857	0.191506617273955	0.179368973549426	0.10045016025096	0.215792655224503	0.142898501727674	0.446639420581533	0.199563368757768	0.176239702606286	0.0823371566228233	0.260617037685156	0.565995719267842	0.438074475459238	0.352348866396291	0.582386247099477	0.039636022865879	0.538776856968757	0.71825207028754	0.795285936124505	0.745193645247458	0.218332969102675	0.243422381072324	0.24820624847169	0.383283536896685	0.221121240904559	0.366408084194587	0.28502287586688	0.19205190323293	0.181116840410199	0.389034909113682	0.55097807268858	0.273721360400521	0.386388758835664	0.27197244913602	0.401817201367572	0.313119284458362	0.104594929801749	0.361207265137235	0.268678349359127	0.312895049413798	0.175730829430704	0.233765097539271	0.134348611540805	0.318867283277443	0.365612831444706	0.449721940267539	-0.0953183187963981	0.285456422170815	0.210601310196674	0.118831711745758	0.00384475668017237	0.70638106567129	0.0874540257260956	0.12042991975892	0.331473123832374	0.153643726088789	0.0637471086136277	0.229932845970045	0.260962977369385	0.650903087044978	0.199762264297029	0.232748696005691	-0.0171018916828368	0.276958806688601
0.230548898542286	-0.0444047664593559	0.131347332784899	0.179652390504739	0.43754694622345	0.559107917368729	0.297505494352671	1	0.537367603323492	0.213058922068853	0.165037238869706	0.274085068664389	0.276355660219216	0.315537940006809	0.271882066825678	0.585144499388659	0.464315860640234	0.613003997563661	0.723914229468304	0.636254567300246	0.332975411741519	0.155116500066663	0.021927359437285	0.199916294105989	0.597925407041164	0.187321713173681	0.237158225282283	-0.0466622280718552	0.171909149775645	0.027439886378482	0.34668987765447	0.232438370578543	0.337134410885877	0.0102780157350824	0.28047022037123	0.472837141884406	0.109838516858545	0.272784520070196	0.0528683757128652	-0.143916387799143	-0.00390249293054618	0.159439773252448	0.233634975612439	-0.0229671527888987	0.390991827988095	-0.000970621775994835	0.0108895571205632	0.255283066297881	0.280596925013136	0.242289791750437	0.338085697844151	-0.108775088343998	0.458074243351563	0.370551088104938	0.458403943032815	0.323342443889055	0.105066909072678	0.20813691019536	0.563125006698903	0.506879999206302	0.212942958690924	0.370149989467259	0.166550183550179	0.105281620097104	0.291999379412294	0.354828926773837	0.519810385223212	0.548779115778312	0.650153765859467	0.540939895526969	0.490813541657784	0.0480183667764926	0.270332452632425	0.500657243585544	0.177082559909876	0.0754310614725543	0.0275472677353289	-0.177541194088956	-0.0698109157119514	0.472255362371237	0.117424176966036	0.28186661410483	-0.171343236806438	0.261704171375423	0.178305975084909	0.0687226202177175	0.0659971568017806	0.422453369656837	0.132017767724334	0.239853092000597	0.181924424211371	-0.0727507897908949	-0.22620129813401	-0.069997126896306	0.00547723579405495	0.375832169371676	0.163111343296633	0.0259595377877493	0.114821229366456	0.133972374638551
0.269324538846238	0.104894283974622	0.258441106170099	0.272473439726708	0.445435716664114	0.489175744791755	0.387158366667647	0.537367603323492	1	0.0899156979083219	0.0830597820609928	0.19096686636333	0.196739838032459	0.00649266460143121	0.150821815959804	0.362108646652517	0.280100885627802	0.209789561017093	0.406029516060236	0.535263244574599	0.301754245295736	0.150191237638526	0.212423563346477	0.538106129336702	0.621544460863751	0.36127135331392	0.523592914610725	0.200395275235637	0.110479362584646	-0.00971142430399951	0.293420636055517	0.135496527654655	0.149584665606477	0.207829373053155	0.26707506429631	0.265098484015924	0.447930510538254	0.464930925097803	0.381773685152345	0.183985089752932	0.0148775684216839	0.27409526575208	0.445351947194369	0.365566687014388	0.340996865086999	0.338274804331942	0.236552668013603	0.304080705621035	0.142586606780976	0.228158242508153	0.304378670053752	0.0326564344506327	0.209329171522552	0.456132712178933	0.426395941721308	0.454524308039495	0.10578501667117	0.308122373432601	0.464846018434361	0.835516642916258	0.21986608509956	0.226514188442534	-0.0492964384607164	0.0425909603431313	0.109696199580315	0.482076315119859	0.510653078761799	0.203017117662154	0.497532091127181	0.535558922040451	0.351580213290515	0.00501871236725065	0.563412648611416	0.647593335749652	0.29764460168344	0.256319576073078	0.371247405052288	0.131771823391534	-0.0736762051381591	0.408247485870018	0.210430356804499	0.102739116224261	0.055891121213415	0.332470162475046	0.188984728832635	0.167864115391167	0.367178605444093	0.445315694911817	0.351129733984874	0.442987784711827	0.363738443310043	0.309800775467381	0.207383717153082	0.257500279753444	0.245370016790108	0.309448189496986	0.104325550746084	0.215854030443806	0.174434740082443	0.423567879809667
0.360841225684633	0.248675885853567	0.201172662351825	0.212625068105967	0.227480605039656	0.280446121649868	0.148666923807925	0.213058922068853	0.0899156979083219	1	0.495271212834117	0.731081750968612	0.362669820717413	0.442130598755698	0.212652552277829	0.373714936836406	0.273522205578559	0.386596241984899	0.218637558062331	0.153315075472237	0.500455864081445	0.466846999053451	0.17415497038324	-0.296656425484851	0.100360779043218	-0.0222841765800334	0.117890351692171	-0.0604384184595421	0.389784193079575	0.24144846163005	0.400668637171874	0.344427747065379	0.314615244740423	-0.0195767879658036	0.28083803467661	0.00948336434938112	-0.322900914848096	-0.119051832888072	-0.228095299888902	-0.172559554873063	0.173874787566035	0.338703121987669	0.243623787254115	-0.186284725333955	0.0642461763039179	0.0530859130849264	0.109888187139536	0.111202702530881	0.405482510448866	0.237808898177258	0.339830000042034	0.0286175656273317	0.307139539072971	0.221461993239412	0.114003993392276	0.00159753452504087	0.0172421815268786	0.100664373019811	0.210311239731366	0.163906111050477	0.478317060391054	0.362823458261983	0.484565102336895	0.287523635177551	0.541300717103899	0.316537805841513	0.322961968791666	0.257801586812288	0.244726789894498	0.255099313134724	0.315549295549907	0.349737595451863	-0.0143698993177982	0.269109080633458	-0.0176613852834286	0.171465066239038	0.0249142774746289	-0.0436290026009128	0.276121934838367	0.384371996710328	0.367689799805241	0.316512369035395	0.111292590386898	0.256024908113128	0.103839908286024	0.268486802529407	-0.407122101224824	0.0851054984310791	0.0191445829909045	-0.0321499743145469	-0.261770723061063	-0.152040117476845	-0.171154883744664	0.165394295413537	0.203818180847479	0.0320237417042545	0.371911555835349	0.390168694579655	0.285863534631354	0.187793431945642
0.089070445663576	0.00909589420691068	-0.138453188156107	0.0352084036920843	-0.0402774063963342	0.0823322462911132	0.0659776835145353	0.165037238869706	0.0830597820609927	0.495271212834117	1	0.512910484219226	0.492786841914608	0.0259164112610197	-0.102522200354339	0.0915340086438127	0.300741890761555	0.340239658497519	0.133790270597104	0.0832211157101195	0.454726184027093	0.389054244744798	0.145875748080317	-0.225408681414804	0.0380298373240317	-0.178520715094928	-0.0614519566399752	-0.171898096998407	0.0630513718316177	-0.130848613039946	0.198323978774598	0.292977865771997	0.400016721355712	-0.119055383568984	0.147146255760983	-0.166547430309071	-0.350053432560725	-0.0512267745776652	-0.187825197432529	-0.263038442823185	-0.0016387200943279	0.358438752159611	0.235862028867725	-0.218862103240146	0.191848303471032	0.03067881643326	0.17564478747662	0.0779404104726654	0.200935230785152	0.233275051996628	0.252954864505427	-0.245156890136541	0.139962182916627	0.00683962191679101	0.102592603866924	-0.119809211380654	-0.0630738072835275	0.00643407954872529	0.124003337090844	0.100781900904664	0.298484784933632	0.52836204635803	0.442887691605649	0.226205172215405	0.253713454056223	0.0610650970563657	-0.0772098911636042	0.25476741322475	0.0121474222298558	0.107693052154054	0.417219624310002	0.447184445014219	-0.189575013376904	0.139769013301281	0.0509703681332828	0.0474824099787417	0.0272412057732883	-0.330522417407621	0.117066410814953	0.16950332507065	0.182766556425021	0.290290088327425	0.0227211133944509	0.209063480986886	0.10482498469259	0.0777697301455049	-0.348300410067817	-0.00683946544722307	0.21442651723143	0.0430328450319248	-0.0886838091424677	-0.186014884121166	-0.150873027994055	0.0869204100578001	0.251703824198157	0.0877684261024486	0.151051600704494	0.0821447203886487	0.304407859429683	0.218760236532659
0.376718763245095	0.294199869673579	0.252411889169473	0.248036105185994	0.27380410250773	0.34586674512718	0.240984644687044	0.274085068664389	0.19096686636333	0.731081750968613	0.512910484219226	1	0.450644713415076	0.507172280724668	0.378944630101971	0.424910746442895	0.48816342125578	0.493852199699893	0.344653581718161	0.102836062746314	0.703386441283211	0.565541393575263	0.243265862217855	-0.256800582774643	0.123471233447537	0.0759747494987899	0.165589950206474	0.00800336504301593	0.374911713189478	0.238770313492634	0.42327197969522	0.416300826429089	0.328809092631764	-0.0777693408976747	0.374161130405039	0.0649745075471154	-0.349471247982027	-0.208186979335307	-0.213668942578338	-0.0667746974932308	0.13103182036047	0.308417850291842	0.387464630159877	-0.168422668090384	-0.0155849551411619	0.214517564550358	0.313984006263654	0.192307667847245	0.455416204830998	0.360924252539801	0.360357112092098	-0.041064056187794	0.462630602188202	0.273890285866723	0.135662368216878	0.0294028341584816	-0.0684744825436052	0.0146574034751344	0.269367568016548	0.211617867808929	0.582493665922198	0.532721805753764	0.677909592976202	0.326647499470572	0.602616195501845	0.490794778381862	0.375806245113354	0.40215187232275	0.318237315092575	0.279129094416605	0.627150055339042	0.51228953995899	0.0107350626856471	0.300355150155999	0.0659532252559148	0.190673520168879	0.070345964710183	0.0205132133622925	0.238614906528821	0.41845024874447	0.361173214683949	0.367183255980082	-0.0144085633771955	0.275938615740552	0.0508366710622745	0.24728403722739	-0.446265243688766	0.134561736631405	0.143537069045277	-0.10225865223132	-0.228080530246062	-0.0745259722849705	-0.10544408320266	0.262884372376692	0.344243571611224	0.0654592531831833	0.284146251894351	0.306430197108085	0.466401243999689	0.349685881677826
0.263396335903841	0.0856398543693294	0.0859582598766653	0.0839291618019537	0.105090936840302	0.141024970915057	0.0896840141939263	0.276355660219216	0.196739838032459	0.362669820717414	0.492786841914608	0.450644713415076	1	0.271328536752395	0.0600876458498067	0.331977472119964	0.554125028170245	0.433063543512219	0.292233063988816	0.171567257650062	0.266575975751528	0.282535810976659	0.111527991017071	-0.00353031352987224	0.124339796912694	-0.00991706501697169	0.175281633273449	-0.0178610569420493	0.0688378125401337	0.0785911715316119	0.388991565955881	0.440476247810356	0.630537477914305	-0.0312583827785232	0.170936965488297	0.145222357110292	-0.127813165790019	-0.087440141044547	0.0478123371527668	-0.0674202037180231	0.0904805487600653	0.388274150852466	0.21864007803055	-0.144482441108735	0.396891004835959	0.0538749961266472	0.218927793924571	0.061879891432357	0.315735584783154	0.0809682327814764	0.418328456351591	-0.0255838594548703	0.243206596229662	0.215022968807534	0.237501123979207	0.101687566755291	0.236031952743443	0.230611062746928	0.250928562999111	0.169418826867425	0.120426993481629	0.322450858808513	0.264872051350481	0.59087949255533	0.285156188306683	0.231312882350337	0.212144446289937	0.505503811690358	0.166899681358845	0.275892387422701	0.286027832283722	0.196830965476167	-0.168346406613159	0.157561282262755	0.143554503015812	0.126741192052977	0.167105568529381	-0.227622577060957	-0.024358218507614	0.409497697558333	0.343639502566897	0.551180456621367	-0.0237791808242216	0.306541576891992	0.246447228128517	0.0637139201163487	-0.126675041509084	0.191765053979123	0.348556797295116	0.128280827927859	0.0401455549101624	-0.0319648507180491	-0.159515141406628	0.0328561910328189	0.114106029944831	0.183676312252595	0.28380444010976	-0.0729872284721343	0.338975859993209	0.192270973493857
0.449644730956179	0.27769582789487	0.413749440928592	0.285606062273654	0.389398917075361	0.426994766234171	0.220197228364573	0.315537940006809	0.00649266460143121	0.442130598755698	0.0259164112610197	0.507172280724668	0.271328536752395	1	0.540573163081775	0.528765750023625	0.309369854686664	0.483035351489252	0.479328671143782	0.086415528833423	0.291238515720318	0.251135343003955	-0.0566591568506621	-0.287081456528945	0.0606848214635051	0.111296933052541	0.15067925322418	-0.0244364064024927	0.354098094229206	0.382427926044533	0.392988797424985	0.277292633664193	0.247221301135015	-0.0215372333260299	0.375792269761892	0.297500666267099	-0.300445985651642	-0.246029823562564	-0.270635692436715	-0.0578323596980075	0.198621799777712	0.14973640433548	0.160543953003542	-0.228490117265449	0.0700667250754188	0.0207129291047777	0.0225999775429044	0.187750977315167	0.596854828634344	0.229715687160432	0.492949230678947	0.128632485206669	0.468137855743277	0.428721779007764	0.240086743479902	0.0894014494062374	-0.0301226574138086	0.0322609597752346	0.287017668422603	-0.0611631098854165	0.27868672078586	0.224794321583452	0.449312417315432	0.277882090635053	0.64358746124125	0.433449966745916	0.457361094894007	0.402022124422195	0.289659199947562	0.284990875878857	0.377337397110984	0.272665635989425	-0.0623803867108645	0.199616058963992	-0.0134411435235944	0.0532326295377595	-0.031773311205714	0.119331635409414	0.269111608273752	0.444422757241011	0.305932488522794	0.366265577317522	0.0424474043539214	0.215940649645953	0.137296793537738	0.256281889323154	-0.451139660419932	0.15485771930596	-0.116051636851766	-0.208376866941759	-0.280691547200026	-0.0968527770423611	-0.326152886442973	0.129707995278278	0.147567910188063	0.166217668839069	0.511811376500335	0.121013277778065	0.231425602081734	0.0789851877176207
0.29104475973542	0.515040497157622	0.421928035304626	0.665713916144137	0.411473489815932	0.500960474686168	0.559616051615498	0.271882066825678	0.150821815959804	0.212652552277829	-0.102522200354339	0.378944630101971	0.0600876458498067	0.540573163081775	1	0.299494248150938	0.244770040740875	0.167170353755991	0.249167282267404	-0.088323780654538	0.297507739379094	0.280306669935409	0.0650835382543922	-0.223644653342376	0.111382544764527	0.115065703207174	0.142217448504892	0.301104763138367	0.387814147473742	0.201738023953724	0.0804086673313862	0.0588657906531279	0.0179863845264852	0.0810388525373339	0.562173426378925	0.108089636819378	-0.155311867503472	-0.14516438187536	-0.12109994811645	0.291639924816584	0.303423147620561	-0.0646390631882228	0.177550774725002	0.0434380551754489	-0.249925684668032	0.0722767299271627	0.25828593520686	0.405817110202213	0.425622701563424	0.319051594078333	0.299509235953252	0.00274838202189666	0.554324153066724	0.477632362110875	0.331487371067824	0.478615421660392	0.144431901651499	0.102874546694491	0.143184829193525	0.160967570218648	0.360338792482877	0.385668114076419	0.459167858967245	0.212976569760587	0.335310785490111	0.517635917380214	0.474548892269305	0.180856963453333	0.285641885425258	0.111626437405828	0.403025899367582	0.325693826026007	0.163874463893612	0.31091429365276	0.0689976985161195	0.203440796286615	-0.00376948190850391	0.411639483307422	0.370482785874317	0.182929492301652	0.236651315214808	0.285309585875865	-0.0386171135921121	0.0888953636936173	0.0182197653886796	0.182312400975815	-0.185193805567483	0.392546585863774	-0.0349286166085977	-0.15557419197845	0.00699818486060893	0.222144051290229	0.0358611235469873	0.271219195762802	0.305464579056899	0.332491225088119	0.176305215565508	0.25198410718656	0.119107908968229	0.264639173662146
0.629719335245889	0.0283112373274649	0.487338661910356	0.339333033749893	0.632872019082281	0.712019770428359	0.471608279505634	0.585144499388659	0.362108646652517	0.373714936836407	0.0915340086438127	0.424910746442895	0.331977472119964	0.528765750023625	0.299494248150938	1	0.388065127432532	0.579600659405365	0.711574549781361	0.444702513082889	0.346767585285705	0.197321608015887	0.0544405965225352	0.00550092835497172	0.498362066358804	0.26320811441158	0.344716652126822	-0.00386381425552468	0.23241794753533	0.43184514534117	0.801821738272857	0.540439251522956	0.488111257939163	0.252444154874767	0.620392700977125	0.709200941126094	0.00879316229595448	0.177725008230565	0.131161762896427	-0.10566700387485	-0.00339834107733421	0.431246856076016	0.520033617151146	0.0589522415748718	0.466999433931673	0.0567409071853581	0.314393002381102	0.289818739925144	0.462898614226969	0.225764995703483	0.549311933798053	0.146103692120793	0.432979987479628	0.655444759407692	0.593644150518252	0.399005039004241	0.121118337887753	0.193891975296214	0.418260138324416	0.355996256438977	0.164573379143585	0.231258219329916	0.226189018714814	0.252824329869527	0.446752669159592	0.444992697645621	0.734333262440228	0.583385150730364	0.615372053241182	0.570429030238188	0.389675134437184	0.181066813391496	0.0151473436474811	0.364248717554444	0.193395486532027	0.178748861862367	0.140971274185474	0.0426138075863599	0.0945414496386352	0.78319151781136	0.540116071685518	0.613951417916413	0.0943452274260926	0.562770383189076	0.438060307302277	0.271236042538344	-0.104577426241518	0.586927567904073	0.251308251325111	0.188886041469779	0.0540211133545733	-0.0249796416137807	-0.14786037415164	0.0525843260451221	0.142688383458958	0.444812608800541	0.291726043388749	0.163505576982962	0.0700543677199755	0.120589067540632
0.252252420059153	0.0832153867216477	0.180190114773029	0.169625181700335	0.30538252955267	0.356663889551362	0.345982732653394	0.464315860640234	0.280100885627802	0.273522205578559	0.300741890761555	0.48816342125578	0.554125028170245	0.309369854686665	0.244770040740875	0.388065127432533	1	0.631893867974125	0.427705766742106	0.250310224840944	0.616071942272269	0.189992803051474	0.222132510760833	0.0343025401803981	0.275392009695892	0.052100485224139	0.258934375123157	0.0118811951484109	-0.0237905103737791	0.132611409243408	0.364674319840484	0.516776896828074	0.599554191893345	0.0231031427882206	0.352168852920002	0.227588176163564	-0.153320142733177	0.0405172376766106	0.0495933381215172	0.0107998890525905	0.10214176875477	0.247703399412106	0.318141280466963	-0.0298014385929549	0.290063890531251	0.115186523949888	0.160555443907117	0.234256627602009	0.303258606772462	0.323291477614573	0.373480058500226	-0.0302456777229912	0.482136189978168	0.256525448950287	0.323068103619704	0.25058116028785	0.145615848161594	0.198679115153379	0.458657546537513	0.285835302091639	0.233388099676105	0.49237603158434	0.343675951005157	0.444968538833213	0.318731577131952	0.338183125177533	0.241772238859094	0.600939476052118	0.328383784442023	0.280975650149542	0.548427053334047	0.268449332359581	-0.113549036968497	0.333509529557561	0.240377993561136	0.275178551103898	0.079461288023536	-0.0310571162871954	-0.0747099073860656	0.341105070197532	0.353884320698497	0.502316381964979	0.0105801184639816	0.278541895310514	0.250493101586946	0.137314430732843	-0.206350972264381	0.334995861872662	0.259670447114262	0.0984138814538263	0.152242289920688	-0.0211139051831087	-0.0791042650938534	0.0881759605206293	0.134668937274505	0.302997320949436	0.232797995238143	0.043131849776474	0.410350344219897	0.302970242034386
0.377050864805754	0.0317909186337869	0.222013059132948	0.137013826317349	0.396898014108785	0.48507561411727	0.286146370620858	0.613003997563661	0.209789561017093	0.386596241984899	0.340239658497519	0.493852199699893	0.433063543512219	0.483035351489252	0.167170353755991	0.579600659405365	0.631893867974125	1	0.603546646593931	0.431986349668429	0.506043996688617	0.310192983833429	0.117554584807021	0.000974399011703427	0.385056712665235	0.128481275013515	0.19208549466368	-0.111083910084053	0.171162592414852	0.147701325697187	0.655862519504254	0.41774676037511	0.565916220095939	-0.056156939017193	0.357084013562362	0.321915034936754	-0.22701278465297	0.0625010513716149	-0.117313237749899	-0.320150068870614	0.0381896591079585	0.34929337890902	0.353812141441147	-0.151750592955529	0.462317202286475	0.0259086113184339	0.00538926008609416	0.151747812676502	0.379467286779285	0.348122664803058	0.436503254737615	-0.101408172997766	0.404259256355663	0.318379560917847	0.377840098429121	0.131950451638643	-0.0489301178351365	0.0860327693270159	0.514266385204669	0.240403337494122	0.148806962297753	0.401787785912703	0.29820995500258	0.19143199321941	0.519258118522361	0.290686007224078	0.382581065925067	0.624952300622544	0.440265312356032	0.418735871648699	0.507676992618618	0.242528700217225	-0.00563895766603381	0.309672083716137	0.305432340280492	0.162915265476032	0.060230857074557	-0.327587453232952	-0.0221275981142889	0.592352880493082	0.308663579620937	0.493494154907564	-0.0125676639173055	0.450613883765004	0.344069302399654	0.103698673238674	-0.242535619268118	0.29236096196482	0.248662981241054	0.168340900713653	-0.0293891024208087	-0.238238332103737	-0.273716030816857	-0.0584788466333184	0.0831879033682335	0.276253864461567	0.325488016016995	-0.0300956166435724	0.263390352267162	0.109529073446217
0.282294076719375	-0.101053595247107	0.207068717007029	0.106409804974834	0.438373011888749	0.536432218359247	0.318905275489054	0.723914229468304	0.406029516060236	0.218637558062331	0.133790270597104	0.344653581718161	0.292233063988816	0.479328671143782	0.249167282267404	0.711574549781361	0.427705766742106	0.603546646593931	1	0.513872705347896	0.369530297566419	0.192531997297613	-0.037485556571496	0.0693085770352988	0.521601325724292	0.372037612408178	0.297868871147893	-0.153824296091189	0.131505610384861	0.178553754426661	0.487019531466552	0.403115932781124	0.432115706037906	0.0491870299281671	0.370097090363391	0.712608439670603	-0.0419030558111028	0.162109121590912	0.0265650910951948	-0.202946192851512	-0.0724367095220738	0.230393293864537	0.325154214972585	-0.0357308806445963	0.391565572977947	-0.00326471317881076	0.0595954388973795	0.302332294855461	0.351688452749012	0.325173213193341	0.425211021195843	0.0415162970702299	0.426680088951045	0.43024083110634	0.45220549830088	0.210596907156224	0.150775206836513	0.200004766743109	0.634267941724069	0.280196077887095	0.137136000943554	0.332493908470377	0.216282344836704	0.159945111765703	0.404208557223364	0.294241257318052	0.494437597480889	0.653758477957134	0.684542816718777	0.665328115335418	0.526935149613003	0.231816719951359	0.0521241024153868	0.459335230162234	0.156217128491836	0.152019017232649	0.126359833322815	-0.115161571992681	-0.079120355272466	0.578577963983788	0.277493451775102	0.432493551230249	-0.162590412380747	0.283180228553826	0.331312129245202	0.144147908300168	-0.111713563529891	0.362011497338325	0.0865353374822475	0.165386282189473	0.0356115994650563	-0.19649179702012	-0.268527677812186	-0.0349668185138896	0.0267174304790238	0.345936718943051	0.259925685124681	0.0214462811674459	0.0384119890711876	0.0138826872540561
0.113228861075174	-0.236387963425534	0.0530707762209989	-0.0186928945667129	0.322153484292734	0.391674566462215	0.179974660860562	0.636254567300246	0.535263244574599	0.153315075472237	0.0832211157101195	0.102836062746314	0.171567257650062	0.086415528833423	-0.088323780654538	0.444702513082889	0.250310224840943	0.431986349668429	0.513872705347896	1	0.208984309608402	0.0632618746380596	0.122838982031283	0.358293606990956	0.764057581632226	0.285045773492188	0.268709250728837	-0.147362007196304	0.0309474061630127	-0.0577411432453141	0.357010616873286	0.293077290828043	0.296360623882025	0.0668061536569854	0.0514838714787167	0.452932564033391	0.246733321031778	0.570760129056175	0.18325445279328	-0.193123907012706	0.0375782733231265	0.18310370016436	0.174639567955297	0.135008583503963	0.542428287629979	0.0757813529206227	0.0295065545415355	0.0955394946453178	3.07166591347104e-06	0.135666182495939	0.124137826485902	-0.0601210585329281	0.147480732339308	0.230222759893344	0.318098741581157	0.234174646752865	0.0979631333575421	0.274637580511945	0.391228161358684	0.501192418580113	0.116305859513385	0.14261180847029	-0.0617342984701075	-0.0427656377463848	0.131914920138352	0.163465889537127	0.390334249737457	0.338065162840122	0.434425060731811	0.662332786592381	0.225009242620949	-0.0716019063042065	0.279778234114792	0.51671161716304	0.112761155307539	-0.0561410095641733	0.0518275866963778	-0.257670229372385	-0.184446195339987	0.380465169507906	0.0773276943865638	0.175684141790572	-0.0578781460787686	0.266000828015291	0.225650370409956	0.133674924526318	0.191356826291228	0.271698058673785	0.208947520149074	0.300706192343462	0.152977502844733	-0.0610231636038254	-0.124574608492894	-0.0395314302486507	-0.068940644664214	0.191333017144503	0.0352857550612865	0.0986122337781372	0.0182533598766506	0.0249287357374747
0.277711790343494	0.265483157957591	0.245509259045516	0.254400238568079	0.338682929681923	0.420275475260346	0.376439878987725	0.332975411741519	0.301754245295736	0.500455864081445	0.454726184027093	0.703386441283211	0.266575975751528	0.291238515720318	0.297507739379094	0.346767585285705	0.616071942272268	0.506043996688617	0.369530297566419	0.208984309608402	1	0.455543094186666	0.280245188011016	-0.127894844951126	0.167682418076251	0.229395101966569	0.241529145707394	0.0100529746748256	0.204221937860705	0.0914116629634477	0.413288971341451	0.49462787572814	0.36690236014571	0.0929750002599539	0.496980368599416	0.115177630967071	-0.313522631136015	0.055894274695669	-0.0790355877105866	-0.101096382590527	0.141601285691075	0.276960415231432	0.481294063442472	0.0390754414600313	0.0986414164598372	0.207567302441801	0.301603094122505	0.2484723066322	0.407766677987516	0.463054871836323	0.324133397860978	-0.02873279940855	0.535283157970469	0.289205973713244	0.230703359917845	0.169221296653899	0.038467093670013	0.163043687267206	0.331262005200293	0.260668159590455	0.511690457895316	0.645862572041615	0.626667402391897	0.316700422180834	0.465678704807269	0.412109984493861	0.279607238546914	0.382102009279809	0.307658601519118	0.30718582783061	0.645428016001108	0.639722039252724	-0.00787814309279112	0.338750718907873	0.356409073522877	0.302204967578089	0.133885155510491	-0.00393695749459941	0.109536847161556	0.411436990616024	0.372002401502211	0.464367025453372	0.08028822308478	0.340718361743744	0.297423167259106	0.319265762151419	-0.36013796383613	0.276607597437075	0.309032910801264	0.0997411574642317	0.000169592087804377	-0.0262651337318037	0.0610911787282621	0.349471399765611	0.494981357539455	0.24750415595485	0.202765377896307	0.307152451839821	0.516726733234121	0.44122521624198
0.345977873957394	0.316371636079325	0.25745146025987	0.357372663734324	0.32203621626684	0.319807746137441	0.313145434703158	0.155116500066663	0.150191237638526	0.466846999053451	0.389054244744798	0.565541393575263	0.282535810976659	0.251135343003955	0.280306669935409	0.197321608015887	0.189992803051474	0.310192983833428	0.192531997297613	0.0632618746380596	0.455543094186666	1	0.303677570723119	-0.0923954671000607	0.0533081284611453	0.110297251801415	0.243704937812656	0.0726241318444345	0.250736406808428	-0.0608271401504124	0.311735635241017	0.120383494180824	0.164998324215306	-0.0278747948872845	0.334768369951285	-0.0301666042461532	-0.221716561644508	-0.090510126383714	-0.0338890398519226	0.096567756534728	0.144985949637857	0.0539662598819522	0.234955860418301	-0.0768354364317456	-0.00951854418105405	0.147437956849481	0.192714696446158	0.348776647558064	0.40403963910112	0.35036278371779	0.312866074359062	-0.0577720354857611	0.301709741925899	0.316293832827181	0.251003931536453	0.120737097684358	-0.0339551291528283	0.0188664022770686	0.116906140576719	0.0361802614368846	0.520933420756504	0.451434413523749	0.488157609344405	0.0866723371127389	0.372699063580784	0.177342125571771	0.243301607233027	0.0933320363868342	0.17326638597581	0.0854881524115336	0.454191052171202	0.556299198738123	0.0529190746066571	0.134727487782015	0.302924044703087	0.233942133547134	0.157389878876182	0.0180303386382381	0.176206313805862	0.205363526449201	0.210944963510369	0.222082328801898	-0.177271862008287	0.15283181663509	-0.0162622792635919	0.113143533291017	-0.258654856971007	0.20033491557612	0.0332848937405391	-0.102915879842211	-0.017230551969024	0.0997077122905561	-0.0429515629326282	0.385760404684181	0.410703573345113	0.198232006265377	0.327720458011383	0.148815131863464	0.24730424827313	0.243251653775257
