1	0.85066009945416	0.788096825559557	0.81152349144843	0.770883465893001	0.777958222605841	0.631167629344364	0.540133375737373	0.511408366305043	0.546509699173458	0.4298703280766	0.615146423301201	0.494551945936806	0.726152457001254	0.731379854366932	0.239087864961475	0.532237326742894	0.49959238757547	0.458247558830073	0.520139094324858	0.65060722052243	0.442725420348776	0.445147124864206	0.585274394322331	0.509964499766951	0.396827269033005	0.403733032977353	-0.0942464463257803	0.190111140443883	-0.387503003958325	0.518818035422318	0.374685664845416	0.490073841784654	0.254291778111452	0.351392475746919	0.548260285893334	0.617388934115587	0.177918699876719	0.49620981443877	0.365964148207772	0.264569298732143	0.376759098872172	0.309162722280788	-0.0677807221826699	0.286424672905868	0.0884244190050234	0.290793344067013	0.301928764150857	0.492324299171162	0.611185649959273	0.784033097611038	0.759080062156243	0.667260527391892	0.721711158887152	0.573461290103843	0.751644167484307	0.43334706259576	0.586475599777111	0.443353158215289	0.5146124778608	0.532808398319289	0.268786517168173	0.287935998706382	0.327965816400915	0.193259285764988	-0.00122785044858119	0.224119360727093	0.391989378959542	0.391354224261212	0.563445587316608	0.293349129472988	0.302510846147414	0.399955623621302	0.511210713523711	0.353070479939505	0.410160920377418	0.0264831821930281	-0.247462768971547	0.194207855556331	0.39686287312033	0.255844193311132	0.400357662177709	0.505123643440029	0.367533455190226	0.526818156807289	0.0825107184948244	0.450832881222805	0.622404127634422	0.403572842835274	0.186660232762929	0.55202210798647	0.00937626358503118	0.0231336609818404	0.403081588220225	0.323643487466325	0.479836533468871	0.230609726718121	0.411478576860513	0.357100759765354	0.308295849001061
0.85066009945416	1	0.694317606451234	0.777496605211047	0.640749842347268	0.658885190549135	0.520312379808006	0.426535279017603	0.371868541298668	0.471480035341961	0.33342368948965	0.478652892798004	0.400541860522423	0.768121231777492	0.751707524075296	0.23137498762823	0.395935437621878	0.340789498067426	0.306306243716953	0.45140479731027	0.544271514885414	0.375682767996702	0.40170852451011	0.404614518148467	0.449370400538792	0.418347916485187	0.376911190916954	-0.00575257780433888	0.197702193303286	-0.307504861727699	0.432378146698975	0.43724642089773	0.515490558017601	0.320084780540746	0.275316560969545	0.405370879923599	0.482506575424609	0.21973257047794	0.269420874859354	0.389440947528026	0.165909374758418	0.414651908685713	0.262981725016018	0.0304626248739923	0.257535393302931	0.0837856310033526	0.27125684901315	0.188660227785798	0.450538247239426	0.629969803424531	0.623055112798023	0.712172796842144	0.641137276480142	0.584655034724039	0.440350372829714	0.667284875117789	0.277521146459199	0.42445653719933	0.262694276831061	0.3870381639332	0.537490580558941	0.233797089427287	0.23033695242573	0.203109057534978	0.270156346446462	0.0229924041203816	0.176796526354771	0.252300978741265	0.251261747931176	0.442474560125211	0.235775062280693	0.256762118455058	0.287217362484449	0.439174543000445	0.199555182729659	0.427347552027765	0.113089633510695	-0.181771446697341	0.200989298749069	0.265369999471149	0.210862458797642	0.31485163444833	0.533610637257632	0.311566126448134	0.378720387507341	0.120899555464373	0.375032649450494	0.464083328407744	0.321396363302537	0.183264198064965	0.363748276176212	0.0684642209312379	0.0939723554783423	0.380385268241279	0.24071216872881	0.404003870329672	0.36700813599524	0.385214014480189	0.388691343265608	0.267710775253795
0.788096825559557	0.694317606451235	1	0.693621578500512	0.514630732943388	0.633588490823366	0.615454389122089	0.316503728848215	0.311664126553677	0.308087333384932	0.253249591209309	0.404656832859754	0.35133637151608	0.673831386915368	0.593635624299101	0.375349655505421	0.34920867678369	0.363200231836811	0.379081330638782	0.38986399302097	0.437831585635672	0.27249960331391	0.253967545244797	0.39478180476837	0.351773630583693	0.437489784541698	0.349298494902982	0.11528312109664	0.302531765458532	-0.0442441558147692	0.505994995998753	0.424106477114486	0.473577737412892	0.374956906196221	0.46493785609309	0.580916111286728	0.455054246861552	0.276625492227717	0.457236918983643	0.315397762768981	0.361076161722816	0.307673412778196	0.376266384907686	-0.0235197674940451	0.313454426926867	0.127824504919639	0.329441420848832	0.216352489382515	0.485042856288611	0.532040758750692	0.618390529246294	0.796772603544417	0.588901620155406	0.64931050280122	0.404639558423446	0.576635396169897	0.281647926599595	0.422116134750973	0.36128153674058	0.334472452063994	0.299010411324717	0.176857661713643	0.274123997685573	0.266436888066945	0.329756482205437	0.190155069190472	0.368515068069903	0.372015395384393	0.391794315785591	0.488891992414295	0.31332845222606	0.219373102085082	0.301997214488621	0.410443235096084	0.382917695283932	0.370717771854861	0.151751644850916	-0.0219956545000384	0.0977825738052605	0.418148661720083	0.30080736892182	0.327573174749452	0.316071719356134	0.484313366611765	0.465109810763439	0.255900339471326	0.396577035102753	0.607433365992527	0.462191484632846	0.328857802091034	0.517182139515839	0.192627412297309	0.0406526779672659	0.273272460525956	0.338280266847184	0.37254063998257	0.244839416503748	0.294881565640395	0.163933515704616	0.18942249179465
0.81152349144843	0.777496605211047	0.693621578500512	1	0.62593515234567	0.762119202125115	0.786159001827738	0.637518602080859	0.587375575391982	0.422060879851414	0.398778358362206	0.563621412982392	0.60318292723598	0.725738241667184	0.810224536097417	0.41463065461817	0.623410174878172	0.635044794493041	0.572665602007835	0.620079339068105	0.628226715464918	0.363862918020992	0.409108207597094	0.587204601161122	0.554470661366594	0.380571035440622	0.306545803160111	0.0264185672388782	0.239453174018365	-0.348951272886133	0.677440000862328	0.480920820846435	0.667551735026006	0.317451436106568	0.468193951728169	0.650197272343504	0.467720894127354	0.308521889329623	0.52700479575082	0.320165596175586	0.268913229511085	0.287754092197281	0.462008146023638	-0.10144228833923	0.441329188576561	0.139180111134421	0.329374548678126	0.331980283323438	0.401272058330322	0.498490381558133	0.67811739863349	0.733014413613595	0.763694244548041	0.702036258063158	0.585665511655893	0.866852866437236	0.529136300045945	0.666986743428473	0.539315549294255	0.558008498645536	0.417619881487903	0.242519973383349	0.401261197326887	0.508938881274858	0.19387751690457	-0.0350422706704526	0.364814526949812	0.570104958174876	0.531049473576501	0.685301222492049	0.387521747172488	0.388321735324591	0.286612878549812	0.590203124135113	0.432399396105576	0.512275940579256	0.0211598288385844	-0.162200117939193	0.0729583637606131	0.52240327858911	0.338466425053983	0.559220225260057	0.441686965382733	0.392238559358669	0.60700028520951	0.109694781405098	0.348508204529599	0.655470817089632	0.312100614497815	0.293338859956548	0.513693636981254	0.0255031058689186	-0.0175291845549667	0.369489924065586	0.335010291889924	0.453212197234285	0.223781692911484	0.328859141333471	0.224820285837193	0.254370588367161
0.770883465893001	0.640749842347268	0.514630732943388	0.62593515234567	1	0.771421076562413	0.425054048358078	0.61443332865117	0.536690626214984	0.736935977788422	0.533345631258966	0.762037528356822	0.585151341833262	0.502017756476333	0.638471157672159	-0.0857540255557121	0.602871381651097	0.527923475610201	0.291262397637653	0.555503752853129	0.712580109920455	0.544539010141554	0.609904671088742	0.673942642768805	0.551642162581599	0.323556238519184	0.451109131731123	-0.282443142102125	0.157169138111945	-0.550932960319424	0.325873739679729	0.192084231689759	0.464657353010928	-0.017989440536072	0.0859334055002621	0.233117869772483	0.711882679948673	0.0194149098775327	0.377716068793082	0.333418488344479	0.128338598161879	0.432174662075139	0.100989080641604	-0.0164644608878599	0.14073748295547	0.0150797819933494	0.111227620023399	0.351264219821088	0.460515929169998	0.616053975903475	0.720710412967022	0.522508032515179	0.463519210547522	0.650099001757742	0.653380426428838	0.646839395772187	0.445330175335463	0.588381509508962	0.306506613548041	0.532459011313658	0.609282115299555	0.291482782377463	0.206116543587124	0.260803531665754	-0.0819115127609125	-0.215133351135003	-0.137655833679555	0.257349864705819	0.186284312041162	0.505214181420442	0.196457153016704	0.36350451993947	0.383471484907616	0.573889148612324	0.134678379098808	0.354144997771327	-0.0996285186809906	-0.41107890890376	0.175258410932908	0.111545983004107	-0.000707317940779826	0.344348020712874	0.436600217320806	0.023527988231623	0.339999974828262	-0.223933522682859	0.501322360252325	0.39332480487687	0.10189228738758	-0.127117044781705	0.383714897231818	-0.219753878456609	0.0369939984101139	0.368736281915887	0.175418760294835	0.444469823730987	0.198942962281679	0.258583313821026	0.456650208167084	0.240735703672452
0.777958222605841	0.658885190549135	0.633588490823366	0.762119202125115	0.771421076562413	1	0.738242424773188	0.581710057559797	0.548101649097706	0.528389981122086	0.413734895838323	0.632705317383177	0.511338198666549	0.513271005331311	0.760977755238137	0.203960802882468	0.658860541887834	0.578785002727773	0.46561809525487	0.53662323827638	0.67620078644267	0.45013938807881	0.44528157902327	0.622537105862821	0.544119335908513	0.270964363022874	0.312969429008797	-0.134353566533979	0.202913754727318	-0.441013984921532	0.526893048422804	0.177650534600169	0.416612300530975	0.106532160395076	0.377238246900526	0.428291010803655	0.615514802298168	0.225590330879233	0.567997642849701	0.342165554717006	0.243368437273249	0.27037326969705	0.29822289979458	-0.0774043820782212	0.23637080078755	0.0919705745744901	0.159745996055316	0.541387259130211	0.432697999668703	0.515619721792507	0.729076950391464	0.541902349872358	0.546472641797117	0.825207673161307	0.762900022879649	0.77286362056819	0.481098623646559	0.594674618530011	0.428451681920737	0.539780227872562	0.429605585115268	0.233145328227833	0.325567891989919	0.411147857901147	-0.023234495954545	-0.183034350488152	0.152646677775347	0.401728318778646	0.35774583813662	0.615559982926303	0.281243160385988	0.408569512174475	0.310241122608241	0.589797374828049	0.297965690343681	0.407870580023639	-0.0336868200190169	-0.288161569305923	0.0257539177339908	0.349814965365761	0.246760314684191	0.484978951473849	0.293302843059625	0.224159725573308	0.485570765997327	-0.00415393792913019	0.433710643900354	0.587244482077307	0.197444102878057	0.130846715227137	0.529615271281563	-0.0614996384463508	-0.0431491548561653	0.493242314991302	0.287728729280017	0.574776328827842	0.071995532445637	0.274118678820873	0.301573709109255	0.200731378844831
0.631167629344364	0.520312379808006	0.615454389122089	0.786159001827738	0.425054048358078	0.738242424773188	1	0.472148961943455	0.526996452517083	0.213956910256878	0.262568281092432	0.401417402162003	0.434857992331736	0.445185256860023	0.662503564212478	0.622158821509899	0.541972707925923	0.488980315760845	0.633782443985154	0.486768143042581	0.522014327703621	0.203971817104546	0.299882250017858	0.518731587750134	0.447123540811565	0.256429513843198	0.300560885677813	0.125160663174335	0.20909201731448	-0.206926720562461	0.688767181268207	0.38963225390597	0.464925453159765	0.359729551144938	0.792492445655311	0.726458200294176	0.431509875977228	0.412432601064811	0.789698069029278	0.38025908528133	0.376655139606263	0.22401812561363	0.652527741544756	-0.0113953888758986	0.450923648957581	0.159134493003094	0.326795873990675	0.568119198376036	0.265824451440688	0.326433183557072	0.607461884171473	0.581438306141543	0.616236819962634	0.691795696862296	0.681341507640506	0.79690235115646	0.437540247218201	0.54461133076211	0.513962808472945	0.510294444782348	0.252804218834092	0.200699829778172	0.466343660361208	0.58279436663579	0.187881282217142	0.11163403045009	0.582841957686549	0.572675673814161	0.613913948802826	0.622628382308049	0.507834392872377	0.415681611086683	0.26836642945326	0.488667046512797	0.49933187927702	0.376306493067731	0.13496453110056	-0.0288541302486168	0.0114284697804828	0.631547390175212	0.447414171227166	0.568923415382993	0.284373567484075	0.548473579653727	0.586389545523299	0.236120096676823	0.298954552425744	0.804935307365169	0.411656776824467	0.427685842265732	0.762757711938237	0.235073768739394	-0.0287007672367095	0.416390857301205	0.406401134446801	0.694423598497001	0.0521320066846461	0.343457749240696	0.0999581525590136	0.235726393219443
0.540133375737373	0.426535279017603	0.316503728848215	0.637518602080859	0.61443332865117	0.581710057559797	0.472148961943455	1	0.89114944776293	0.517425941540713	0.481915507764083	0.664347118713897	0.779560597875374	0.300104293120819	0.550084114895354	0.0823752462476245	0.761916794336548	0.854706104167071	0.766258749308265	0.859371608995755	0.638195814205001	0.448895056492614	0.567391617472228	0.732763158976422	0.715816776355843	0.234572349066301	0.367770756866544	-0.355820333412007	0.0725753107750153	-0.618087542529946	0.480727100313916	0.229072265755404	0.524823604953547	0.0259222498196262	0.12959665500583	0.490699979198098	0.391786851732397	0.178911686682054	0.466230397823704	0.163979682253904	0.064298023194976	0.147613386193472	0.0841589491275718	-0.175358426632353	0.46642438572913	0.0916360800024608	0.181773792614289	0.312458993676041	0.298569789636414	0.22996542465092	0.490431728509844	0.409761565357996	0.411226238575993	0.525840946001053	0.562658127517466	0.598573376886638	0.661165699454229	0.796695658414899	0.694800346005586	0.789249624854703	0.418638030793797	0.241012471882847	0.409293596242056	0.48176233993847	-0.132146327423717	-0.305977119899177	0.035451622572163	0.527438820765713	0.603190131010839	0.729755481699764	0.275597282459546	0.518091392384548	0.402838388762066	0.705140327955705	0.26168961104394	0.494539352356079	-0.060074641886561	-0.506612664183734	0.0182559816838139	0.363751273799147	0.244441992004454	0.51027056419803	0.184811285183344	0.0883041981606089	0.60544020082229	-0.0683410385261725	0.237829553631122	0.472759104038872	0.034651536984246	0.103198242292071	0.388649385864338	-0.247157475732824	0.0260239760674132	0.285809773898898	0.293435307220272	0.35057555787191	0.0675794637049931	0.217182832435537	0.237758757563641	0.164924229754902
0.511408366305043	0.371868541298668	0.311664126553677	0.587375575391982	0.536690626214983	0.548101649097706	0.526996452517083	0.89114944776293	1	0.414848734398742	0.363438526892984	0.548342222780711	0.646684129912638	0.249761810989402	0.515785120067484	0.155647266792292	0.64455851757506	0.746317215685633	0.825014753627155	0.829768252962224	0.4992820910344	0.341766422661059	0.477199994301306	0.740491828096398	0.7820396003022	0.246633094577594	0.384121714337233	-0.339293472126152	0.147724659535025	-0.575404107366417	0.479704198740036	0.19788362459394	0.43943988521912	0.0324364366072739	0.24290585608296	0.578567319610034	0.430677174105444	0.26867483178515	0.550502273853262	0.137403094232649	0.0855812589300809	0.131131564788983	0.128025657983364	-0.102810385564813	0.451665874689168	0.0611018081858671	0.0935315770813971	0.324312823968231	0.292300063040266	0.214982804305192	0.481865262616715	0.405779227671449	0.458463029789355	0.565857981096211	0.58656873275673	0.612870875541054	0.625097756619234	0.803755282243389	0.815785020052813	0.931617083754938	0.417641833920016	0.263875503741261	0.422911402115386	0.505138987835291	-0.0646250715026358	-0.215326927588981	0.208057955338989	0.59853011808978	0.738425431669256	0.784670883793649	0.414910004171193	0.475025501097918	0.533406630517077	0.737745017253266	0.367005283638781	0.457170487579825	0.0297712112614641	-0.455636748241713	0.02302393635929	0.507859306482184	0.215284655514838	0.473021551596579	0.156875657829654	0.182933405123449	0.586330039891687	-0.103183553479044	0.306947651255368	0.550975667414437	0.162113976979688	0.215745088984201	0.440494501090816	-0.237508193984609	0.0533352760705798	0.28103118144919	0.252616127291009	0.383119219370707	0.0765633089827676	0.28207833421281	0.239820587513558	0.27759061915134
0.546509699173458	0.471480035341961	0.308087333384932	0.422060879851414	0.736935977788422	0.528389981122086	0.213956910256878	0.517425941540713	0.414848734398742	1	0.645321878218072	0.862097199346042	0.520937773681028	0.349577247613581	0.521334752333408	-0.189005945522912	0.497842008137521	0.486161339942323	0.208173842835041	0.369659499935306	0.659869500284314	0.720793189010846	0.648490624620501	0.570055410695791	0.437580855780978	0.33983394129284	0.544577982565952	-0.449462132978657	0.138827464614237	-0.638185620519649	0.207812190037066	0.075533415340937	0.383717895757035	-0.127878732177054	-0.0816341185537165	0.0857342215614703	0.523042229465417	-0.154497772522788	0.200569041356846	0.273503254491661	0.0340704319165652	0.47477794699014	-0.0888477745996105	-0.0303197598755413	0.0102288249247601	-0.0208969833127872	-0.00517199545293293	0.159367846534589	0.420503862280777	0.528556061633821	0.472732597682155	0.327954590186707	0.254306246638033	0.435310633921321	0.411396591822129	0.438911253483259	0.28796583219836	0.361505820022132	0.119962733867375	0.379147695908229	0.664792543164186	0.317326283388332	0.210660751337897	0.0920540436127193	-0.167336020680117	-0.253290552587764	-0.317032252093235	0.0798754976287378	0.0564179980802852	0.228571749328736	0.14768001903683	0.40392584581179	0.324904520254311	0.487675298084764	-0.0692863096314435	0.34059851240675	0.00686971580023999	-0.586791440404228	0.28323936733656	-0.0944563129075305	-0.109617596973327	0.171247608638338	0.408956067565916	-0.14934280044697	0.14245141871285	-0.219524290548608	0.401063554941255	0.226033391412175	-0.0400992275219488	-0.202132845443376	0.239747823820419	-0.314627215507092	0.0279897900584684	0.30233694787048	-0.00412231143034819	0.274336898812338	0.310566314559693	0.106766070138415	0.633371552828468	0.25779874121878
0.4298703280766	0.33342368948965	0.253249591209309	0.398778358362206	0.533345631258966	0.413734895838323	0.262568281092432	0.481915507764083	0.363438526892984	0.645321878218071	1	0.759916872218407	0.483185401242987	0.235929712985225	0.444503506958323	-0.0259278406280031	0.470896752596213	0.4673516222515	0.277879145283898	0.314329410864638	0.524698965516942	0.533197764335504	0.63722735138562	0.408999252326737	0.325655043104468	0.266992300674086	0.401343140211008	-0.221382967674162	0.169432584848817	-0.356005397865196	0.21649242557912	0.168854438845842	0.411118600433921	-0.0125188852961988	0.0859862855954521	0.17524795103885	0.251979526476869	-0.053372915927867	0.294239716552975	0.110801982477688	0.0428813759762287	0.211019811250769	0.0406647212226603	0.00975760631618169	0.0994008419591051	0.0145134928035822	0.18200227327675	0.246065386387341	0.201383976275591	0.26816709585681	0.481982635101884	0.239361854060492	0.189377048526174	0.411953296034038	0.438538990220471	0.342480128721696	0.236701662903256	0.312702820005621	0.194891098408845	0.305219185273359	0.396145230243651	0.370684861969277	0.282815590070859	0.151112931361699	-0.00593870186475867	-0.117272797135445	-0.0669076487870658	0.0897674664342089	0.185597614362213	0.188435027694622	0.147207429854815	0.435332168146213	0.220380057141478	0.282917895890504	-0.00120097086469769	0.360386833840037	0.0215055218012808	-0.236498928275499	0.170852110647882	-0.0025931469231431	0.173947624500737	0.291827674908427	0.287542347865143	0.0315261169517164	0.220980890051943	-0.00107521651489664	0.23046136951213	0.251414467253097	0.0263255527977943	-0.0406786923059274	0.306933373431205	-0.118123652441614	0.048219796299385	0.223832881359409	0.149834754116919	0.359792557649639	0.21224180255771	0.104604727806898	0.310887076768989	0.201228667057356
0.615146423301201	0.478652892798004	0.404656832859754	0.563621412982392	0.762037528356823	0.632705317383177	0.401417402162003	0.664347118713897	0.548342222780712	0.862097199346041	0.759916872218407	1	0.661913731852021	0.358634974404737	0.613718998868124	-0.0609568997847984	0.656029395406439	0.604867839206359	0.405631191989991	0.520096603155461	0.76769939957229	0.672914090290785	0.735192243564938	0.599501652429839	0.502426523407432	0.320949056556417	0.495988071332809	-0.347968114638852	0.171141632913284	-0.578186241520026	0.347632310819028	0.159952999161259	0.519241957571081	-0.00515248051034695	0.106978062023601	0.261787347280268	0.49048756395631	-0.0519376911154397	0.382852233058145	0.27649916242126	0.114314158677762	0.34110872573656	0.043810257399416	-0.0880798924780097	0.122446793762	0.0261717030875057	0.155837128141617	0.286650583474711	0.387771079835832	0.432245527049354	0.60393536302042	0.445164425710359	0.346400055048402	0.561320006789372	0.586601053926569	0.567692968345114	0.486836389422786	0.558353676063842	0.351734427134909	0.497185150053343	0.56966597717773	0.397134983981485	0.410623295362815	0.298917004408745	-0.139391088839917	-0.22714304622609	-0.126386779901825	0.2850104402921	0.277805318683348	0.418068230850249	0.28103988994718	0.54149969903069	0.344124776756132	0.54956826433592	0.127319264007758	0.49780857557769	-0.0924518957621461	-0.503660288226346	0.171890282990138	0.0894832997107646	0.189644850140053	0.428269075489427	0.350830544249482	0.029012878873046	0.371504671851065	-0.0454062103471218	0.384657824035415	0.411051787050852	0.0698817304517616	-0.0844762138507444	0.417226962920318	-0.209711720888741	0.0145098538683927	0.369918047024593	0.200045596495151	0.353139978681612	0.153565779752804	0.172641709601899	0.471745356542759	0.244660702601287
0.494551945936806	0.400541860522423	0.35133637151608	0.60318292723598	0.585151341833262	0.511338198666549	0.434857992331736	0.779560597875374	0.646684129912638	0.520937773681028	0.483185401242987	0.661913731852021	1	0.305972927509414	0.489595029802605	0.0506906260537772	0.857017154283039	0.770417893422481	0.548594414521572	0.689175132056857	0.693940893567119	0.527441551352909	0.623853543158701	0.665958517822932	0.540348485262786	0.412022125202106	0.361211303067266	-0.251282328928753	0.0690456400178363	-0.565546412789859	0.4532603529628	0.459558513501354	0.722743459362381	0.100678162895371	0.137298928391753	0.421192633312282	0.412311218419028	0.272268571538248	0.44378873437902	0.28264920371174	0.198366821969419	0.319635452985001	0.198009504575962	-0.0589306192621653	0.556847967968436	0.113099770679364	0.377886088634459	0.28124487444802	0.268858852718737	0.253666094244496	0.461730991865554	0.486703003585299	0.325649555639086	0.46795148086812	0.45341936682592	0.522174234170555	0.601750580477547	0.633801182347506	0.458697302294051	0.537077335840104	0.389907951005295	0.231003312919622	0.311664084336443	0.524587246900778	-0.183195141525658	-0.239576272009316	-0.0512286861978238	0.489452508103342	0.389642341962229	0.486759922954882	0.264019207974487	0.461327868326307	0.246315737713895	0.570404103281945	0.309836948278958	0.601563472083547	-0.182527672431051	-0.438778744317647	0.12627457683242	0.252973817108509	0.328967156607852	0.553375492630884	0.259051008351019	0.162230495839511	0.6072396323063	0.0377652858106586	0.118797235838369	0.363770847750083	0.0875865421049493	0.0970555625599153	0.335910209848538	-0.121658711744515	0.0504241378551915	0.315616106457624	0.360715609487497	0.274220491257318	0.0496351223721204	0.224783435590987	0.191018849255744	0.0576490149189789
0.726152457001255	0.768121231777493	0.673831386915368	0.725738241667185	0.502017756476333	0.513271005331311	0.445185256860023	0.300104293120819	0.249761810989402	0.349577247613581	0.235929712985225	0.358634974404737	0.305972927509414	1	0.664911873445793	0.292280540341447	0.332596398663605	0.347039228889445	0.21884242006036	0.351220972643875	0.481733544621297	0.288830812851524	0.249270375355036	0.353622383491636	0.359279904392487	0.446385937677388	0.242696715738569	0.175836793019418	0.171091091987795	-0.00906428596701408	0.475089181116994	0.493315019507312	0.541495485116481	0.366194809415535	0.289945697313326	0.40616308563362	0.406071184975626	0.224446294966429	0.21371883842983	0.340842697393573	0.306888978250443	0.330129254670997	0.326053083092833	-0.000440889896670372	0.264654288459137	0.225975804069801	0.289175990233287	0.0891092961341426	0.535523178262303	0.577570049123286	0.523512963321929	0.642232439634721	0.702797170907053	0.452203716514743	0.335869194480081	0.572959048860774	0.223316106429057	0.364746369567311	0.206155216106197	0.255074143295971	0.412517882067942	0.194543930492452	0.200420485626172	0.140912608562037	0.376354696224804	0.16937361032275	0.266065295290643	0.281528014037482	0.210562016475122	0.380132382113928	0.308255936010742	0.130680747602812	0.249317940633655	0.312836058773207	0.28006733964916	0.302098374982906	0.0940266206683159	0.0551161460988776	0.206729215623297	0.33923889360355	0.153873629932316	0.239769845360022	0.539702898077225	0.371395035950001	0.370295689115109	0.154927927909094	0.402309271606608	0.456213970303206	0.40806444255306	0.178475190739151	0.275517426066994	0.104726144358748	0.0219577063755135	0.303499095607797	0.179407342063716	0.301000046742595	0.422112512576118	0.360625621409535	0.254433518854702	0.332329370696335
0.731379854366932	0.751707524075296	0.593635624299101	0.810224536097417	0.638471157672159	0.760977755238137	0.662503564212478	0.550084114895354	0.515785120067484	0.521334752333408	0.444503506958323	0.613718998868124	0.489595029802605	0.664911873445793	1	0.264730289201595	0.560483688045531	0.540848036296008	0.465579980844195	0.557824904807288	0.659334116108124	0.392159235306041	0.466365339268581	0.498102126343392	0.539683066178581	0.424416640845442	0.393444891876375	-0.0951232829364954	0.32910731262395	-0.366994738065401	0.540990251079834	0.341291020625874	0.587305897971547	0.300137508073775	0.37112642305291	0.437181930835238	0.498296909559282	0.287920513713604	0.446113997213175	0.384249111452678	0.220011471884191	0.315209605493714	0.36733043622202	-0.0524942286538107	0.331612267895037	0.138698597091167	0.237035128901213	0.309744491386606	0.454616924003069	0.565060507478255	0.618660403708361	0.59048688320269	0.618241075331284	0.653887386690625	0.588997044596753	0.717948867915802	0.35334734881231	0.511246903015919	0.394106334091416	0.475164247856695	0.485971024569865	0.313611557148141	0.370857217039033	0.296656509199336	0.170598183672164	-0.0495887990071895	0.181914135880007	0.305358189088856	0.383756544045114	0.521339450265353	0.30225283763953	0.380908975677555	0.261669054413396	0.549663241196084	0.203016788093327	0.410294844353346	0.0257058981284061	-0.237252113402819	0.197167722266058	0.264938034192438	0.211396680007038	0.411512753356851	0.476045998242435	0.252068264554936	0.427918827865613	0.0686619744887692	0.408262144436004	0.53784402340199	0.234951695099816	0.146983256698527	0.426708599998967	0.0376227133606866	-0.00287904326195183	0.381807890830083	0.226031450372552	0.505614031668054	0.30687422220556	0.318639915964652	0.380521828202582	0.214972229004093
0.239087864961475	0.23137498762823	0.375349655505421	0.41463065461817	-0.0857540255557121	0.203960802882468	0.622158821509899	0.0823752462476245	0.155647266792292	-0.189005945522912	-0.0259278406280031	-0.0609568997847984	0.0506906260537772	0.292280540341447	0.264730289201595	1	0.126184339485651	0.227506215524156	0.518820050428253	0.133317651731765	0.0723495081313401	-0.130512636098372	-0.117965850218361	0.0943417328555123	0.204915206187852	0.171114646119025	0.120779381448294	0.475739423814934	0.10147942103196	0.269682231867829	0.735236438486413	0.380926337182225	0.234465608574378	0.445002962984658	0.796568142752298	0.716717642458788	0.141667577950352	0.491388255142377	0.471155068286511	0.0819859557083447	0.391830497012347	0.0788416420590202	0.730367813936834	0.0844316297434171	0.332650153998975	0.268041078933648	0.301123207539754	0.148771449666223	0.113900763763209	0.162522751622765	0.243879248718947	0.359258575170806	0.425821985485349	0.212441112406294	0.245639844781588	0.39979608392923	-0.0755987031330316	0.0439522063879875	0.244188062824317	0.184279087255866	-0.00417375815588474	0.0188854893985602	0.247984698970239	0.280817232271332	0.406354520290063	0.537237827698497	0.838262139643366	0.351309841151422	0.551611156419181	0.290927606047	0.441012793737042	0.115521599942567	0.221150520726022	0.18906081540083	0.333937795652988	0.224300644667545	0.356916870138633	0.408939560577246	0.0240221726183925	0.594543844710551	0.373046310225761	0.214791745935861	0.0861144608286122	0.684302740059897	0.278253820157297	0.376321839177315	0.178071662085639	0.680199190612804	0.516765023273858	0.651989616776854	0.50035951304208	0.4070705502481	0.158693543878231	0.0709276237861127	0.214615100168471	0.363772739471283	0.0949505477903362	0.144880791640841	-0.164933754779261	0.297229073690091
0.532237326742894	0.395935437621878	0.34920867678369	0.623410174878172	0.602871381651097	0.658860541887834	0.541972707925923	0.761916794336548	0.64455851757506	0.497842008137521	0.470896752596213	0.656029395406439	0.857017154283039	0.332596398663605	0.560483688045531	0.126184339485651	1	0.786888884549501	0.560992873700619	0.629534501006323	0.749185716474825	0.595145435745055	0.566544420893094	0.694593499950765	0.535572586757434	0.229709990174695	0.221212688609394	-0.25703569519617	0.0827351209440655	-0.573447455504908	0.5626413252839	0.370832843631563	0.575390643914643	0.100030588821591	0.224913163377609	0.401875681865531	0.473816496789185	0.266260122690914	0.523299435864071	0.285739456162643	0.226692576606264	0.268062559858775	0.27860566453448	-0.128926943043686	0.493238710804319	0.244733057610881	0.426639197382968	0.402070209464363	0.259082559317352	0.22827673670213	0.507003450384642	0.420651300756353	0.388111140192576	0.519048675678144	0.579995520710097	0.566757533173932	0.643843197404183	0.623252747534441	0.463498853814568	0.519137625330722	0.28653550527361	0.181428732919996	0.247166826471329	0.580910208888994	-0.138489736503931	-0.217808432377354	0.041844642967228	0.519695402737685	0.370847957088396	0.541631614797013	0.236526139472545	0.447673916878748	0.238542846618386	0.532819530428608	0.286411898638467	0.506131250815563	-0.176074331541904	-0.426725615920373	0.0924307596477337	0.310811206428585	0.404214918996432	0.591088361993174	0.267867283652943	0.180301704356608	0.657109763945764	0.0971799876067548	0.14935743399997	0.455603929382905	0.103482011463299	0.0711448996041979	0.375469520904078	-0.111016477931337	-0.0610933211431665	0.487864810728368	0.361789305500011	0.374215360583292	-0.0185109226196853	0.296980140787402	0.154835712556853	0.14112388581807
0.49959238757547	0.340789498067426	0.363200231836811	0.635044794493041	0.527923475610201	0.578785002727773	0.488980315760845	0.854706104167071	0.746317215685633	0.486161339942323	0.4673516222515	0.604867839206359	0.770417893422481	0.347039228889445	0.540848036296008	0.227506215524156	0.786888884549501	1	0.708515660835398	0.69189631643583	0.625575008343836	0.441062688703745	0.470073213063579	0.697289398122888	0.592560750960996	0.354634900711366	0.32609362472103	-0.155848753149814	0.114903885459871	-0.434530042920551	0.635570055786969	0.346212024947944	0.57292498311301	0.0501131760988927	0.169077145042805	0.517948480803157	0.41914855941744	0.26891046626718	0.49240199173409	0.138087112476478	0.157461198335434	0.143630744681333	0.240920448075028	-0.119731972507758	0.523601788249822	0.26720223712473	0.272611784561455	0.299036393864138	0.283350764730122	0.255905674585362	0.431627828190489	0.387192878272175	0.320400952384102	0.461720443745025	0.466752221891726	0.530635953367858	0.558744849211868	0.652053624002434	0.587133208298185	0.635696525973248	0.263610010821726	0.144114355071668	0.269028710266694	0.413342854790047	-0.138887811558369	-0.25441179079489	0.0948674757321312	0.47820406431856	0.543542070276288	0.594456167542593	0.21669854317366	0.378103841946022	0.389199872075919	0.600511925684026	0.230492226638133	0.440704528819311	-0.0391863617867574	-0.293181419967258	0.0265922425806817	0.373089562782841	0.238362735435896	0.421677660567634	0.108931274719325	0.140231962503353	0.572108306868944	-0.0503616870936818	0.237949771347099	0.453891873591477	0.0586899610398623	0.158647691853677	0.336419590496417	-0.151193152285621	0.0148182145581794	0.21620355695177	0.276143272538247	0.321686520917118	0.0296904866669267	0.0912443442838936	0.0899582618444289	0.126895639050336
0.458247558830073	0.306306243716953	0.379081330638782	0.572665602007835	0.291262397637653	0.46561809525487	0.633782443985154	0.766258749308265	0.825014753627155	0.208173842835041	0.277879145283898	0.405631191989991	0.548594414521572	0.21884242006036	0.465579980844195	0.518820050428253	0.560992873700619	0.708515660835398	1	0.720869446594808	0.471068754956299	0.212009225946226	0.307000565294303	0.556380355807614	0.645530330801509	0.192002336519933	0.320329346978318	-0.12135571977856	0.217329445663535	-0.332802869951004	0.662029704457937	0.255237872787483	0.391519304632279	0.191842734785836	0.475615396780651	0.768891429538098	0.307324331678282	0.411451464774416	0.630707646726042	0.0636037103054417	0.230694385514733	0.0706107073618686	0.367061634905433	-0.106461360778054	0.494257120678115	0.157569001934212	0.226605828658432	0.28852221515359	0.261611976020557	0.145106385307541	0.452580380984121	0.424684752691367	0.423866170774606	0.512097016088488	0.517142380972581	0.566006902792041	0.474243918624042	0.631176508658995	0.781197819160477	0.778318220180551	0.207453127495909	0.159887599999088	0.415459757696866	0.514686395808648	0.0836695179880178	0.0241111808654548	0.484080057161129	0.604380738925487	0.878219315081892	0.706879648399202	0.40857383162958	0.416483415789645	0.458944264746537	0.658877146089063	0.4445753809721	0.453809667063295	0.153459318045689	-0.217024914335963	0.0252751002980078	0.635976816549811	0.431555458382571	0.496590711972115	0.0355469020899883	0.411104465694561	0.626778432847289	0.0878747395430488	0.22349263800759	0.671938386562115	0.294622883916359	0.458673450235779	0.566273305407563	-0.00194367374847971	0.0971827923779401	0.160320938016027	0.325079940726396	0.37300138054058	0.0982318122605916	0.220760846121689	0.033389693472262	0.251240899001598
0.520139094324858	0.45140479731027	0.38986399302097	0.620079339068105	0.555503752853129	0.53662323827638	0.486768143042581	0.859371608995755	0.829768252962224	0.369659499935306	0.314329410864638	0.520096603155461	0.689175132056857	0.351220972643875	0.557824904807288	0.133317651731765	0.629534501006323	0.69189631643583	0.720869446594808	1	0.517517925717745	0.261780902108454	0.421461717435601	0.627833788221661	0.791860868693289	0.336580553303487	0.339425024265006	-0.243500688233225	0.131996663489625	-0.491393920769118	0.465679694524625	0.325562513453375	0.592899476773769	0.209755333486442	0.196550559058135	0.500244358800899	0.369459393164629	0.381525672356708	0.405334300434893	0.174846103408267	0.153589667703324	0.15811437620662	0.130752436488875	-0.129552743354446	0.595249308836302	0.0872660881925226	0.162273903232658	0.277030596904372	0.362121699578577	0.284476439871434	0.448151176388362	0.474722798225704	0.423862335442799	0.513561988724724	0.530352043854756	0.564853399866072	0.55140032907553	0.69118953968823	0.666924093744532	0.771912461475441	0.447487668940078	0.271420119972884	0.401554995915309	0.422002570910347	-0.021257928267116	-0.159431987624789	0.136021906664259	0.502643023442674	0.619929986049486	0.734023042565618	0.3411813496405	0.413309356243294	0.404827955431577	0.757147333200641	0.367230754589539	0.459638398716822	-0.0860475461801727	-0.420116737639362	-0.0597724012404337	0.422909044502156	0.204880574712931	0.44715878059617	0.183959431647142	0.18382648508358	0.562934306769429	-0.0539219971275881	0.252846292277189	0.470456393342284	0.161206735690627	0.266660069064033	0.348612305777232	-0.141529656629969	0.0405356654951031	0.204261205521263	0.243741832376812	0.378722802534688	0.078119419591675	0.262774232746274	0.22671411436913	0.202088893736157
0.65060722052243	0.544271514885414	0.437831585635672	0.628226715464918	0.712580109920455	0.67620078644267	0.522014327703621	0.638195814205001	0.4992820910344	0.659869500284314	0.524698965516942	0.76769939957229	0.693940893567119	0.481733544621297	0.659334116108124	0.0723495081313401	0.749185716474825	0.625575008343836	0.471068754956299	0.517517925717744	1	0.600361369424557	0.634817670680219	0.631341993611124	0.50389262237758	0.379675109225023	0.435045945827034	-0.176798214711003	0.18444015379416	-0.494429871683632	0.469725844145362	0.322782475608666	0.530804160943002	0.153180531611883	0.178060789493372	0.349537035372325	0.619952465635073	0.187366282666207	0.499491158877788	0.437154777544178	0.21897682404588	0.427808130959613	0.32852947250844	0.0771691563378661	0.296255045575191	0.204538578663901	0.303370227570149	0.372147505870166	0.407797517065144	0.458594141379698	0.613422373345946	0.521466696945777	0.429147344611699	0.592092894370053	0.564749299414771	0.626156263294952	0.489246649342373	0.525017538443093	0.274553013662063	0.395130189490975	0.457075517948006	0.240144636004462	0.229331277804193	0.436144764308929	-0.00442995646553336	-0.165722180261935	-0.0234538970050963	0.330451597443788	0.25714743507179	0.463168141378937	0.257152586453745	0.36362399929831	0.222555554633466	0.522137622963554	0.187556952574403	0.481136685032841	-0.0359250020263081	-0.349320256173409	0.321465862432636	0.157234573947017	0.303027129625947	0.51087588778837	0.410694881042115	0.174734924784704	0.498302982062363	0.00804891656252757	0.228669694427882	0.413523867165626	0.130330854842229	0.0667589621311529	0.41628405430902	-0.0706886249621903	0.114309990951072	0.454121946991659	0.286807694781133	0.391894355793334	0.1773838552716	0.230594379780638	0.357259513234668	0.127772461839064
0.442725420348776	0.375682767996702	0.27249960331391	0.363862918020992	0.544539010141554	0.45013938807881	0.203971817104546	0.448895056492614	0.341766422661059	0.720793189010846	0.533197764335504	0.672914090290785	0.527441551352909	0.288830812851524	0.392159235306041	-0.130512636098372	0.595145435745055	0.441062688703745	0.212009225946226	0.261780902108454	0.600361369424557	1	0.700775728291893	0.596326020578516	0.288471549805319	0.166477796248218	0.269089552895547	-0.402835418886947	0.220868231664794	-0.580402077646974	0.174787927170476	0.206423599125435	0.345098257966918	-0.0082510649857487	-0.0395115676137355	0.130214051990385	0.505193624572097	-0.0974540933734618	0.232598481494405	0.290632338491658	0.106508501961938	0.278018946651836	-0.0449780137708353	-0.154297783333276	0.147780620153925	0.224053182458604	0.245746125555277	0.207590998678143	0.414290955826251	0.225353272346239	0.403471216292404	0.332038974667903	0.25973664634701	0.320167377368245	0.386048393893757	0.308168860906551	0.430878207414305	0.391499471762147	0.157343096859785	0.312855330172369	0.483012604065189	0.441416189199624	0.178865445383089	0.308990876899644	-0.0619944203574939	-0.210460786161038	-0.205868122558689	0.193517761589203	0.066811574896162	0.214732672626398	0.196929987965341	0.530020576463421	0.32920873318769	0.272712920577206	0.0958042449112217	0.293873994906745	-0.0927797261213851	-0.514635684737972	0.374839993142454	0.0239112955647855	0.136064038990725	0.298325696305976	0.364201576362445	0.0745664211725745	0.400880219867083	-0.0129181691960409	0.350920924627003	0.2198138898879	0.0255944158857202	-0.13561080784888	0.221351840447243	-0.105849846008316	-0.0901670338868562	0.366965784338485	0.177537323849896	0.210770682044526	0.283110431823551	0.328158802745104	0.396858285110941	0.153983754350927
