1	0.351445395153515	0.232838537768985	0.306433740693343	0.592881605428239	0.176853081126763	0.261041414045143	0.139223151115965	-0.0035757566496503	0.106246148145371	0.254286246403486	0.215327147565743	0.110146136572617	0.516600093927656	0.207259706202473	0.125798337240731	0.197942013982763	0.109000478707433	-0.0843495081423856	0.100472661768003	0.209639354580103	0.241414857840346	0.35914856495446	0.25799058358391	0.0338015975738711	0.314436876704576	0.26353467420662	0.365348842378082	-0.055565620376857	0.275970829422874	0.160578780341703	0.321465996486115	0.139678447697043	0.33905387187774	0.31930042858596	0.177419930210853	0.189312042987284	0.293982467272148	0.376348236596195	0.374447001217302	0.0553457371762817	0.00583710710209987	0.285750208204734	0.3748656540421	0.355147028676265	0.341253768870007	0.34095694127958	0.313540539998447	0.287892779744332	0.342980298980334	0.585570091718543	0.34927832347646	0.278539312354588	0.226609734599248	0.335698860871087	0.178399769840439	0.24236966860027	0.435935784751559	0.121834423116885	0.0226428913212938	0.282150447825271	0.225373426923929	0.211295276898217	0.0777997105848032	0.46249667447344	0.0459541501217317	0.088393981755207	0.24357695363546	0.140546235819245	0.155393965382945	0.239974939028515	0.22241151867328	0.0756729580715814	0.185677451307386	-0.00819051345500311	0.259948545282973	0.178523552825864	0.319328350883524	-0.0205064636030876	0.107910875099435	0.206168191215464	0.284012035141885	0.392734914736857	0.0814085211904779	0.360184014291585	0.275164924803164	0.210047611047599	0.0896043720906049	-0.00500213730335339	0.212010029636531	0.288662489774859	0.323364500582867	0.310319077509856	0.367338112721613	0.256185738041943	0.295242812447919	0.344789352907601	0.224642538911532	0.342798573346114	0.172948160153596
0.351445395153515	1	0.499386003433193	0.337310269107561	0.247692232718802	0.268466548722866	0.401485475778621	-0.0814584103380123	-0.0846982210782336	0.278822805743265	0.0587504727752019	0.413194193391436	0.0389760669649092	0.216185393654419	0.0747113576037816	-0.117465316482584	0.0647753516026016	-0.159785478872002	-0.284042030764669	-0.0337402016573452	0.0111690772454994	0.355210205110692	0.296509082772078	0.116965408674804	0.125565534243508	0.424186798976379	0.297573470264888	0.311030437874647	0.0263076994694916	0.321649889927346	-0.21454136162951	0.320959477824692	0.186389506707357	0.377038034877467	0.160741791428538	-0.0592356509787796	0.0784951620417221	0.157764231144983	0.196685327888156	0.504715286681943	0.252067309834298	0.268008208968758	0.21131704890094	0.38551808674101	0.406578044700993	0.235004588114738	0.319536611526269	0.286249750895334	0.19825925975334	0.239762083672267	0.340869320515374	0.48059291696585	0.328398928749385	0.380909089832023	0.225273654431082	0.331256294897344	0.155302133263186	0.223423633063789	-0.195068846015232	-0.237823282501664	0.352019026391857	0.283124236916753	0.291887323062179	0.206586734404101	0.2462695919238	0.0232308759958468	-0.262534563370005	-0.104049275293902	-0.195980239874318	-0.144737171665552	0.293486078724013	0.306313510242964	-0.17888380841527	0.119451155177875	-0.183553739920109	0.214829718198419	0.278972648653059	0.395929060819157	0.0883622707831327	-0.334600109023397	-0.0328419881615845	0.0130962338534973	0.51244454875588	-0.224901104777322	0.260132806703581	0.143061972273223	-0.0332611772148799	-0.00376282654131551	-0.165766722070221	-0.0241984198935831	0.0597745839064573	0.484161127780192	0.325116027555595	0.377200247460942	0.274035254267901	0.294126864071955	0.398726723791854	0.314747928634543	0.0411022274784876	0.0816130453027838
0.232838537768985	0.499386003433193	1	0.306928932960071	0.348652646894618	0.434609495847475	0.429043035376919	-0.0124548622951875	0.116717076719387	0.153291314866531	0.0594521216043979	0.252947257084094	-0.034400383146676	0.307355316565425	0.217920396197242	0.0615429898770368	0.059300101580857	0.00433199577130717	0.043376210516432	0.165205963122698	0.170180659380934	0.194274935777815	0.150441066268482	0.172284948244932	0.291493255637291	0.465970714576925	0.342712150550306	0.377102216127098	-0.0208398409876868	0.281853715242346	-0.0818745675209369	0.141981209251737	0.0342411012674716	0.366120643716846	0.145890165170024	0.135966162548247	0.0692920897286183	0.238923722814221	0.260210858169406	0.382018428692012	0.264808326638489	0.33354672888314	0.267912397024004	0.447590293486982	0.268477515406227	0.254858478664224	0.258650813517067	0.298279732793284	0.311286028450314	0.117653101780594	0.326879447830746	0.363514847141335	0.138976784188434	0.502527182944594	0.215982286685774	0.291712872457965	-0.0250077771737841	0.158134402362284	-0.1038654862018	-0.0354357474716502	0.320157527128521	0.214901292390895	0.281830364325975	0.00395057054461984	0.293121217673433	0.0913530465107607	-0.213847440835678	-0.0673264183152269	0.0610667324460991	-0.0339365635549793	0.226955321341371	0.252163315547516	-0.104699498589909	0.130803522156097	-0.186440371910716	0.231091924070878	0.237751320327076	0.204640192733992	0.113124992888826	-0.209643585452444	-0.00126844819769438	0.0661547132423383	0.468210792606887	-0.138989358792314	0.144902259964322	0.334128501957291	0.0635255091185954	0.0452081072735535	-0.0968553095569988	0.0122576623960045	0.215064235991888	0.215396628631542	0.338678993772969	0.265736298765867	0.247938253169447	0.126532699615041	0.371975992831508	0.290716256252416	-0.109311558526314	0.0880461534620687
0.306433740693343	0.337310269107561	0.306928932960071	1	0.406668194481364	0.500567696102241	0.72732730513404	0.146343517521389	0.134308304296386	0.214959803220266	0.0756089803812136	0.357818218289922	0.201447376785746	0.307161140714366	0.305058364006238	0.177583926225571	0.372078928264806	0.222126194785764	0.276217729764008	0.139579401978361	0.301071698072468	0.392788651319261	0.0423442355805869	0.384253339990739	0.0885880855383303	0.314088385358015	0.363169568508922	0.249777345152307	-0.0795731799167114	0.227104059265495	0.077522082293351	0.174311116193755	0.286499988025368	0.220130963128982	0.329862923516306	0.355396897384401	0.214498698514495	0.104931400850988	0.403434753324138	0.203233613359399	-0.047811142187859	0.0786067316558144	0.414471335294725	0.186852499464261	0.213453916897983	0.177560405821186	0.240173981307123	0.297038760582603	0.358200798560362	0.411785955686193	0.249448976924149	0.465727825430401	0.413545638001933	0.501862161829204	0.310722281023024	0.634942774354647	0.310850968364911	0.362651663669971	0.0699083153667279	-0.00629370405308765	0.420289770657316	0.0819356801773245	0.257183528688436	0.254683686240655	0.0702263733181924	0.231976393212491	0.144357583076195	0.264822425042978	0.256279694752977	0.166860961061143	0.389948576029462	0.240618783846617	0.175636208650249	0.335495147774732	0.249622902448097	0.404356799584986	0.198628899437973	0.227982989705314	0.0873575683062398	0.117875957815364	-0.0224225122003663	0.173357447179457	0.298147607538518	0.165105128347768	0.370022157925744	0.11735226536204	0.111655256579416	0.262896306530081	0.171415896958595	0.22878969114246	0.208455616634977	0.105258407589591	0.205673344553667	0.317939726586845	0.173144356728406	0.210205305983463	0.291541352169382	0.263207378050348	0.129811291104049	0.115960434296247
0.592881605428239	0.247692232718802	0.348652646894618	0.406668194481364	1	0.50266345946265	0.209973901129239	0.273998745635059	0.0509941119159662	-0.0162377695350855	0.104847161339726	0.170609828138316	0.288170437640916	0.532804246508854	0.366635365993845	0.100831142712185	0.31518615203294	0.205148150628976	0.122712345051968	0.186399284184031	0.196353688696194	0.182293721231453	0.348208922460605	0.290676602615871	0.0473481498373708	0.210732120539361	0.263418060548353	0.258368268063693	-0.316445110543539	0.0807453973779229	0.0907103596521524	0.29197403527385	0.0921396622576033	0.222892272393396	0.0225916976656987	0.114307853061153	0.262241962338207	0.216070244128957	0.308614155057979	0.221007809232184	-0.0240031601996051	0.0610359613508665	0.198442799644258	0.354685910203219	0.338554389412081	0.270115984830138	0.301203286773835	0.333636382198334	0.479642886024696	0.159567266461613	0.544605801397411	0.344479585737676	0.0874039526588053	0.451533606680745	0.406268880037512	0.136777041045075	0.210078687088048	0.364293482438961	0.186484786982999	0.162893566838349	0.086861562535351	0.0761336778553661	0.0950337046711948	0.0740434112883132	0.364021029152633	0.160859930771787	0.00167717570403072	0.193057355407343	0.274165167852589	0.0784489676181608	0.303241303797745	0.122843765590191	0.207152513569473	0.124644349238504	0.0810305938044251	0.111600037032528	0.188466638178285	0.0613726349347743	-0.0660797725976025	0.0345020277600869	0.142007878025737	0.305160732554273	0.318976333749422	-0.0374475369435398	0.272845886293565	0.244106305286803	0.282032123468854	-0.0688826887334747	0.0627086549066707	0.124540708978756	0.258493476848652	0.115438140784626	0.328524551291439	0.248455131248844	0.235185221325308	0.170248757345196	0.306611321533584	0.130953164707038	0.101982113336116	0.162338439247112
0.176853081126763	0.268466548722866	0.434609495847475	0.500567696102241	0.50266345946265	1	0.584373843632352	0.136211099481937	0.0580861424363657	0.335259336521414	0.176163619328094	0.360263222254384	0.337531369305635	0.326958141374723	0.65347568372922	0.242399103650197	0.235318692193254	0.13517827608408	0.279673576276055	0.0256786241220851	0.263313067405892	0.30866738800416	0.0784381878930237	0.475534104349237	0.0651905428097812	0.0481030566242528	0.205562343872438	0.158494822885032	-0.158731105990094	0.274849304036895	0.0340525390366127	0.0871291060126993	0.112058231637942	0.129483791849865	0.171645891017922	0.142435413881643	0.481129905090033	-0.0385180066674764	0.371158937866158	-0.0375317073005069	0.0922500794055942	0.248479229033774	0.341877760435298	0.177287933650998	0.235056609283759	0.136806365188102	0.154484336854753	0.501328133346966	0.189375375106427	0.182384168109523	0.367050627639826	0.343461742041131	0.235020706935071	0.728046282569793	0.442263705695486	0.436453297883398	0.196709679733906	0.214962433999351	0.0363619935045603	0.00127140572847092	0.28034753959499	0.123109059822547	0.13630797424895	0.0786740545221626	0.159415513337581	0.316495377599651	-0.0239930581416325	0.154536247824201	0.191628634543692	-0.0047713317557313	0.376118985328835	0.202458872713678	-0.0105405457669283	0.0656948437525683	0.042258866139908	0.0120288662493981	0.0578574542320273	-0.0641578472243801	-0.238337977657515	0.0434906038378396	0.145352337245643	0.0960885555738706	0.206739303703069	0.12404021605129	0.171445354898478	0.225080012930391	0.209868456008141	0.117916363470529	0.129052273170361	0.0274361144763953	0.270023374581185	-0.135516148104599	0.157658110743248	0.0954040691637799	0.0806328599187166	0.193530919087728	0.176374394551755	0.0919592455078615	-0.0435926550232656	0.315844964654948
0.261041414045143	0.401485475778621	0.429043035376919	0.72732730513404	0.209973901129239	0.584373843632352	1	-0.0112946544472518	0.106205509868224	0.300664586524533	0.178516570327388	0.400764173534898	0.0949185690180856	0.251002554829703	0.335201022069298	0.205157862543043	0.251518305855277	0.106999076031283	0.221817541236653	0.00285139325830249	0.270700462993049	0.406629762858886	0.00388657001572841	0.518765587530252	0.0814948236896088	0.378649019927222	0.266460691430928	0.317207325505706	0.158986943596824	0.425231303402297	0.0894838900959634	0.157543652415931	0.117104131794796	0.260298951137478	0.564853977491108	0.414319612192325	0.278895947142597	0.093950978854972	0.525254165231666	0.221576276669089	0.235771159625113	0.26919775484879	0.512081578498756	0.165925845065949	0.198609103467093	0.153369333408774	0.160551930554165	0.467694348157734	0.28376527489508	0.438278451948314	0.264066021108765	0.413205891323026	0.473643618900181	0.583967985158614	0.369181177472578	0.750748740186027	0.215085588499725	0.254544614805907	-0.0155027790476151	-0.045305690457931	0.554676184630871	0.196054960041039	0.217215766409282	0.310923260534905	0.0368633156254572	0.27716152989905	0.0783343895028813	0.0656836978415671	0.253777226996563	-0.0670442033410517	0.329873489970108	0.265929294887947	0.000471326621284207	0.283488163956032	0.12192196682154	0.386026064520747	0.107886296089824	0.326024929757256	0.102737261709077	0.0262533975577356	-0.076274998867471	0.10700192913424	0.367600878593579	0.178460864718968	0.306205984715282	0.142308590355384	0.0278021036174801	0.399450291306558	0.143935507456009	0.133266121970175	0.239983233757416	0.0812197112978379	0.205280895639651	0.209182328535134	0.0609073150502979	0.299205655796839	0.276488365161984	0.31416042193353	0.0407351959742859	0.166083241733454
0.139223151115965	-0.0814584103380123	-0.0124548622951875	0.146343517521389	0.273998745635059	0.136211099481937	-0.0112946544472518	1	0.399991991627699	0.175545989334304	0.174269004313308	0.141986204723402	0.536821178815003	0.204051992258484	0.141905718253423	0.423864548662723	0.395869142748434	0.544758722141237	0.432960148986721	0.495326844967681	0.172501520397621	0.0782044381827303	0.102225222329359	0.278303331687234	0.334123076291618	0.0376412323892361	0.222266055464251	-0.111225819079055	-0.0363397501283273	-0.00732923344817791	0.454494827088279	0.0648111440102301	0.126792625161779	-0.0223307496346377	0.0203210730998466	0.182812178271744	0.0859177738475073	0.20785990607768	0.0805532329019899	-0.166393207309893	-0.0770344282136628	0.117019101557745	0.173127453569304	0.0908808218160379	0.258834798937124	-0.0203242387461201	-0.00491652892583827	0.0252217433565404	-0.0646550733769937	-0.113300427604838	0.221718332324106	0.133034727279298	0.0938946655229114	0.0275701536476073	0.0150126111453183	0.0516691124830601	0.0623619797584198	0.155049335288505	0.336543193528845	0.487766649119295	-0.0165646459050216	-0.126532258415175	-0.00324041343214121	-0.196225810614114	0.126350433433022	-0.0791222551158011	0.255827746517845	0.373917027987155	0.448558926462981	0.322444523773891	0.307654607180624	-0.0112824712359957	0.282213537906999	0.21724878991623	0.203462704546664	-0.0515427723506867	0.177458024641529	-0.0380927653307056	0.0933855672620169	0.270013292624532	0.0324248161935342	0.0570768411166957	-0.021090526310115	0.0986037064977386	0.00260201647454807	0.0492575006090163	0.18978857324302	0.0156238058957912	0.0982878780555563	0.112276617153093	0.105871390752691	-0.0768794882903658	-0.0399161982294603	0.0122665302701006	0.0526633535302929	0.0112714797953238	-0.0653104880593369	-0.078586908747736	0.165738708373274	0.104795385584819
-0.0035757566496503	-0.0846982210782336	0.116717076719387	0.134308304296386	0.0509941119159662	0.0580861424363657	0.106205509868224	0.399991991627699	1	0.156474673069426	0.140874405515023	0.0850236342194637	0.0887697123566437	0.0920318950409831	0.163453903394482	0.457041820595397	0.0185808855619049	0.191351184152579	0.491683974419276	0.55015226143623	0.267142071937027	0.182517931300096	-0.0918856711588104	0.195599435450689	0.723568400940158	0.0757669990237165	0.231558073722469	-0.0220391449728541	0.0626895825516826	0.033191756509538	0.334762957346929	0.0065357351355252	0.0708993416028334	-0.117695586442228	0.259099663006528	0.339529448878212	0.0142147176325751	0.220349248186844	0.106211641909114	-0.190194538413634	0.0512189345219335	0.171719635138152	0.379110828468039	0.151102289866072	-0.0164869925919954	0.0840448653810641	0.044659566802229	0.0283452818431513	0.0370699284032608	0.103077330376628	0.0404685749858075	0.0775540488499512	0.0281339535718492	0.16212614434716	0.0223407870095033	0.161288627712303	-0.0275955491835199	-0.0306446746595441	0.201795908184437	0.64335625886516	-0.00723375514732371	0.0175197503913107	-0.0472398383777964	-0.125857584472167	-0.0860866942585484	0.0814274689345965	0.349605612245082	0.056338327646169	0.395992093234901	0.458593801640467	0.0641930060513158	0.00171549756338367	0.143464348344879	0.407148302074779	0.0498814914723328	0.0656259023971333	0.176320096989625	0.209606208843498	0.232066730706453	0.0578186289937163	-0.0357598357791136	0.0573103207944232	0.0688069748624881	0.133130135544868	-0.0233224221231353	-0.040493263471475	-0.0106712592089751	0.232942836027396	-0.0172849674642409	0.308826926190548	-0.020717417051656	-0.0999569117881998	0.156266527003237	0.0886329837084254	-0.0159536742612486	-0.0294042675313079	-0.0117629299086925	0.127408034769006	0.0162349518070793	0.0385780253544613
0.106246148145371	0.278822805743265	0.153291314866531	0.214959803220266	-0.0162377695350855	0.335259336521414	0.300664586524533	0.175545989334304	0.156474673069426	1	0.437053549972249	0.476681894831615	0.181727272367788	0.170078524801902	0.268738626432984	0.250837816935554	0.0824245788951457	0.0505374628610379	0.132504310545286	0.257028141110303	0.164800151383919	0.452717191533186	0.154697534053167	0.166052243506952	0.256262142527257	0.265971689104573	0.301954264003691	0.091984860058882	0.0748876493337462	0.0971314341237337	0.148356490732839	0.200137990259546	0.374005769492652	0.257811425549816	0.243621771111629	0.194757489086427	0.170296848713527	0.135465637702749	0.202413762052045	0.0563234200471053	0.215165648499869	0.300841416485428	0.384931005288786	0.231930659257116	0.35867227241058	0.0888831750017292	0.225268248439255	0.233179785743912	-0.0556860430343949	0.284612514976235	0.127588041042385	0.402746441029952	0.265653698917887	0.354892891137874	0.155770038157021	0.271169251496576	0.0289025169944693	0.0704250352599834	-0.0199626662016813	-0.0223995059495083	0.436360478250158	0.0582979949603372	0.290815144789707	0.0395917187965561	0.0303113492624701	0.0215931827358647	0.073092479235727	-0.0777865006733184	0.0299542039410537	0.0163041497443689	0.254064945668171	0.318146393620716	-0.110859345290507	0.252095577123675	-0.0237454088364921	0.136024645898927	0.278672167130644	0.202048345240348	-0.0750490343360583	-0.00367704124427848	0.0865850754187282	0.0570599981211423	0.112528179797107	0.0461651644324708	0.0174208606994588	0.129647544993219	-0.0224534878226916	0.295873440870145	0.0490264147903408	0.0427403854858876	0.0715961726041586	0.159585415210162	0.148510238747637	0.301660267603643	0.336391064159329	0.295590225043122	0.092286640030136	0.0708527296192269	0.20442318845458	0.171210360748175
0.254286246403486	0.0587504727752019	0.0594521216043979	0.0756089803812136	0.104847161339726	0.176163619328094	0.178516570327388	0.174269004313308	0.140874405515023	0.437053549972249	1	0.316299180884899	0.1016548014043	0.212031419244921	0.183394515557788	0.124075778964716	-0.0493293101677957	0.096765611470484	0.0678090950398625	0.232677126009288	0.139686690660639	0.203540058935346	0.169961257956297	0.133440270581501	0.156257101692474	0.026847098848955	-0.016632082703969	-0.0786137098610332	0.190872406842009	0.0309906580358027	0.174962262145991	-0.0647558404778328	0.0420905778371268	0.0620242659954303	0.0484188427860878	0.00193034527479772	-0.0608438725043756	0.167514393004154	-0.0988407941732423	-0.0211366108230758	-0.0100745402174482	-0.0323705493692324	0.141693151603968	0.0638629932587473	0.0327698143981823	0.174366365891946	-0.0460361821367551	0.144959595674362	-0.028208713448494	0.0912890126198286	-0.0607039208428297	0.0632790626199689	0.109903485892301	0.178380814288289	0.217542515770484	0.0975806278258912	0.0737960799024003	0.00625083818941503	-0.00586829128482762	0.0367108952618596	0.156704597775149	-0.0231073739257789	0.0289198037977375	-0.0302980467354907	-0.00751570152328639	-0.0687946051120963	0.114353511279946	0.00309547489190465	0.0689852474567841	0.0292463483178091	0.0709353323593703	0.0917430689926251	-0.308409064887135	0.227125093532816	0.0236840890178957	0.0509723382346654	0.167009797505973	0.125815595744195	-0.0210351448247398	0.000546815569522694	0.0884756662989386	0.150554636306909	0.0497149499154538	0.0607590212027024	0.0750951416922743	-0.00452615433626495	-0.129123093683935	0.0442247085142833	-0.0647923558767791	0.0297606373810629	-0.00800710263786868	0.11427194653427	0.0295862119277791	0.153147441438642	0.0719350050473733	0.201393460405349	0.121944826315821	0.206558689706995	0.119379418931448	0.0308620396101215
0.215327147565743	0.413194193391436	0.252947257084094	0.357818218289922	0.170609828138316	0.360263222254384	0.400764173534898	0.141986204723402	0.0850236342194637	0.476681894831615	0.316299180884899	1	0.36546446189969	0.346095223276472	0.238254509742265	0.0905619495335166	0.118399641244312	0.0262967466480379	0.0992806561593375	0.120999782248424	-0.0322311183344364	0.543573019148174	0.397034160867352	0.224899986529156	0.168879677839843	0.376484806432163	0.315863989544608	0.387674623516621	0.25480612835131	0.41587624618477	-0.0715766728191814	0.122038871273421	0.21708504721532	0.325219300948843	0.129609361729189	0.12385122890632	0.0455519267424613	0.1345907503537	0.0370525553326007	0.318337844641256	0.169456794317532	0.159203607647769	0.269604888680151	0.172188318228514	0.212540253101436	0.388747243688879	0.202121349691573	0.243086253634232	0.104355985898604	0.204271481491783	0.202906869996179	0.511632774982421	0.466543621862053	0.221142652626781	0.078596811366834	0.344728271268186	0.281041018957563	0.341662485175877	0.0186530217393147	0.0346593616189329	0.530383612038507	0.346011395774033	0.401263687780086	0.235540821246951	0.249256650873885	0.121660398366898	-0.10563759115233	0.014722123712044	0.123243216255137	0.117528987323239	0.583303215925134	0.529822946318354	-0.0930219588760097	0.224153814347183	-0.00128563237660606	0.318934185387072	0.233191700485261	0.394556813614521	0.205502134084935	-0.262784266083706	-0.0163584609522374	0.0915859982668425	0.27581858857752	-0.138065741904251	0.209111530576591	0.197610502244166	-0.0654867239892988	0.0909971793804155	-0.161585241193107	0.00366761355737853	0.0536650900398809	0.317550914478725	0.215934066574527	0.329198456146516	0.305428844233682	0.168529460920027	0.29161826683339	0.326397267492948	0.13611506580601	0.180311219263135
0.110146136572617	0.0389760669649092	-0.034400383146676	0.201447376785746	0.288170437640916	0.337531369305635	0.0949185690180856	0.536821178815003	0.0887697123566437	0.181727272367788	0.1016548014043	0.36546446189969	1	0.187110131184958	0.34694871093236	0.0997711900744542	0.451376896097872	0.32347247816099	0.211760927389919	0.213291467262356	-0.0025146615930183	0.203222784963541	0.206367311086327	0.290275087306396	0.0204846598472706	0.114248543439934	0.182995150950662	0.0501184551435144	-0.103516321716883	0.17639432016544	-0.00558790273731445	0.14367531773632	0.370242195895075	0.101724564136844	-0.115280816117231	-0.105257469010403	0.0566963946723078	0.0723624840452053	-0.0871513371290013	-0.0973587890364629	-0.0455326352529163	-0.0208258375590032	0.0730610123898393	0.0282862183154696	0.34358722449371	0.0645744129431416	0.117684602915932	0.240148340970526	-0.142706036132503	-0.140561992677514	0.218435991601954	0.116410725313581	0.194247351187212	0.20669573574509	0.0995714159068814	0.0763021079158608	0.163108308053138	0.264944008971165	0.308930793195931	0.168100389543764	0.156114481838315	0.0297715535792644	0.051275674255717	0.0507523055116323	0.146841979672661	0.0629925567272117	-0.142279422342204	0.252742174782727	0.22678564402071	0.0518629006622071	0.477427436637018	0.0578137742213267	0.0245271316467704	-0.0486062897554152	0.108685311217775	-0.0280891260806508	0.0202498439693348	-0.0512319548685673	-0.125333719955227	-0.0255610894286795	-0.0414733951773635	-0.00831192548861697	0.0542083488560358	-0.110672762199371	-0.12238290009436	0.0644918964411684	0.0830887158355038	-0.163917404760138	0.00224072397723376	-0.13433821160862	0.0324507733897196	-0.0301220918766601	-0.10219183921843	0.063221177800821	0.120690911409753	0.0464176730010233	-0.0834617769475642	-0.00446200966326227	0.208411242708363	0.276962487304218
0.516600093927656	0.216185393654419	0.307355316565425	0.307161140714366	0.532804246508853	0.326958141374723	0.251002554829703	0.204051992258484	0.0920318950409831	0.170078524801902	0.212031419244921	0.346095223276472	0.187110131184958	1	0.249120141098499	0.112118382270521	0.322741454039904	0.248057628233856	0.0251771516088031	0.230320698649817	0.148475001303565	0.185185222993634	0.185854727975932	0.298067723817233	0.147515917773057	0.193090975950892	0.235174851071585	0.209494694976577	-0.0169354464487264	0.353173780419782	0.0790866926427453	0.199733358469229	0.122610235625441	0.168764572850051	0.133196774271329	0.215374419252294	0.311048737102918	0.15600421552074	0.207072024491088	0.125657532543553	0.0295065437826926	-0.0931130423462833	0.129837869400805	0.184737061976468	0.176040075327544	0.197062456789546	0.132229864747787	0.330639497157733	0.494640167002587	0.235863183796447	0.430553900060293	0.466665346510916	0.238570788891381	0.247015020489651	0.295965772142595	0.082372757667338	0.196518399366048	0.405123360698459	0.11797037134527	0.0375665527981469	0.270840565223768	0.0680970893216944	0.282384631407772	0.0210152617008565	0.447563176967647	0.0953476623607334	0.0582137627784082	0.213276478098829	0.297027244120459	0.191032416208702	0.394421816623661	0.298098756179624	0.139082679419077	0.231965874537358	0.190662133724865	0.239755870455378	0.125503871826985	0.216891578068267	0.0931535801467887	0.0873787929631699	0.109214360738571	0.368812809017375	0.282353391064579	-0.0680428567927178	0.325781451217529	0.149341969604647	0.243224317616627	0.0754607348299857	-0.087662228089118	0.12964542976787	0.0868037330190272	0.159349751472454	0.263601833501466	0.283454849969245	0.155182775820094	0.184465053014067	0.394834244110858	0.242239598038298	0.0415961102579846	0.0710037777710373
0.207259706202473	0.0747113576037816	0.217920396197242	0.305058364006238	0.366635365993845	0.65347568372922	0.335201022069298	0.141905718253423	0.163453903394482	0.268738626432984	0.183394515557788	0.238254509742265	0.34694871093236	0.249120141098499	1	0.34903460522313	0.124859536623943	0.145033781407192	0.237354971697826	0.0497691771402877	0.443331891954803	0.106481709673414	0.140018623746211	0.360679196221497	0.0894830849750965	-0.0108846223265865	0.0634616026829556	0.0598182199062985	-0.17270803816063	0.225443506390108	0.175773511759497	0.18426423948931	0.211266257656751	0.155421900331027	0.0995939214542111	-0.0946399333691939	0.386578512085626	0.0947594132271744	0.33387465059698	-0.205868231191285	-0.0322961516053583	0.347736598289287	0.311895454179383	0.105547236190819	0.23199410168436	0.0888655636309158	0.146407525532609	0.372580097087943	-0.0928035923781431	0.176499416618544	0.41526400395365	0.0959284119326376	0.268822945574551	0.463501655970793	0.319398509327091	0.283447169331307	0.0493402883487627	0.109651881307047	0.151675586929506	0.181910561638649	0.0634191059281008	0.0869848299285122	0.117622661962456	-0.064237784768148	0.293497275361306	0.449083821225627	0.145567793539205	0.108872060287934	0.126382783866262	0.00787692672627622	0.388597743579619	0.157689168367718	-0.0811389294378049	-0.0392327934947411	0.0518429898470832	-0.160728460426847	-0.0893467341847219	-0.172594009761227	-0.288182160030075	0.204854385806523	0.312669181578066	0.204922666440046	-0.031739950807578	0.299031568311043	0.105088586495052	0.240486200717747	-0.00432820264255083	0.0972432631767308	0.201277193931919	0.164168772449505	0.157461038872965	-0.228362894209373	0.0928086313763823	0.0127683567487637	0.0643070347926415	0.0854220841756399	-0.058862485718195	-0.0985104960409017	-0.0814863718655278	0.512748732237535
0.125798337240731	-0.117465316482584	0.0615429898770368	0.177583926225571	0.100831142712185	0.242399103650197	0.205157862543043	0.423864548662723	0.457041820595397	0.250837816935554	0.124075778964716	0.0905619495335165	0.0997711900744542	0.112118382270521	0.34903460522313	1	0.106234572124654	0.403634316721804	0.512128764946358	0.338531189413741	0.356779545629143	0.100679788118018	0.0458426646496408	0.256137822746432	0.513099987771141	0.0291839058546488	0.243634679331709	-0.0535488182847167	-0.0340624542678153	0.144418838029134	0.727156516835944	0.129511783193013	0.034470929495514	0.0719662989688281	0.250468072109381	0.448545579509378	0.196385618799016	0.0848667635943273	0.228177929549903	-0.196675686746591	-0.139202350623603	0.276049651964421	0.288528001188361	0.138979567184158	0.0460488212533143	0.150751938628428	0.10672879535514	0.124152019130431	-0.112737252213769	0.332526888747727	0.214467020764688	0.0236235623413456	0.212453667768444	0.127985720158293	0.0142437772563866	0.246620065162274	-0.266844115283223	-0.179863130253805	0.00917166178367533	0.307258776919566	-0.0537680851276079	-0.0668500170927801	-0.0188943960724691	-0.201489611671305	0.213028929201765	0.00930308868836315	0.60740304284374	0.159499535635749	0.31274059923839	0.292812701332567	0.0493134512413038	0.153894838871047	0.0924750902939661	0.359865625706821	-0.0567174805868845	0.169731257647334	0.182973929129441	0.0722902856660398	-0.108884976906647	0.334607804070381	0.268275427647249	0.228400038959205	-0.0240261954119683	0.31320581510891	0.181861552024188	0.248975085582952	-0.00224193246842297	0.386992692644057	0.0505930284911943	0.497233497015518	0.0785668778181053	-0.124843006110474	0.192156810331963	0.0249199176985575	-0.0944377310866232	0.0770231999936535	-0.170835396960132	-0.104398041801018	-0.0569645266894817	0.0935061896442515
0.197942013982763	0.0647753516026016	0.059300101580857	0.372078928264806	0.31518615203294	0.235318692193254	0.251518305855277	0.395869142748434	0.0185808855619049	0.0824245788951457	-0.0493293101677957	0.118399641244312	0.451376896097872	0.322741454039904	0.124859536623943	0.106234572124654	1	0.544617799329596	0.197810129618652	0.22014481858315	0.205295699608901	0.145702272597781	0.0561139378406458	0.288813619865513	0.0625690895902572	0.293339488902416	0.322389462995158	0.190663203315947	0.0252732920604942	0.0572087331670774	0.255037147306078	0.2485970929983	0.297910150612554	0.0995789635039569	0.138720006218531	0.16056544573639	0.207713545800875	0.310464828612135	0.125855615506936	0.156184197758497	-0.0156356725557609	-0.112335964544203	0.0979568016114868	0.168849787717614	0.264466423006463	0.0747493653951428	0.184559142525939	0.158296404906822	0.269221599490969	0.102364257501141	0.274511119309795	0.241578808543557	0.138963886378362	0.155524126679526	0.2499774705564	0.116669787077187	0.133420969284391	0.343105962081738	0.187937350076609	0.147342395568051	0.348873415998457	0.0797737161995363	0.321434647290923	0.0784108912880888	0.114284800898178	-0.0842427456689751	0.0418123464116163	0.437818113891363	0.342357028442763	0.229032774644445	0.32037744851464	0.0827746779936002	0.347882722793751	0.319107909471971	0.262809436658722	0.326963313911802	0.188225300022196	0.220074454019704	0.0944303236943828	0.176749641015016	0.127518361854774	0.286599452173633	0.120725576394245	0.0124992204237306	0.29519825141678	0.20695799151903	0.279195810743497	0.206263429636076	0.0643374048239853	0.197677650067593	0.0101339108640299	0.211879628518332	0.166684042240581	0.264149337578065	0.185842467807603	0.0536050808840107	0.262635510927317	0.0925713655460628	0.144913715092541	-0.034297677587921
0.109000478707433	-0.159785478872002	0.00433199577130717	0.222126194785764	0.205148150628976	0.13517827608408	0.106999076031283	0.544758722141237	0.191351184152579	0.0505374628610379	0.0967656114704839	0.0262967466480379	0.32347247816099	0.248057628233856	0.145033781407192	0.403634316721804	0.544617799329596	1	0.46589622522512	0.359228212429146	0.153401831178152	0.0389943197026465	-0.0197968757563608	0.318090265758447	0.133239572945502	0.00929560514266306	0.16526858827406	-0.163584854081738	0.0363188452722137	-0.153672490172013	0.613725974329076	0.0804830826414602	0.0784588357548839	-0.0365787702570909	0.112353842056214	0.28811638586638	0.231932235459143	0.256049530194352	0.0719526644468234	-0.117940026693151	-0.184017382893211	-0.0707202363412966	0.0465410957274971	0.0500868872036876	0.197005788104901	-0.0928210887274458	0.0375519540461521	0.00882533144892226	0.0445132724116586	0.172786109256801	0.160910035645612	0.0160689640258231	0.0362512048506316	-0.0140141508027415	0.0686337750750167	0.0397707711514786	0.0808152276596821	0.178461166020833	0.208604911887175	0.262279790283141	0.134163349313164	-0.064872115135117	0.129508880690494	0.0198675294128784	0.101613049939993	0.0202106082101827	0.324495869715123	0.392857724703235	0.321303740595108	0.318296755677654	0.107822769727224	-0.0700627868264568	0.301748118806851	0.22843354970948	0.271087926890587	0.243491941719204	0.142550042291142	-0.0758612253422927	0.0563630627125088	0.435721475374966	0.207944112101255	0.359598126155583	-0.0071649457634775	0.116868048636492	0.188211142044988	0.200018867011172	0.325947015946792	0.182306581782928	0.0935984947251315	0.274533936232722	-0.0210760668262943	-0.0801172158026286	0.0247386395956099	-0.029078920797006	-0.0209522019898894	-0.187826113115229	0.0550951671601567	-0.00634298422213964	0.107157532844767	0.0426072905935643
-0.0843495081423856	-0.284042030764669	0.043376210516432	0.276217729764008	0.122712345051968	0.279673576276055	0.221817541236653	0.432960148986721	0.491683974419276	0.132504310545286	0.0678090950398625	0.0992806561593375	0.211760927389919	0.0251771516088031	0.237354971697826	0.512128764946358	0.197810129618652	0.46589622522512	1	0.340530435781054	0.258629752879966	0.148897448144446	0.0459094224944382	0.290006173795269	0.296788018621909	0.0372053868221689	0.156790117092002	-0.0106780996642817	-0.0890400974786082	-0.0574240098048683	0.41356370067107	-0.0274460873734383	-0.00130198831333683	-0.0396475687586335	0.0845351715186756	0.415611993966197	0.0350629166324532	0.0841809701969551	0.136079990787022	-0.246817239647355	-0.0284192358362443	0.199724858819982	0.295663027938537	0.0366556302209343	0.114897898096431	0.0500387600661703	0.0738729273215059	-0.0867376580328049	-0.0303983389139524	0.0107738735285589	0.0532157913217611	-0.0373954042321218	0.0754060684907955	0.200585809893432	0.0764834304449771	0.351619345989847	0.0475799583528423	0.0509607138361729	0.28295863970835	0.439473125442621	0.109338623873663	-0.0742321547739685	0.0666366838233569	-0.0585409815270065	-0.0891971679395498	0.117022379863343	0.275943426119999	0.149055818984803	0.536635617075144	0.231919246917966	0.10672052041437	0.0378289911017227	0.318039663040773	0.137177897338536	0.101468522556645	0.160116834237116	-0.0281618705008161	-0.0671804277644132	0.0198634410009763	0.269093690213021	0.0286212986598956	0.165766970401649	-0.0848060826203609	0.0993903561344326	-0.0950430561709149	0.176617127866975	0.0517422456452766	0.187935914996889	0.140124384814897	0.184463094575849	0.0454081476166624	-0.291337968970655	-0.0111507912810767	0.0156268290936751	0.0123839101700374	-0.0862724996697324	-0.111365280171269	-0.00577342832035112	-0.114183925356448	0.0924520600074044
0.100472661768003	-0.0337402016573452	0.165205963122698	0.139579401978361	0.186399284184031	0.0256786241220851	0.00285139325830249	0.495326844967681	0.55015226143623	0.257028141110303	0.232677126009288	0.120999782248424	0.213291467262356	0.230320698649817	0.0497691771402877	0.338531189413741	0.22014481858315	0.359228212429146	0.340530435781054	1	0.109100150114295	0.122990889408883	0.0998513070740863	0.17010303179331	0.558321572686302	0.201166340710891	0.29645673826563	0.0111508545880972	0.00325008024642477	-0.0963802859876624	0.348502685149103	0.151345844765081	0.255305933729722	0.0398781426593547	0.23851226104288	0.327706544079852	0.013564567196889	0.396062736538922	0.0336900903166897	0.0120407890451445	0.140739781341484	0.160221085360115	0.245952709361512	0.281823633676167	0.0868431023266144	0.0616015240610829	0.141141076587118	0.00799823919209584	0.0277036551762023	0.106453663226195	0.133414978130402	0.195768705159292	0.0978190524048065	0.0273686075745837	0.0324157607870584	0.00615417263309584	-0.176294547237236	-0.0769349757316764	0.0217392516287148	0.365128963833196	0.0800210009739361	-0.131843718610283	0.00695996797962148	-0.144110428604362	0.089617920539177	-0.112631563063198	0.229214743602578	0.178158661720078	0.304449262867376	0.311368936473572	0.0505904311882698	-0.0504737002062228	0.132967129994	0.367164177446151	0.110011772726537	0.164998684581254	0.315017134590543	0.266608768678337	0.213605158927726	0.0981055034501043	0.0631205418045463	0.226163509256364	0.124920886393147	-0.0061310229728531	-0.0122282472024635	0.20389035153922	0.0398151658572974	0.109586379504416	-0.0379163543818285	0.114478645621272	-0.059632787773503	0.125602969516014	0.110653389502175	0.141437994091989	0.165367273898351	-0.126708777191016	0.0539504475763017	0.110485883739128	0.126357231304893	-0.156957439330783
0.209639354580103	0.0111690772454994	0.170180659380934	0.301071698072468	0.196353688696194	0.263313067405892	0.270700462993049	0.172501520397621	0.267142071937027	0.164800151383919	0.139686690660639	-0.0322311183344364	-0.0025146615930183	0.148475001303565	0.443331891954803	0.356779545629143	0.205295699608901	0.153401831178152	0.258629752879966	0.109100150114295	1	0.0330171344534064	0.0731400791369921	0.362774250105905	0.13340786395547	0.112489149316436	0.146466231003357	-0.0624960330028765	-0.168783630068713	-0.0201597065414775	0.353628985166384	0.103347363995494	0.189816016916184	0.215516377191094	0.278349289586802	0.116509743036443	0.321658347465825	0.322839895191555	0.442927440922207	-0.0363498044109007	-0.0445061472609642	0.122305555253992	0.548796765356479	0.291431902381465	0.276681382542728	0.133257016096688	0.242818865339388	0.262404080200155	0.105166933679616	0.29354987737728	0.184275592792577	0.0742757486682215	0.0410184401375088	0.225643520014648	0.322433139408061	0.162616422287627	0.00269705906519097	-0.0142517631302275	0.232793667910235	0.188926876003356	-0.0302302920221287	0.06277172224041	0.11821130801287	-0.098985683107491	-0.0539729095843808	0.28242766130159	0.219350611213706	0.0800140904734647	0.277078698284498	0.0774978647715049	0.0982739727071501	0.111651352393987	0.0555403738127271	0.215627972031557	0.11964165565619	0.00522995920679322	0.00541407057415899	0.0327990417626985	-0.115965352849392	0.224989426519917	0.143803585191481	0.0773015026170632	0.128514633648643	0.38025717530496	0.213748876845425	0.137230496194797	0.0395658291182771	0.11335379330356	0.299396167838824	0.321991139058842	0.143264010503278	-0.0502123536981973	0.240549071046283	0.212424921365308	0.106807757558163	0.134166702811617	0.0530683272029789	-0.0173897077451739	-0.0415050972329446	0.196794236276838
