1	0.823334494296337	0.805956999740914	0.614962924214903	0.510726763065541	0.515547424920615	0.509499778214591	0.322059117103746	0.130035443918211	-0.0688877651213958	-0.313471860864863	0.123971683096501	0.226743181291001	0.724326414474141	0.49140487671047	0.58797323518609	0.1329791965034	0.287908825583153	0.15045714628371	0.170590901090223	0.147982897009155	-0.120374647561422	-0.362732208189873	0.226240225756608	0.290278327817346	-0.124284656656853	-0.0438482979543987	0.111930670378097	-0.0510438016848807	0.551312393566053	0.212415939212407	-0.222477151774517	0.15260875446681	0.0802117861834907	0.309395575752197	0.305897227155194	0.0987938534814228	0.125034821780784	0.297004121382449	-0.0755654077985869	0.206268333051025	0.359873281646089	0.33020113867274	0.0487891613406295	0.295350557965385	-0.136457297051432	-0.169775349182188	0.574595043972694	0.0566689800729108	0.285516322522043	0.671308314741412	0.75141669832247	0.458898609313218	0.630414655779528	0.401011749917868	0.48052005298851	0.164162285963007	0.216622105382734	0.19268773203812	0.233416598653494	0.152011797031938	0.0418343957485964	-0.0577806293588473	0.186955983873311	0.502783409666108	0.139927490527031	0.21387461224955	0.305983348514231	0.167977758341951	0.118154154072119	0.206720624820234	-0.108043678450931	0.137020052507811	-0.0452433419713411	0.310544124479559	-0.194664971955851	-0.162116178359841	0.0512493133373431	-0.0359502258760893	0.14435508680682	0.0600972209965456	0.282144663499544	0.42358701579092	0.177438095200421	0.22231963657563	-0.109885400441383	0.0501910698511515	0.304673461539732	0.157334727068316	0.0710316936252062	0.135654691632426	-0.228366023766474	-0.0161707830426175	-0.0315376367669879	0.136244930030775	0.41098702902095	-0.00376364230441978	0.119751777783391	0.376059369311157	0.157237910002908
0.823334494296337	1	0.818187083405895	0.741878463952928	0.2806775224102	0.366237105097447	0.500736122756548	0.285897826063643	0.179669649156709	-0.234556738326824	-0.437056151405723	-0.0742382360665935	0.121395310943286	0.608742040664629	0.339814252914312	0.675363282787044	0.0962896929846659	0.261525249412264	0.218880240829713	0.192156486392167	-0.0369486360173842	-0.222495402924898	-0.489012968622345	0.359518013636353	0.396847065204894	-0.104192263463397	-0.010355278708182	0.198196657574871	-0.0821745682763736	0.547776424032554	0.238601965333606	-0.24781319684707	-0.0141525363051571	0.157040875657991	0.375924512619088	0.331659587195182	0.172921403737992	0.136872767060094	0.2110348980136	-0.0305960368978348	0.136812095335488	0.317522743553214	0.365487823062724	0.123053465086825	0.283966103178006	-0.329744602097583	-0.277729360843801	0.466721503797372	-0.117430920290512	0.185346171085307	0.55729974571604	0.824540303876476	0.443242528733952	0.528907952470275	0.243324263369472	0.506660981722402	0.230333397413897	0.299102310512298	0.228433619206333	0.330240892930356	0.0833474811886147	-0.0213583723324285	-0.076919403429177	0.180131631021514	0.418637677902063	0.0794695399812614	0.24018111975909	0.332662929474967	0.260684371835761	0.200428294678713	0.114291827611743	-0.161994089717795	0.210822587764232	0.128818502377657	0.235672143180495	-0.11756275832466	-0.156339723245136	0.173506767119272	-0.000278181704310127	0.0640773894414588	0.177798892705178	0.363049335555713	0.449101438934899	0.12678451880789	0.266108388091688	0.00571031036029149	0.104098261717822	0.310462884146398	0.147320645721672	0.0730295858424609	0.026617840124269	-0.238000368289664	0.0784452194988614	-0.149201817773017	0.0901199038232604	0.248666170800734	-0.142413815281469	0.0352512783827283	0.325381598845225	0.090924304247329
0.805956999740914	0.818187083405895	1	0.623257383009589	0.399686093115754	0.513322303200714	0.587988919086858	0.292913769314017	0.197428477978777	-0.152520069378025	-0.247198293079493	-0.0774506856462691	0.179484231687697	0.64194472615416	0.370278864256317	0.664155829290096	0.149142864224348	0.276210917479968	0.287201234487201	0.207170969678366	-0.00813137495621032	-0.239872753356215	-0.419983333064383	0.34748171170623	0.367834590264227	-0.0339436414736706	0.137518912114208	0.134263599682934	-0.023795274917747	0.455321396005624	0.310242213852177	-0.185787995159637	0.033414618064843	0.206254679688056	0.451179769955057	0.402167364558668	0.246400143918255	0.172911928192844	0.257715219690561	-0.0209476933724469	0.200873074887251	0.295275137555179	0.370547747498297	0.20453151870013	0.407294189993526	-0.318837253050887	-0.213826135237144	0.54349705709703	-0.0162099930726818	0.194549921712394	0.637217866774372	0.831027611626297	0.572978727470078	0.631259097730188	0.391238529909789	0.572981158934629	0.172604757268939	0.325328010230737	0.29509651454339	0.335542811277849	0.160641179757729	0.0710765161182134	-0.0711350715723809	0.28168888176398	0.5405519738033	0.254882230473643	0.332410220226838	0.322640587095685	0.336488212908518	0.125799538030988	0.193792796902772	-0.112109342127765	0.210485487849676	0.118085479891475	0.305877540460967	-0.00141187821046323	-0.00969092931392293	0.13188580554188	0.0634659023095931	0.222745310512473	0.25571571783113	0.400895775872502	0.482795401263384	0.280921672204722	0.385430486216829	-0.011277501440665	0.110957253736583	0.341319322787579	0.199658028912415	0.146378180502909	0.0272882952006048	-0.187961226311239	0.176654110635965	-0.0963153995910085	0.140568489690194	0.33989158267386	0.0100625085630275	0.0690108639639263	0.323749977958945	0.262887224068082
0.614962924214903	0.741878463952928	0.623257383009589	1	0.359720463468735	0.430644000255608	0.621141237486953	0.256623723087985	0.0427491785674676	-0.0305007258179648	-0.146571545142734	0.101939776460762	0.294807968070562	0.608962471547583	0.513995658332615	0.67594616005927	0.282167846034732	0.311750122576371	0.21430739995943	0.101532881453645	0.208818883501283	-0.0162171266074966	-0.31888022895431	0.300245675013386	0.198049399872225	-0.129121529914787	-0.0488295991963524	0.28436475382185	0.0761748988351349	0.545941564872414	0.338386200288959	-0.127166671713697	0.0759163019246381	0.160763304474317	0.434019548461192	0.322172279886677	0.158165569178122	-0.0153848563617397	0.331762305341172	0.0439768964682404	0.229650399400461	0.429028510656316	0.630349225329112	0.0762477950744897	0.198678590716924	-0.146498522955078	-0.172440740324852	0.588968842177964	0.0767255536118026	0.39751062072372	0.530088146020381	0.690704314841811	0.460653135607198	0.58399438663317	0.355572500048848	0.493824908337694	0.156741063057506	0.176674514852163	0.147264240729084	0.19760718954529	0.244818148799339	0.14095134822291	0.0987685421610633	0.343571754837053	0.460841612740014	0.220540276060778	0.143480596045521	0.378546076426316	0.141238703053065	0.00692701518084744	0.307920929304597	-0.00323752728835797	0.216589124350441	0.0685800960739151	0.305908735490985	-0.177714125162796	-0.169593090896554	0.221065899619503	0.0979330787040809	0.0442190585329055	0.0635391862511161	0.411469238747179	0.462245783214017	0.114324399727377	0.15007504180278	-0.00731178473165045	0.0845456863030347	0.350883436912187	0.216892342187496	0.00574654749387156	0.183917841408322	-0.0925826299622905	-0.0259573747088175	-0.000312351752242902	0.189979952737006	0.357374840352464	-0.0775089930352635	0.124365486091623	0.343377618335438	0.228883439716558
0.510726763065541	0.2806775224102	0.399686093115754	0.359720463468735	1	0.709958871899342	0.510144830075858	0.167901123908939	0.0140217110908434	0.325357762733816	0.0810194302867443	0.356818109837916	0.426246578873423	0.621481902542612	0.585265363676292	0.388184947249415	0.26666252390418	0.160567069601624	0.0997287287865292	0.0114530899905851	0.546543617598905	0.219953213742974	-0.00298627646117069	0.126260349937925	0.0350884021755002	0.0470168430153528	-0.0777015530525432	0.16415965800363	0.234040132813738	0.622034728944739	0.315079938372752	-0.132126574706852	0.305152013135212	0.0604604440994774	0.260692405259285	0.274812831000977	0.179091958013538	-0.0294778616037141	0.474271895464583	0.0402851458553591	0.507925370836055	0.521143042049399	0.260184106203216	0.0995704380988223	0.165837990136777	0.204377280219805	0.0401103003552083	0.538645453253734	0.339833388731526	0.532153624541549	0.460536218912594	0.304146173647838	0.350555423252176	0.78426138743144	0.549556521552494	0.487329313508209	0.0642101724048889	0.190134270209281	0.140477884321916	0.140280875255398	0.36835425383993	0.259609569024606	0.249033324386522	0.397500028048573	0.378705715632974	0.229734039311688	0.00346317051700784	0.33964920908946	0.0851628564025395	-0.00538590553251148	0.591749094959074	0.284032912889863	0.0788034338176401	-0.169348654806277	0.36511442743528	-0.170412319489649	-0.115818730987231	-0.0739861734189421	0.149421118133156	-0.0198949975568767	-0.0199670671811976	0.317687209977762	0.362437666890969	0.0948295918540745	0.145279295710658	-0.311113449992286	0.0802452722625252	0.25149345046463	0.163787547627263	0.0479601266331523	0.336511389257912	-0.0143382433448423	0.0080362331934835	0.231943406526864	0.148249702463646	0.450969477784937	0.215704417218495	0.299107307020491	0.31793141684725	0.307656874258239
0.515547424920615	0.366237105097447	0.513322303200714	0.430644000255608	0.709958871899342	1	0.570627302697508	0.174934013607183	-0.0612342134591803	0.336037792448992	0.0924686119099301	0.271185461641578	0.367613192972144	0.577774284541129	0.547237591750377	0.46040545133617	0.255105774889459	0.227000020806309	0.291613962087234	-0.00155454903961439	0.420179530999293	0.155295463557777	-0.24027014104191	0.246920963723993	0.0610661379291448	0.0267828835817626	0.0992802137140885	0.28819927460638	0.333067448639316	0.517938172054667	0.333229101164734	-0.0164268519280744	0.302572161812723	0.0367072124512502	0.455582256137056	0.183524410338386	0.334542938418242	-0.0441356610426415	0.420012049444173	0.0307556120185276	0.552555232137021	0.510601640744014	0.302813347847526	0.156744487391715	0.267245633158372	0.113329161736535	0.0140638397454712	0.729914417790164	0.284374351991618	0.442293068785261	0.372499440430843	0.446020876420888	0.546771498676197	0.779204915257689	0.598005998226903	0.414285960529989	0.0040353173814313	0.217851555941836	0.156040643861733	0.0785967819638371	0.469874504029184	0.342597113503807	0.229103523873889	0.359853438000309	0.450021906867719	0.30178156009866	0.139926089857979	0.322422110856325	0.257658670177892	-0.0864101580058272	0.536238682179107	0.356471079622271	0.168270423144895	-0.0150710415064052	0.273395207363633	-0.168481341764093	-0.0918371692145334	0.0513231566813088	0.257454672733	0.0802896024972027	0.1094964016617	0.39056042510265	0.423448875135982	0.00607116775766094	0.143866278323292	-0.206435019253917	0.182478959359223	0.341669168034453	0.0821725015405126	-0.129177983376535	0.305826350614257	-0.176501059714964	0.0319076350917022	0.233636655895439	0.250824476684474	0.609714863329046	0.258591368551482	0.385719681580655	0.396924752226774	0.352830280753852
0.509499778214591	0.500736122756548	0.587988919086858	0.621141237486953	0.510144830075858	0.570627302697508	1	0.338573314871572	0.142297294042061	0.0430128995956281	0.0219658655720043	0.212584633211743	0.239407338265303	0.504729203897279	0.361550951896706	0.629495352766472	0.275865094971333	0.179122031410474	0.31429364982753	0.200143808047779	0.140168355480624	-0.0920860917963986	-0.109414001204385	0.223422555946597	0.199703363305993	0.0455427979536371	0.0624448493728364	0.129264199211415	0.117476186865279	0.50169686706535	0.324431399832801	0.0355069415872357	0.0902579381590669	0.240522393041703	0.643680698222464	0.460287627645831	0.0982285953225587	0.12054767459919	0.392586453084405	0.0197063672039664	0.289077715116158	0.366323351073091	0.465722169391626	0.23358708011535	0.307158564090685	-0.115520167531953	-0.0254555816012896	0.631103385764136	0.213648290158043	0.228986510993609	0.551745106349735	0.545383747974517	0.6449094187023	0.627924486805203	0.481738492394741	0.693657425355364	0.171321234695332	0.319690744544391	0.280016404090428	0.265977015800528	0.385213601755795	0.309430738655455	0.152917350576257	0.362079158165819	0.470477105198138	0.380871693419804	0.35418883565825	0.290987823900248	0.346227954641228	0.0568958373709182	0.364233266861704	0.079230340536143	0.18995414360769	0.169218822980926	0.265379257833436	0.0284452061439147	0.0343428793674046	0.0466250022155853	0.0906966357017178	0.056197580576363	0.128224052681306	0.333257523845021	0.512487989612795	0.207054007683148	0.282230051688859	0.0119234221043448	0.0574886653186923	0.454988510556816	0.205070948168051	0.0584305766201077	0.224572008408409	-0.0564172568102292	0.103780069988808	-0.0397109543834644	0.0535415785535913	0.37303407874348	0.113157623452087	0.107410985934003	0.399144341380011	0.423383648713696
0.322059117103746	0.285897826063643	0.292913769314017	0.256623723087985	0.167901123908939	0.174934013607183	0.338573314871572	1	0.664333664387157	-0.229090526216344	-0.137977819625463	-0.0589652808995618	0.322787369475065	0.212793661464904	0.110179359846701	0.461096942663137	0.42546428283096	0.646479971540128	0.378626088862756	0.784304343838156	0.0127802778723067	-0.219538773572976	-0.186745122169346	0.297204514560395	0.628872064653493	0.266489820761987	0.373325743647438	-0.0853614288106989	-0.128348745617354	0.148382734266532	0.46516115847923	0.0769317486543286	0.172709490032459	0.190605349549438	0.259634332736686	0.412668660877844	0.087669945211968	0.556591380959333	0.129920085103486	-0.00395856916853147	-0.0860930868056574	-0.0108933954620453	0.313512688060945	0.450822780856531	0.579724553581658	-0.190817925710593	-0.143571877777699	0.199133967690747	-0.0893280665508161	0.0178471756312404	0.315811657944617	0.256555446313989	0.275215435317645	0.308713334491102	0.141370482567529	0.329356238166678	0.277273554581039	0.492421945603162	0.507076573577372	0.620714841201798	-0.0467546379571015	-0.00225246146954788	0.0444624367468494	0.290191852500376	0.193923656519266	0.0680738333238021	0.376355944844533	0.347402641054276	0.407102900337996	0.363802644974972	0.0288666227906433	-0.155145811030129	0.398307733465341	0.492820629414778	0.171695348404134	0.328274408563836	0.35167344578474	-0.121787086297129	-0.150388964054624	0.335829566678291	0.0576337966503816	0.242790191358017	-0.0204399672658684	0.241193693739713	0.29240834416901	0.0451685487523569	0.0519005248143743	0.412959765062403	-0.00481584767893015	0.404693082478611	0.0925832755878758	0.00260577513356836	0.467081346264642	-0.163497619365777	-0.163200914491696	0.144999033363298	-0.250319623421365	-0.0606623196529718	0.223458460365463	-0.0262666974266658
0.130035443918211	0.179669649156709	0.197428477978777	0.0427491785674676	0.0140217110908434	-0.0612342134591803	0.142297294042061	0.664333664387157	1	-0.216329926145521	-0.189297899203959	-0.0615623020919831	0.203239421892291	0.0766766165151382	-0.10899803862253	0.343475942615281	0.311036604705225	0.398480576976509	0.432110931483887	0.687548087409094	0.0486486825038591	-0.184857133446282	-0.0805507441058674	0.444181062867291	0.5995677523261	0.397216943307422	0.412243714298628	-0.0360582792350067	-0.200941556394303	-0.059853182682148	0.301241249352311	-0.00275888171695446	0.117946020235428	0.196565024337944	0.0766611171799216	0.526743448729709	0.056325253323035	0.554037927767026	0.0560836744688225	0.0537379962717556	-0.174554619847022	-0.144404876333605	0.0929534884130692	0.530341217029861	0.384622012353377	-0.198820502128179	-0.167117159309696	-0.0558077044226388	-0.210581220512284	-0.0663932959655697	0.0158438126707164	0.159351854550631	0.0673673438016156	0.0434605686415503	-0.0680523716135714	0.193865881742892	0.157877813484548	0.442269843630021	0.552452375067995	0.762384677168636	-0.0598002009360792	-0.0561949727387619	0.0932649903892041	0.168100932400341	0.125501101724997	-0.0675229406960001	0.318081818123164	0.295413526829781	0.520828478085836	0.401366628125012	0.0203851763910031	-0.0800986259787955	0.395009023127312	0.460635928872143	0.014775914067692	0.392219666955991	0.434714425644473	-0.0144947344288252	-0.1732261921505	0.242825933397966	0.0804400394932931	0.137104506463158	-0.0405663375242542	0.264194423024086	0.331405483082001	0.0140980682984896	0.129457937209771	0.211501090764818	-0.0113391541502623	0.456778548950572	-0.0423694077335561	0.131420031282994	0.578160076823213	-0.141449695586661	-0.174159389127555	-0.0359378899770672	-0.215337795396555	-0.09207487686156	0.0640603379791398	-0.0827785673459922
-0.0688877651213958	-0.234556738326824	-0.152520069378025	-0.0305007258179648	0.325357762733816	0.336037792448992	0.0430128995956281	-0.229090526216344	-0.216329926145521	1	0.490147124675506	0.71061639850432	0.379561992490978	0.160736134631221	0.504788103413254	-0.0309870637534901	0.243083810076078	-0.0508071222249979	0.0911645875205164	-0.219730455363324	0.518825067057647	0.691795473031232	0.354944661505441	-0.135831886261989	-0.262420188239683	0.0889783940754497	0.122459695259672	0.388555657724889	0.56505187750412	0.134238545838738	0.207966743763839	0.220308318465779	0.27671617524826	0.225876434319367	0.00541636143371175	0.038896591145048	-0.00563770511183542	-0.13657467910986	0.220668301695523	0.286890571217078	0.519738499733787	0.556836568841629	0.20683505295494	0.0806406955177051	-0.0649571483426994	0.720357596720107	0.63053138624435	0.256107988758509	0.535500908763031	0.636591479145066	-0.00873468399533833	-0.179671468314872	0.045005043076093	0.151894847314733	0.205218710420126	-0.0112067462799962	-0.226663011793357	-0.133326305081164	-0.174675085672699	-0.286041585553279	0.487787356029599	0.381189031647499	0.552446279648224	0.0645816345018146	0.230476081383223	0.289942670594013	0.0709090416628754	-0.045644856059426	-0.0780224152257604	-0.269437319667906	0.374691277368373	0.545305543003078	-0.118618113994249	-0.183650912235535	0.0450672927489351	-0.0266273284106951	0.0628418757587859	0.280762898266729	0.322388509909876	-0.0122496472755642	-0.0682834423301871	-0.0195258092113856	0.329824077351219	0.0562665373057284	-0.111374412476442	0.154926906187389	-0.140737675269813	0.140150174715178	0.0615319229341199	-0.115467540595982	0.250977496881263	0.323391789223933	-0.0563482998311654	0.67141371841944	0.529017663704251	0.194070233982579	0.575005497647639	0.411745547585903	0.408058231564707	0.411398859299897
-0.313471860864864	-0.437056151405723	-0.247198293079493	-0.146571545142734	0.0810194302867443	0.0924686119099301	0.0219658655720043	-0.137977819625463	-0.189297899203959	0.490147124675506	1	0.283765521011314	0.0624932982097216	-0.0726526058812217	0.10640275421911	-0.18824756808208	0.205813319414236	-0.132726195753253	0.0763102818930486	-0.221300301534129	0.161872889074749	0.382448590655559	0.400621523346891	-0.237987848430444	-0.410130795246535	0.123555453114957	0.160588637927229	0.15470693322191	0.35172279554079	-0.0913970307873169	0.00366054132665111	0.145148992221959	0.0142049538453635	0.170089726805871	0.0966000519429781	-0.0551165231073839	-0.0172020586481032	-0.149206369024875	-0.0280568781284154	0.261114563984376	0.262952479640666	0.241151946322459	0.0899365399272057	0.014090211987601	-0.101147988514363	0.34349779346478	0.394628738672889	0.0729824994867934	0.348332670327672	0.244323574860258	-0.0813360674737389	-0.280584057111323	0.0138537241334073	-0.0937033555107162	0.0406591951259649	-0.0802757552759744	-0.190935321002983	-0.0283215123323234	-0.169222008965333	-0.265383143137254	0.238820398882649	0.23924287548058	0.251414667885044	0.044651356412263	-0.0280028434335506	0.221722858077622	0.00671331061114299	-0.133922925371518	-0.04964511459215	-0.0787516039118467	0.131832930508787	0.274579285532568	-0.207951127883146	0.00881955015547918	-0.181097731562632	0.132738343091709	0.165222285627775	0.205295758623137	0.271059586962545	-0.0152625603749192	0.00613946055415945	-0.0356110681903975	0.0281028788131574	0.0231326994361931	-0.0154814607894386	0.210853685065448	-0.153782578164168	0.0577050685943338	-0.00782079098288738	-0.071290359314453	0.148603424289084	0.296671901270681	-0.0303938639635152	0.274313392311934	0.18400698919968	0.00179216611081635	0.299895129533271	0.08949715697499	0.117449339184453	0.210362408043305
0.123971683096501	-0.0742382360665935	-0.0774506856462691	0.101939776460762	0.356818109837916	0.271185461641578	0.212584633211743	-0.0589652808995618	-0.0615623020919831	0.71061639850432	0.283765521011314	1	0.492054284641767	0.270633055024168	0.45216126177026	0.0374214499867146	0.155987207670752	-0.0352541909459211	0.0233582589898817	-0.0494947259386638	0.450434720586789	0.567440105061885	0.408871190997578	-0.0562036429048571	-0.0731825834151466	0.0551850634428341	0.00011184465962495	0.315056106449606	0.341848183446443	0.201685579192239	0.098567274499324	0.172963031399109	0.346983827188541	0.241868647451705	0.0576197017519986	0.112917928149654	-0.0648281895232651	0.0154311352573056	0.277220879831156	0.280097879635681	0.504583877739972	0.422341370641794	0.219773285707478	0.095942677908787	0.0164674889854481	0.632964979539038	0.554357469829642	0.270435358217643	0.386380374071526	0.486407462981298	0.130450600042864	-0.0895242250615633	0.00798550507700213	0.169985713799733	0.239501376044794	0.0548107826268255	-0.0911955713521304	-0.0856346587350914	-0.044548397853365	-0.0994366448483268	0.442029734959316	0.309127764580073	0.489816615509357	0.101167160442381	0.225811506686388	0.183184259216208	0.0114593103606112	0.0267464584952833	-0.151596440748401	-0.155566096536462	0.394765463229204	0.450397534012574	-0.0432777973596544	-0.0770096076548083	0.156726821964355	-0.174735446140311	0.0135909372444489	0.271736934998286	0.231888068930761	0.00635903828512421	-0.168594956609498	-0.0138552178601027	0.408731553192436	0.0338876528840788	-0.0621560067688635	0.0291269150331756	-0.0695144567699678	0.157180127018243	0.0306056006879892	0.0235651739667778	0.233443380955949	0.306248541865572	-0.105699988899859	0.555722358501856	0.398728634363977	0.282407062904594	0.338699569073231	0.412202800041507	0.445171817435521	0.355355321818907
0.226743181291001	0.121395310943286	0.179484231687697	0.294807968070562	0.426246578873423	0.367613192972144	0.239407338265303	0.322787369475065	0.203239421892291	0.379561992490978	0.0624932982097216	0.492054284641767	1	0.465296019439994	0.479889115233576	0.297349513288126	0.523421357206095	0.302071722780019	0.216621683942996	0.250816678336453	0.581105917618168	0.334202902661074	0.0412905990622498	0.202684438752429	0.168451750322998	0.190703118836331	0.0627041248330233	0.205729867956514	0.247749556572578	0.36807781940522	0.417709070154735	-0.012632016048787	0.491879724961554	0.138744956129385	0.0945180512549967	0.274689561646027	0.225442770473919	0.275178643290597	0.426713290978337	0.061832483801746	0.369952836603453	0.259024040302945	0.304158442766559	0.231155575994254	0.332720535849552	0.330019558855798	0.137428139495865	0.282072419225696	0.145835566296981	0.41905227562671	0.208058114877083	0.143059269541988	0.193409006439594	0.413765317211526	0.21415665677334	0.240945826607308	0.132535534345896	0.17419571493854	0.290771990768361	0.177491613285706	0.192930229276889	0.144102775301807	0.253682616606866	0.419207474460147	0.383677102979333	0.189673942724234	0.0789664345610053	0.366129461921788	0.0202608142539283	0.00104684902738883	0.405356693553861	0.199449950052563	0.166771534137103	-0.0655916761160009	0.317325165697471	-0.0152249311218593	0.00785683069805021	0.0546438415631104	0.182187301942324	0.191698424571455	-0.0321390476671799	0.334859216635198	0.210897526177694	0.179018871810625	0.163675160501522	-0.186920140881223	0.0925115707410418	0.181978588429779	0.118480766884822	0.161974004222412	0.211510379959721	0.098911074184521	0.138871175760905	0.353555302508137	0.243576815142097	0.225615035410531	0.050166032864783	0.334769724488592	0.208031648306231	0.214882283583033
0.724326414474141	0.608742040664629	0.64194472615416	0.608962471547583	0.621481902542612	0.577774284541129	0.504729203897279	0.212793661464904	0.0766766165151382	0.160736134631221	-0.0726526058812217	0.270633055024168	0.465296019439994	1	0.648636153202384	0.533203689300043	0.362490303640364	0.334254155163204	0.197964874009637	0.0452981731914473	0.42367591453316	0.19681874827223	-0.19661376840574	0.198655801119604	0.0695823044284028	-0.060652332807312	0.041644502843	0.24264161891852	0.286967626213281	0.674735915292001	0.340120340633897	-0.193558077835255	0.272129475202487	0.0493045745173214	0.263019901939842	0.246823454895299	0.160602004414701	0.0810456106483429	0.279264011991163	-0.00845821838073363	0.459616768710821	0.484795779845374	0.340598967847472	0.0765252149052933	0.23351752414218	0.0903330388718417	-0.0401629276203353	0.526898697877912	0.329864523205153	0.546703123376062	0.517935453699328	0.612358697527696	0.445860249350086	0.64576667870352	0.387045712157239	0.495737930226872	0.12671301834481	0.14968011335224	0.124983533834486	0.173054697380576	0.325794587297407	0.201426845784037	0.212234804902899	0.293019201702905	0.556506402279583	0.123929398238868	0.133007706601188	0.377297336948087	0.138117788260932	-0.0789833908637952	0.364688616890769	0.137875788975342	0.172129512544524	-0.130741044178522	0.253358743175177	-0.216316825515985	-0.179039508130827	0.133821312135399	0.227036298403637	0.15739191363857	0.0371274440938152	0.451684083187766	0.434931071680755	0.0936638424757501	0.111299685061282	-0.19341509058998	0.116651175537598	0.223539271498853	0.0545365447272345	0.023458088554204	0.165863432969336	-0.12666449786434	-0.0449273971678671	0.174243787947435	0.247675294116343	0.274203944332452	0.134626955133449	0.232150377846762	0.358069921248133	0.245568365748546
0.49140487671047	0.339814252914312	0.370278864256317	0.513995658332615	0.585265363676292	0.547237591750377	0.361550951896706	0.110179359846701	-0.10899803862253	0.504788103413254	0.10640275421911	0.45216126177026	0.479889115233576	0.648636153202384	1	0.376578649020105	0.330690363703671	0.282640824385348	0.170427012857431	-0.00579857833960133	0.547829197491854	0.379517764048781	-0.0609110792673304	0.0357937253211756	-0.0505516785795511	0.00750789538470299	-0.0463452136219224	0.249761456044032	0.375144289346658	0.484519319983335	0.405721969857941	-0.0292118092607289	0.264247040603812	0.0550049247093151	0.171151444849634	0.223059757214257	0.151209727553466	-0.0080491355199349	0.40718527992673	-0.0334526956399838	0.357941086635011	0.582667021139578	0.544726396553434	-0.0601394608371917	0.165837600957794	0.289627038235452	0.129386344359058	0.557211693348695	0.368959698584916	0.741412078599181	0.354539427259078	0.322078608151633	0.361154173436898	0.597811854647014	0.413887100935294	0.334386959483572	-0.0221456185991198	0.0120150247510464	-0.0123090656288843	-0.0158710737912887	0.394228800006608	0.22427905138576	0.424822140385167	0.280742865616149	0.494986749921715	0.313854998679404	0.121846947368404	0.228057590446083	0.0197286067501327	-0.180802923054152	0.404512632369002	0.216946866483074	0.119585861332285	-0.218790640513662	0.236083920321486	-0.20446305459067	-0.0895226153559246	0.132556656211886	0.199115125538948	0.0505077995599942	-0.0717142684659128	0.299070778606038	0.331953295248058	0.11391286746287	-0.0112560973158451	-0.11592641978008	0.095718080299955	0.265668538932994	0.153376688014566	-0.0402228967451325	0.394695716431563	-0.0649217304837971	-0.112510081242998	0.342903157966457	0.243316439318486	0.411050845829924	0.168062894721528	0.272911495710591	0.423657667968787	0.342673532543292
0.58797323518609	0.675363282787044	0.664155829290096	0.67594616005927	0.388184947249415	0.46040545133617	0.629495352766472	0.461096942663137	0.343475942615281	-0.0309870637534901	-0.18824756808208	0.0374214499867146	0.297349513288126	0.533203689300043	0.376578649020105	1	0.321353523617989	0.450952400205246	0.58981115601557	0.338283352290421	0.0825707810911245	-0.133371864443453	-0.302509863654689	0.468500337680267	0.410031456719946	0.215606855746166	0.317800164495009	0.197427880617511	-0.00423670081206008	0.452941027975518	0.62752058079796	0.0432113866309069	0.184937486207793	0.341006272250113	0.71650179658449	0.68008433408444	0.25703862785691	0.215235839365363	0.496151503292752	0.0436557670203089	0.171940491731376	0.390166596753669	0.669751809777511	0.384003896361103	0.488593616280886	-0.18046400632025	-0.0683121343981961	0.538530625972264	-0.0673554517934612	0.276786145987705	0.533151443061309	0.729489331474368	0.577773370547504	0.591511443849029	0.390529051184987	0.599413522440453	0.32542970970178	0.484602546940968	0.4755666883285	0.47987140538545	0.280039595197874	0.122050532844086	0.250208187133751	0.407310444784341	0.511693972779024	0.197694520555057	0.539303616685101	0.444041550074004	0.618286383161139	0.245629189060003	0.345698582105169	0.0217336921510996	0.338495485820636	0.323190073821461	0.281813779843696	0.150409883516741	0.180460130184324	0.174098551743997	-0.0129446491419413	0.325131501347502	0.334208986201441	0.530788686580661	0.403257296709467	0.390875778836978	0.381401141958439	0.108395041326814	0.178783024020449	0.655652649253699	0.224989630535503	0.187677749222727	0.345381968784942	-0.13036778331128	0.289969904928603	-0.0187757744255141	0.127703322654743	0.375623273689924	0.0521213679921202	0.150682814390512	0.420098084628303	0.254991516530014
0.1329791965034	0.096289692984666	0.149142864224348	0.282167846034732	0.26666252390418	0.255105774889459	0.275865094971333	0.42546428283096	0.311036604705225	0.243083810076077	0.205813319414236	0.155987207670752	0.523421357206095	0.362490303640364	0.330690363703671	0.321353523617989	1	0.555423038631407	0.323290242159418	0.313462909529992	0.418621192747419	0.198338972840173	-0.0698124708044743	0.121163962720902	-0.00870395026990448	0.334378558417938	0.165845587334043	0.191120069083226	0.235777605567959	0.219851177429465	0.441399455401854	0.102116024036326	0.229510019398265	0.127188040827745	0.11939909329229	0.266435542057613	0.055477400970859	0.231642181551298	0.193873815880979	0.0282216609703181	0.18630553293469	0.224679957576154	0.277731904301997	0.194327699294995	0.354349622437384	0.144535272128287	0.0972852297869173	0.218901863257072	0.259032240549845	0.3838801661051	0.130751236960476	0.109439572655807	0.366461747454735	0.307264138631765	0.171778603463686	0.213939907638366	0.0503021246514133	0.147260586649145	0.196172992457726	0.134652192117599	0.172577581845512	0.143956231739906	0.257684042984557	0.415446542853098	0.276083857506067	0.225992190803122	0.147340767199823	0.313475876903346	0.238880951734778	-0.0394221519089242	0.273329659265516	0.10081118819251	0.25658436510831	0.024557623450744	-0.00601387514840473	0.185942931950727	0.158087557558186	0.0977721101653964	0.109357831945734	0.164054674070238	0.0734667396055863	0.304447748787549	0.0464971985671444	0.00325972947617425	0.103653310155566	0.0287757651618366	0.0671523622459505	0.221031837884709	0.0665450493556321	0.102234342286408	0.139309819481685	0.0837001803790851	0.122106658551149	0.083651534826368	0.182171775650485	0.0825254589684941	0.133113920718165	0.108263575028587	0.122482538450463	0.186502010274577
0.287908825583153	0.261525249412264	0.276210917479968	0.311750122576371	0.160567069601624	0.227000020806309	0.179122031410474	0.646479971540128	0.398480576976509	-0.0508071222249979	-0.132726195753253	-0.0352541909459211	0.302071722780019	0.334254155163204	0.282640824385348	0.450952400205246	0.555423038631407	1	0.364021900060958	0.544609802569665	0.201488944191634	-0.0212521535409922	-0.24020936400635	0.235721439528583	0.365100321284337	0.106371048878854	0.211101494144522	-0.000774280458164901	0.100118338528707	0.13615810824918	0.57022552670548	0.118272466252342	0.287870116344346	0.0259124950234594	0.230589367053996	0.283292327803838	0.104902051870237	0.314649077994713	0.211762842869946	-0.0531850185235874	-0.0548384755109149	-0.0370234579299638	0.436870387985034	0.199149275292617	0.508102326716632	-0.0579843933597166	-0.0911047445058133	0.249890354827878	0.0055229207287682	0.209638915966078	0.2386174575182	0.259048373119451	0.31725345135904	0.330723108869203	0.194699697555662	0.192111818175918	0.181351145006743	0.371159167086221	0.295147783298953	0.339989231518689	-0.0175150729486431	-0.0351995428926	0.162894639306693	0.330571834223442	0.309807786237212	0.227039123663767	0.25650961087065	0.364367713389837	0.289084255272289	0.211050919114418	0.118394804073557	-0.128280104232102	0.302695782074178	0.307712459415561	0.176313015348072	0.16059865489807	0.17852086062282	-0.0397090005769418	-0.0813693808810536	0.362356689474423	0.105542990612269	0.364493391230122	-0.00543741019854423	0.16541903641004	0.231257441516243	-0.00542180590948098	0.0437980074254693	0.336866958711524	0.0345287571000878	0.22705397379602	0.151651468922575	-0.0612677118635712	0.274963234816334	-0.170706424826288	-0.00503346213069923	0.25846350460263	-0.13184227934965	-0.0680349671289141	0.142452125467039	0.053614040335445
0.15045714628371	0.218880240829713	0.287201234487201	0.21430739995943	0.0997287287865291	0.291613962087234	0.31429364982753	0.378626088862756	0.432110931483887	0.0911645875205164	0.0763102818930486	0.0233582589898817	0.216621683942996	0.197964874009637	0.170427012857431	0.58981115601557	0.323290242159418	0.364021900060957	1	0.239973130265382	0.056820830975701	0.0553760675920714	-0.0184532253492741	0.400933779883182	0.223911384513691	0.396171723076756	0.498486748320402	0.196695836854522	0.0852891757399081	0.13175058219541	0.43914107115003	0.212457440467757	0.0980168385258113	0.316073433271374	0.497054420669091	0.56372978462198	0.326786914829292	0.216596810373997	0.210990936987332	0.152783035642589	0.148550535323123	0.133536965699108	0.363891972237324	0.416558533922553	0.376811103689813	-0.0152982571914222	0.0857907758361655	0.238208259211108	-0.0199509715001829	0.161763488988094	0.223355715495837	0.319139305795229	0.387349804633873	0.26529217252028	0.245526420477075	0.242131501891642	0.282007460501069	0.493370119993372	0.40718026622168	0.431554628167443	0.206691037760819	0.0942098678575921	0.271950277817661	0.195418371682023	0.371759636620352	0.200789788270257	0.535522637257831	0.382604808548909	0.732392471583409	0.259993421226284	0.177357023740735	0.139689867441842	0.361202027689168	0.391951667184978	0.0834756971836286	0.369695849602674	0.393409224219266	0.279388980722009	0.0825937045333618	0.361224688669173	0.394182522948243	0.386772640964179	0.230391521498363	0.233807561924427	0.419907171743851	0.269131247259964	0.352888145744252	0.405585266096727	0.136098157453215	0.280824651817919	0.192654104205035	0.0211816969742333	0.397432437870418	0.0382383965180638	0.146261971832106	0.151095580049828	0.0775856237380319	0.0881007592959975	0.24607280349764	0.172157843503178
0.170590901090222	0.192156486392167	0.207170969678366	0.101532881453645	0.0114530899905851	-0.00155454903961439	0.200143808047779	0.784304343838156	0.687548087409093	-0.219730455363324	-0.221300301534129	-0.0494947259386638	0.250816678336453	0.0452981731914473	-0.00579857833960133	0.338283352290421	0.313462909529992	0.544609802569665	0.239973130265382	1	0.0178969543356764	-0.246757280596051	-0.151579799836346	0.228534304890108	0.706750712463235	0.272531937096396	0.345594520015135	-0.15404955371364	-0.232271673096864	-0.0549176908236064	0.373636503979246	0.0691064946569232	0.102985317766507	0.239067771452689	0.101371778359124	0.395780760276968	-0.0180948689062997	0.683304375224271	0.108681296088715	0.0608473857027393	-0.238213581964285	-0.12650162150573	0.254769111437131	0.473252979372543	0.64127874921513	-0.172873816497051	-0.121013420873379	0.0964039092232307	-0.14105389442309	-0.11110782638166	0.226978541167999	0.166202068348162	0.191482926453192	0.161277957116704	0.094124769897848	0.216780967584839	0.214837387974745	0.420963703046076	0.523223084898484	0.620150393802911	-0.116907110585804	-0.0643715114788533	0.0238705219408328	0.176163768218388	0.138998742233824	0.0817945613111284	0.33028433698606	0.200719344049962	0.288586008262097	0.405235694835288	-0.0506774771199987	-0.164425710093213	0.301544298274567	0.498069684293425	0.0987938154690576	0.441520378317347	0.372713422173783	-0.140358288130323	-0.248547004892372	0.268933430409896	0.0702441030162211	0.192984907572873	-0.10488249440704	0.259043153424151	0.359251398175835	0.076167882024363	-0.00910114311119454	0.238498712387823	0.02814311812743	0.493113394369618	-0.001508385183295	0.110792143561188	0.54361853367451	-0.15299701155225	-0.162930314295914	0.0983113127300933	-0.216680522463487	-0.107497543694886	0.15726011340175	-0.0133866850510879
0.147982897009155	-0.0369486360173842	-0.00813137495621032	0.208818883501283	0.546543617598905	0.420179530999293	0.140168355480624	0.0127802778723067	0.0486486825038591	0.518825067057647	0.161872889074749	0.450434720586789	0.581105917618168	0.42367591453316	0.547829197491854	0.0825707810911245	0.418621192747419	0.201488944191634	0.056820830975701	0.0178969543356764	1	0.413188930778556	0.0172230501672031	0.153926355582864	-0.152941627462409	0.0661896861175288	-0.155332633935938	0.221439449954981	0.228692368541302	0.336002862120447	0.282301698750519	-0.110988681359619	0.392242167248826	-0.208177285677681	-0.129029518026064	0.141293681703901	0.0618541605275216	0.0209291308686273	0.411726145688884	-0.0403675098804996	0.31266684122267	0.297606053401101	0.215723305153108	-0.0131096658020828	-0.00131597357929823	0.417000025749986	0.101767052856819	0.273181746761026	0.369189854066953	0.597522690444011	-0.000486554899759008	-0.0105765936976939	-0.0229083464401963	0.327499407215632	0.205487379586661	0.127079322196078	-0.0825102151723763	-0.00717238787287812	0.164079354740576	-0.010085726913597	0.216489142909668	0.140396424518939	0.296704542482109	0.319774754251395	0.168729079220717	0.0294180997685293	-0.130749414739751	0.331080277610528	-0.113180408434446	-0.156756648942641	0.489174769162664	0.251994992291075	0.104460474613811	-0.284162900665208	0.304156507845179	-0.162598714967127	-0.203954085005196	-0.0905465304027982	-0.0319421819149218	0.0236716371289413	-0.254762900085021	0.227846657966962	0.0398836676225679	-0.0179217976285589	-0.020291198717306	-0.412438999983354	0.0649051563609536	0.0480695828662606	-0.0729103544065044	0.00592678054864864	0.298921092568905	-0.0164166512914211	-0.0568221457934776	0.271694659681214	0.176517133671946	0.238945508298504	0.0424066608869846	0.201508515224409	0.0520697121573179	0.0840882268617236
