1	0.740702736315867	0.737416866826845	0.484784410904627	0.724345432835741	0.454427547136291	0.285750461655941	0.325961458389101	0.178907526984688	0.0605728186457255	0.216229280940793	0.125873076126023	0.142987109963879	0.667964204888974	0.178325245538585	0.184793449778582	-0.156713687313027	0.0564778163336448	0.193319294531545	0.0730429356759007	-0.0805932135228399	0.262737856199001	-0.0644612567696535	0.0310663281170093	0.108210402726085	-0.148669790377422	-0.0835521105183453	0.0791296493399452	0.0706089347303371	0.336501085660976	0.21635323295308	-0.04132820731887	0.274800957783226	-0.148937984612716	0.248465368163631	0.077466852555416	0.149169912350668	-0.0029031010420937	-0.0845202993488947	-0.175579830738098	0.142597521280091	0.222489236212857	0.115405341018921	-0.0448356757731878	0.252849219000902	-0.0690356245733652	0.0709073908730248	0.0155300328018528	0.405339076516981	0.0303558769936655	0.698073396059778	0.630002787280737	0.319642217800657	0.596023484567985	0.310336238271007	0.405666868172745	0.026814261927261	0.155435649383776	0.0959325433348203	0.10590080491977	-0.00330096202290247	0.0949881917945595	-0.0553275491521696	-0.14267557929296	0.296161773618257	-0.123520017904315	0.162742658067375	-0.0889155701550134	0.173007006512137	0.108304720111467	-0.179232668327831	0.111588626792464	-0.0456167029903316	-0.0325814688023442	0.0158051828209432	-0.0699874672105008	-0.171252559763289	0.0514369772690797	0.271649543712879	0.184728526853797	-0.0130248958879297	-0.0532527473317749	0.211035032533766	0.0512336076639889	0.11408157287284	-0.0953357646663223	0.05394249630603	0.0960168356045565	-0.0758840059166694	0.1225734612655	-0.149485919629104	-0.152162144084338	-0.0569923540672822	-0.0657348575080091	-0.0378496519527504	0.118552687770247	0.418766304555653	0.355805850296242	0.110364624806857	-0.142626692786334
0.740702736315867	1	0.67299670276288	0.516787721571764	0.551259293737125	0.569371489786898	0.317799387243053	0.378244174402687	0.228291237599199	0.142291724008374	0.328500868797904	0.242337268972817	0.178835296398241	0.510949099243631	0.352629794570962	0.323052704666678	-0.0602173778909271	0.123461478415881	0.133115823484024	0.153271811257708	0.0408016320745271	0.379915654442572	-0.074085777711147	-0.038337186222502	0.235850605886979	-0.184503587958918	-0.0512390106922701	0.251188101600712	0.353314276402233	0.301963842290684	0.344026744665191	-0.0290512242642417	0.255085764766198	-0.198586912441372	0.281479055574727	0.0210290561338116	0.195430646522549	0.124454338446372	-0.225460456731688	-0.15202528676587	0.255559640157123	0.307648110341738	0.182621793582738	-0.025906713088784	0.377150146824253	0.00742376870058944	0.117167451595907	0.0420358073402141	0.280593563265658	0.16658977675716	0.575707451077085	0.619620664545447	0.453551964352228	0.57505351700091	0.29637282012583	0.561067777181779	0.225439750791499	0.249438955652701	0.0635420705367564	0.111881776548008	0.0853895403481149	0.122168869504736	0.0382608813776104	-0.0150639894089417	0.363773739050896	-0.104533527404078	0.219486432865192	0.0151544681937133	0.125978644306986	0.205891685671178	-0.107726804458513	0.170700838068622	-0.0387909435211101	0.0592304549034248	0.163970700366951	0.0120478448714574	-0.188513820266105	0.170967851635768	0.354682737627711	0.23886414511365	0.123350863644861	0.0378854969757353	0.195720127685238	0.0546832708092916	0.320565551977035	0.0427713366026305	0.056418689997674	0.142258479398277	-0.0587668800818411	0.213856767786605	-0.244718715397872	-0.120923199492401	0.0289088372204569	0.0279299762437978	-0.00995088883677696	0.0211432122424298	0.335838346933493	0.357067759210441	0.24944708807781	-0.156944748285155
0.737416866826845	0.672996702762881	1	0.652863698854448	0.683903903444373	0.568711070309947	0.428640464860749	0.437343585994853	0.291450984640979	0.222162787859441	0.200250317486114	0.205452913088332	0.207050831809112	0.629728076004076	0.336256315068768	0.340513129222393	-0.0761708501961789	0.169917843367688	0.283960570623019	0.227548218933934	0.0586733229726872	0.485039820627432	0.0133892207603921	0.161144720605354	0.21362807935837	-0.196769440691331	-0.0218954405412199	0.247453741025303	0.119804243923813	0.294790195829639	0.360651889602519	-0.0379379580982614	0.221375094473547	-0.156100432938609	0.391182750511114	0.195556959895533	0.288661535408164	0.121034208898784	0.00150708678470159	-0.181980536751098	0.179266040022616	0.270781178271842	0.186766962841771	-0.106983714707308	0.299663621276059	0.077720439965696	0.119688786380043	0.0201161640026061	0.566234838726619	0.307555203716978	0.731867247169017	0.724692376117684	0.411880160023005	0.661374028381222	0.417144838285073	0.62453741076374	0.130328110351584	0.289470109399997	0.202059794342758	0.236933581774593	0.0503586080384216	0.0466574445283867	0.0260149966582169	-0.101923576654152	0.280523411530475	-0.0405434335892221	0.301888162413743	-0.0386045936878564	0.297416179823696	0.236068696350108	-0.142978717612398	0.0962759995996518	0.0645659848381529	0.112593951169862	0.108221164530207	0.0587702994756263	-0.123726261466201	0.184722300029359	0.232863229554073	0.27573319772683	0.0056878163823589	0.0521000682827148	0.222366774213365	0.144301417013477	0.249319823036002	0.0237768977254029	0.242903378051447	0.29664453162519	0.115005181062497	0.176194644949851	-0.0188979698109399	-0.0757539162011972	-0.0394222714734169	-0.028219461632655	0.00971541792095056	0.14218153982721	0.523839622878808	0.427428382308358	0.144980387552989	-0.178553626961379
0.484784410904627	0.516787721571764	0.652863698854448	1	0.671471246689218	0.725600369109828	0.587431099743949	0.428303495685108	0.296722501392521	0.394314839682249	0.403999432332162	0.34346616118281	0.347442100115696	0.474462653681903	0.651195843514196	0.361742188137354	0.121889838595538	0.26213823212831	0.199956897240519	0.247711841589892	0.180682353449778	0.335426252425	-0.0587202772301259	0.216240650463992	0.214848508610118	-0.344644712244555	-0.124057410185963	0.15582338723771	0.0389016052698179	0.103939255777294	0.515838947879585	-0.105349394298911	0.209021035010831	-0.352159661033293	0.361185589075343	0.195959385466986	0.303995323537385	0.0836398771068325	0.122392007342085	-0.317038050243496	0.0624051772968938	0.191556913594408	0.304773822922407	-0.254175445985424	0.373061481042259	-0.0339084506328242	-0.0504242181006425	0.19182935766802	0.331375955809331	0.526770061079704	0.548802047451957	0.473287542650235	0.595159001462264	0.592860048335452	0.651630103643721	0.818096564133382	0.226804158630526	0.407697687102469	0.32072529487554	0.328735951061076	0.023137887249185	0.0957007464017632	0.0592776513965176	-0.0875304107945956	0.000285366486810941	0.204291444399754	0.314355618337187	0.119587691974095	0.268724526353381	0.308430120547107	-0.116309760992777	0.169150080065142	0.266410389766816	0.0790479619626412	0.196573779804439	-0.0915484308653884	-0.140586264193099	0.0465700571980072	0.0222983866515732	0.40820901028287	-0.0613086316521064	0.0626261603577861	0.0134797637965715	0.181910489774339	0.389041071335665	-0.16747540565079	0.252404593163658	0.411289743251759	0.256975895297152	0.255493170238428	0.134061510769426	-0.212454730497208	-0.181487829201876	-0.17514848379369	-0.0499308056630551	0.363111145556448	0.162644121893026	0.219930104660111	0.197675264239874	-0.159549410613589
0.724345432835741	0.551259293737125	0.683903903444373	0.671471246689218	1	0.710315654228678	0.382067067199845	0.36917082167087	0.181300317440818	0.394228678981922	0.363791676222355	0.344175059317226	0.307147425653072	0.566641684309648	0.384210882142814	0.288898256989103	0.0764947180389088	0.155679935235277	0.242917227201155	0.140067136534817	0.197305816196969	0.460422884608192	0.0298665678858624	0.0754423818316455	0.0879151887674828	-0.296995464441189	-0.0582536345318284	0.115570990391956	0.0221996589799828	0.25598130988468	0.392246099475779	0.0152827086929536	0.375201015389663	-0.243875593514752	0.252685471351802	0.126439027534287	0.20379337660082	-0.0246236071782113	-0.035183705345358	-0.272067100612962	0.144914689031633	0.226758171633991	0.154851657031374	-0.147216468987258	0.359716454414331	0.0776585172496886	0.116062336743153	0.0419298660927383	0.509755581797915	0.394616017633314	0.744333613351632	0.469454098043779	0.329326462327881	0.642829415269963	0.582487818012367	0.568429582035121	0.162354409733109	0.246729684808197	0.138670523891003	0.147161438386117	0.0697402929124838	0.188053216950761	0.0186155390418813	-0.18801988024469	0.14938256834749	0.0848248952270142	0.215760201872655	0.0383206316263774	0.226310072633903	0.17644409821254	-0.0537047347911947	0.223308373805521	0.15406684491474	-0.0300169411015156	0.125329311458666	-0.0681149005156723	-0.151399946334253	0.0327447299054214	0.214246958525057	0.28058951884145	-0.0751929743611044	0.0753035229660377	0.175941006254624	0.114804450284785	0.263027366005732	-0.0555073621841115	0.16184372316598	0.211021805074809	0.114569945097836	0.0758871078639522	-0.0619489584548839	-0.23471981282569	-0.163949886932629	-0.0545919001145768	0.0448159578706503	0.149311707778331	0.375575533252686	0.386895577473138	0.147914848810956	-0.117521686656659
0.454427547136291	0.569371489786898	0.568711070309946	0.725600369109828	0.710315654228678	1	0.580819874798418	0.389753253893549	0.37456341439695	0.584730892861883	0.511075781162759	0.544380839634671	0.324424065557672	0.455347708107827	0.59152265876149	0.44048934827861	0.139232073688708	0.22669059061419	0.280281921355023	0.2579491038765	0.407062316005248	0.56544428558848	0.162395419886592	0.199588400102348	0.311138684949818	-0.213831730930653	0.0354643892627698	0.268289988153772	0.200347227908006	0.075669656521212	0.483768734841757	-0.0183643698972464	0.331561867174851	-0.234591190027961	0.321741117775025	0.197083495169993	0.253563846517061	0.230328187575517	0.0833951680406761	-0.17037776224473	0.11701057024714	0.325115715048008	0.285524560840886	-0.0824616266548348	0.391191971204438	0.178678928702818	0.195967979258925	0.376488137143586	0.322081216563602	0.597181609134692	0.547826877831667	0.456937869760408	0.53339538193003	0.708475532361885	0.728990416445458	0.683710759796366	0.195982008539706	0.383416534374883	0.227753292353361	0.290167632364508	0.329608354512159	0.23360166213606	0.308811887853961	-0.0221390860334066	0.109329027489561	0.248130106265941	0.28619856825855	0.0699392188332316	0.285088267448693	0.251148042493664	0.0946315467521888	0.409921351090057	0.207239921353163	0.132280407543485	0.222295882643334	-0.0216355081320151	-0.0951318330626904	0.105244836606984	0.18103617671598	0.281429370582548	-0.0335892351181093	0.163454440933647	0.153883922953097	0.185828071638415	0.295479854949288	-0.0211549445558388	0.124429779267229	0.305213992353794	0.23468350632393	0.223360039381849	0.0631167790937878	-0.155288143839841	-0.0279586073518149	-0.000919307435948347	0.134668060367395	0.306868295342241	0.230176847218842	0.257634347904256	0.257708805762856	0.0686951797267675
0.285750461655941	0.317799387243053	0.428640464860749	0.587431099743949	0.382067067199844	0.580819874798418	1	0.376757705630048	0.412344794953996	0.339974823487452	0.27973786979693	0.227048147128425	0.0514175756858381	0.363228949495007	0.368850855078475	0.465611024224019	0.0477521999841241	0.213404816009683	0.344843923227843	0.281409136073921	0.195957418902223	0.290293726701483	0.00255892814781068	0.472494079780058	0.293352602084121	0.0732908744083169	0.045612885451095	0.397287950126501	0.113121969543686	0.110918984859476	0.394441641716678	-0.049046653173503	0.0560588954601896	0.0353936689454586	0.754178619505009	0.448626061390395	0.360752561067685	0.385984389915634	0.686178884663361	0.234335594349171	0.372613188712204	0.315726724281081	0.684422962705881	0.0869360707018299	0.308940378666163	0.110491665853737	0.145597189705068	0.707940629409284	0.355247912986845	0.50648119421644	0.297437774974387	0.380674927465533	0.403444033151438	0.386479597010208	0.521237508050866	0.665441215696684	0.0775051547531631	0.318746447987472	0.377345100396594	0.351596793079355	0.220875741258623	0.322177971822808	0.310521031376947	0.0730308417836854	0.157599501927444	0.428991992465313	0.366981108851773	0.0475727779430888	0.312940932662912	0.274853072733355	0.072562478242036	0.265638373481496	0.139679765839143	0.208688178120207	0.0463573195356619	0.068172279784163	-0.103382121397837	0.289129640387888	0.0558972951349407	0.33164436205648	-0.174450375657525	0.0037939832336322	0.229141440966916	0.442606750373825	0.0539677454552859	-0.00169758298044261	0.183274878301032	0.553132334212756	0.318712127528316	0.362291702238637	0.626050270431269	0.144922178364876	0.126519067281544	0.133928346402199	0.0456328921239521	0.487111393255458	0.189277184830291	0.264846104136027	0.218299071598037	-0.0531396710340936
0.325961458389101	0.378244174402687	0.437343585994853	0.428303495685108	0.36917082167087	0.389753253893549	0.376757705630048	1	0.726370458281241	0.303205746166887	0.363379458092403	0.34866590499962	0.479833090384598	0.280010284523783	0.316204643854935	0.231174882283533	0.445620958353053	0.666027100894115	0.286328713916649	0.839877139009847	0.282638679528525	0.359172073005806	0.155611306528987	0.427778581553764	0.622924789470859	-0.0183508750663132	0.0588828177147141	0.0268932673664123	0.00121580905369273	-0.0892938060622532	0.456820126288339	-0.132151874891225	0.332451599435499	-0.186807425572726	0.282635520672365	0.0415554922057872	0.326113741234268	0.491315458601335	0.145757543973649	-0.120239234633355	-0.0551799072031557	0.221959561063369	0.259701061920998	0.189368352099592	0.585406853964484	0.125263733321796	0.142445236558802	0.13531904928422	0.248825527302127	0.280276295587897	0.378917387433982	0.323382455928704	0.355203611651257	0.245272501432382	0.273615344795708	0.510103292875003	0.540342877233123	0.713819880343132	0.719640715490451	0.694916959810743	0.207399117479706	0.272585344914696	0.294836337902798	0.232246734734138	0.0589508511481871	0.0195061124995357	0.0907855361571122	0.428696377545693	0.291112449740564	0.753085949762787	0.112796778060193	0.29464136715936	0.23104757482746	0.442566677783217	-0.0303798062288258	0.15215665960282	-0.0502846671853467	-0.0462865303496751	0.0280423035357229	0.398373408411721	0.0302861242792246	0.280993866803928	-0.0324671853656336	-0.0126120307552166	0.53608757834774	-0.108248334919505	0.278169345364735	0.289100183714776	0.0022703536440142	0.569688510085642	0.147539796964344	-0.126283312471407	0.254765084859153	-0.0136113388432759	0.0438267997602368	0.130643465251285	0.135701404252439	0.366823093165215	0.219540243627908	-0.226927786182107
0.178907526984688	0.228291237599199	0.291450984640979	0.296722501392521	0.181300317440818	0.37456341439695	0.412344794953996	0.726370458281241	1	0.247312602341179	0.163610063481918	0.180655849829012	0.201929321621885	0.20108172445928	0.289058739101731	0.406161241588102	0.316283195753505	0.654296781860409	0.560255398160913	0.723665178775569	0.29737337069533	0.281235596233735	0.0513212974277321	0.697886721899593	0.801099639033893	0.175790903782762	0.377394510575634	-0.00408674108135658	0.0372765317209181	-0.0773276169725562	0.492999174988757	-0.130121171961905	0.0448900325692084	-0.113759437514762	0.395842933821116	0.360245879264727	0.502885706212719	0.537846003809093	0.291762550584541	0.000846060789942484	0.0215670693097522	0.250881674056199	0.439346753933257	0.391512395479101	0.334391584553122	0.183427635356657	0.126370183802403	0.236138331243817	0.175319103751819	0.32269721127895	0.283915755861558	0.289751173733269	0.290409379430425	0.226968810080753	0.285004097963014	0.404487841513617	0.268703848913765	0.625035456182257	0.744252415887824	0.874506151830602	0.332632690558298	0.232453942279652	0.320964865725087	0.288288234898162	0.126505720025084	0.280741417064393	0.245667295613507	0.43741546198929	0.551420309790839	0.660602415994965	0.302736517114039	0.332637399829936	0.467610267723248	0.704807464954668	0.101143075607384	0.394558688021259	0.264561347090569	-0.0178088794568363	0.0845243343784269	0.438300406109939	-0.00908998677339126	0.149228825322045	0.113503728834758	0.212767677473456	0.405745353788295	-0.07664665306398	0.447992090732373	0.444597069251543	0.250713868714185	0.626332963876342	0.256763528550684	0.00537764964671086	0.439197861568709	0.00776902482822158	0.182268764131805	0.130438151951744	0.164168966931333	0.314264985892797	0.299068599681925	-0.10073721045943
0.0605728186457255	0.142291724008374	0.222162787859441	0.394314839682249	0.394228678981922	0.584730892861883	0.339974823487452	0.303205746166887	0.247312602341179	1	0.501830382952164	0.809604214874014	0.313082976834034	0.139842759810437	0.349706148306229	0.255304946115554	0.342565676725699	0.175443954937139	0.287452838282279	0.274954136361357	0.646350150937072	0.563565471150029	0.467502778056257	0.137420696502893	0.287539270044689	0.140277254977799	0.337080349883002	0.159013986424621	-0.0672393988291342	0.0461233078574832	0.251804801953977	0.36770344901915	0.434623166745675	0.0929521118045347	0.143613658502069	0.202774232798641	0.112384036828256	0.293507758594653	0.23565107977679	0.0941492746627648	0.0826275848379426	0.314039408458511	0.240598628122739	0.195808646370007	0.326695711032625	0.384995593326269	0.507045775278237	0.339248897667779	0.282825003334217	0.573450307001884	0.274892107819583	0.109767539643901	0.184286685384479	0.191792457200531	0.514103558590513	0.318459777185521	0.218285252191907	0.382363335237208	0.213052495537498	0.225290358474162	0.526802798677078	0.353194873003008	0.424600497480984	0.173354276702344	0.0613388194544901	0.357666066222338	0.224072042979926	0.258072450729839	0.324426996923356	0.283670564896279	0.374023907080518	0.569042626390235	0.105533150261259	0.230333240830918	0.232380451060505	0.245674111124848	0.181500387172334	0.088271068471623	0.136303902611367	0.276406648717733	0.199312258019285	0.358585996960773	0.0537269653321226	0.315247438473886	0.30724933693697	0.1699096196954	0.041681531482066	0.210072253712936	0.342698550190648	0.152513018136043	0.246683455226964	0.0685315694056379	0.248142535430187	0.2372008134869	0.511419017562562	0.290886555821018	0.176963879906126	0.316197190633065	0.089455311652283	0.160895337336079
0.216229280940793	0.328500868797905	0.200250317486114	0.403999432332162	0.363791676222355	0.511075781162759	0.27973786979693	0.363379458092403	0.163610063481918	0.501830382952164	1	0.623272348134341	0.559336972480293	0.211221768088107	0.397830134268577	0.126884533386208	0.357603843630659	0.160683074200075	-0.0337819736827367	0.31847583148766	0.437551641969209	0.410772765434168	0.0811492290845948	-0.010874459593221	0.187640987100121	-0.218866140563666	-0.204014152693127	0.107934128471388	0.127135528562639	0.0177739137672987	0.283445996358419	-0.0893041897899069	0.456119000978952	-0.313184940480561	0.106888895749016	-0.163847850688388	0.0622324167683256	0.16243705180749	-0.0569887948916879	-0.231899564454689	-0.00473365648965117	0.226740455386305	0.180109406152503	-0.134563293456367	0.491300385591638	0.096475697422478	0.116684400272218	0.193272063129539	0.086087917821799	0.332792290124489	0.171003855029269	0.183141469024628	0.338997332083438	0.267007357686164	0.374978202274227	0.393974374612232	0.308197653773312	0.279174555538072	0.169981456754749	0.0956474567851321	0.279831760894905	0.345414150499171	0.266138358675929	0.122362155250392	-0.032726113718096	0.0888844958332181	0.029540888777292	0.0768273819367119	-0.0121438262226648	0.238702401127032	0.0653471178695672	0.349924814920766	-0.049383938202519	-0.0509148384673302	0.0877024843435747	-0.116793738859655	-0.244909528303766	-0.0137213567842485	-0.00635047160785814	0.101965521818726	0.118443919689753	0.276746796452047	-0.101826991683297	-0.0300683903720645	0.340569981388396	-0.125356620066708	-0.0175410213250991	0.0515395973679864	0.0784238854210991	0.2283264860611	-0.0719283639300682	-0.296644451518745	-0.00270798424274732	0.0157925363716928	0.108166619549441	0.26204400415783	-0.114535936569086	0.0827493055947024	0.165053699785927	-0.0379263499592451
0.125873076126023	0.242337268972817	0.205452913088332	0.34346616118281	0.344175059317226	0.544380839634671	0.227048147128425	0.34866590499962	0.180655849829012	0.809604214874014	0.623272348134341	1	0.474514685147288	0.189331290573052	0.373807848432877	0.249788709314482	0.430712956458459	0.151554367346444	0.189592740763943	0.34244769568451	0.612123661912073	0.518105150459631	0.38405979813389	0.000682349303818704	0.272039573016166	0.00290709308686643	0.167370664225397	0.127542723567276	-0.00619342025461052	0.0749489827390399	0.282102948196293	0.286133879854169	0.511482588347812	-0.0665396651615826	0.0178008521913582	0.0389577038437484	0.073968316370357	0.314138969381249	0.0653257202861954	-0.0602101367267163	0.0336990832421582	0.198788064339161	0.231032652397053	0.0801170658653194	0.419824202742628	0.240062098466853	0.443926787167653	0.290699816640593	0.205470697702864	0.459481885878905	0.280011075900705	0.0956659194130073	0.257741339171014	0.166169762745096	0.415045478510058	0.328518665063573	0.292577987408802	0.36262243094048	0.196903143649643	0.120112647912126	0.379745598872175	0.346718423550167	0.371742020514651	0.175732812869491	0.0443038516665734	0.196743144409432	0.191837033725143	0.231443078826608	0.219423323603073	0.270989686426516	0.266194402223477	0.526036397233379	-0.00477283378198457	0.125692870949008	0.167674101004386	0.0975043877590545	0.00482368628439471	0.0354007304578689	0.0852264747986477	0.182394378490287	0.216700620724503	0.419179433617758	-0.0163752571843118	0.180676204996217	0.352425274865789	0.0863552284619292	0.0207892013062793	0.09802065447549	0.224182123232823	0.154698159409894	0.0949949159273287	-0.0870088298990375	0.178765612761346	0.160504999788761	0.386461523879558	0.268485651782115	0.0767874090113022	0.24507008680376	0.0645407441712018	0.0834939037638162
0.142987109963879	0.178835296398241	0.207050831809112	0.347442100115696	0.307147425653072	0.324424065557672	0.0514175756858381	0.479833090384598	0.201929321621885	0.313082976834034	0.559336972480293	0.474514685147288	1	0.141252692198782	0.275356881160278	-0.0534639500456605	0.588759213567192	0.272950869566468	-0.0647280375874807	0.427900780433464	0.393850169611717	0.235625606020772	0.071327235931149	0.0293550063518764	0.205023034079164	-0.325389365200014	-0.246933519429674	-0.157381859962694	-0.0717939905106409	-0.115604802794621	0.247005640176887	-0.131273357547701	0.574572913681023	-0.386041045111337	-0.129166424153146	-0.281273571371996	0.0943397794444809	0.0944081260793363	-0.14096035197274	-0.461285188318872	-0.182034834858763	0.0129532664061108	-0.0972477224470017	-0.206161078066493	0.42097209072274	-0.0639511758707455	-0.00385844142779424	-0.081760717651168	0.098070223645074	0.226934362422421	0.145907244001117	0.0405734877665899	0.307887209970524	0.189963408012747	0.370264483458278	0.270627140462375	0.427112608315122	0.334435662335297	0.247169411925148	0.188982867561431	0.0842568715672766	0.152845321525508	0.322453583131517	0.327414821956564	-0.22771840797636	-0.0503103205628071	-0.0821441012038912	0.0941650321319042	0.0434434495593632	0.371044784258277	0.0292877797153767	0.101955546110241	-0.0208956258309024	0.0187564159917151	-0.0541850990243075	-0.178325961864438	-0.271593719116292	-0.222672564715668	-0.146569947814252	0.118210884586826	0.144665868545366	0.537296422298606	-0.278246665362209	-0.212703743591066	0.452543531380395	-0.275637180836338	0.0166612496336137	-0.0696554057935527	-0.00182654794178839	0.112033069990528	-0.107997121650579	-0.451178866749455	-0.105859509306672	-0.277474992156309	-0.122123655967735	0.147525432979899	-0.242930393289926	0.02754041371952	-0.00386834553865615	-0.1207509046767
0.667964204888974	0.510949099243631	0.629728076004077	0.474462653681903	0.566641684309648	0.455347708107827	0.363228949495007	0.280010284523783	0.20108172445928	0.139842759810437	0.211221768088107	0.189331290573052	0.141252692198782	1	0.288605531294552	0.379419946433833	-0.0822477451259413	0.188781126086289	0.354341468029048	0.111416881136874	0.145668019980923	0.281954968236438	-0.151602700989891	0.137541220414005	0.174840861426769	-0.131911137924268	0.135531056101919	-0.0292246555456024	0.195483241270637	0.52799739910908	0.422180579060936	0.0726303543061278	0.255477006648714	-0.204503839112732	0.373199763975929	0.3041283397459	0.261206280008808	0.00213199787510153	0.0927395455654166	-0.146132981731908	0.227055127463733	0.332551504984301	0.249133019619144	0.0204410875762818	0.171878299275741	0.179901857019116	0.0946961018470535	0.113442628214907	0.541932532583	0.236720313047092	0.516614436266033	0.503141399055354	0.521219056765655	0.491638239388591	0.425966834729848	0.380528617934445	-0.0185033136239328	0.104599146723797	0.199868578115891	0.143601493130539	0.232919228023389	0.111468833542153	0.146353309143578	-0.0308522791870413	0.454896801397975	0.259582098873825	0.403122122536916	0.106615125315925	0.354929613340926	0.0986879963584781	0.0115152846234184	0.277553370067289	0.109497993604741	0.13938860100972	0.180291288152838	0.0603483581216301	0.0834698112134384	-0.0298390833340664	0.270915502705298	0.378251158855915	0.0401820506480905	0.0948749043160893	0.368288384045664	0.266898125063471	0.147996619753804	-0.113367659566948	0.141400705490768	0.339317407887091	0.272939773613934	0.0949209133656105	0.0850318850585506	-0.19250265992647	0.0430901274428823	0.121141714906905	0.0944463231021934	0.245354446506316	0.481505236570106	0.297506621147837	0.356826915732881	0.127658974335688
0.178325245538585	0.352629794570963	0.336256315068768	0.651195843514196	0.384210882142814	0.59152265876149	0.368850855078475	0.316204643854935	0.289058739101731	0.349706148306229	0.397830134268577	0.373807848432877	0.275356881160278	0.288605531294552	1	0.309797276516452	0.282752876870517	0.316557698588045	0.2553639654639	0.197943985018988	0.200305064325178	0.333637743945317	-0.0206256625041635	0.151150454432058	0.194709464047076	-0.316491428211492	-0.150451609326217	0.0666449641702593	0.11709943694246	0.0193839502850317	0.409941453668235	-0.156443388660107	0.134010097599139	-0.446998762063083	0.255916472351869	0.180119517356454	0.213112229430967	0.0347176558776441	0.0517443661535423	-0.328216152179722	0.0439335095182927	0.273759257159795	0.222219964762065	-0.273184439923249	0.209233168870063	0.0637579461667964	-0.064605211914515	0.187353201604333	0.148797955940121	0.546285750636922	0.341326853153151	0.256248928708	0.51208205445203	0.31796682517812	0.506521722283458	0.556854398299709	0.133519683709501	0.265339011727277	0.215917959020979	0.222350505379307	0.18257335286135	0.168108973541098	0.197524012032954	-0.0619072671618112	0.0136819847572616	0.261727976753034	0.235360331167708	0.125170020489808	0.283511605087189	0.179656793178955	0.0220598737958751	0.196144161374284	0.230820391608158	0.0302957277077349	0.108919422770371	-0.102500815524033	-0.126670686984355	-0.0933016138923871	-0.0328165796928534	0.251182500938903	-0.0414174315977301	0.0380503355541032	0.0274053978513038	0.144944516512395	0.260429034572209	-0.21781564866304	0.111288406306008	0.315652648326056	0.314762892728332	0.163576387418237	0.120732469737482	-0.267825402536028	-0.144777085801926	-0.152108315267751	-0.0212441842055281	0.269114542580465	0.0318182831836133	0.0809070343314038	0.279577762752436	-0.0737936780148353
0.184793449778583	0.323052704666678	0.340513129222393	0.361742188137354	0.288898256989103	0.44048934827861	0.465611024224019	0.231174882283533	0.406161241588102	0.255304946115554	0.126884533386208	0.249788709314482	-0.0534639500456606	0.379419946433833	0.309797276516452	1	0.0509882470178293	0.270956464627207	0.696871089654031	0.189073862368244	0.2798113185511	0.405725388948868	-0.0961902543191407	0.312316198442338	0.4254346463542	0.0248223557308559	0.334803161345931	0.253698471372821	0.324096647986515	0.264051737218929	0.822295753261816	0.229169013724321	0.128762479561958	-0.0955500974980403	0.689998918352019	0.756006426811228	0.448153740698646	0.373735708435862	0.337186547661514	-0.0257220925784738	0.354019983995662	0.160614965993288	0.669105227011358	0.135431079289151	0.275368126310081	0.363484141448809	0.23006106777056	0.222617830134077	0.487726237146565	0.379035365696393	0.365444792665997	0.366117261116146	0.429012342493054	0.233118342872972	0.361771502119144	0.491867584923757	-0.0120266123995944	0.207413525344182	0.342916107088226	0.322144378560141	0.288392968795285	0.211693322674621	0.198890076134769	0.114227339330821	0.542248518235979	0.462133997457128	0.879623331079222	0.187215755369743	0.671337687061466	0.197623864169449	0.172136458790429	0.342598101130279	0.336043226220343	0.374824105506043	0.36765183226321	0.305114151918328	0.354527065104175	0.141162639354957	0.322315155427181	0.631270972429645	0.0880271020340422	0.0378525110244652	0.580385632527137	0.73535974641898	0.256684831904974	0.0818780896872476	0.363250260042359	0.805420906481227	0.513169072349349	0.303906653835004	0.334527900146807	-0.0207919704414623	0.211815251483028	0.222248373526617	0.2743156986081	0.151604937393858	0.471422419934786	0.356920099993786	0.415058702383967	0.0836882831503275
-0.156713687313027	-0.0602173778909271	-0.0761708501961789	0.121889838595538	0.0764947180389088	0.139232073688708	0.0477521999841241	0.445620958353053	0.316283195753505	0.342565676725699	0.357603843630659	0.430712956458459	0.588759213567192	-0.0822477451259412	0.282752876870517	0.0509882470178293	1	0.50940564066899	0.148458173025068	0.484076738164563	0.518220440550177	0.0363334537038157	0.165066584855142	0.194233036177977	0.326161845905918	-0.0288937967704311	0.0275396167702398	-0.133386561326539	-0.176784086312249	-0.138652468421816	0.27624597817485	-0.0114040823585333	0.317846012999344	-0.199723282617541	-0.0406378135025451	-0.104670054129024	0.138791120839137	0.307759205107542	0.0507497625474046	-0.164558327667946	-0.2059124526801	0.14689156960244	0.117642354976825	0.0847207826746376	0.340916397474486	0.0325396218827453	0.116870243423889	0.0997540208996841	0.04142888500689	0.378640927589526	0.0177081273724279	-0.0947397955917906	0.160255038003048	-0.218616340810017	0.139525293031545	0.148083405251592	0.390519487005499	0.411449129929443	0.366953590958881	0.35045530308385	0.180906392433519	0.184467931563027	0.294776761089272	0.257565581850714	-0.177432961979606	0.160141336864424	-0.0236757325871856	0.322018994869942	0.21411702567795	0.463996221177804	0.213411011972197	0.114748688900766	0.0177658799766989	0.188013416959066	-0.126740239733928	0.00365949378755845	-0.0507301041593102	-0.161277841368311	-0.222573790359681	0.14746306749171	0.0388206952384996	0.371632053568588	-0.273355201114867	-0.114119637949056	0.341365304970398	-0.182028832117574	0.0801293091617159	0.0256164258181321	0.128856162214567	0.194586031098757	0.094252467847343	-0.185119043068044	0.110699546756219	-0.13007111080869	0.100374597321801	0.115851279199299	-0.268527906869177	-0.0713871788828935	0.0710655016932995	-0.0134000558578925
0.0564778163336448	0.123461478415881	0.169917843367688	0.26213823212831	0.155679935235277	0.22669059061419	0.213404816009683	0.666027100894115	0.654296781860409	0.175443954937139	0.160683074200075	0.151554367346444	0.272950869566468	0.188781126086289	0.316557698588045	0.270956464627207	0.50940564066899	1	0.363505367958687	0.609658035643281	0.229838161013549	0.0403724635330396	-0.048701554480712	0.468947777789593	0.598448121298267	0.0730993923762114	0.164826332134568	-0.131717839509677	-0.0471834546169746	-0.00512675196269094	0.47473039547978	-0.178365312204098	0.0596241324637394	-0.228316633562016	0.240986650458004	0.182664301629041	0.247016821311143	0.359260816330512	0.104934665921584	-0.133060963563567	-0.0725873530372718	0.181929379431077	0.256992722937837	0.184324756747406	0.370909779538804	0.0398273618112942	-0.0216884914641396	0.0220577597961195	0.118752513384152	0.39296324535931	0.263735907641869	0.19060454104299	0.267250440402155	0.0203865692460493	0.223631285797227	0.325564478578938	0.301382464735745	0.459276074716393	0.556235921652813	0.569169067500473	0.141020114880558	0.232910085414241	0.190008627075914	0.273202020374774	0.0386516305651472	0.238643176976919	0.150088946239349	0.460720995259903	0.370566812500428	0.588205171510275	0.127847267088166	0.0432362994645406	0.373188926298138	0.463098571783995	-0.0513096839068258	0.174064806525688	0.16192857618379	-0.194515042771907	-0.076427904056274	0.306662244963595	-0.19173330723236	0.175746090490758	-0.049122391389837	0.000160765650061749	0.39207224546641	-0.171311505938455	0.205552197633481	0.351607548130264	0.0785344388023754	0.386546174358898	0.157483680569623	-0.136219636871553	0.247878629959817	-0.0921985486358062	-0.0486314376657552	0.106369313806767	-0.00448352703353965	0.07268619304153	0.310129582507548	-0.159288262564416
0.193319294531545	0.133115823484024	0.283960570623019	0.199956897240519	0.242917227201155	0.280281921355023	0.344843923227843	0.286328713916649	0.560255398160914	0.287452838282279	-0.0337819736827367	0.189592740763943	-0.0647280375874807	0.354341468029048	0.2553639654639	0.696871089654031	0.148458173025069	0.363505367958687	1	0.271966384923122	0.27894253150137	0.314537702294451	-0.0734766169073267	0.475416171112231	0.469198948218021	0.239296633235694	0.485419547628288	0.0467623990688686	0.104187551270638	0.24743884707595	0.54813116127791	0.228780603742565	0.00317238570367574	0.00121595009701739	0.505878040418892	0.808860859969267	0.46300232605699	0.332111384221495	0.437969610715231	0.0892727515239329	0.294127195492409	0.205431844077538	0.480628449063668	0.302980780526672	0.097736622334869	0.283008191420506	0.230414478842734	0.203949945222902	0.449749519162212	0.284342964363441	0.349410796898274	0.352640635666137	0.226155793303961	0.0582145580201684	0.276114363265072	0.202001324379242	-0.146724981056851	0.175895653572046	0.40980405025799	0.430759475351423	0.332999597201195	0.186943523775095	0.250508209858451	0.145597927132903	0.526078963222276	0.461447569019458	0.625622172428072	0.228509408434295	0.890968736947843	0.260753310952315	0.303295161033873	0.309439498885829	0.299680484730893	0.480997515518192	0.187339417981102	0.434406983161195	0.465822587594419	0.0537839095903899	0.237093349035254	0.527263671840268	0.0147071045857086	-0.028625109446161	0.518384363644328	0.583149425192095	0.150023735898557	0.0780595790739063	0.362986197123871	0.609552014248388	0.427177869029436	0.265931435928197	0.399337235293886	0.0880382979981224	0.336227960021556	0.23198718398623	0.335669749582421	0.0765447457321839	0.461435465348006	0.323814639041648	0.379335266664278	0.148362403966685
0.0730429356759007	0.153271811257708	0.227548218933934	0.247711841589892	0.140067136534817	0.2579491038765	0.281409136073921	0.839877139009847	0.723665178775569	0.274954136361357	0.31847583148766	0.34244769568451	0.427900780433464	0.111416881136874	0.197943985018988	0.189073862368244	0.484076738164563	0.609658035643281	0.271966384923122	1	0.314763003826467	0.266460005648996	0.224492223779173	0.387634685309069	0.768123777576182	0.158570070819587	0.252736772362088	0.0358687306420454	0.0474096253116426	-0.1751617212732	0.377996442984781	-0.0520278705837213	0.241286524673726	-0.0770511472518738	0.249807240559187	0.0551083622721114	0.278862904412749	0.676224153405474	0.155026585435075	-0.00216754149100595	-0.0321969989644653	0.201149997320178	0.247914787802888	0.397978736721325	0.573178023477877	0.246582991004817	0.154369256980873	0.191159196258654	0.080999838151128	0.252968150714476	0.184720885678917	0.205100017881336	0.307563962713643	0.136208365414392	0.210198489100933	0.335941356944204	0.542467673321447	0.754593377921688	0.751413711531545	0.736656417092208	0.29583882531097	0.307961663149333	0.348256517825124	0.371011531576966	0.0334642418660871	0.12837875497777	0.0205517650417914	0.458750651656381	0.246069360698516	0.83360221268398	0.184894974212388	0.284573966947846	0.202154746873383	0.594951530191851	-0.0306275277603438	0.343328419760412	0.1307598625617	-0.0480625277408295	0.00400071294682296	0.289907558373668	0.106299965989979	0.408879615830547	-0.091697940554038	-0.0412346099072766	0.596499748495761	0.0128018608220189	0.224844138129174	0.20722607400788	0.0138747753678707	0.672235038371621	0.15224948035284	-0.0255439241185565	0.46142748178896	0.0603801567739464	0.0859267716192304	0.171815775279462	-0.0411607499076456	0.233214158026044	0.228045058523467	-0.138347935661913
-0.08059321352284	0.0408016320745271	0.0586733229726872	0.180682353449778	0.197305816196969	0.407062316005248	0.195957418902223	0.282638679528525	0.29737337069533	0.646350150937072	0.437551641969209	0.612123661912073	0.393850169611717	0.145668019980923	0.200305064325178	0.2798113185511	0.518220440550177	0.229838161013549	0.27894253150137	0.314763003826467	1	0.335707032425716	0.195168992071842	0.2482294112632	0.323777205913443	0.0404501764949544	0.3300612737884	0.0138856534100148	-0.0283437782682482	0.0145316452742712	0.313575159891297	0.205934254612443	0.360989929993498	-0.132103574184387	0.165590962175214	0.168625811987251	0.315083248999078	0.30410920398568	0.16847996872325	-0.0358570349582948	-0.0885049792221382	0.28617185916483	0.268923623248607	0.154090505781714	0.207200961812919	0.331893807861493	0.290603428273248	0.232414381325969	0.249991139701258	0.602923374944556	0.0679829160025938	0.0301151721616469	0.26409883060879	0.0971020521727207	0.403438017392641	0.223730316310223	0.233187225205607	0.276409345879891	0.21835617637001	0.305694385832208	0.547664207307458	0.373328216626419	0.509599853442826	0.249708719659517	0.125825115119316	0.459572254229971	0.217062666696402	0.234408129959186	0.32144486994008	0.233895886342375	0.467371411214929	0.566055462427352	0.238265733473767	0.311915876364371	0.312251367714678	0.19460652722264	0.254430340355071	-0.0531590953330639	0.0185578653682259	0.299238245578185	0.124696953784388	0.431260474565656	0.0656738081174456	0.23178860051748	0.262827110303195	0.0118933816838082	0.272380861978755	0.267944591177687	0.45417446604617	0.103535671947887	0.165380119186805	-0.150638114518885	0.166207983055296	0.165029128972079	0.475511480381694	0.22918545443207	0.0707070824046863	0.0836902046594799	0.266746623451467	0.367632700573509
0.262737856199001	0.379915654442572	0.485039820627432	0.335426252425	0.460422884608192	0.56544428558848	0.290293726701483	0.359172073005806	0.281235596233735	0.563565471150029	0.410772765434168	0.518105150459631	0.235625606020772	0.281954968236438	0.333637743945317	0.405725388948868	0.0363334537038157	0.0403724635330396	0.314537702294451	0.266460005648997	0.335707032425716	1	0.329862002476163	0.147194131864099	0.253075813468771	-0.0428979944718316	0.185549584233929	0.342020503171851	0.29291779071311	0.116996328322842	0.304659181209232	0.153958784221949	0.440758993890315	-0.0523054433542822	0.267657391245304	0.253256898842205	0.293545174572274	0.168181011232644	0.0626562214164205	-0.0219640801970815	0.334582015847011	0.18741743454152	0.155781030575756	0.0494602998857511	0.297599049185892	0.563858169126125	0.457366299667815	0.167896845256796	0.526042315467513	0.336238154763907	0.362688811865235	0.328044858345419	0.204743016373032	0.474337643180694	0.402886143418357	0.325672140803205	0.16459459508069	0.26648866306404	0.163217770627421	0.185631502435652	0.474881083451946	0.312990502657848	0.281915906299057	0.0200179886430341	0.193971983118256	0.103886591028957	0.333211405749097	0.0898826143507963	0.323285745988624	0.221992058424669	0.183720620721685	0.584748956819727	0.127054309198889	0.167929882245767	0.286443641621882	0.226737852093907	0.101165202844669	0.205686117787193	0.364983429907488	0.247350398975567	0.308556957380271	0.259719270948344	0.384532194534489	0.276684832396094	0.312749428730313	0.205627262453269	0.254633737974989	0.284836084533711	0.287963546153931	0.136394112233008	0.11530410461339	-0.0506409042377248	0.147627645398919	0.378683250919195	0.417635457285229	0.219217692227297	0.454456628764719	0.644545012932068	0.205299039097689	0.0202724037534689
