1	0.319269351538424	0.58720782569527	0.510841815598204	0.631686329920219	0.694334807700415	0.634157484261987	0.566286997319079	0.502992072596413	0.482403260919012	0.365781603541894	0.447698948634612	0.461144523584351	0.830258892357317	0.662539720663977	0.716399165996925	0.4800388167751	0.578359438208705	0.599880394156008	0.453027445367796	0.47857186457853	0.380432436900912	0.359049683466964	0.513090873597826	0.594269287077977	0.586815846475961	0.590814326737636	0.315607413685701	0.195841584519696	0.666054909055782	0.618867830796568	0.426299200609197	0.414641147616876	0.443392159424922	0.671249537361195	0.650617442671984	0.563865164566683	0.466510374773366	0.602037076121268	0.43135907486512	0.480601629450211	0.638923167230658	0.598375022085123	0.514848141691017	0.459103840668201	0.419542896373046	0.498869080626084	0.639278164891917	0.546902549405281	0.638868718199236	0.699979383168824	0.389508249060693	0.629684656859246	0.724998650445315	0.579899305356154	0.587678976000715	0.367576547022996	0.506816512657937	0.425782274281869	0.484494466618884	0.460206083092935	0.206508360808005	0.412316417296086	0.458229883727333	0.560753786242545	0.576042164017249	0.661380239512642	0.407506519345124	0.401608583286169	0.583351584422212	0.40067244265281	0.285980356040976	0.357414517047637	0.52855720498584	0.0404892150216673	0.53446960676666	0.524387008976772	0.279279121813348	0.246369654658538	0.398151818961632	0.343239973545703	0.225392257401155	0.555755433805774	0.573730323747748	0.490706153862727	0.554920555050323	0.426559527612659	0.652611742817173	0.377963963373984	0.526735673626658	0.37711913255668	0.559475430000059	0.458292487993198	0.264613646487734	0.0616791481797496	0.46670671530272	0.488912658417556	0.428161532049611	0.514250576996765	0.446985271779886
0.319269351538424	1	0.617780144758313	0.451481850272052	-0.165736125193972	0.138616404252785	0.287864511138931	0.122465169934394	-0.0524191329687777	-0.109965055884378	-0.2343638891432	-0.0148219003959868	0.246365411491113	0.412214974057175	0.283320025328337	0.249677510625719	0.271953160113468	0.324009336617057	0.063189856896238	-0.0457145560560648	0.124030835081521	-0.0129808879140193	0.0129224139183909	0.0660186875484397	0.13679411544531	0.0307655848442597	0.181516406243893	0.552979764287368	-0.412252526055644	0.233544589865253	0.178260385223457	0.214622315492252	0.476500857079814	0.313409833673149	0.338917451275695	0.119015131417192	0.348966929831944	0.0120248123837992	0.162592650733419	0.344138439826213	-0.328904704648819	0.13348347608939	0.188683739341963	-0.0670069762768959	0.293482736585415	-0.0721911109676283	0.264585603049727	0.0618434722540705	-0.00348756368376741	0.329669193781114	0.0251723270967901	0.833245715864445	0.427122020791771	0.459090113964623	-0.151320953018191	0.0197119227933549	-0.138972372745723	0.0983740570816032	-0.12391943355021	-0.134904411080924	0.0687223142338131	-0.423684233178455	-0.0758496524813776	0.360332267671636	-0.149333057421209	0.194394609450691	0.0228315941430476	0.155926978176801	-0.31216706103119	0.323306852750836	-0.129285597306614	-0.189366694694878	-0.351638957468923	0.0512319191057175	-0.151403557768347	0.0168042043588548	-0.0205782566962942	0.44499705998048	-0.359154791024353	-0.03043558355645	-0.194054252857765	0.273901986725629	-0.0845981385568849	0.307147923792014	0.230936520123626	0.433919607277213	0.251187564180134	0.0229593576793456	-0.0587641705128688	0.0542862911045716	0.48470422317178	0.253269689347862	-0.204367427913442	-0.0896897252782181	0.278286954498524	-0.136267627544054	0.00739363800926126	-0.0730705358680667	-0.177441574274725	-0.0145866884366379
0.58720782569527	0.617780144758313	1	0.696008280798953	0.288120853703196	0.531632027931403	0.694193073404981	0.280992022170069	0.223285437672426	0.114373207183101	-0.0076677544434399	0.124728921479019	0.21692533916385	0.601930101484041	0.416871186236993	0.4203509578925	0.261526765164014	0.265481724855949	0.346655683249132	0.153706712451931	0.15368051501579	0.0608442181385756	-0.0762944747781779	0.283580422257118	0.291594303594091	0.281563575582061	0.276414133687199	0.317166453058354	-0.13798119998695	0.397669987158504	0.245467106608441	0.146687880465063	0.211073116930388	0.162732450185652	0.553340946513714	0.419728653034703	0.421652434253727	0.141013552065248	0.382470947940303	0.190322832415046	0.0443439128171989	0.306675267133424	0.26709772839107	0.212909743974559	0.277847660620773	0.0429982741211744	0.212365404997346	0.399334753495052	0.307368745651447	0.271553863189708	0.316754185336392	0.654470573644923	0.471255714409872	0.60995034082943	0.234244359811797	0.452613648366947	0.132435788369902	0.245098923165505	0.0900087885527609	0.17641465006895	0.174882288393801	-0.101616140112067	0.110006736547198	0.234204486492495	0.363649486831619	0.286312857629425	0.304173757718304	0.134343517179008	0.111750934862482	0.316748467147441	-0.0206664150600397	-0.0153393488669319	0.0589810726739376	0.231427853153376	-0.14497300636118	0.26765338352527	0.183834564291505	0.271424784002853	-0.089751115682494	0.0257949353088952	0.136820257926007	0.0834609681134514	0.218259195026532	0.256355917338695	0.247168715170202	0.353405504578252	0.249764761660324	0.340254565706947	0.0726626752169071	0.201936079293327	0.318354104718225	0.29715778699898	0.166907601038304	-0.0265684953884215	0.0584902732033224	0.109151063471927	0.23014805316329	0.0752225065570116	0.0835360907518576	0.128784876831728
0.510841815598204	0.451481850272052	0.696008280798953	1	0.473754493518468	0.563827533472195	0.824942901907095	0.457194971819263	0.41528701158072	0.313571191612169	0.215471603368965	0.338181972181291	0.416376283475432	0.572366110248372	0.498439282568849	0.550743556371486	0.326511330369145	0.325300362850908	0.445381212587632	0.280475737827616	0.285964724799608	0.320482404349535	0.124416400387554	0.393723516619174	0.372003279672251	0.355677130051572	0.374242667330764	0.348985231905702	0.00502412754276236	0.42814905685039	0.35598923144632	0.364668845426091	0.366521037657893	0.302501727995828	0.674052255747091	0.42361396896282	0.350747319322425	0.281758590513198	0.451987602102715	0.328318295955888	0.228811593582554	0.336943697833955	0.457906089544213	0.362159727356143	0.467877919965967	0.144444371802357	0.373355741194322	0.394047167181493	0.394307714361336	0.321030612526038	0.448633336779639	0.493057169058731	0.513043506927594	0.427038255720168	0.240412232434333	0.675674179977876	0.307911327361456	0.40982426608307	0.308772937790639	0.342475099062653	0.290186892808004	0.114127229560288	0.205322111279279	0.291097855983519	0.313989682727607	0.267642065183567	0.333954259758619	0.344793418428785	0.305938008986548	0.349159149814413	0.223836475483407	0.184138988437874	0.118108484830175	0.347822562909883	0.0584073354041153	0.478646871176555	0.351352570991611	0.357083139634198	-0.0293008170461182	0.198012372608281	0.435039271139706	0.307480808338706	0.318339276201583	0.353093351410073	0.461160891512214	0.4521395014772	0.184140065602778	0.332554331031505	0.249953526343652	0.37794352649916	0.258218543197444	0.431585890328385	0.360555513955784	0.173320986476468	0.170159771908108	0.18156326681592	0.269823716936728	0.241595772615656	0.210056060158164	0.272834498023112
0.631686329920219	-0.165736125193972	0.288120853703196	0.473754493518468	1	0.815984976790541	0.644199930659926	0.659872984947204	0.727332618423047	0.7690030606057	0.667165166183096	0.645286653485166	0.497320564651463	0.638712154232682	0.640477535640749	0.624117778459022	0.480063812348003	0.493940489252585	0.710703435274382	0.638823098584742	0.560209181149061	0.641374452700076	0.363881882894233	0.643239535919916	0.612560420080001	0.550625857213919	0.61031475219286	0.0800918504216778	0.473391465677295	0.573827192297664	0.560825644375256	0.402775398296399	0.263000559230385	0.30915793818748	0.60623967849961	0.594146233806927	0.399885225943483	0.451954685344394	0.616106153588221	0.341759923588801	0.752206691099947	0.717589466128854	0.54976277098647	0.634610774810276	0.434590788119981	0.520798437079106	0.453601033819075	0.746388746854594	0.788106480247604	0.558246261180021	0.815217230266903	-0.0563386261496413	0.427532619207909	0.471782848231216	0.760430851725234	0.73608468058071	0.680253943455467	0.660703058634156	0.698511645600187	0.713435990738247	0.564287575503764	0.496495489588861	0.478566097000577	0.317313382386801	0.669559792794321	0.426206118288804	0.622276952904253	0.520554311256533	0.754246192300482	0.526180786124281	0.610123417805243	0.587302038402447	0.645670414186825	0.631004530098219	0.363627943369486	0.576283934479082	0.662379517921463	0.212779225534391	0.436023052011929	0.540808471519809	0.616666357675608	0.29155472556997	0.705477249510893	0.409505548027719	0.574562145273021	0.335850783187898	0.322427957818008	0.623353188792108	0.553534408022833	0.605629691291766	0.123057492474728	0.53566180386175	0.692190818822344	0.473820758534863	0.00231615294405296	0.666791116866728	0.549909073051129	0.652062876841752	0.735406747556627	0.599592120262729
0.694334807700415	0.138616404252785	0.531632027931403	0.563827533472195	0.815984976790541	1	0.76509682187413	0.688897340402364	0.731343605827215	0.649850767620919	0.610511324558482	0.66516650415124	0.609170487361132	0.697069332014925	0.687879261653137	0.65705291705504	0.609030394056148	0.5645401247812	0.70568332585951	0.633763961249167	0.639916735441234	0.603854515244434	0.359710981836515	0.652285749131972	0.704579507738716	0.577381632998525	0.687651070593428	0.261019376286263	0.203120307976585	0.555996033417667	0.633409218950587	0.526933555305332	0.428251594141449	0.368586636297504	0.688579362722539	0.553010237556323	0.496793042546116	0.501872735646692	0.622281902881792	0.374445345757063	0.573739952445464	0.708494248002481	0.612913053368514	0.613961700588502	0.542745149802547	0.505975648048728	0.561399637675469	0.796218402314793	0.671042585403536	0.642201935628764	0.740168905014972	0.15982454287578	0.516859013626634	0.724714218103129	0.754451664152433	0.69126120233932	0.678356560030381	0.720038634489199	0.671880599772979	0.712211673530795	0.614190790023443	0.431716269898706	0.574893133261139	0.41326345845614	0.541382338471716	0.52586012326564	0.615082635289827	0.517686792630417	0.640753147423281	0.656582252250271	0.601414275038652	0.589548437186756	0.616847722920861	0.686996806123085	0.300251113210779	0.580682359598879	0.670938881210845	0.384419807243277	0.262301967407182	0.525857418365192	0.523270498285401	0.367140620915599	0.593949039693327	0.454451985622013	0.636181614950604	0.475391933435038	0.44088371837291	0.602794318284549	0.534154712467464	0.647578487754297	0.28390321306544	0.581426676533419	0.654301203980321	0.448931693547445	0.156072430239914	0.609701868648138	0.418246971917172	0.517156877098914	0.617827191556462	0.65456945692405
0.634157484261987	0.287864511138931	0.694193073404981	0.824942901907095	0.644199930659926	0.76509682187413	1	0.629565419756168	0.633973811318351	0.50949070141959	0.382453352010458	0.456046601178756	0.529910344955316	0.676376177234801	0.611569420950984	0.672400836405297	0.449255933448638	0.439957002621527	0.675391385614489	0.479459650754129	0.393723638005593	0.452160004831424	0.185100340387096	0.56980130290929	0.539508542316296	0.522726966648078	0.555179056217946	0.316956689334666	0.0750675215650954	0.530696017369721	0.516362983749408	0.369918264461741	0.332950675627113	0.345301691107373	0.805608107733758	0.631410424660745	0.476544896624811	0.375411768614271	0.601680628165806	0.310568452255011	0.384690427901802	0.524845303803698	0.548080519998004	0.528303267747281	0.46505237708371	0.238429029392575	0.404363702450174	0.631463666462203	0.561613467485838	0.40805175788024	0.63677336083663	0.30730134564324	0.602263175957549	0.52912511022869	0.515922091261728	0.857202006615616	0.457990367389674	0.586299050271652	0.499645507659156	0.587987953748504	0.502248408542124	0.233788502450351	0.379239419473586	0.290274254932348	0.517025223696487	0.439486280130538	0.523289287361427	0.446346074821779	0.544423895586566	0.489709776438666	0.368993094636656	0.354515750560486	0.387705421153109	0.542880597798595	0.222339774677133	0.622836662053972	0.543087180975874	0.343418147353065	0.137588508748183	0.325689010500104	0.573784206833561	0.288518740602617	0.483881876722013	0.382823466893912	0.552247731058979	0.533237039039821	0.342911181327821	0.562125947812925	0.363851240538164	0.527186617586075	0.307063073724356	0.49001353922282	0.508638506170964	0.280833433244838	0.175913119740102	0.436191683420693	0.355129417802672	0.401459435279428	0.458275606609023	0.477776155561919
0.566286997319079	0.122465169934394	0.280992022170069	0.457194971819263	0.659872984947204	0.688897340402364	0.629565419756168	1	0.863053724257914	0.696366964057396	0.63934770724257	0.725590254734341	0.756470095410019	0.646929239947782	0.738746009498679	0.821649332045754	0.811650805895181	0.803593747799434	0.883110931433744	0.765035134515594	0.731946120945818	0.723976317936752	0.567761694571582	0.794834059914535	0.793070695523334	0.679271057772274	0.783078943817452	0.38008999344827	0.227906859560062	0.511069208095811	0.789898139024792	0.661957823622693	0.565588841862482	0.578402411583034	0.739096705726286	0.751346750134547	0.714562047418577	0.65017172141632	0.722679218202056	0.498424201996384	0.487663982787435	0.574869294158317	0.768585397639645	0.619622445396438	0.695929633284321	0.62169935087604	0.699725861226562	0.683680971546436	0.713890539167514	0.632510323752536	0.714845169157968	0.0744957922846769	0.577893902459107	0.575897447612331	0.664370531754022	0.667180764670918	0.672159193609595	0.739146528735434	0.818118995984224	0.796114352960508	0.684459536233429	0.383595719941448	0.460953646302087	0.530610274859496	0.460436801673826	0.601147125158354	0.75839797798438	0.745970098086627	0.770885742541607	0.740642359309744	0.673367832469145	0.622803894498089	0.629090947064599	0.794320044161435	0.468980685046937	0.660762018799549	0.766349194465548	0.376598565235302	0.201748406860898	0.737471437543216	0.572823902643259	0.540416196544214	0.609144621958159	0.693473494947995	0.732878820911257	0.608932334798407	0.657126039225404	0.756566111269445	0.58495023213551	0.734797919612039	0.42055024430018	0.627592307109686	0.53383819480592	0.472321872210682	0.276623031572098	0.61078658698735	0.47643882587955	0.640039018732488	0.689151062106994	0.668859267151329
0.502992072596413	-0.0524191329687777	0.223285437672426	0.41528701158072	0.727332618423047	0.731343605827215	0.633973811318351	0.863053724257914	1	0.772264919805949	0.651380716584305	0.71820358826935	0.612811550505991	0.605773629971023	0.614352666938939	0.727786109951513	0.695441247537389	0.646495671362426	0.899402885097018	0.848704596887947	0.682633305201692	0.763430455239091	0.493711703143442	0.758709059443679	0.853988075409094	0.676348227242687	0.789393697821272	0.239893149977914	0.329294731970509	0.578488660860377	0.724015580606141	0.618651971915983	0.419880880286814	0.48824807177277	0.617320042694294	0.680857127983531	0.570018081057339	0.712687608857275	0.559090019315446	0.460686071756914	0.626016971836174	0.661195891244204	0.668605213388213	0.652526455385992	0.650434556016098	0.662881867337632	0.675428422242579	0.65042526914745	0.766092736909763	0.542489822646135	0.744006078982282	-0.0812298235902207	0.403708161426774	0.498473945430695	0.723667885959049	0.710705560362487	0.769785374160716	0.791125233560595	0.854997607181329	0.947907372248945	0.745759183427707	0.482995857532159	0.563025575323045	0.458440217848774	0.562325082676676	0.563010800151189	0.68564962131707	0.675727693110581	0.848735374921145	0.778956096443563	0.690830842467529	0.701374954164442	0.721206917984519	0.878438374433306	0.55610889718342	0.689388732616818	0.829885240447188	0.302816558185177	0.317712694134562	0.713635265971835	0.653366208759694	0.536902030487822	0.703843122551634	0.58419035557503	0.770523851007945	0.565498674933717	0.545074982159391	0.646293401845063	0.595107658978618	0.782940740691333	0.221713311809207	0.613558462570304	0.602467415773749	0.548462371296695	0.227252019907946	0.646118956919937	0.532872919168634	0.720799596933261	0.803841811925165	0.71305760617257
0.482403260919012	-0.109965055884378	0.114373207183101	0.313571191612169	0.7690030606057	0.649850767620919	0.50949070141959	0.696366964057396	0.772264919805949	1	0.778430387880473	0.801382366302399	0.484007136329662	0.554333159410158	0.6702779484932	0.683153029350402	0.557363683413331	0.587493895835755	0.759526305044803	0.609584115014468	0.642140699265808	0.76144188981218	0.484590793922379	0.700018493335841	0.663380156585225	0.604026398904254	0.753246550399603	0.226835142692575	0.46905162549889	0.547424838438537	0.64760407606052	0.510858113813755	0.329049278481746	0.491006797875311	0.565378094364871	0.608150014705677	0.49868116668626	0.522095508364572	0.534766613911039	0.495349199000212	0.688789223014164	0.709381058569696	0.578429106186468	0.649456550257183	0.376383530164645	0.606872727277152	0.638812954637246	0.732227936992894	0.77401115825379	0.610361304463341	0.744002463340083	-0.132866290176864	0.467553687050124	0.46771475129562	0.781908387582664	0.698380766249851	0.61088664383901	0.674886533341639	0.756009742651192	0.742653392602047	0.796103194880974	0.550990125381041	0.549482512108707	0.34227519103513	0.532817981516459	0.596443227318937	0.663766743769654	0.563888157697722	0.703313305808086	0.59351601616076	0.693200557219199	0.703454038097499	0.595561521623567	0.711236790459388	0.398807523983851	0.549327575399971	0.777897873079568	0.280542761714458	0.445321351256451	0.577752364531425	0.490208147252843	0.401083549930237	0.691805900366899	0.509346136427707	0.557142578301981	0.494916618499246	0.478446307356748	0.66988465269488	0.600773123813439	0.66960090212409	0.200984859827631	0.617854756023871	0.545262564495198	0.541051972871548	0.20356083982598	0.76296961680659	0.598980703762878	0.7407524312825	0.842985361054883	0.730871978111061
0.365781603541894	-0.2343638891432	-0.0076677544434399	0.215471603368964	0.667165166183096	0.610511324558482	0.382453352010458	0.63934770724257	0.651380716584305	0.778430387880473	1	0.759914595368504	0.53172670114145	0.325712235576867	0.551447351749138	0.542242446924788	0.511426203410029	0.479098058893175	0.609318778625665	0.542767499573371	0.619140136577022	0.754994095979572	0.55352334593826	0.585993178096597	0.567663588692908	0.501836669281929	0.583375639361255	0.136840047310731	0.465103263060267	0.315043966914181	0.586722946110313	0.48617738968761	0.370607470791425	0.322114845763365	0.483422810077588	0.45069101343136	0.315775877657864	0.538269875913215	0.477492375158794	0.27521573243218	0.644997548904017	0.597212474347373	0.530699124852737	0.602032666214298	0.372607771653128	0.573955726682313	0.495267520998891	0.552104554507044	0.56928267660077	0.500161899779866	0.582039733783411	-0.308660670804642	0.34328925211799	0.3241301364254	0.670548337457968	0.553092479741863	0.587522581228324	0.538108055730872	0.62687258901556	0.617739543908294	0.635381647385218	0.649119847359363	0.550057506557603	0.206411747759547	0.357539465625188	0.48241791718209	0.61428443465143	0.403632353677924	0.671978107499144	0.442365103910356	0.694621020284369	0.684397937463185	0.605951422672553	0.602854596617115	0.373772630354169	0.476213845521452	0.640785031058796	0.239470114763261	0.398807263599453	0.536872954561703	0.526990315018152	0.314262811168061	0.523429383465381	0.409341422143715	0.494779511617884	0.342426368119259	0.344538948092144	0.569432298604958	0.588547126591551	0.655418370542434	0.129347131044506	0.463150953507615	0.613049538408439	0.5180917949691	0.135727071843533	0.654842231985303	0.382395932043635	0.538010626402093	0.705268720436299	0.679615117074487
0.447698948634612	-0.0148219003959868	0.124728921479019	0.338181972181291	0.645286653485166	0.66516650415124	0.456046601178756	0.725590254734341	0.718203588269349	0.801382366302399	0.759914595368504	1	0.62612913481481	0.485954581024975	0.645578787969285	0.682149344135528	0.627337688716163	0.595905820169243	0.693631241771445	0.545104247936232	0.744060351728436	0.694493992566025	0.552322518953045	0.749274748316215	0.673497503589715	0.543431843342527	0.741167103784288	0.254560296537857	0.353233347694699	0.415946467955262	0.681211120853375	0.575297228068261	0.546292967169787	0.478263534153658	0.57366641945581	0.562824973196345	0.53868570675278	0.543510353969656	0.606537412915434	0.452015349917622	0.521069430818113	0.592459735541968	0.645252631745078	0.616649136529167	0.459602709044601	0.562163588456124	0.653329278031849	0.691937836329605	0.60355001717097	0.599128399863715	0.626884087492429	-0.0555723135020148	0.472979134633862	0.501946844295216	0.649258570293723	0.53753338481024	0.588256441489177	0.629490898743235	0.72590435813459	0.681449395097788	0.721959075761733	0.534318317240704	0.599900401445344	0.394280546790607	0.318282833039502	0.531461107890429	0.650117138872243	0.53691788647126	0.64956670769118	0.583917095877433	0.765152603425379	0.686542671061163	0.607536665379546	0.684131523519118	0.398531464657414	0.475812101877126	0.715241919187767	0.305906128792177	0.301489079089475	0.590393911096781	0.43784781833911	0.465019762735175	0.499952791367472	0.507644085487393	0.598764817728232	0.467350362907453	0.490997600079638	0.630813531360691	0.594739982043831	0.652536427769975	0.310820562600104	0.551881452376334	0.549930877237034	0.499789249302047	0.224442963765423	0.641018444598276	0.417301235215666	0.559968208543343	0.668501696881856	0.670269434975902
0.461144523584351	0.246365411491113	0.21692533916385	0.416376283475432	0.497320564651462	0.609170487361132	0.529910344955316	0.756470095410019	0.612811550505991	0.484007136329662	0.53172670114145	0.62612913481481	1	0.523897682993754	0.666752999385949	0.649353799513706	0.767381058937992	0.715424592024586	0.600431600552721	0.588245320075913	0.679211276729964	0.672459924299537	0.536747023992064	0.677477643930728	0.635686059815136	0.562742504552567	0.671265087122701	0.475138546121526	0.061476079376944	0.422022252244388	0.693940200390661	0.694033631897492	0.696120233261647	0.563347026437896	0.722964873790017	0.509608797399583	0.559444357491326	0.512491938722724	0.618155721523631	0.47073884658133	0.344391182545809	0.497361731141477	0.657193112537909	0.559486160193388	0.690873294932839	0.487489787310327	0.594201405381947	0.555250875263656	0.523826026447343	0.576443821499104	0.616244539901051	0.174335570398869	0.578377262464533	0.498036292319167	0.514873070036607	0.544659271324893	0.483474833539822	0.566330752210417	0.559266599511248	0.554037006454423	0.601881880302088	0.301924185829418	0.486421839341958	0.566481831511618	0.241869673883214	0.473908564270191	0.574086577269764	0.626980735536319	0.473819027959648	0.601538480102123	0.682221675280697	0.536402922286288	0.391213505460576	0.649301728408613	0.424347248557026	0.592947225556719	0.610047391348905	0.520659773785502	0.206999794682143	0.588718767461802	0.482636994153989	0.607123389399748	0.362696846862451	0.518121311352606	0.676815437805442	0.547887925855094	0.460031066524214	0.600973427530857	0.549746823405126	0.634261726588687	0.412835589859815	0.57126853047759	0.503741324450656	0.464756327732517	0.347095201221499	0.489007987053368	0.350918710104125	0.483907787502628	0.469618829581961	0.594176896437311
0.830258892357317	0.412214974057175	0.601930101484041	0.572366110248372	0.638712154232682	0.697069332014925	0.676376177234801	0.646929239947782	0.605773629971023	0.554333159410158	0.325712235576868	0.485954581024975	0.523897682993754	1	0.724026325190605	0.773687844171497	0.594902623527693	0.674485611424003	0.705461289859085	0.479510628514425	0.505025601463383	0.492259055389836	0.348525195072558	0.596508457381466	0.639540797753872	0.600061068368349	0.705482154864376	0.332752196216868	0.140911397876535	0.851624596582524	0.645095628785581	0.486920166660278	0.490790802435699	0.506946477165217	0.745242148189599	0.714919179479169	0.6868666049101	0.464522170759668	0.628696671101714	0.504272599108883	0.479550305260618	0.718688349737903	0.614675455560555	0.507415600283306	0.500249076525447	0.443505336758827	0.560632375471068	0.708565503636133	0.67845284587032	0.67168630749527	0.730884628348617	0.419013573815111	0.670060502457017	0.716845944963362	0.619546044005057	0.634570450531515	0.425584562559873	0.602283913887866	0.502470279561489	0.552397321123724	0.558552742903981	0.114405496284591	0.393872510625713	0.559319593406809	0.638652687299797	0.627193985066002	0.637030216366141	0.521908615699559	0.429280436015694	0.692841472703697	0.459355922806153	0.312207162460134	0.339129486832433	0.631082877029665	0.161617745176332	0.535441409739584	0.628341375797061	0.316176087566224	0.196561264440026	0.425245208897721	0.365013040313602	0.377220344239968	0.667386857778062	0.606129187088884	0.599742410786808	0.603379372105268	0.523976808036552	0.671484543218285	0.400198172916904	0.569737238181723	0.403504843022587	0.608497229098379	0.377817161267247	0.251454170379483	0.10545528048961	0.517234930094185	0.583889126721053	0.536665325598935	0.594076058982676	0.50205222305385
0.662539720663977	0.283320025328336	0.416871186236993	0.498439282568849	0.640477535640748	0.687879261653137	0.611569420950984	0.738746009498679	0.614352666938939	0.6702779484932	0.551447351749138	0.645578787969285	0.666752999385949	0.724026325190605	1	0.767122648642625	0.695875991147023	0.714312544638578	0.696556002000859	0.495621326219407	0.666966161799879	0.609545864914667	0.365925763394568	0.671641281298704	0.599306586572317	0.585427026009507	0.699225319508918	0.368644856941214	0.201096386363383	0.598191366397028	0.675444990399975	0.49986325932276	0.475953494591523	0.476956523971698	0.718421076766843	0.681635519703685	0.701327231688158	0.442733060754663	0.671698196809046	0.487295095442642	0.516694309106096	0.66187178004847	0.686845356366112	0.519210928305106	0.481793570585939	0.469880889845765	0.607617389796666	0.751738870739545	0.633378667336711	0.770125896790532	0.693828764812921	0.221089509287382	0.686148976855994	0.61520297156218	0.636523893967526	0.659931660519627	0.414463620316636	0.601369549513809	0.594604534083947	0.520941505120089	0.662628409698164	0.342184720663113	0.46199107490386	0.491884378304171	0.52597332922532	0.664302100401818	0.691224684196822	0.572096748222155	0.52828221785371	0.603225517669244	0.588788575429512	0.497715379642142	0.404022579917087	0.603872195589296	0.287186904422096	0.502508552438062	0.663953453584896	0.332397200058559	0.3709058460437	0.545470875720014	0.45040734342848	0.418909629404374	0.652719299020604	0.592721588664882	0.534460730808721	0.545129168450111	0.557592296183769	0.717097789531774	0.544364508399233	0.537394652556326	0.41163892001985	0.586695352337996	0.453476869026081	0.358086244946878	0.249618592633102	0.611088020495208	0.541458445008016	0.630647849066455	0.664553941018642	0.660273563342977
0.716399165996925	0.249677510625719	0.4203509578925	0.550743556371486	0.624117778459022	0.65705291705504	0.672400836405297	0.821649332045754	0.727786109951513	0.683153029350402	0.542242446924788	0.682149344135528	0.649353799513706	0.773687844171497	0.767122648642625	1	0.69055726852409	0.787395064509118	0.860034950504511	0.600369738814655	0.676690861090828	0.618535062057277	0.535272173117535	0.773583634156584	0.759097011644758	0.709635697161554	0.808614569104261	0.469970736794133	0.248658811621455	0.620211867739337	0.895266561192041	0.596999254693434	0.57921202794108	0.657983923681547	0.868500182633168	0.852809463869523	0.75805457530309	0.618857931569417	0.779040355406245	0.564710970049169	0.501095873599461	0.589611251871973	0.833125177523426	0.67341330660908	0.569276097364543	0.582925626537456	0.676453846222752	0.721710487939605	0.63106210883991	0.671818121052367	0.698371387174672	0.214071510166896	0.724497556584388	0.669582796663326	0.657027972888978	0.745314277930228	0.529037237823559	0.593480390833355	0.630800334772513	0.67768835400088	0.71245721457069	0.334995066947921	0.394540622833733	0.538160556407186	0.476259173695294	0.755175550125544	0.859718401609244	0.592094489182231	0.665949868779102	0.695825868654968	0.62622703790187	0.506722531313328	0.482833234549819	0.744828012229608	0.277247706743182	0.707618258846702	0.77298384620802	0.372141902570107	0.228341335433715	0.59817933392468	0.477989068581543	0.388277329782317	0.585132696416421	0.733250677248461	0.640741378560648	0.718861592421682	0.684713924418172	0.867611628798876	0.523966916113623	0.722809959848008	0.535932828257516	0.683783233389249	0.528478673752117	0.388215934226209	0.221059149394639	0.615188048787076	0.593680908205134	0.559325887490105	0.648440066639312	0.62736440743165
0.4800388167751	0.271953160113468	0.261526765164014	0.326511330369145	0.480063812348002	0.609030394056148	0.449255933448638	0.811650805895181	0.695441247537389	0.557363683413331	0.511426203410029	0.627337688716163	0.767381058937992	0.594902623527693	0.695875991147022	0.690557268524091	1	0.802444235582335	0.701850122481082	0.599060074036322	0.811092885411922	0.688737919763674	0.482479090867599	0.737556839147936	0.688086518310865	0.533859806155989	0.763533587460246	0.448321617915112	0.0248369510181886	0.488071624685487	0.735834559448785	0.692173177111215	0.600513467987569	0.524218691784179	0.648525052370239	0.577435845512329	0.688879903498515	0.602974236560559	0.662796454685596	0.520681700624828	0.3384010847812	0.511724422326435	0.70593224421351	0.461404215899917	0.712675802730994	0.534902992228117	0.699515324165741	0.624385779941813	0.547990972052671	0.697998250961516	0.608257259457818	0.189262030368341	0.597926074790258	0.647392617555011	0.586899083104531	0.454889391721032	0.547604006919068	0.718345099299451	0.697761398094707	0.607112261375786	0.67230004295023	0.31156933516226	0.503305324323701	0.610492849456598	0.320584397899464	0.679346237232358	0.678597327439756	0.702158913503415	0.538241808045655	0.755241490125545	0.705676245939677	0.578552845810764	0.507766855835883	0.706415611409763	0.516309963939981	0.488169572144399	0.676216570954937	0.465316577744153	0.144931722810102	0.736965496824104	0.370177514505339	0.674325888484156	0.516288102714195	0.759472268499174	0.682823548668968	0.587613851567551	0.677114007086679	0.656232861755987	0.676610019973159	0.615510733179883	0.489989953746597	0.59737507143909	0.367258332141747	0.421981315670197	0.420053988022167	0.571870548345639	0.438830740755272	0.514958282799747	0.550939086653208	0.723784761072858
0.578359438208705	0.324009336617057	0.265481724855949	0.325300362850908	0.493940489252585	0.5645401247812	0.439957002621527	0.803593747799434	0.646495671362426	0.587493895835755	0.479098058893175	0.595905820169243	0.715424592024586	0.674485611424003	0.714312544638578	0.787395064509118	0.802444235582335	1	0.738007984278441	0.586170090511701	0.730946377442963	0.625598846380092	0.551657620071707	0.673365054119915	0.711581541516784	0.602030282299544	0.729203739184463	0.46464333057501	0.186793237950543	0.484826091283696	0.85148955906911	0.630926706616357	0.618710956812914	0.628182871798344	0.663201015838611	0.685775728235094	0.684640903859805	0.523778271270177	0.6799993325357	0.555969767039666	0.376660030855136	0.544375282829725	0.7191514971482	0.480362073660382	0.620894377818611	0.601237540465137	0.672487373819835	0.606559338861538	0.589377650293529	0.710259154527686	0.654556999135087	0.221956263677648	0.62332417302889	0.662798571797988	0.630290116456807	0.486793824984197	0.511470352689544	0.627365980577879	0.628696195164433	0.595113401201303	0.621857929905157	0.233270378833985	0.328332370180088	0.640427921036971	0.357205355679761	0.65904824027509	0.744452960677055	0.707847178655226	0.533155257087708	0.753449686945216	0.598742607029749	0.449911244633928	0.433617166407962	0.702041703201454	0.413807054141019	0.544173580510737	0.642246538364476	0.461368273115442	0.204052760086581	0.741405527437471	0.35466205512401	0.504758574212687	0.499434173062774	0.780357901979091	0.647928274816696	0.683956111852112	0.66183935492024	0.741618810415923	0.570871742649826	0.637174465865171	0.57878848821787	0.622918461211133	0.375263532115272	0.457338246976235	0.239277224636858	0.566338871856836	0.498497189295302	0.517955946915535	0.572558481834102	0.603176135448145
0.599880394156008	0.063189856896238	0.346655683249132	0.445381212587632	0.710703435274381	0.70568332585951	0.675391385614489	0.883110931433744	0.899402885097018	0.759526305044803	0.609318778625666	0.693631241771445	0.600431600552721	0.705461289859085	0.696556002000859	0.860034950504511	0.701850122481082	0.738007984278441	1	0.756488143171245	0.666878489408026	0.697772515876994	0.524020855796047	0.793352156136183	0.821201417823612	0.739416250385472	0.823998157302981	0.342593907763805	0.338741777068663	0.619687274629146	0.802864109018071	0.570667906670321	0.46329430915493	0.591639105639098	0.759850839935748	0.849825263870645	0.716695865569323	0.671502998664653	0.706114795718401	0.506925551802858	0.562426354730977	0.642935599233001	0.751143141920076	0.695990213457309	0.574533952884576	0.662178878449639	0.68058531896043	0.751220778166843	0.751039758605241	0.572241145953904	0.756038228482944	0.00596262418596175	0.540251276888847	0.594911541934255	0.750123302680205	0.751194429624061	0.672332894019112	0.705897173189211	0.767961800079443	0.838539971070922	0.773561072459405	0.413114245945517	0.495065208785203	0.476309833208419	0.580139843995142	0.681282005721531	0.800596759194615	0.651540372343665	0.83580111124329	0.754959291058669	0.6658263172171	0.631621669685017	0.615895383117837	0.840746092461414	0.448563976498509	0.694404863928812	0.816720305663692	0.314461961944768	0.29085416196088	0.649133744218201	0.590498120020668	0.447993552594814	0.687096767570099	0.649459004189298	0.710579024490751	0.636709712277414	0.652539076996908	0.810148012397039	0.52406687892124	0.778872725208971	0.381565905420774	0.661577327270521	0.580278121375199	0.478083587768646	0.223593604363869	0.713121263823993	0.552416620881418	0.680200146412995	0.787390601236761	0.683574581363721
0.453027445367796	-0.0457145560560648	0.153706712451931	0.280475737827616	0.638823098584742	0.633763961249167	0.479459650754129	0.765035134515594	0.848704596887947	0.609584115014468	0.542767499573371	0.545104247936232	0.588245320075913	0.479510628514425	0.495621326219407	0.600369738814656	0.599060074036322	0.586170090511701	0.756488143171245	1	0.574231360194105	0.691982242749036	0.565776158165787	0.607508888669213	0.860240450665211	0.691090884323654	0.654736915520113	0.253027159126819	0.313892176949257	0.460341039791371	0.660697185799378	0.625082015985044	0.412462045174258	0.477376289882502	0.510797883400176	0.560507775540787	0.429182971271055	0.729156272829867	0.486262003834568	0.362783451268008	0.580234091886146	0.602087263145646	0.604176169506529	0.653118049176257	0.750514026727511	0.683049970149348	0.600561837743578	0.545064298214929	0.735942701524932	0.483059383387782	0.599468144505579	-0.112563131987697	0.330654509927664	0.422165725910893	0.642669526513112	0.540361515928002	0.697852681421	0.65778170358868	0.696291779317206	0.851413907411675	0.588941326576548	0.391081481883722	0.501672737707468	0.445112318591803	0.481105875403503	0.493583640690141	0.596489301893062	0.605956468172515	0.731667449619091	0.73209441153699	0.564309057033102	0.621482827891263	0.607943480131418	0.837431366191981	0.462577357109213	0.662175353725003	0.71281305486117	0.277373520400617	0.358241686249647	0.678700099660821	0.645209571775736	0.456294333938449	0.590916634201669	0.471711976890867	0.724049350494288	0.457813347062915	0.431525869363816	0.517926144326687	0.526567467127373	0.742006889962492	0.212693508953383	0.505935132136159	0.621381550614267	0.515423247052567	0.146919910894064	0.571906877150051	0.426362501355864	0.619240618756058	0.664223984042881	0.624989914530848
0.47857186457853	0.124030835081521	0.15368051501579	0.285964724799608	0.560209181149061	0.639916735441234	0.393723638005593	0.731946120945818	0.682633305201692	0.642140699265808	0.619140136577022	0.744060351728436	0.679211276729964	0.505025601463383	0.666966161799879	0.676690861090828	0.811092885411922	0.730946377442963	0.666878489408026	0.574231360194105	1	0.753811856486149	0.48355983108367	0.680768857442265	0.666877526126387	0.504147075661328	0.705910204942073	0.421834721329876	0.138768196708482	0.375589907404004	0.802091700261348	0.697521667717931	0.501808700785549	0.512935878223089	0.583856658217016	0.546737551181732	0.545405840556047	0.66433479956393	0.678022197512246	0.511598912514206	0.478544549599929	0.530444751986802	0.808365802352331	0.551598965051435	0.645638436949467	0.558947603299623	0.67260474556063	0.608823259415301	0.529247890293147	0.738010098983577	0.60647577415473	0.0787275999241471	0.531354860178959	0.583611364309884	0.599634763658812	0.425705130909459	0.540652357352726	0.613608111052838	0.683585228919521	0.62113281159213	0.629545403657419	0.429176418936599	0.4755035240421	0.412075910052235	0.237649301683594	0.674301729225222	0.69583095416774	0.622044409254729	0.601792224251361	0.682071056702942	0.787473957055074	0.685136310662282	0.542506046920543	0.64233331353461	0.615292263480214	0.495700643799558	0.716907362521917	0.465681178015628	0.230908962443514	0.783828925968304	0.406974769582964	0.583409663686049	0.504505322295194	0.741070883558093	0.690728840126501	0.560414071869547	0.542924057622935	0.591440125499449	0.778353723521895	0.693683395174183	0.45850306062568	0.613282312740923	0.522320700320479	0.570450203011346	0.38705802049782	0.547419470394844	0.390718696951968	0.497135281772393	0.564702975109957	0.717613681084931
0.380432436900912	-0.0129808879140193	0.0608442181385756	0.320482404349535	0.641374452700076	0.603854515244434	0.452160004831424	0.723976317936752	0.763430455239092	0.76144188981218	0.754994095979572	0.694493992566025	0.672459924299537	0.492259055389836	0.609545864914667	0.618535062057277	0.688737919763674	0.625598846380092	0.697772515876994	0.691982242749036	0.753811856486149	1	0.589767973025191	0.653304711124172	0.699805454756373	0.548771677142853	0.730067753504292	0.383496247334491	0.323726697845735	0.464843895401926	0.677814868017305	0.654741417833401	0.488449377498768	0.48707388066913	0.58471027043272	0.539533135610617	0.457328213206106	0.643979587557242	0.564101875742309	0.472145673841179	0.598615898262745	0.654392345196223	0.662337625463964	0.612216488941864	0.58498118368278	0.648908520466271	0.658467931885242	0.571838246107776	0.691641456001037	0.615070108561301	0.634863715147649	-0.0870051873534377	0.449142979561947	0.393730565980609	0.623199873128763	0.550209339695051	0.56784547038124	0.6428989045806	0.686449816204232	0.714438195420518	0.709618727195528	0.48937014859111	0.510194193178494	0.331470759188528	0.383987482552429	0.561759562481175	0.604876320773701	0.554263310174501	0.638357873152221	0.639520493812906	0.745185046183564	0.75965316165726	0.544654369666812	0.736664671475626	0.548631237652673	0.570379962258506	0.749394553980267	0.434117963782563	0.358125853758449	0.642544529998156	0.559682870689091	0.539669985317795	0.620609489364192	0.573399893165944	0.666275806806547	0.533343675230767	0.460302506893895	0.548603549942566	0.667732669186429	0.729781103445304	0.288044974571892	0.59399413227223	0.559251506425213	0.614918147836142	0.359156798045696	0.631557401720311	0.477730785449063	0.659909075920166	0.679067525064259	0.714434945189971
