1	0.596342700737063	0.793601772817783	0.773173076508068	0.837023412169032	0.696388518374131	0.730321632643292	0.40507777880782	0.377172561858355	0.491843726053004	0.165972241450178	0.293368123179187	0.314737393910727	0.748674459982439	0.638768157935938	0.294064531119282	0.284611525070021	0.250405657380362	0.100588603845625	0.212389871161543	0.228470988438091	0.25904831275513	0.0467325357873219	0.272472013529304	0.240710366578737	0.298962507656258	0.153906830488884	0.224203866373457	0.190296516089721	0.630896440486592	0.172542883502399	0.122703930522495	0.196159263753039	0.190848759739201	0.575041351378558	-0.0144505802853338	0.356641448244191	-0.00487940417663919	0.282802443018416	0.367144114599981	0.425258742157398	0.43613041850398	0.493489317068662	-0.0215137683029379	0.134995510763576	-0.0832204036221083	0.158583852522661	0.683387777630008	0.660353632478298	0.520026609123205	0.652065946545911	0.738193248183711	0.396565353025317	0.708774377954684	0.676037182386319	0.657704430218865	0.366353250530683	0.295202815513061	0.169204135943058	0.233671865550302	0.392691472491476	0.156296509301711	0.342133116460536	0.351200503736126	0.423483823277981	0.407599667144469	0.093005380733605	0.183015739652449	0.0529669014160017	0.303626525923537	0.352918845629069	0.331433254968772	0.192431978863788	0.281701166001612	0.280890114605067	0.411066236837189	-0.0497911547059741	0.372002122790173	0.327128847513285	0.246358769525066	0.227108889911309	0.185753013554874	0.347867304476293	-0.121264213256876	0.086601330374787	0.262288499959902	0.153024318738656	0.110814827602234	0.231898446941901	-0.0631473017278214	0.272642608610205	0.357037830636085	0.165742881247426	0.207367198683343	0.345341030360422	0.58071005649883	0.133528704863786	0.398054426754328	0.364290938619083	0.297986728703266
0.596342700737063	1	0.789057208761084	0.869039465532891	0.654937608009405	0.739689211280803	0.766053746389329	0.533772005699378	0.424501665473265	0.56172400107501	0.187710071066792	0.336790741801355	0.620134287496932	0.747236194843506	0.660908107247593	0.402547458097434	0.581341287430446	0.485813967718101	0.0732710282726998	0.465300797489024	0.498741643800769	0.413094024053692	0.324705702587826	0.250478158105172	0.479583408101549	0.502630725427378	0.377281201335553	0.315357918531975	0.124503080686365	0.520795901814561	0.306097239719853	0.369121404874263	0.543607043394102	0.330096298456897	0.540850262921027	-0.0648017558905494	0.373666552392425	0.377901516675361	0.268112738438799	0.45269862339099	0.363803457542542	0.543008529011886	0.558688646980917	0.271919976803477	0.53671145384553	0.144480654175184	0.281062228136512	0.661660490538794	0.609509777654763	0.571482606935625	0.784004174301913	0.85128719230002	0.505798362241386	0.792605605371739	0.698010357514989	0.742030548594292	0.650713926698216	0.53831047904474	0.308204810116969	0.399800986966216	0.602906052854564	0.379318965588657	0.527829951266769	0.611194932263138	0.603639990464267	0.476936292544729	0.303373209686592	0.306495431090289	0.0674468150291666	0.557379886788855	0.631174933281065	0.48780395062892	0.272133913693294	0.512987940350492	0.52030409076767	0.587099536823677	0.198085453953314	0.310488802972183	0.355038101233035	0.385426142348283	0.432532584295052	0.478912151246559	0.384696202014917	0.055236999033199	0.372463475241199	0.324551276840662	0.147286572620542	0.137826906131405	0.422514932820399	0.255672258708328	0.320901149262362	0.362720556737059	0.325874645149162	0.17521498943454	0.343086550950067	0.619311338478882	0.397988994977809	0.657096752021798	0.473613689100147	0.420532223472117
0.793601772817783	0.789057208761084	1	0.855199583362671	0.77303933257776	0.770629072508529	0.815397264254844	0.47071956445642	0.399324468542958	0.530128854634552	0.13338476555822	0.268792131708245	0.601775144284189	0.775673321463508	0.73719630383531	0.315986838583492	0.471661374950595	0.291473155365175	0.0555725078894336	0.380285891943837	0.353652205867592	0.328122263891315	0.240424117279908	0.194151776553788	0.43531872536005	0.43147920380553	0.314699863912998	0.228154672203711	0.0435823577835146	0.515014130159397	0.137985586718345	0.303127106780716	0.505509277115992	0.305535718684586	0.564691425432637	-0.116153206923466	0.341641085056034	0.257021519069697	0.187239859042574	0.496757597177264	0.343351584463749	0.430951958050766	0.565194622118232	0.18254106740938	0.418367521714767	-0.0154030932993993	0.239315537393435	0.733697068970638	0.631064875989785	0.538456715740545	0.672575436624243	0.867602482357572	0.649429309957422	0.861272541932062	0.729034608484148	0.764127528723909	0.50195925357822	0.407391152559587	0.261686094449794	0.298519578304264	0.527689238867627	0.391771036200648	0.526931214954783	0.56755237943576	0.441998847084054	0.383903459429709	0.137993217525379	0.279802474039341	0.0139711113262515	0.472205445980701	0.53581339372948	0.477582912974836	0.263628831965566	0.455005151941079	0.436855762786903	0.521386477383834	0.0850268926253905	0.295764692008733	0.289309852660734	0.272124540486892	0.358653372013295	0.412453155845215	0.316665808642301	-0.0752923683943287	0.164778863307415	0.262901922397977	0.151311099909878	-0.00098933069705922	0.302910602645228	0.0794760722112041	0.165379111506542	0.43511130662491	0.171500232423871	0.0868234684532976	0.383061876829617	0.577935874156105	0.228877603693234	0.582613589105556	0.397087372580043	0.291135257219307
0.773173076508068	0.869039465532891	0.855199583362671	1	0.78823632911756	0.854946146817806	0.898769548634955	0.504641309446077	0.475546594974674	0.604245515684262	0.144854236488034	0.317612492945079	0.502319445301727	0.761708541820913	0.718612933956574	0.468808319749592	0.507281587434179	0.466350902443593	0.108873235561675	0.42727960603534	0.45737874504858	0.334077934895949	0.220720890986845	0.35279126437288	0.433295146914105	0.450807203827025	0.32764376020802	0.28849987382494	0.0662161103302625	0.524335905705961	0.311807865215395	0.297555890299231	0.462725389120686	0.344555155973854	0.684544701066546	-0.0196232685188271	0.477260438519861	0.241198104812731	0.363431305141755	0.459642477893191	0.36401928839147	0.531304900592324	0.627750737097654	0.183647436290767	0.38667222100681	0.0671818320085491	0.238505129841763	0.816498846374571	0.674765157199381	0.679593438162279	0.750263886943604	0.849428080652228	0.527327307936736	0.855972464058189	0.815438132585266	0.849133237999712	0.557074474666698	0.465236966515671	0.346975567083491	0.404188919303973	0.625948544067519	0.419475658140762	0.542470825730754	0.534589627809388	0.538094595828281	0.520588799090511	0.28613236245357	0.272788104488596	0.112876499592166	0.504102252055695	0.569002736689902	0.528115546688951	0.343361125224084	0.481499467055222	0.489985147422941	0.572550271462196	0.0974162579375734	0.309041989460005	0.317245350336137	0.427384389238197	0.345121586077818	0.399585711331535	0.334856094177202	0.0306418158503081	0.202486218598825	0.33318526543178	0.24887627488415	0.217971612989001	0.379417818655638	0.145957001214575	0.41047600890967	0.396819508235292	0.295451648731657	0.199434011491339	0.426921630162659	0.725717265929689	0.232269831166726	0.579683925318261	0.540610743147241	0.428200368804374
0.837023412169032	0.654937608009405	0.77303933257776	0.78823632911756	1	0.810518041683829	0.752146862884691	0.363145651766119	0.307947436377081	0.570629565166294	0.23435112204283	0.338200733018014	0.349747665621172	0.749304437781483	0.608246129636791	0.366207135206449	0.423861224071898	0.310534446013127	0.0142576267135187	0.234917633121002	0.379739595599658	0.286460058607819	0.101796430464521	0.223724950619492	0.289579492930343	0.306373424968067	0.213252300091881	0.170206567201917	0.0196717021240918	0.536365500235262	0.274072328239102	0.126366622752503	0.269186467816472	0.199197867863422	0.609871802520706	-0.00646359109424248	0.338660481315331	0.130905733982271	0.2515810951909	0.288972296663223	0.257072723269051	0.479275765501467	0.518934660490637	0.0500658782649908	0.231172529320614	0.0270266815858532	0.14053567496714	0.684925955101405	0.712893361821995	0.629481352955122	0.711775464405105	0.699088336992277	0.369541568839057	0.772906507368668	0.734700677948454	0.669775185422193	0.364354114715282	0.278149663158108	0.138533355495731	0.257114576732215	0.558458012575799	0.302848442598992	0.440492100767391	0.353588734924677	0.449758414238442	0.466421453164439	0.133836272626535	0.178199333227354	0.0373385675914651	0.39020433719628	0.443670800452453	0.468003322532907	0.173121764552827	0.392294007695845	0.353408825798405	0.377147911684369	0.0246949497363082	0.280090996303966	0.212729419587369	0.230280626658615	0.204457171447963	0.213931967303374	0.273240662721254	-0.112875289297089	0.105177081800901	0.292236900108964	0.141524294745428	0.179194753867688	0.280007843461959	0.0271487834757104	0.28929287129982	0.275167204074553	0.187812213193006	0.151583128314081	0.321425364418854	0.642878183004094	0.224921533667325	0.477682104768369	0.442191857341423	0.345591702982227
0.696388518374131	0.739689211280803	0.770629072508529	0.854946146817806	0.810518041683829	1	0.896197627814265	0.463172216484336	0.466450634108122	0.669135569758075	0.177771917508626	0.435993083634717	0.434753613987941	0.698762858463012	0.734954326692693	0.529857509478912	0.510339220095369	0.432216860827156	0.206074787305765	0.318869799608068	0.499771621687607	0.347812646873801	0.303837250902731	0.415916177861443	0.444237692928567	0.417896836922371	0.341881464453462	0.227424237358685	-0.00292002741790727	0.484895286805879	0.35328809198646	0.23574067393139	0.416135707139927	0.270873009311363	0.780159959176165	0.157281922254337	0.496753187276939	0.264488235711103	0.462963149951464	0.334920622600171	0.255266851660277	0.577382228727797	0.669275081079665	0.16786965252151	0.327721403446947	0.155388608888961	0.232954475020265	0.863557887818072	0.71954174186501	0.754875349559701	0.710501805783726	0.70637404430245	0.542033963901861	0.909053826978582	0.877992679693113	0.808422233271803	0.480844328425758	0.46868369266231	0.336279627937196	0.41841323584125	0.72921414619206	0.519141168500423	0.551330025077104	0.458965228121772	0.545363006996753	0.653790318412849	0.358216353446922	0.297125176329973	0.248259807545129	0.444088631470948	0.510181337888773	0.659313324541189	0.368494645752251	0.510788696709584	0.522993568979168	0.532808356290073	0.180058805209807	0.209459530108155	0.225064966061579	0.446721209749373	0.328256980097413	0.340546582437658	0.305572700297189	0.116786114192933	0.110393101164617	0.31320063694552	0.306041448699124	0.350078229692406	0.422109415886331	0.154673178163982	0.497927326821878	0.291560274190861	0.246769523156129	0.221375259558748	0.492185055997666	0.780928762874256	0.339985075910923	0.565673932366373	0.643156429439812	0.525037915910562
0.730321632643292	0.766053746389329	0.815397264254844	0.898769548634955	0.752146862884691	0.896197627814265	1	0.474932255668202	0.505807491095266	0.681001100018868	0.24902667641674	0.423624277434902	0.494797659029643	0.710062956466653	0.761709993680646	0.610369714279456	0.490165123134457	0.421996763432962	0.249804956689225	0.351438214596463	0.470831003587269	0.380246741235307	0.375125358157554	0.450364874647487	0.400509489192687	0.53051907255239	0.36931725735226	0.372934899364874	0.100413903201489	0.593349348405737	0.351738867010675	0.332205113018034	0.490256505410222	0.435864778047286	0.845649771771202	0.180050839013688	0.436487758369318	0.250732816145772	0.461282650204332	0.523439256924293	0.425093825602594	0.569622703357586	0.719901996524439	0.195133386227005	0.32555840164054	0.143010148811515	0.314017259363039	0.857134943886386	0.669821855607969	0.694848859990232	0.690233695889646	0.762280981878336	0.599460410942441	0.870181922817832	0.854268714387171	0.912448361113422	0.550135748020562	0.528042996565661	0.439307621957112	0.406211231573005	0.656825531229161	0.470742914315574	0.537565743904888	0.529846701401595	0.573824734349881	0.590458654145178	0.441033191106849	0.331895643707205	0.265868832339762	0.45015187998962	0.554311652250677	0.609419780333074	0.358505361379672	0.490410374258967	0.603795264471399	0.636278491196341	0.183120327995943	0.340832449522495	0.334418451079895	0.536758963255601	0.403865120708311	0.388394009026623	0.379422738034655	0.220929473488021	0.180082730895779	0.420390734766872	0.257952679695387	0.333964933919685	0.468112490600811	0.172801803386895	0.467778001783323	0.477266777224515	0.294021380108798	0.29256530160884	0.49833747848795	0.750375684286501	0.301040496840112	0.61445400134745	0.615292029008402	0.514796277320053
0.40507777880782	0.533772005699378	0.47071956445642	0.504641309446077	0.363145651766119	0.463172216484336	0.474932255668201	1	0.691054248053115	0.458797173509751	0.245063661266587	0.404041912355529	0.511384114668072	0.600665710591523	0.535628066711863	0.290002672800209	0.605026538102425	0.634820592172421	0.476538256881685	0.719834199212406	0.533974146972512	0.308534412652334	0.304181135464955	0.487041368885989	0.590501914080239	0.301693274157109	0.283297152698603	0.0981649411575064	0.108536782873093	0.419376734694034	0.352383119178023	0.386439059292335	0.4771693798001	0.174668726313596	0.360865126386144	0.0425231905139196	0.589822699609023	0.410073094607776	0.355382416540319	0.255289960243088	0.301995849512529	0.515423145463943	0.587758913181991	0.27288420787378	0.552137551211021	0.127746026073577	0.352890091245166	0.509213903444696	0.562429370138425	0.491691733548051	0.46267149026316	0.519774131247128	0.398202243240847	0.527377738267264	0.473377988624367	0.538418198129368	0.445372472944639	0.522630488114773	0.513248936137107	0.65323632649143	0.448296610725549	0.349772503757667	0.455032057389806	0.459423435989669	0.441847099666844	0.385158765151424	0.230871346594042	0.543281521021443	0.28039273274264	0.497910343745081	0.406745937809688	0.378872351017061	0.546534048834104	0.519258634305971	0.38469968464716	0.452681307564512	0.169470268247911	0.0279147336027631	0.246720012509009	0.403249093565563	0.334531640517068	0.476011740154936	0.217340493127836	0.206470017003934	0.320475337624712	0.0906222158874469	0.428561584516511	0.0732905902623729	0.326890838666339	0.254700819125405	0.356543519344108	0.134894052551328	0.243740060837296	0.11117328553815	0.343988476255444	0.4939572991359	0.28598187205761	0.318069094554321	0.389365248535968	0.289746419514831
0.377172561858355	0.424501665473265	0.399324468542958	0.475546594974674	0.307947436377081	0.466450634108122	0.505807491095266	0.691054248053115	1	0.484414603849883	0.252972730475887	0.384400688196826	0.355926961788937	0.497552501425141	0.476244365471499	0.485169489835894	0.368611575442748	0.477812517978034	0.766244161379276	0.601468698644863	0.375659022097249	0.255600674374407	0.264694425977289	0.66715418881336	0.563987285937388	0.301220830565286	0.220736672971761	0.18294936635484	0.0157749746700395	0.363666433594763	0.418473053536154	0.193252053225179	0.325319473506531	0.142784661480424	0.497218523025147	0.316143935485477	0.570682839996923	0.298836375870438	0.505135268941633	0.258300520643924	0.317661239408536	0.314718353435069	0.575860828695881	0.116658484590483	0.337440585521365	0.141849868370774	0.203758305164503	0.552189749157978	0.535483525303379	0.464954225705118	0.397547047358477	0.436461466072525	0.340880396840378	0.51694652407218	0.460686718218018	0.5700753714852	0.430838634000586	0.638630420736092	0.712598853140043	0.8516149909619	0.442925780602335	0.337554012051032	0.328297373753399	0.377613441240689	0.488359246392052	0.429448854230222	0.436949221804759	0.429687840916487	0.526309899457097	0.523889617973886	0.37301738615966	0.366328353266128	0.67933454788115	0.514342557589746	0.487969673138131	0.447440016768618	0.119327560834208	0.126110046376205	0.227418344990747	0.541828406615103	0.260627277718522	0.361563596403494	0.118412670929917	0.360455623293097	0.198706970093842	0.16071546896883	0.484066638668036	0.321750546021651	0.310854844067782	0.312388211022487	0.409194839020964	0.233617722096677	0.209504617702705	0.184886995250311	0.37380889043615	0.40937349663352	0.295241504850136	0.318098552798995	0.395963143686873	0.39504622236538
0.491843726053004	0.56172400107501	0.530128854634552	0.604245515684262	0.570629565166294	0.669135569758074	0.681001100018868	0.458797173509751	0.484414603849883	1	0.554076367026224	0.758791733540125	0.47802098179623	0.55455952337507	0.558437087828719	0.544566244107085	0.475554464492738	0.492024145180038	0.348451804036546	0.330384951787407	0.571426000531301	0.653429836766222	0.528521050778963	0.4517767037809	0.377669196336089	0.35995279826457	0.380218127294427	0.327580214852256	0.154362079215533	0.444210407892935	0.432903234443926	0.388633096916598	0.536621260867128	0.377933218942831	0.645797114993522	0.194488740047937	0.400638548818891	0.287692361218739	0.437001348053989	0.410763032605337	0.380925605391662	0.643214588320414	0.688970252053603	0.178901575223777	0.402388747576965	0.477648103939918	0.413838680320931	0.633243955492955	0.592167235364646	0.775438862502593	0.628055579852561	0.490711437702141	0.382043164315579	0.665237698607427	0.673658906930301	0.646668406661127	0.517080953434257	0.47393831050195	0.438629685057857	0.379534553717874	0.815038379930727	0.580442307571983	0.645088359871457	0.486073019749052	0.597295757970296	0.644777863529262	0.482493737299598	0.466659141558862	0.319137700534085	0.437093621418016	0.569620053243364	0.732358221622058	0.317625919846743	0.525466701255007	0.624704564196793	0.552943120014851	0.289659969519185	0.171734928337314	0.247853637022069	0.508524407571422	0.465572764218143	0.444036111657234	0.27826070248786	0.273228720571826	0.257885541931875	0.4230425168146	0.197261679139487	0.395048235156159	0.511486049410264	0.253433659002364	0.447814184845287	0.356788003569527	0.276610028698943	0.476015859669449	0.503795824894748	0.656442228559858	0.381807252006979	0.600205894326213	0.679940419824661	0.679982147829207
0.165972241450178	0.187710071066792	0.13338476555822	0.144854236488034	0.23435112204283	0.177771917508626	0.24902667641674	0.245063661266587	0.252972730475887	0.554076367026224	1	0.654833889822963	0.308905413589708	0.278034021090289	0.191239857929523	0.28138820759608	0.309038683463222	0.246516335738264	0.237834826943553	0.128103054224786	0.433666011525765	0.48200781678742	0.534605829550864	0.129074436957323	0.0511411886838658	0.199904726632342	0.213685945161925	0.257306691885765	0.360908776914449	0.309692236198421	0.232928352429827	0.224398801106289	0.355754772905737	0.21092262646867	0.251398268805442	0.167764097264322	0.0734519281053058	0.0158585915504403	0.220851058981212	0.206153054158953	0.329558370213749	0.332039550991501	0.291452175508499	-0.00875232011944822	0.170587653196172	0.430432770264942	0.33314086921821	0.20065517385445	0.374650465002735	0.363471889474198	0.333078438508495	0.132010113394518	0.123645139660801	0.199732213997928	0.299581725096562	0.238391407801772	0.286620435586102	0.217497625184832	0.225874076157504	0.207828414361562	0.375328529811669	0.29738580472039	0.236995486305272	0.280864557472401	0.456603055483995	0.401736353531205	0.316169801748597	0.356228519127768	0.207063625049504	0.222558491637358	0.345511797375434	0.282516317013937	0.0970052708333266	0.188016210460252	0.300145001885299	0.334518736961341	0.190009319427475	0.110925156394412	0.312266893328677	0.232870670648187	0.306916768506894	0.292123722233787	0.227609974733336	0.205911646406715	0.270413629919373	0.261914770407354	0.0154859728447846	0.210468163321631	0.375899002180075	0.0770406647625337	0.224083641222101	0.298284748042181	0.10364064546603	0.323467945011095	0.138899235278492	0.316308173787353	0.450746405415715	0.323647706637288	0.406796712500704	0.481549670947094
0.293368123179187	0.336790741801355	0.268792131708245	0.317612492945079	0.338200733018014	0.435993083634717	0.423624277434902	0.404041912355529	0.384400688196826	0.758791733540125	0.654833889822963	1	0.491717237056155	0.425058498533734	0.412966538722725	0.402397051132345	0.504844571385215	0.365149338050196	0.363222640546299	0.269361540965681	0.551387495383627	0.658111041098642	0.657180381227584	0.382088419156734	0.163631203982304	0.184383842886222	0.242001069021803	0.372677687634318	0.369102790918025	0.40463212394459	0.342488074728099	0.265462378398201	0.487414437181452	0.172698824951796	0.43935843889657	0.157913861784729	0.310048534389854	0.121726395023918	0.366177634552681	0.321117000819863	0.436490653899939	0.525053090313084	0.516928761266524	0.036484678552437	0.265746687654109	0.509305401065834	0.432820409871332	0.442509558451516	0.445770654852831	0.549958360502411	0.431833607159407	0.301165986722899	0.246268253444598	0.395425558190715	0.484499423352909	0.427829689193854	0.472741452247858	0.444300364845939	0.308007970171746	0.319098502899599	0.660479689484758	0.4815975669631	0.43133435163063	0.473822606543871	0.576999268050898	0.597323987740927	0.377633834187332	0.525234739218912	0.270955290565839	0.249381661631419	0.540333668342015	0.554162230228585	0.237212007494029	0.283144074417625	0.465276548392242	0.417316771935851	0.17463720712569	0.192325472483123	0.344489663878047	0.330533523986806	0.446691554860682	0.423421076429582	0.323616517542635	0.242164735427882	0.22662081293008	0.312132447224819	0.176607407348707	0.287058935641348	0.510533488789044	0.0705420400938366	0.361571563632289	0.334886374397973	0.145237534408403	0.546807433907472	0.423936153809059	0.485395904016629	0.499924756367241	0.479979102002103	0.586839574271723	0.664523800023944
0.314737393910727	0.620134287496932	0.601775144284189	0.502319445301727	0.349747665621172	0.434753613987941	0.494797659029643	0.511384114668072	0.355926961788937	0.47802098179623	0.308905413589708	0.491717237056155	1	0.566335336525421	0.638900255255614	0.164402361966327	0.725994688238291	0.417397544068475	0.0667464983074191	0.51287765363812	0.544519701311263	0.527705331917864	0.583707592247901	0.170981269072983	0.383865184028767	0.446225784333547	0.412739111294663	0.319292126685438	0.231193392930537	0.378441369950607	0.166543514285465	0.552557792863192	0.820564684177555	0.287912291974925	0.275584592889109	-0.242830968862137	0.260929204769634	0.363365987864702	0.121445701870457	0.504971676478574	0.42721439497303	0.329498488840942	0.525358101816685	0.268184856352314	0.673424884756634	0.254629994835481	0.493921614151233	0.488981674695134	0.432979797994109	0.334155015184702	0.433103853305129	0.651242151536388	0.651553764971496	0.573169743267374	0.449020376968154	0.562870445663917	0.69932518963854	0.560797173398865	0.283632014729669	0.277893149088132	0.423300931946476	0.386948374969755	0.47021774008063	0.747450194487286	0.404267722336608	0.319565373665138	0.171424193527532	0.485159095509656	-0.0645191681514449	0.500496423499076	0.588488378914285	0.372642259598562	0.230828585461061	0.469752407693473	0.463581035253537	0.504788619767374	0.194098592268695	0.269753420962929	0.407614547693673	0.29946692640248	0.636259941077887	0.603751716661132	0.434860632113502	0.20350905154235	0.438257005060847	0.330060430287216	0.0304690365594434	-0.130932421402487	0.487136706496527	0.278084907477798	0.0766879765986292	0.409279281216565	0.201068342195922	0.224389804028231	0.383787453866258	0.358061657640135	0.338452327424814	0.636054141740715	0.35721229650334	0.278242522274569
0.748674459982438	0.747236194843506	0.775673321463508	0.761708541820913	0.749304437781482	0.698762858463011	0.710062956466653	0.600665710591523	0.497552501425141	0.55455952337507	0.278034021090289	0.425058498533734	0.566335336525421	1	0.68548606970384	0.266751779942276	0.520019785889501	0.356653642608346	0.138276523501016	0.41022428761721	0.410496088553197	0.342813574988417	0.212154755539744	0.26532410697368	0.410965213431457	0.32824146574167	0.244236643636184	0.219412873571675	0.162963547156967	0.720348162235466	0.218401305825984	0.267063377613354	0.464031261827284	0.199769889761337	0.48829221918543	-0.11457276020436	0.365938011032196	0.165247237495293	0.243354337067638	0.350935931415061	0.382360487733861	0.518960224882727	0.560775576758753	0.0360592699472051	0.408907187094587	0.0160911286118209	0.170554650546095	0.654056318220567	0.751890668101319	0.587080126535539	0.754867493036458	0.821698167016173	0.481421756304835	0.741665450238989	0.673890280195399	0.684655988580851	0.530416439526771	0.465489137400834	0.294720087415923	0.384366551871611	0.521319308837474	0.301836460564902	0.474161740614475	0.609861308457822	0.587140237007242	0.470883270896243	0.128345423937651	0.457397194117035	0.0183656288802102	0.42262720113262	0.654989201284314	0.399992270331833	0.24256641850027	0.475146559369108	0.441751315654239	0.500564443766139	0.0127061857331451	0.313744986618356	0.412846405977882	0.325161200466677	0.395824864043758	0.409535742770697	0.382765369718369	-0.0229632550400953	0.306132901530107	0.257046812761568	0.151095195694746	0.0125132955347735	0.41651867585554	0.0691602944216579	0.259192227806305	0.321901183992804	0.146025629292237	0.157530932349972	0.298433983138102	0.584246664250501	0.39410403951322	0.588951500178823	0.417949292197164	0.456473897038283
0.638768157935938	0.660908107247592	0.73719630383531	0.718612933956574	0.608246129636791	0.734954326692693	0.761709993680646	0.535628066711863	0.476244365471499	0.558437087828719	0.191239857929523	0.412966538722725	0.638900255255614	0.68548606970384	1	0.273663157569472	0.52630709194551	0.368421247930667	0.164891603279512	0.344391121752758	0.356980813905154	0.397309353619096	0.353322628052117	0.343058367221188	0.376882802833583	0.456823017540432	0.317362152248535	0.239442532812937	0.144163683760281	0.474700909384569	0.112814578385503	0.338379164993676	0.549752127306732	0.260830084478126	0.527130467765198	-0.126878958797656	0.415932615611811	0.224130527169716	0.290044260298033	0.448978752749147	0.463271443875126	0.46386077160442	0.650438918021977	0.0897757461719973	0.393682135325791	0.100797415980821	0.308453759677878	0.778374700982411	0.619257431522546	0.54047102563369	0.589336055715829	0.762983542885282	0.811171251951371	0.771090803006768	0.720600721969445	0.766350881543396	0.629901625128626	0.575935307519414	0.359558895206292	0.334254918782242	0.523351899186375	0.493294120720629	0.572891888655181	0.651036427256874	0.409248374154793	0.467255800121543	0.207545125212243	0.462388020326979	0.000802146951037318	0.36540260580382	0.503365800545187	0.576271287112595	0.269543274854242	0.429033625415966	0.523495471303713	0.588516934655871	0.120231404121128	0.293035704737861	0.395895621705179	0.402331912832019	0.528684979321971	0.438386443595525	0.533743172817373	0.201604494084713	0.25858325056246	0.272735490761291	0.266105832901173	-0.0260885107118269	0.500106239944863	0.113966940839763	0.310360067171991	0.373893462669435	0.15435874173915	0.233113543576141	0.551475144189987	0.643857743814414	0.314271788721394	0.633210102390245	0.596768741554648	0.383689257900297
0.294064531119282	0.402547458097434	0.315986838583492	0.468808319749592	0.366207135206449	0.529857509478912	0.610369714279456	0.290002672800209	0.485169489835894	0.544566244107085	0.28138820759608	0.402397051132345	0.164402361966327	0.266751779942276	0.273663157569472	1	0.324921382756838	0.476749685028456	0.582665950607772	0.276433263547339	0.451561788303134	0.263699444863177	0.289834392422791	0.662316695895263	0.377849171258365	0.520521659660229	0.442515949120558	0.456809022264085	0.198300647735597	0.450293095186992	0.772847879170518	0.274942768713989	0.301008142603507	0.469259078740626	0.840837064559308	0.76009057221101	0.518376658073787	0.32261429114585	0.673863587416167	0.312821612394194	0.418900642952461	0.410855453222094	0.684993171855097	0.328832070485089	0.243407534650832	0.307271801184471	0.325524451037832	0.510995371878111	0.415998475598966	0.621776242672204	0.414760980309561	0.280543576261395	0.124729001699577	0.461505527127654	0.517257240478828	0.615095055913131	0.441087564879197	0.516688538550324	0.493459188326289	0.468818427283325	0.57995640933259	0.351048856365377	0.312121453653391	0.319901036469119	0.597858684696257	0.580970489027854	0.842219501633947	0.298306228391716	0.715424907189718	0.485563446064845	0.354795328721356	0.548556640186773	0.489980173757223	0.504913150230387	0.665738051387211	0.637995210899451	0.440952210524239	0.338727791407019	0.241796468055988	0.714280436265664	0.339447024527238	0.345596884591733	0.189691932428935	0.579679829615866	0.274209164604115	0.575215939721851	0.321959888280102	0.805156328502626	0.443634632280481	0.429847549803492	0.628540987591647	0.386531768052697	0.530890987373823	0.531401395869974	0.537605966017909	0.591112501692833	0.312207703727773	0.410048762276878	0.510655710615616	0.561771914688811
0.284611525070021	0.581341287430446	0.471661374950595	0.507281587434179	0.423861224071898	0.510339220095369	0.490165123134457	0.605026538102425	0.368611575442748	0.475554464492738	0.309038683463222	0.504844571385215	0.725994688238291	0.520019785889501	0.52630709194551	0.324921382756838	1	0.606114546264376	0.192831699674132	0.546359787788102	0.760216166428203	0.521130069886236	0.542846886747076	0.334926103413114	0.443236854936884	0.45050825398602	0.384887193451899	0.204997930327819	0.199205787698308	0.43793895085041	0.409809017650847	0.547337722203439	0.677265067789307	0.251854828813742	0.349413993495595	-0.055953857609211	0.411643565938272	0.358156749065511	0.293027756367268	0.260156179992636	0.38207572130886	0.510800117119764	0.572409930829442	0.278942536902617	0.687711943854867	0.29618360688638	0.471863108791381	0.554906783683946	0.443385733824629	0.479189611302277	0.515234022825249	0.540297307573504	0.492994617290406	0.541998467964521	0.489714711601256	0.538461605562894	0.644429016005246	0.589762407906427	0.330987132660321	0.398815840503668	0.545699012766992	0.438966237457044	0.490815471588122	0.635970156243331	0.549755820662848	0.523352069151874	0.32413160991301	0.512463373919501	0.116963372322423	0.621491421706478	0.624271302689309	0.481117326007887	0.381151255931429	0.511199054812119	0.544779556563425	0.544280063826614	0.201415531846353	0.158422831490077	0.321879964347064	0.448519063798623	0.602833081399575	0.619629289057508	0.456401497550575	0.306521523297412	0.503097399667944	0.329719369535775	0.25712976056995	0.0851785073538382	0.605331973648047	0.339722434467071	0.340235854849924	0.233667965488517	0.269089436606125	0.259553423977482	0.413036767640841	0.478837698065248	0.439546972614983	0.523489213630087	0.478709019748487	0.428686408925174
0.250405657380362	0.485813967718101	0.291473155365175	0.466350902443593	0.310534446013127	0.432216860827156	0.421996763432962	0.634820592172421	0.477812517978034	0.492024145180038	0.246516335738264	0.365149338050196	0.417397544068475	0.356653642608346	0.368421247930667	0.476749685028456	0.606114546264376	1	0.394533349214507	0.562669844470821	0.631580755505992	0.289470071483064	0.256185715179888	0.594577082744471	0.572926002003015	0.38671442980273	0.450079079527728	0.128581849101877	0.0840412805077043	0.355908132688794	0.740264656194481	0.447377099565284	0.433295743254257	0.272170306535261	0.418297473996144	0.261042348822473	0.520212585104887	0.501446820741697	0.440685628348028	0.178735559004523	0.215682106661571	0.519450218739366	0.589747668721355	0.380711198557574	0.578786531441972	0.268926181229234	0.380409098280602	0.398178981320853	0.392250881008396	0.5983623330695	0.423590170892175	0.309420309454189	0.211155737341162	0.422016960672644	0.378242688195085	0.441729504545451	0.503692214230501	0.450914509384218	0.442178890987688	0.466898344665077	0.473603382388834	0.37284072295008	0.418794421798717	0.391096083108785	0.448373785558069	0.455665702710559	0.497633184077167	0.351195452135212	0.391462021517659	0.600497408425908	0.336016057040079	0.423891655506159	0.49142512807244	0.533933688247731	0.463189090436068	0.485069817869327	0.361723731657369	0.0646192478041928	0.13918112941123	0.542168129318265	0.413370650187228	0.530162376117018	0.177679266183082	0.377372862473162	0.468369712044628	0.393380938574741	0.347921343287704	0.407229525596163	0.380901564043523	0.52944838614742	0.554695513779583	0.184204458746552	0.473632076701298	0.268371730002097	0.383730203495797	0.493268407722439	0.16887723000284	0.345906219855384	0.417485791772983	0.376505285967875
0.100588603845625	0.0732710282726998	0.0555725078894336	0.108873235561675	0.0142576267135187	0.206074787305765	0.249804956689225	0.476538256881685	0.766244161379276	0.348451804036546	0.237834826943553	0.363222640546299	0.0667464983074191	0.138276523501016	0.164891603279512	0.582665950607772	0.192831699674132	0.394533349214507	1	0.286920244901282	0.264818799596352	0.196516119216493	0.239402731848721	0.718102455033234	0.403274475675829	0.157800888974773	0.134728219987967	0.0929835654296009	0.0953720220487407	0.214305863858977	0.488284062408872	0.104710844586809	0.108318334543323	0.0256477129069019	0.434614943309192	0.677960098357645	0.480749121676519	0.167963162527137	0.585978832246894	0.0501868730217507	0.2588313297796	0.200320986516657	0.437698987455872	0.0563079847981007	0.111652738419904	0.179861439061979	0.198884907618944	0.318177839936866	0.320183060958191	0.334522771669599	0.156642098257433	0.0652886047948303	0.0784390156987361	0.212216651257669	0.246285681525139	0.308731414926058	0.21102824654389	0.434006036559069	0.68389108484545	0.644260156314761	0.296112749328598	0.21505142314155	0.104995406948423	0.132196687221982	0.428040660769305	0.418757616384367	0.55963141790419	0.315865598584037	0.791546421747706	0.30636555559637	0.155555808726451	0.276008269049249	0.664069176278655	0.289315718115003	0.395169593058023	0.324816968728424	0.159914122425758	-0.00926808930463812	0.13863625892851	0.566081655979467	0.152156482900827	0.231187299769463	-0.00426898480571785	0.506045487194336	0.102623749802797	0.122072542448285	0.537248559803564	0.501171146331332	0.18915793508417	0.273112482141966	0.426646977569381	0.102833852786829	0.16560766550175	0.285251569788142	0.317441715586494	0.285023073488439	0.294935899802511	0.0606582020337508	0.361915985009463	0.39023823305404
0.212389871161543	0.465300797489024	0.380285891943837	0.42727960603534	0.234917633121002	0.318869799608068	0.351438214596463	0.719834199212406	0.601468698644863	0.330384951787407	0.128103054224786	0.269361540965681	0.51287765363812	0.410224287617211	0.344391121752758	0.276433263547339	0.546359787788102	0.562669844470821	0.286920244901282	1	0.526701309969462	0.217316917580266	0.272920374600607	0.379274626959249	0.624915107580246	0.300843342572741	0.34376906873705	0.148486136454143	-0.0654866580458559	0.251506392419146	0.441754892053576	0.447835015229791	0.541275036443894	0.321413196800037	0.279983709929539	-0.0204659812532563	0.527940239628361	0.625325181619703	0.247783492170151	0.350085397161951	0.199076411509848	0.405609470926855	0.483580719226637	0.435987561121311	0.680931695116873	0.225852640263166	0.357764613184353	0.3379829826605	0.34755922500267	0.362232224962352	0.31242295026373	0.356204805831449	0.254352030774214	0.408948692031883	0.331907730518781	0.417800470969668	0.43086062075442	0.507923138859271	0.437049432570152	0.651556015355207	0.424813372928858	0.310168960252712	0.322703600131549	0.403670264042585	0.382298016926231	0.340617032930393	0.252186509042564	0.48731629654959	0.206596172170641	0.655590794800688	0.330493388898115	0.331677387252122	0.511584032581469	0.610215478555344	0.352025784770045	0.451969203448487	0.282700536441235	0.0466726438077069	0.103865738178962	0.34950939428343	0.378934366742048	0.547346797361907	0.0956139727005274	0.217462889369074	0.380547753405373	0.244237445468493	0.295469538002209	0.137664125468344	0.311934278439526	0.487871102458583	0.354291072899612	0.195641500119037	0.357296845453211	0.146896111027701	0.282598851190941	0.343445207223061	0.154160716196509	0.322782768923029	0.206297231481537	0.206891270477385
0.228470988438091	0.498741643800769	0.353652205867592	0.45737874504858	0.379739595599658	0.499771621687607	0.470831003587269	0.533974146972512	0.375659022097249	0.571426000531301	0.433666011525765	0.551387495383627	0.544519701311263	0.410496088553197	0.356980813905154	0.451561788303134	0.760216166428204	0.631580755505992	0.264818799596352	0.526701309969462	1	0.502740578759448	0.525779724314313	0.457753439236474	0.476348778031469	0.326056718860089	0.390523771036325	0.17973732226381	0.116114154499993	0.407911607991852	0.596881615293553	0.547286998672037	0.563414825931168	0.327589424353427	0.452156702052795	0.148734881432652	0.53093627630432	0.328474095084872	0.47183868205036	0.239042295060886	0.311069718229562	0.624862536963597	0.655815242432138	0.313948257487206	0.632654619852847	0.439247801374659	0.566512508460612	0.489619464941623	0.435028972617215	0.633653570289976	0.465377356597745	0.360160045554243	0.273786902418635	0.4891285208191	0.464935371445787	0.422511587318359	0.510715589134898	0.42792500908668	0.269517005652536	0.426891625479104	0.585235735132488	0.44295163149782	0.396031562428277	0.403795897461829	0.510017097092921	0.620812613795328	0.427474578655154	0.383818549167727	0.240423181796741	0.606470629839325	0.508396487204381	0.567089721038313	0.415916059555219	0.50348956915307	0.535120884952968	0.470110988654961	0.315748134845531	0.0886869876329285	0.18633037993723	0.489134103144148	0.491153413302817	0.597495238752003	0.230795826475144	0.373456136939812	0.430380500632871	0.301258689645977	0.317540514963919	0.319344704637877	0.540649276466176	0.381341374449092	0.459600312857541	0.18493793710006	0.293246396340539	0.326022645478897	0.438012734628979	0.474729611911079	0.381711157677219	0.444376243848172	0.409581499579326	0.44787394924409
0.25904831275513	0.413094024053692	0.328122263891315	0.334077934895949	0.286460058607819	0.347812646873801	0.380246741235307	0.308534412652334	0.255600674374407	0.653429836766222	0.48200781678742	0.658111041098642	0.527705331917864	0.342813574988418	0.397309353619096	0.263699444863177	0.521130069886236	0.289470071483064	0.196516119216493	0.217316917580266	0.502740578759448	1	0.604691672565583	0.21827702628119	0.124022331569354	0.368981854420271	0.286850486544711	0.466526538812751	0.486296832592308	0.402831884800635	0.209007936065873	0.442984901688466	0.50771117981096	0.342583009594789	0.299237944506323	-0.0334765283520342	0.146215144612147	0.112588721566832	0.186451385846074	0.435413715815749	0.572386907416425	0.46408791128386	0.425575512628008	0.0367650044616374	0.436738444332222	0.545997785096676	0.567367437396227	0.39124037981563	0.392396588105362	0.396479943888677	0.495636782793364	0.412008200819935	0.359497740023993	0.454571480566384	0.501879078502572	0.404751358896415	0.58888109807787	0.441239094373339	0.244851339240978	0.171674127338649	0.578120100879951	0.254060224058942	0.376641168380799	0.453255290094725	0.523009621694555	0.485421986698016	0.305618582474421	0.377678901186444	0.0218734114578691	0.406699881477145	0.526270262210302	0.547647682578849	0.112576295852302	0.303880326900105	0.445899982695478	0.463060421935423	0.157880671902684	0.311736450891982	0.51674036546244	0.311101728012012	0.498204921511867	0.473403681175674	0.499451908654093	0.2192600977526	0.401690260254667	0.359745802182688	0.0854868686773862	0.0968964582246801	0.519323463863561	0.197819451882697	0.132813367912399	0.375729802117954	0.133839398337826	0.563078097865975	0.413087930938059	0.346650339096253	0.518275244093824	0.630877323901982	0.524067099608033	0.535984944062121
