1	0.8171182439168	0.683135061410024	0.667187437245334	0.520825887460536	0.374563212261396	0.471755441714589	0.135646311695039	0.302832607733074	0.124048863935666	0.0330832718910694	0.0998633789466973	0.179713442445358	0.592380217616747	0.0951333796796163	0.339808854428846	-0.0086734978523328	-0.0799135311577975	0.105330826513759	0.0391240472189757	0.0370619545586451	0.191468043659041	-0.0433796171349001	0.111916327447896	0.129274260980615	0.298302996189419	0.0320216094110726	0.318352211625154	0.391215172333556	0.249666889582506	0.255661842725149	-0.206821022709032	0.0621229430090603	0.12021126958852	0.315555410297041	0.257316019166761	0.145185241008319	-0.158315612308309	0.102071334846858	0.166534221575274	0.249943291192009	0.0909678925199281	0.188385584649932	0.328771055923083	-0.200836718752073	0.0534610464710903	-0.0330613555600485	0.175126831666615	0.22059772920531	-0.196618001828582	0.564902926906918	0.68810480072227	0.310617746563202	0.436646570526112	0.325962340771228	0.629966162326306	0.100946198403981	0.0128073005366841	0.160012671036137	0.237483079102815	0.265687006338848	0.20648779298738	0.13712559238163	0.0986282213065888	0.165699248659424	0.0108352781310586	0.0528420983383385	-0.253420349814363	-0.0134897677680055	-0.0589607222141432	0.00696935778177278	-0.170991428259958	-0.0833797079359456	-0.0707999287274439	0.0213347746180548	0.188330335186695	0.09364406454165	0.176216746041437	0.41756671928587	-0.0409271114588196	0.04278762579785	-0.0825919533366712	0.156298712858505	0.249248210474048	0.0502906534602321	0.27480173891024	0.0747672601608265	0.230547477337042	0.118248040951543	0.0957048565031818	0.157112088596644	0.182333350317877	0.428041387914579	0.109445390939167	0.023953739195463	0.106466279203329	0.199363207394434	0.32901133781709	-0.135476044582638	-0.00720404938365659
0.817118243916801	1	0.783097055109358	0.854184242400996	0.564734758222395	0.567554440912313	0.625265972070106	0.140396967360021	0.372981894459063	0.182509740661938	0.0440850155246196	0.118325574855755	0.164353514458988	0.606812965239293	0.262420678392495	0.350898547765157	0.0290232957748085	-0.0876866701499904	0.0952204489677161	0.0991736061872235	0.0815928131953137	0.317037226156492	0.110549723132295	0.119361695267801	0.15239951196531	0.336746947743859	0.09870326082747	0.385234201141337	0.470040366713648	0.35271272994531	0.29118385543862	-0.0706797987291908	0.115271453071199	0.258637628037077	0.41458592970228	0.295253370333076	0.107288240046608	-0.123815913804912	0.161386330855569	0.231710754426909	0.352606466886345	0.175454951794391	0.284004824973351	0.388120706232537	-0.160050069568034	0.156156126781377	0.165646078188089	0.358067815775167	0.316059976500776	-0.0896375611771263	0.537198300687686	0.797271534564041	0.36242349982628	0.591384480342485	0.456032888558703	0.765077717510743	0.0952368319670854	0.0250359640813382	0.080484317686571	0.234412192070329	0.264014052546543	0.116288121851046	0.101372544777003	0.0725373574669035	0.179494131027253	0.00363734195673423	0.0175176136448357	-0.150789354160128	-0.0826054786412586	-0.0215139040820239	0.0298767069322572	-0.0433247892711259	-0.0669884018390378	-0.00785393139057138	0.0803816050424588	0.262338487694696	0.153184465583823	0.287180256264809	0.473689593740366	-0.0775769449943858	0.0493410979317413	-0.0516105554017565	0.14340302551111	0.159668167134449	0.023157025597482	0.227650730713904	0.0465286169783885	0.189359274638697	0.131511559896886	0.117412184087793	0.158709432518603	0.232517678729445	0.463575388613696	0.22787190928811	0.151411433834794	0.223426888894795	0.117017350884189	0.395607627763639	-0.097210070134075	0.00407234566685644
0.683135061410024	0.783097055109358	1	0.721663384213867	0.653359563470639	0.675635782787423	0.632087695757801	0.122099274902188	0.383620263000484	0.228911499417553	0.0680164601974605	0.189836885294971	0.289324546899414	0.58580204303896	0.220524824218331	0.391261186065053	0.0985902426724636	0.0021881066562092	0.136459475095498	0.162180890486886	0.068668443703462	0.358304447063979	0.0949605694944894	0.111243378386105	0.201923737266083	0.33478684235854	0.139724909374693	0.230379389091411	0.388804856647621	0.248667489197615	0.300964717002674	-0.00356284012932256	0.246954166783257	0.265464765255305	0.377575460479544	0.212656581021018	0.0558714914591673	-0.0549092589076115	-0.0029838797366484	0.150885452434958	0.334682091730814	0.218006171476706	0.189048050790039	0.418922559038173	-0.116025137260925	0.285274143768856	0.224898859519697	0.287745257888857	0.348373054536724	-0.0777143370683566	0.621462885742167	0.799090830420208	0.45003826304741	0.709826158355987	0.504974709321142	0.67797403225996	0.269838198794208	0.149643696996223	0.0963978367461202	0.308664883828972	0.354798481522734	0.20923044206562	0.22477226957982	0.213869354336248	0.291533391944616	0.0970705337707065	0.108120511509098	-0.0965359207159779	0.00186333772395596	0.069920599965086	0.0573298692643174	0.0816410743301446	0.0146187945367876	0.110740354993491	0.190839962920545	0.316265578361993	0.198799933242962	0.119309383411182	0.555814197559632	0.0142752878719503	0.0918848813753582	0.0700327333092778	0.121462448735058	0.136240343564197	0.124970567622044	0.18874698955895	0.0446575685028784	0.230455120494193	0.267505505642173	0.137829429076679	0.103400760346745	0.172179828342596	0.423401789162845	0.258526831124567	0.178806970558419	0.169689885238605	0.189876658144163	0.463833631058612	0.128527543406322	0.19186979148903
0.667187437245335	0.854184242400996	0.721663384213867	1	0.643314394975467	0.65856290901276	0.739141301475256	0.283270809814133	0.533636483337177	0.352549025123439	0.204437562343192	0.308937929131152	0.248341630270607	0.655947365932623	0.444002754760426	0.479729334471701	0.0950145471796677	-0.00292769332267423	0.186246393393684	0.205697268287266	0.193247057030971	0.441421159535019	0.328567101298319	0.142055558554452	0.312709323170676	0.328993674700243	0.313983527477693	0.351107815293582	0.470240237692448	0.324580862612607	0.364989669134689	0.0906193392839748	0.159115175216859	0.353217324586576	0.486038498305401	0.270323367368156	0.0983486725186404	0.0782233571934427	0.191403088160561	0.238520578117818	0.308303368554518	0.226244870345391	0.458583162241762	0.437040235208861	-0.028574171375236	0.270810733548998	0.351613769139176	0.471696603605166	0.343708861400982	0.163291485431774	0.593897392707469	0.745497595979739	0.474175950323656	0.680238934061476	0.584141705048588	0.804089535602416	0.196871724516687	0.236182052727199	0.270059738884469	0.401198258025346	0.364234408316537	0.232342629070923	0.268569861949359	0.149719647378405	0.284187075832087	0.119531213811952	0.0810352025754932	0.00567222025554409	-0.0062810986458721	0.172681228254658	0.167992276005893	0.150166388047517	0.00722951027006862	0.207397858618139	0.114403606181118	0.260594363412226	0.27253563616358	0.229962637898296	0.432068892816341	-0.0331467355274565	0.0987600932026201	0.109904914486923	0.0690563717689588	0.0985906420183657	0.0906067508269672	0.176093085653029	0.0382137360251851	0.227176043460887	0.127772217634541	0.20551075946196	0.197194283257395	0.212156946169933	0.470406620931573	0.269195058939576	0.30192295720055	0.288326924088848	0.13303854810115	0.376316024614754	0.0220611549890047	0.124445475133995
0.520825887460536	0.564734758222395	0.653359563470639	0.643314394975467	1	0.787455524521487	0.730400687639343	0.269227924786653	0.412847891920205	0.302178187215211	0.264039698295166	0.292952543394642	0.357108699752044	0.55669348696576	0.249505840648168	0.489674728494894	0.19309682576223	0.0266921879267039	0.142522236261268	0.0863857092460745	0.248425769049742	0.498327811541851	0.299270042139832	0.225416102145557	0.306382383419827	0.313347522915743	0.310593286671668	0.260831981720537	0.438099261416543	0.332156426761352	0.291056421398917	0.0417385979123046	0.224735784382396	0.354625686268041	0.597300750114392	0.286563463918834	0.0742934170044409	-0.0530850089007412	0.169565006687367	0.217370254113255	0.385327266930638	0.360063527972318	0.330442087605986	0.43848779610448	-0.0571289477290523	0.300574846940252	0.29683615370498	0.461552882939739	0.530927934271615	0.129002344461956	0.56748384114962	0.613164990956821	0.378209519524366	0.780920697110643	0.667937750838449	0.611898478386523	0.219454719938449	0.193563771677616	0.194013496319465	0.335883865749419	0.372962438717091	0.342324976663386	0.307853379323553	0.283533341271838	0.106630040064889	0.126339490716297	0.0349867324564783	0.0368472046541592	-0.0164183096429248	0.15145942706767	0.172371458847564	0.0913275226624463	0.00756445306911123	0.204600232591695	0.079109908399022	0.176622466599645	0.203344782119586	0.078677216459468	0.378166966764516	-0.0211794837709785	-0.0010568633894758	0.0697267950324203	-0.0064071805614548	0.115395413840899	0.0493876353544048	0.0848277039510894	0.0094826678197947	0.239533249176613	0.139061112265881	0.0395411989283612	0.226614601352374	0.125487635647314	0.347634505085665	0.0641689407676504	0.0911792882601274	0.273615535594053	0.312456590548494	0.334643743459854	0.0530910014772726	0.198648491335804
0.374563212261396	0.567554440912313	0.675635782787423	0.65856290901276	0.787455524521487	1	0.838503504481598	0.300311286581943	0.399919959328742	0.348298288519166	0.292952824176751	0.391843815625156	0.485992479969028	0.461326944481407	0.365816877754919	0.536301370888363	0.268211169480285	0.0784763398822588	0.120363655499528	0.21846655065109	0.208141041899585	0.569689995425149	0.465968098709146	0.13804522261256	0.365153307242901	0.369111022328831	0.441927137269275	0.220429304355781	0.46331731050498	0.245876718062827	0.405807778359436	0.228763632477185	0.394530265100994	0.435349542070583	0.68009475121196	0.261738278412729	0.057468007821891	0.145753613504249	0.142481724929777	0.15994785683529	0.299089183193735	0.319638163449276	0.359626487089186	0.444521211777649	0.0776929840786383	0.419446167005236	0.465550299022924	0.618369282824939	0.52318130592651	0.191229775812023	0.51372777303246	0.568107939291133	0.369101264883305	0.898399539797896	0.805670167200945	0.634433561191491	0.247467256782568	0.210277836290681	0.117148226228252	0.320665424965317	0.392292425223067	0.303988831197139	0.37065745519565	0.312972880350461	0.0289475224675715	0.118667043605858	0.10607736030683	0.210461108520428	-0.0697795734108399	0.277638595992549	0.272199928430085	0.272075949413953	0.123704781663807	0.298493189707785	0.196266835374463	0.299444483555806	0.356114486263312	0.125260329084376	0.398037214086303	0.0470187131221048	0.0865203935052548	0.222198633107032	0.0512935493694302	0.112505898633628	0.200017090968256	0.0604645491328	0.0554395952312239	0.259286819698351	0.195750613293033	0.154593451527709	0.192946093220407	0.129975390949404	0.367900448285061	0.269567268547835	0.247744090715551	0.385716233649221	0.18355115419711	0.387964795519936	0.0852822626276822	0.274788354036167
0.471755441714589	0.625265972070106	0.632087695757801	0.739141301475256	0.730400687639343	0.838503504481598	1	0.231641551509437	0.353056152041072	0.283739253150522	0.248224441210424	0.287397268587005	0.312761729203117	0.534774093960172	0.403730805069239	0.542247009009436	0.0791664137573411	-0.0494813796885017	0.151103764247179	0.114227230689693	0.275874210741067	0.458198437647233	0.336941250533073	0.182476258258846	0.191554767458631	0.365608407093808	0.270183155947853	0.283333345209614	0.487612542128117	0.240088781652458	0.331026283727225	0.0561102310870944	0.22700129120067	0.428935541391175	0.776645703208359	0.376314965875684	0.0185475413782784	0.027610201134859	0.228884450561138	0.232559267289507	0.304533303069314	0.320512614302148	0.442581174811902	0.444753905708062	-0.0714575584490027	0.257743627868982	0.323323829784631	0.589427372869621	0.453003929793095	0.208733951229606	0.424941691189396	0.572795772733088	0.426028688226162	0.772237714806505	0.717230464226335	0.758618337168468	0.16695608602023	0.13790956009978	0.185888334245984	0.226267928302871	0.323806523634412	0.254776893660387	0.282136981210781	0.21125589963877	0.0330466325762807	0.0648601255735423	0.0074941468091271	0.0492596213353881	-0.0301033418515279	0.108945047550977	0.156570722710297	0.0662367440336476	-0.0431324914421244	0.11456821887418	-0.00660382749838746	0.199418886295199	0.213690715703217	0.145553626180049	0.41122726361014	-0.125994530333601	-0.0907073520755881	0.0282389995615284	0.0580840715239283	-0.00912144153979578	-0.0152381551837776	-0.0179935763466772	-0.0629758635434612	0.174574144976301	0.0827396704967008	0.0388298167970077	0.217399283671506	0.205807434562499	0.38338117736833	0.164991393650184	0.137420346192738	0.356638321057215	0.157233713641532	0.409365197189346	0.0584444080523081	0.112827015097177
0.135646311695039	0.140396967360021	0.122099274902188	0.283270809814133	0.269227924786653	0.300311286581943	0.231641551509437	1	0.600006095533197	0.266567346283519	0.0762124274077101	0.34472973683292	0.521849968956531	0.305275639677345	0.292616812738877	0.464130576345279	0.371426158090834	0.513836587020709	0.46256945617542	0.505461584785116	0.0103427896964486	0.382712766461273	0.491699361805064	0.303568114406738	0.573390564760294	0.221820017120157	0.410658649565068	-0.0276336299363019	0.126398338386109	0.241424800874566	0.400502692568883	0.238217135565795	0.338904680200257	0.289462892147501	0.125105051802153	0.128249827956462	0.147245310949819	0.462543462701199	-0.0138335132406375	-0.0517520771804732	-0.08954996796876	0.169784120593832	0.293816716042894	0.123898723823027	0.467777437892351	0.314484207455901	0.359498955371119	0.11756689432833	0.120352744519571	0.282554867011014	0.105851127849693	0.165427447111655	0.254872124586734	0.188334304054093	0.152711498118291	0.177748724820134	0.278595243749818	0.406601527911145	0.45564734379897	0.46029422994832	0.20923367930734	0.0482431747676859	0.273884150531754	0.271355173999417	0.26262913043265	0.290247896542285	0.30956797460741	0.497177333020684	0.413024093843445	0.52513969045753	0.448833358872686	0.346513484083987	0.499299975570609	0.523252238027148	0.315841652586136	0.318674191292668	0.285999964238006	-0.0987133971240206	0.0794411178702385	0.386216365693075	0.229062433850469	0.148773005235594	-0.0295408577377203	0.089990431397331	0.336730100628584	0.210876771756141	0.154652482217109	0.338163171728955	0.0851158116896205	0.217471862913412	0.101051128609892	-0.0391674137005805	0.134176941922791	0.242171113756248	0.245952639940606	-0.0725961329930521	0.226952866964818	0.0891060688873545	0.121120121837413	0.375066208889546
0.302832607733074	0.372981894459063	0.383620263000484	0.533636483337177	0.412847891920205	0.399919959328742	0.353056152041072	0.600006095533197	1	0.404897152319314	0.170276028921861	0.420059963221623	0.403453453650856	0.477345541661299	0.207780364500841	0.454318156495178	0.230514033287091	0.165392007122465	0.26670013588859	0.487145184162203	0.14599915323107	0.520217670946023	0.503278890761834	0.430394508113042	0.67119126197538	0.148629447926378	0.464529163603482	0.239473613172382	0.378810447128891	0.327081725295703	0.319862766748024	0.160664045574876	0.231913707241082	0.317150339607115	0.292259336721487	0.261930817010844	0.235034953740441	0.309479852381161	0.197151682643082	0.212564735676995	0.217534811901455	0.262861962899639	0.403285570253975	0.269023246765162	0.227228984501018	0.326379226083394	0.364111665615545	0.364082970721874	0.36139644436721	0.225498626882628	0.484789888097301	0.469663771163527	0.417822058693828	0.401288777856162	0.372068457646095	0.440389313379453	0.400377456452667	0.449735617599528	0.478365905730224	0.738189440037912	0.448017084615555	0.351998480091971	0.391159705764533	0.283253900461781	0.342197779444372	0.390502136938209	0.256146618302996	0.317592665058957	0.326682214966905	0.472691412096461	0.41743362742605	0.388076077171066	0.383046926134283	0.477280495819063	0.258568370106222	0.386806459049334	0.242129039916944	0.147541763140662	0.272254002387247	0.165047379090061	0.186706853477245	0.201179085719998	0.141733470334839	0.0804877408933889	0.293756277422723	0.219355850595965	0.145260901462945	0.355408401463985	0.163210578597338	0.259025947950019	0.185056874790841	0.169193080260201	0.211994484443402	0.272350956298493	0.273278912997534	0.224517382713096	0.309080664410339	0.252536159667445	0.209323204734188	0.311830213900266
0.124048863935666	0.182509740661938	0.228911499417553	0.352549025123439	0.302178187215211	0.348298288519166	0.283739253150522	0.266567346283519	0.404897152319314	1	0.442630392308106	0.679329731906989	0.484128970645483	0.245210074514624	0.249238216598551	0.394830468037108	0.34981040221696	0.198838767995857	0.243830715027933	0.269504362959259	0.0890417508713901	0.527710326414582	0.480711562599385	0.195814643930691	0.424276766990277	0.167370277876409	0.430309393042646	0.13954852014676	0.177452326732771	0.12044280068781	0.373009802129787	0.224020692882061	0.284350046091382	0.243176668118572	0.151907145085134	0.0500349848030962	0.170935446566491	0.261621577642397	0.11375612590315	0.0830458639987192	0.181267970900374	0.0857999751750384	0.384283521935393	0.139742470336746	0.199044547936628	0.32507117577358	0.381269679662262	0.277646106938182	0.328335707638067	0.364496884991523	0.325279937470845	0.292421127796829	0.382050607480229	0.416946824579046	0.43485515620075	0.243974422122365	0.239188248608002	0.29972916481279	0.355950607562537	0.435429990914334	0.503340520441945	0.397585729523298	0.509308586456629	0.217328018781465	0.401233318114878	0.302116321209795	0.278213390232393	0.406536567934167	0.20513880271963	0.454021089094403	0.452226328323154	0.539526073629372	0.345939322357518	0.465476067388166	0.231576744356922	0.361751183463389	0.414732082228274	0.0977340737477499	0.0717591822075405	0.296331147049546	0.319288731614346	0.442757182812219	0.124180932875959	-0.0521149932961747	0.294085166353313	0.160830696135498	0.209093409796451	0.307061848057654	0.0765599161051826	0.375712546551939	0.140858648187153	0.0335456613517407	0.125641620120048	0.237825253925093	0.30402876638119	0.267392582442913	0.22803648096492	0.110089776029474	0.125973210389055	0.407316682034222
0.0330832718910694	0.0440850155246196	0.0680164601974605	0.204437562343192	0.264039698295166	0.292952824176751	0.248224441210424	0.0762124274077101	0.170276028921861	0.442630392308106	1	0.425631320027183	0.22701280486683	0.0884778256094828	0.260368028090634	0.286621237373356	0.159814091620501	0.0131040754260626	0.025611234704451	0.0483296764983685	0.23873848757061	0.337365146297006	0.392215173213843	0.137610436747265	0.174946376332224	-0.020231866048368	0.349086941492145	0.179988508399141	0.0331480566230714	0.0351402056451249	0.187346413782576	0.22032225462931	0.0823608133047363	0.138118690662433	0.221997594532116	0.00922094828090021	-0.0394846174261577	0.0499013440997184	0.105243915191097	0.0431198287289292	-0.0265093363959382	0.110301412600729	0.425397520547629	0.161508739829751	0.155392795692593	0.227053259950276	0.26255105109184	0.27331180590006	0.147463141625318	0.283134294988571	0.207557810065069	0.104803158299226	0.130328851187696	0.390659858155359	0.412454189594414	0.207738648686414	0.297161444146466	0.0692346863762179	0.0741599228498405	0.173489475097959	0.309944548241397	0.331925069235275	0.355686402696659	0.253913055121638	-0.0103302569419014	0.0471797383456693	-0.0074795854599261	0.184639112977813	-0.0563983421997559	0.0888155700085845	0.219082434388622	0.259630866786384	0.142210775176695	0.163349725971484	0.0826016957593864	0.114901997707594	0.19640998288897	0.0427024789084831	-0.0502824040353172	0.0544366384660703	0.0593891391594714	0.250710988631777	0.0291826538665103	-0.0829221235058489	0.0847072883836909	-0.0395917588626099	-0.0706745936317953	0.142598453866972	0.165831266600601	0.0938313147242427	0.166200843333755	0.00736546463133143	0.119326328247783	0.127565412512739	0.26613949999975	0.312200254363048	-0.103472482977967	0.147099891140942	0.156331444340616	0.188940973830841
0.0998633789466973	0.118325574855755	0.189836885294971	0.308937929131152	0.292952543394642	0.391843815625156	0.287397268587005	0.344729736832919	0.420059963221623	0.679329731906989	0.425631320027182	1	0.674797624948909	0.230730050218318	0.2288706463212	0.312527848900506	0.328071045187726	0.0882205201361526	0.210713683810814	0.332777264591735	0.0533656611512348	0.513541111076945	0.561883458874931	0.0269421317421672	0.582361673560755	0.14678963213935	0.542266949061616	0.16464139532087	0.186605195774346	0.0422652888905933	0.248836623377272	0.231150980706119	0.360630192134213	0.264147096121135	0.129495179706984	-0.0339165913690867	0.00115457011505911	0.333010806747748	-0.045707858285795	0.0889208806977883	0.111124930980199	0.00958739507891565	0.34922682434869	0.157707557397955	0.141256147270471	0.396371679622566	0.48996745888287	0.246915997861139	0.280627086674907	0.294120342102433	0.349579938008375	0.222810089456043	0.377355132344776	0.469564658345073	0.510873417935468	0.318706049851582	0.399190003919032	0.353691512226169	0.427673338001779	0.509365737995014	0.707156825767737	0.655364518654209	0.764488820989235	0.336451613934582	0.317591566152973	0.444267276990176	0.295613992658025	0.478424383146939	0.279403858197267	0.544202736077584	0.720736348622664	0.635653068187928	0.484332227421802	0.585498838791724	0.37987877614769	0.447088113426517	0.392739453746731	0.0636539303561667	0.189888767101667	0.333054286382788	0.387595282299932	0.442195352658368	0.0891184877681576	-0.0544046157145396	0.314455330731975	0.213164367583625	0.0919032057336854	0.303929408102471	0.144066643069839	0.248230786325674	0.0816011142531963	0.0422873744986165	0.109393207842971	0.319038832472326	0.424951027093586	0.312574796687889	0.187034529612212	0.356579435799354	0.141419711477142	0.429449897846044
0.179713442445358	0.164353514458988	0.289324546899414	0.248341630270607	0.357108699752044	0.485992479969028	0.312761729203117	0.521849968956531	0.403453453650856	0.484128970645483	0.22701280486683	0.674797624948909	1	0.239156329004254	0.266249021034946	0.372318579843736	0.555401185568465	0.43909794684797	0.312863669987565	0.394194229376795	0.0626236485571771	0.496826165030745	0.637426446211466	0.181121978899674	0.520018756051842	0.235874282727041	0.560350757270385	-0.0676795987220904	0.252937198650761	-0.00508814483470435	0.47237433415292	0.403322646114194	0.622625327867808	0.31922936614265	0.106608304380891	0.0511539190104558	0.0535712758417171	0.404068050840871	-0.112779099639269	-0.127131912370189	0.0367856448895301	0.0435219218511999	0.240672331712728	0.192982143648025	0.370937687752886	0.429940236321093	0.601041957694466	0.110304595183551	0.177228628879268	0.208110007796503	0.310643338192993	0.261997522116181	0.419467392614489	0.447724316440346	0.407940251137618	0.27496809668528	0.326412254497293	0.272002910022096	0.3257417609648	0.41671109775043	0.561049466789174	0.520156173586241	0.655685374577038	0.450553726287752	0.297728181410998	0.468478489187599	0.361265276174529	0.497564907540685	0.312437507244508	0.422537143621747	0.67682770271871	0.639456707018073	0.480731273829566	0.56085196747662	0.43851306362943	0.480395762038233	0.419198183875773	-0.0675673386418461	0.295512897068873	0.447600902583207	0.437900580182941	0.50647488767021	0.0815794755036941	0.0673925717298034	0.472223933023505	0.2665542470397	0.122330051539058	0.310635170626905	0.242054082576755	0.20268256760318	-0.0103689373148717	-0.125287925678541	0.200728184168204	0.372083585970011	0.407018196263405	0.119744863473372	0.223458405263235	0.287409023276541	0.181091868734693	0.555002791868499
0.592380217616747	0.606812965239293	0.58580204303896	0.655947365932623	0.55669348696576	0.461326944481407	0.534774093960172	0.305275639677345	0.477345541661299	0.245210074514624	0.0884778256094828	0.230730050218318	0.239156329004254	1	0.430735077622071	0.549791692181808	0.142063990411264	0.150297356160144	0.419775298881866	-0.0218582280117529	0.00573399623636371	0.254943976177142	0.167490728853167	0.204612121461234	0.177979922961893	0.234051733274226	0.269586579972375	0.152732351080885	0.225219669937123	0.504111970424619	0.429857973752662	-0.082429990606369	0.0940039637859745	0.2181523773294	0.3593948909884	0.29544557252272	0.162468656724654	0.0334657903152203	0.0920630257915856	0.207145171503937	0.346283566343252	0.258510379480175	0.362440210325175	0.315520930868235	-0.113951186531663	0.0662659512850285	0.114842980934225	0.293479062352412	0.366122416731403	0.259192464410284	0.559209930698309	0.68377450762678	0.470881886757772	0.445145209057441	0.420441940188534	0.602519525167582	0.0299498977338587	0.142340694307649	0.334159572614078	0.308106057589387	0.258229546754468	0.113889172811871	0.171756903575923	0.0404649789200931	0.448679344144245	0.237070939827819	0.274433856337449	0.0138625866303863	0.267497877267288	0.130241180010578	0.183789224252783	0.0538181185255324	0.0540061929462072	0.163023155445458	0.241992382211724	0.367906158792403	0.297906837785157	0.0922771050943316	0.353023742572831	0.195781296822447	0.203261799880344	0.0698818817706512	0.200186142897954	0.15190475425011	0.108377353157396	0.330952246820054	0.0995072248447919	0.325460530529667	0.0764306852189008	0.204013085958956	0.114804832443845	0.215500614025725	0.365468251516492	0.130146344244023	0.236544090419716	0.130615087757719	0.316840876376058	0.437484415378314	0.0941439502379107	0.231512235954939
0.0951333796796163	0.262420678392495	0.220524824218331	0.444002754760426	0.249505840648168	0.365816877754919	0.403730805069239	0.292616812738877	0.207780364500841	0.249238216598551	0.260368028090634	0.2288706463212	0.266249021034946	0.430735077622071	1	0.257015168159068	0.180193442160463	0.152310776545059	0.0894938392848844	0.0897328058466076	0.0522530490582522	0.237647815611963	0.357798853963224	-0.0742348846325775	0.0700245620360584	0.193437661363339	0.270366002194395	-0.0706768567502673	0.120233905949951	0.0938926200295819	0.273498811967738	0.199629115635642	0.206582663261045	0.162930124576573	0.181328788493358	-0.0813665700994874	-0.105546339100569	0.0564919187819095	-0.00264971627274085	0.0509409444348812	-0.0725512209237288	0.154226772247455	0.346852867979312	0.331743532115898	0.145152729805762	0.141056697276583	0.355997999715758	0.242115422728615	0.104171486452311	0.390967602779074	0.302348900442107	0.328893489167671	0.407659325916843	0.350243973844029	0.298488865098521	0.296353182189669	-0.0148151092459582	0.0709187320024467	0.179486313473831	0.245676547846014	0.137333224786729	0.0427748556987749	0.244575391871066	0.118945146978436	0.224464450287687	0.055702844391206	0.0590140808886365	0.172470976011423	-0.0048409468896614	0.185438581925713	0.20710540941256	0.27160947434984	0.069571736550242	0.195747621673633	0.0541647400570371	0.213118357666399	0.177648621607525	-0.0316067749978733	0.181171467009819	0.0233314030593235	0.0431814515710868	0.0988378537311096	-0.081193183163717	-0.133857093705385	-0.0214406442787113	0.0230847771791415	-0.10474496661663	0.0262405406742602	-0.000388002501214273	-0.00651701735881935	-0.0447931350890247	0.00753320098937119	0.235859453871881	0.163890596240963	0.317385181988373	0.0639808330105501	-0.0639528605250695	0.175322888724094	-0.0119967601478497	0.216920519313697
0.339808854428846	0.350898547765157	0.391261186065053	0.479729334471701	0.489674728494894	0.536301370888363	0.542247009009436	0.464130576345279	0.454318156495178	0.394830468037108	0.286621237373356	0.312527848900506	0.372318579843736	0.549791692181808	0.257015168159068	1	0.472702948364994	0.479308467357661	0.622284949561971	0.115774199963236	0.159692887838732	0.286350027869683	0.334705936870087	0.457103616171106	0.281451167270877	0.193313963284033	0.310275255748604	0.0339957517268228	0.140079280288781	0.492562154632213	0.823852079193219	0.145151784593279	0.153684002964493	0.39959889885635	0.547619411377857	0.549811802676772	0.501602263643567	0.21221380318532	0.212404238426156	-0.0286523594393309	0.112911299690481	0.204005340647438	0.608883273614704	0.191249667724146	0.142521964655913	0.156672354274838	0.258222696874131	0.393005198270795	0.367441444382623	0.480153481410845	0.421764547296577	0.494576555384748	0.540838396852341	0.458850598804218	0.53039070402568	0.555686336092463	0.290660450030071	0.298375232133952	0.407619219199718	0.245900031966724	0.369286495769862	0.245340554445993	0.297689317744802	0.162630254820724	0.383310427564192	0.395934739441975	0.550893740996758	0.291105449820188	0.433064283379617	0.328571493599282	0.313370367704355	0.24617880761329	0.30382418243466	0.266168338344255	0.328594723209871	0.343172202999606	0.357490367706876	0.0797898272596911	0.250287242932034	0.41466441588721	0.300037219072062	0.224980449278158	0.256516569417116	0.306843743887074	0.308837964905114	0.408043042550579	0.472026303277964	0.677322414305962	0.175534581666176	0.211513680528636	0.340316509549631	0.0595586756029936	0.173922011668809	0.230149849785966	0.27936693831733	0.295764835714887	0.231144340553763	0.411165703174612	0.228246164495896	0.383137883267766
-0.0086734978523328	0.0290232957748085	0.0985902426724636	0.0950145471796677	0.19309682576223	0.268211169480285	0.0791664137573411	0.371426158090834	0.230514033287091	0.34981040221696	0.159814091620501	0.328071045187726	0.555401185568465	0.142063990411264	0.180193442160463	0.472702948364994	1	0.67919136602647	0.565452533284413	0.102512951432498	0.0851175549937491	0.204485459433547	0.376871156450902	0.196042808482476	0.232774434061323	0.0125849892585982	0.400487517240238	-0.273173528275027	-0.100867276156737	0.185541610474081	0.596166135566006	0.335345340266812	0.407172681198401	0.096942841380501	-0.0203159868794777	0.24878392945058	0.235915089955864	0.300097918163848	-0.154155500921014	-0.417774762329546	-0.213233313810223	0.0135952092249533	0.141687820975312	-0.0637571656276102	0.428893881826752	0.0651770615324414	0.353729905272511	-0.011480330065247	0.0481021559184021	0.382548829250649	0.104867996132317	0.170994452910493	0.21387556426203	0.185251696923729	0.205111351787718	0.024069669404779	0.0605781613083205	0.0625363691698841	0.162243315689974	0.167946027731357	0.272738737201156	0.152949557740964	0.378490493734002	0.0295825504466494	0.293021552063816	0.439016912346883	0.576443305986003	0.499193375041179	0.500616366775432	0.219767035629636	0.528127083947284	0.592741262002092	0.367193859972799	0.439742853600277	0.611432399912102	0.343949192995034	0.405264786739747	-0.211657457694693	0.0283899346819888	0.656375887435303	0.548228874932218	0.575681994548371	0.104838210851175	0.241875468902742	0.51723871993399	0.337709805560557	0.285326575451168	0.484880504612633	0.219385184184315	0.191925057173978	0.0423982686335151	-0.324976549866395	-0.0422846644876811	0.246325324716484	0.442128313038667	0.072577023475944	0.123923778456348	0.179827194060989	0.247302880170716	0.615854038876152
-0.0799135311577976	-0.0876866701499904	0.0021881066562092	-0.00292769332267423	0.0266921879267039	0.0784763398822588	-0.0494813796885017	0.513836587020709	0.165392007122465	0.198838767995857	0.0131040754260626	0.0882205201361526	0.43909794684797	0.150297356160144	0.152310776545059	0.479308467357661	0.67919136602647	1	0.620760928987527	0.107554690956723	-0.100256071475784	0.0932954737969462	0.259352589780915	0.310963262632219	0.14549585250828	-0.0352647808590747	0.210067991755685	-0.419336802889891	-0.217803714402165	0.293921164825021	0.708056706443898	0.305748996808031	0.305849731428392	0.0216199537437819	-0.105140692679239	0.255928833046468	0.315113946781942	0.368268968253501	-0.146534237444848	-0.414088697405542	-0.25870933412949	-0.00780066400451429	0.128732966170549	-0.147041768057197	0.444411034852569	0.0285204020206298	0.222719649503937	-0.189558514109797	-0.0912853208539836	0.318479139105943	0.0034121479941173	0.0315950424655517	0.196779250461283	-0.0554573498212368	-0.0460175095800822	-0.111039311804041	0.0978229866113993	0.10027163349065	0.283816941340316	-0.00121419091591892	0.146905210201788	-0.0444504778698946	0.135922859926428	0.0499490315417881	0.400209245096013	0.343654530089177	0.595506008702988	0.490449182263428	0.524269887105766	0.208460152880262	0.317092030736453	0.40316173389032	0.368912180463503	0.321078357856649	0.544603418955818	0.298480174401546	0.344558984411023	-0.205176466055827	-0.0589112552796828	0.744616531441096	0.533781939961076	0.444694826502149	0.113528512105865	0.359252691436534	0.513364811233575	0.47838959245873	0.390789968498112	0.467630825029404	0.296039197146516	0.262625895497432	0.0978498514564408	-0.245066457752984	-0.0284178099349367	0.294113994073993	0.36867941463067	-0.106402463197804	0.149270663160365	0.135260307461423	0.332997359050748	0.539846287542049
0.105330826513759	0.0952204489677161	0.136459475095498	0.186246393393684	0.142522236261268	0.120363655499528	0.151103764247179	0.46256945617542	0.26670013588859	0.243830715027933	0.025611234704451	0.210713683810814	0.312863669987565	0.419775298881866	0.0894938392848844	0.622284949561971	0.565452533284413	0.620760928987527	1	-0.0303529182961497	-0.15533470380327	0.04600870012085	0.178161638515728	0.141283155470078	0.135276281445939	-0.0390695651399648	0.198677230987713	-0.313451022284213	-0.213745694976712	0.376035186759296	0.578141099477065	0.0305312052080996	0.0305819620433334	0.101877593151548	0.037071411928726	0.394278290235647	0.195327759813389	0.256759535918026	-0.219804147941673	-0.410828930845198	-0.152511753193052	0.0446704806144396	0.171589272985309	-0.283159740794833	0.15971769782399	-0.120691484971397	0.0813370351398117	-0.0686487817581229	-0.0167802429432879	0.502093549643327	0.0814933087803463	0.14222931998639	0.296076794901056	0.0102757725773945	0.0747987714336164	0.144178932336878	0.0810740848911476	0.247863964236261	0.390654051010732	0.0379376243070903	0.0966627164836691	-0.0554915370292624	0.163959094372753	-0.0646765258666687	0.472206181631673	0.451725864071662	0.637397124881206	0.423785429366051	0.786677767991909	0.298964889036137	0.368366252071247	0.300934823919268	0.301427180906945	0.334483237915578	0.537245093619939	0.3237383540751	0.275023167705833	-0.194754308971782	-0.0170321936583245	0.6400216776673	0.41599822629051	0.300776406493571	0.118393665633057	0.120310447437391	0.322892815413117	0.456286281115742	0.252683223087847	0.469429501317007	0.149965238376922	0.246586468288455	-0.0496929829203764	-0.291205741604558	-0.114032655762395	0.128415914838164	0.294982039874938	-0.0142677472137439	0.0735230838403312	0.282301683219803	0.252414545268128	0.484488074483215
0.0391240472189757	0.0991736061872235	0.162180890486886	0.205697268287266	0.0863857092460745	0.21846655065109	0.114227230689693	0.505461584785116	0.487145184162204	0.269504362959259	0.0483296764983685	0.332777264591735	0.394194229376795	-0.0218582280117529	0.0897328058466076	0.115774199963236	0.102512951432498	0.107554690956723	-0.0303529182961497	1	-0.0624236074537871	0.376992669720363	0.410491315618438	0.11829067232951	0.666538506312501	0.0560005391861773	0.296141940861352	0.16918775766803	0.331502944442448	-0.0446900109725183	0.148396982557937	0.31321510696595	0.419390513277263	0.28206663160683	0.0249491085812667	-0.103724493971884	0.150889124623442	0.46924225156448	-0.00803931031653986	0.0164913533117045	0.0356353659028547	0.0398571809159049	0.101190400764324	0.161406926980692	0.474485653842635	0.411822312791287	0.407670801757621	0.138540424316901	0.0819283793510414	-0.0157436533586658	0.145555099919351	0.149913705029045	0.121511388692057	0.180233593663173	0.095747467037468	0.137790825127555	0.352357378321526	0.458989805106243	0.199105964809277	0.56255825741987	0.27108319117401	0.196951361305402	0.286207482635747	0.305026037951054	0.0553775432810039	0.0848024321171749	0.12967825943778	0.308125683132633	0.04805512164244	0.554507880875066	0.337799571122407	0.356186407635465	0.431135801444951	0.512948824644839	0.12797063859038	0.174104659649668	0.172431601174063	0.0739512693894631	0.237457387127199	0.119987899796959	0.161683013613339	0.158426988475199	-0.0424067693602843	0.0160561885944074	0.382008342261294	0.0988199431028213	0.191572916372469	0.189015399434107	0.177986161791956	0.128064188897804	0.0390721053525754	-0.0185057970312952	0.141255393010781	0.271336268497796	0.265652229072003	0.0145978681291963	0.135340235595551	0.0104071462554519	0.138093909041504	0.24660319646111
0.0370619545586451	0.0815928131953137	0.068668443703462	0.193247057030971	0.248425769049742	0.208141041899585	0.275874210741067	0.0103427896964486	0.145999153231069	0.0890417508713901	0.23873848757061	0.0533656611512348	0.0626236485571771	0.00573399623636371	0.0522530490582522	0.159692887838732	0.0851175549937491	-0.100256071475784	-0.15533470380327	-0.062423607453787	1	0.160336960015204	0.163412005833599	0.325739188943695	0.0755188886738122	0.179522392367542	0.0884892841002407	0.143247277495252	0.112572600735726	-0.00142279217588575	0.051729730032809	0.2578903042744	0.145877128879282	0.255828455210167	0.318074233383605	0.109972396603862	-0.01245836826997	-0.0643213794936118	0.226843410067121	0.0659966511660944	0.116041606332354	0.270048922815229	0.436651207383975	0.359036795047543	-0.0320590276937579	-0.0335876354052058	0.255664898034837	0.280071831254181	0.11703876709283	0.0126536908821053	0.133375376108944	0.190054852693644	0.0571401681151309	0.254266684203181	0.218908638315645	0.23690043800527	0.138736002462428	-0.0257881684627709	-0.109233452685013	0.114044174146435	0.104770973620345	0.176613270738967	0.0740703701223984	0.263531817005942	-0.020805755032574	0.12963626922902	-0.275296566835042	-0.101319462716246	-0.24778383263087	-0.190738843623945	-0.0239023450989583	-0.0891835302291111	-0.1230836438183	-0.105514865459096	-0.235432916729614	-0.195016357197337	-0.0823562069427742	-0.105475141412329	0.169819929296853	-0.320875815703087	-0.177385186510709	-0.0208189925710178	-0.0998170924269703	-0.0702359929427042	-0.0811710774348259	-0.281356172997034	-0.034679956876845	-0.100419572595047	0.0950397971871897	-0.237690763091564	0.165563392063241	0.00730657056965369	0.172642702712	-0.127061753659522	0.00672552510360733	0.0538265314968858	0.0279154519231427	-0.0554180887887007	0.0185922847606646	-0.0464992423052507
0.191468043659041	0.317037226156492	0.358304447063979	0.441421159535019	0.498327811541851	0.569689995425149	0.458198437647233	0.382712766461273	0.520217670946023	0.527710326414582	0.337365146297006	0.513541111076945	0.496826165030744	0.254943976177142	0.237647815611963	0.286350027869683	0.204485459433547	0.0932954737969462	0.04600870012085	0.376992669720363	0.160336960015204	1	0.527813389915564	0.206639049402027	0.462442212844657	0.280026204102075	0.43231090884045	0.310967560103233	0.611735496371951	0.323160941852626	0.20003835106575	0.344252749029355	0.356672982641938	0.428866294420271	0.314521552795955	0.0896582683352987	0.129392354873088	0.263763052989893	0.24274602951773	0.20894044560603	0.348369168352671	0.394072777200988	0.312757988696536	0.341280209544907	0.265005445665641	0.571555311965222	0.488099140305241	0.408884898806577	0.399655199321655	0.208001733600392	0.333891802591757	0.395102811114131	0.326829094525689	0.568255974633556	0.531898733789822	0.307682931456575	0.378987007978977	0.269372210558404	0.257186936085687	0.48691768019182	0.408417667043587	0.376737978676417	0.35207981962257	0.372260657776935	0.266794946065947	0.200731455017633	0.0742850908047451	0.394098104433267	-0.0343520158028611	0.314411582869093	0.369834731253359	0.396475969229434	0.2143265974374	0.351764149785476	0.0827256046826975	0.14591428522072	0.340685303458304	0.144351911482495	0.320663500059721	0.128907053698943	0.148839403892874	0.281301776352678	0.00785829312011329	0.0308210976045046	0.299602629998752	0.0893823296626138	0.069035978732562	0.161119342681972	0.175991465021116	0.226584710331439	0.180601670997789	0.0888758665125171	0.231559950228413	0.266237869793999	0.210731110535074	0.28965931314196	0.259692971993925	0.29902271754216	0.0690250250580453	0.204498247064597
