1	0.791523814716655	0.68373197116221	0.54701473817242	0.540259193493869	0.243079576510347	0.475829277710132	0.188045368702779	0.362335142076225	0.190505830280857	0.147012323031464	0.263128366701763	0.192263217354241	0.617373270670102	0.278868650128254	0.431879056832803	-0.0170669459779643	0.0456664568823345	0.22544728571098	0.206648563181657	0.224730623345153	0.243207772923952	0.187261870811683	0.178376616216735	0.360539669934204	0.24102342430301	0.373684279020568	-0.0786725373929618	0.0724651689153865	0.413106397552632	0.266894750190359	0.311046711995471	0.214860495857058	0.377104782233259	0.413582168889699	0.357003162078573	0.405467893248053	0.135515297320773	0.0533195295448453	0.0102196794600493	0.161106812924665	0.316403880695345	0.243997462096868	0.353437834221787	0.244203812918231	0.211100891958041	0.381824768742204	0.00795622185770234	0.146680210080072	0.188005952995222	0.524806028523935	0.805001541829648	0.31019022734922	0.421163399864362	0.0921388342533879	0.520090849983368	0.116022156640147	0.184027820609406	0.283858851866799	0.430225601593987	0.282562462725312	0.0667237360243418	0.262732436373337	0.217067779553945	0.440906999549086	0.165218715971185	0.385805715053629	0.224539597863839	0.290084619856635	0.305513360173914	0.117165053092801	0.33264714633661	0.246012341202815	0.427600399910375	-0.0761795863172475	0.3182428810592	0.441659890092027	-0.0494840645444029	0.0392399422843278	0.236639140296533	0.296231820353151	0.201004049940372	0.173245558447024	0.358714250004038	0.348260695443028	0.454511160633855	0.344015546074514	0.38082003685239	0.229480482393053	0.261623330627173	0.147832668348468	0.00773005954255521	0.456478973776675	0.298870901471547	0.403000091235477	-0.0402688063655924	0.123952420357933	0.160976197534145	0.522304066520784	0.324532489345389
0.791523814716655	1	0.655835614909886	0.702181719154836	0.488212481702255	0.335771838094333	0.551913001812519	0.164705269974574	0.382158679598204	0.267865178684932	0.266253572063448	0.297111083215288	0.0891745026938231	0.470086938075146	0.361779117107632	0.335382610752414	-0.0312475549390905	-0.0397642792969378	0.130598829693227	0.181492733843588	0.186081160778018	0.33560416273418	0.168085715775657	0.152616760766348	0.330655699730464	0.179141310419506	0.292343027171047	0.0342874962546708	0.0853213741154097	0.265836475741542	0.111055227856922	0.190674102711043	0.196652855794951	0.283941742315903	0.472493057793049	0.245914516768168	0.348193047736931	0.133517704692692	0.116846136441197	0.0979867350672011	0.216514253966724	0.284483519580943	0.245270100557074	0.336727953203619	0.180101948767971	0.31437383917026	0.430633764699379	0.179188921485057	0.220995451254817	0.262786635187201	0.415780287296453	0.802928237464799	0.408974334002693	0.50094860940767	0.184278942587092	0.523936151860991	0.155504236364447	0.259535226540195	0.312047612745147	0.461360314106062	0.374366548423516	0.17524063081952	0.314183080598959	0.229059747434885	0.276122113627916	0.22691586905311	0.195152567661353	0.111169154509478	0.190883611732884	0.219462648795529	0.128455968527313	0.351395145741675	0.20142570135356	0.385469691540745	-0.0849718213993367	0.159389976657854	0.279802045584353	0.0578220044596358	0.0816600359695007	0.0338355365904093	0.0935070787696606	0.0617719071729049	0.159513910506259	0.227391650716201	0.162495040221158	0.302740704827752	0.272520204785997	0.333510111638698	0.250268436784383	0.0949413336865129	0.221335298629692	0.109437548743604	0.351393213643957	0.307042593151348	0.429755009553301	0.0902372614760578	-0.00625411320778627	0.255128189776368	0.544641477718972	0.403874968715783
0.68373197116221	0.655835614909885	1	0.750932948465967	0.638084353141384	0.605260644725893	0.73183686485573	0.184007828020918	0.491927954583915	0.284901385756014	0.336162469561989	0.336616904928232	0.0732948917258035	0.567704213331816	0.479910763691374	0.540533792557563	0.0781794000210061	0.134611283429733	0.266987311823678	0.19109169061363	0.360960174241542	0.416421782835307	0.277816554342736	0.402150090125348	0.301740857955311	0.355316126513104	0.561688835212642	-0.0693279334294077	0.160357472387928	0.399470583478386	0.26205777561981	0.253442189701709	0.126352816684406	0.395842776133551	0.524727821026781	0.386553595621071	0.581084320919069	0.0777406669391747	0.0693452664491971	0.0811838560937718	0.180793429595038	0.35046343602138	0.249019537439705	0.421913557399414	0.129303043014078	0.471306402613791	0.491497966475293	0.0977144507034728	0.308813522621558	0.382286926416649	0.58854395648138	0.698382451835171	0.481477637423383	0.752767508964403	0.408987401011308	0.788916016644296	0.271948708747474	0.352911800922071	0.404938528855245	0.540119528952677	0.516621801532199	0.163469820301947	0.456677072298025	0.231961150876782	0.48920959468014	0.248640562598185	0.392427593664779	0.183576023544852	0.486472927615398	0.30789026075465	0.0900850323265081	0.508022041230424	0.454374348417408	0.501379630532066	0.00724384642031387	0.44634184676976	0.54725534438105	-0.0160319337258508	0.293351882091674	0.213322809330763	0.27151997185821	0.19760085146014	0.204196420481499	0.411119337144974	0.315798063791381	0.460561045221063	0.518182519989026	0.598071864499037	0.408368358016858	0.230000954639439	0.233600963416928	0.107901749324762	0.475534219209548	0.471472028160871	0.48086968453745	0.150456257212295	0.204019942226517	0.312510290603577	0.597266028387643	0.509108912305532
0.54701473817242	0.702181719154836	0.750932948465967	1	0.526843326932236	0.642498977264076	0.804008021372623	0.177211868637568	0.481895236954239	0.41813819998024	0.448884319943069	0.409944911038238	0.0119809416567955	0.415823456632015	0.529187089362008	0.423293762980418	-0.00521188956761403	-0.0191783885951099	0.214707702716773	0.196839424901457	0.304558633954858	0.463360236591368	0.274850850311439	0.255885542359882	0.295331416214763	0.210200238824703	0.415856464637887	0.0774875456296918	0.155077083029238	0.184932296887247	0.088578246821658	0.0892248121821686	0.0769971167529995	0.410813964364653	0.509171936713429	0.211527716219675	0.428356515486536	0.026959588737443	0.156026880210731	0.17718637155546	0.138764800080914	0.193846965471204	0.204696188076754	0.403829697974604	0.0913019492199501	0.527142061969841	0.426109293295666	0.254005043950694	0.208113308416405	0.425959682371667	0.487822924250473	0.639788525633777	0.571407784975008	0.74234536821485	0.440171442242414	0.828720869623937	0.300180022806947	0.397856856610748	0.41793056556666	0.535227661991081	0.601922267510826	0.313490587296034	0.481341061341793	0.226316626287881	0.290060916797032	0.34148659620628	0.192167750602688	0.092702803811926	0.359427032602853	0.237596761583618	0.130964021699227	0.526991533932582	0.329284923028604	0.40212896215547	0.00702356940160458	0.262490971310517	0.427772162131608	0.15013766398956	0.281967010354068	-0.00798273034334635	0.121905633777302	0.101990475680597	0.182589497149698	0.212760667647522	0.142372478343324	0.333890534962338	0.381441346418393	0.450876855018626	0.417132811893085	0.0240784279582659	0.281401944562499	0.231039529075222	0.36180854718733	0.403980495619247	0.53731585201268	0.192364185502012	0.0139554216243024	0.281559417599214	0.511993699168711	0.572115073356072
0.540259193493869	0.488212481702255	0.638084353141384	0.526843326932236	1	0.667336782544105	0.620976558056239	0.263556536579732	0.47807465135062	0.208441120834517	0.303185660838933	0.288574015258128	0.17271379390231	0.545684612697844	0.372764085577229	0.544227421035223	0.131096792288226	0.187023810069935	0.369906811054188	0.351529286760045	0.32060069764961	0.402014518776717	0.245618221708564	0.400551484445974	0.391342222875314	0.280449090656652	0.448696564711006	0.152806920112548	0.146678151107202	0.30658351553083	0.278505256040519	0.2442991255639	0.107027847127079	0.2956470269203	0.532863237791013	0.351504066798504	0.480651714086941	0.0961262230626313	0.0776687545861409	-0.0459546504263203	0.117660067421392	0.285229489933604	0.217936879941827	0.258782236113024	0.280152531265485	0.304577607086043	0.331247446063509	0.187573215953274	0.338318690665605	0.32228704105221	0.597527684050537	0.563774819067903	0.420591886080247	0.652823048830224	0.442775665038657	0.573141355134751	0.385117371087406	0.405955867707332	0.477495714628003	0.523632357047019	0.36649032332498	0.208412846264003	0.279378277533	0.255436281019875	0.407883495369861	0.202810941421295	0.351778358525485	0.247096018933623	0.440715708538998	0.478851555439485	0.0624675522570384	0.46849660746383	0.463264944589987	0.482406185380197	-0.0322629512903261	0.395675027755788	0.427638061329097	0.0908069815340744	0.174458084793781	0.233923373082483	0.255071514781309	0.293007137116473	0.155045914657209	0.366962468550346	0.339403441873768	0.38098096716972	0.497837187846642	0.479929188506225	0.354373644151415	0.259340265301489	0.206460910484683	0.0430674348855014	0.329620182325856	0.309976242413633	0.397502408374973	0.111416845247535	0.284650161407226	0.259641268680803	0.46505918038414	0.456272290379999
0.243079576510347	0.335771838094333	0.605260644725893	0.642498977264076	0.667336782544105	1	0.755557055380166	0.379069882047344	0.522588937294411	0.308355129453748	0.375294947834026	0.327744185311506	0.0952004926679994	0.35288530304007	0.51137942207452	0.413681753081689	0.222032945145931	0.16679642216155	0.362690635616452	0.382603429724185	0.295123919128437	0.461174457403581	0.289182013333782	0.394849777481585	0.392183389577397	0.218005193325049	0.498350567704556	0.2456820106742	0.271422977559475	0.111231528007657	0.102000769770456	0.0619777883875884	0.0519788505360665	0.30497494906743	0.453760794755832	0.280829468794639	0.385809925494424	0.0143904996778393	0.128969397197432	0.131171288456333	0.0941381999948417	0.079667391473103	0.130127122012617	0.250572911750598	0.0851433293946887	0.528250917853668	0.388115141526713	0.383183442830416	0.224970237974762	0.388141834026077	0.376880157264172	0.358215827080557	0.559669723879238	0.776912999164987	0.596915900225376	0.644292965949727	0.487682886706573	0.481299453744041	0.498627035096561	0.483762103580966	0.515601959691792	0.269914704803866	0.439807343528174	0.299440314982954	0.367951747173801	0.320570320606908	0.209295238770784	0.261253509148391	0.509189866058706	0.4200684128649	0.132094706671766	0.544727284998633	0.482289836195519	0.457880794678375	0.167136037067817	0.296401927907764	0.418527767331227	0.191980387170026	0.268541247137695	0.130592307921542	0.110597101272876	0.228228421262796	0.110078628891264	0.212078357520365	0.18549484199341	0.239679527327515	0.395377322720634	0.41824188216453	0.457021651122748	0.153131423714296	0.206264023488849	0.206173765288845	0.321948986772362	0.426621334508404	0.394856708391345	0.312763814404093	0.143923606920906	0.306233665811384	0.370493400150619	0.523585104198993
0.475829277710132	0.551913001812519	0.73183686485573	0.804008021372623	0.620976558056239	0.755557055380166	1	0.304092358063014	0.498510317062811	0.383687540604812	0.521061636409386	0.416861206200286	0.115473236710105	0.451509543331016	0.46674665662126	0.499683111534114	0.133277815451012	0.108130231296392	0.26526765574314	0.199428626207462	0.404460711889772	0.496705781560438	0.443403201160585	0.29439232394291	0.398293786326135	0.209441624334126	0.457422410392165	0.18515936834979	0.243365256065947	0.238852957049537	0.190982759225355	0.147360628703281	0.116617572507761	0.350686068655591	0.729332767072586	0.318537953775264	0.501305268356095	-0.0171726218814824	0.2478455062619	0.249238793792808	0.117986621266414	0.169265947945422	0.293933094563314	0.40759821234715	0.126694251722584	0.60706135731294	0.461118837332934	0.385443065257266	0.194104599802337	0.472636529620673	0.470173980284273	0.530265429353944	0.561987243269045	0.722730906097712	0.471454601411337	0.814854303705933	0.474441776028062	0.483789925143323	0.52218859495152	0.520853831823872	0.560667406554846	0.462013557583044	0.492927393541487	0.304380668370971	0.318701578421437	0.374003378942793	0.269854857600011	0.249582722791109	0.44200555446611	0.328281436653325	0.192143589525905	0.579469522652964	0.272601997734012	0.380250425044648	-0.00782640855671468	0.34604566007445	0.520353113658661	0.201547320088024	0.291476982551627	0.120003849841056	0.211429405767546	0.166275804365705	0.203323487759816	0.246306269282148	0.231814336936138	0.378324607105999	0.480449814264845	0.519983587985824	0.376195034717826	0.131216921657418	0.346288820462827	0.313109859508727	0.408068424281153	0.46287230366364	0.510768695347466	0.215968730741682	0.0873612941953889	0.313186197799839	0.437849629546594	0.506650746856471
0.188045368702779	0.164705269974574	0.184007828020918	0.177211868637568	0.263556536579732	0.379069882047344	0.304092358063014	1	0.542224897792844	-0.148221103446187	0.208691123213005	-0.0565114282963691	0.437629786887093	0.395650461572627	0.173083990580954	0.460669913419183	0.45911713490657	0.583958534819783	0.628368641030796	0.611416352484603	0.122112020022975	0.0282966075762098	0.181889508098268	0.205681151697479	0.605240262792662	0.464611546418477	0.407252582705277	-0.0105945110495705	-0.0280093717156864	0.180818165540822	0.355333372698028	0.240624663423704	0.330397231259066	-0.0805695504141849	0.171233476268185	0.408161950433723	0.0983775781135924	0.116889884247352	-0.306113215245402	-0.23677334700759	-0.29890453221802	-0.0667559842252746	-0.124607978416892	-0.0616410955259691	0.206825039337683	0.194376890313012	0.119633705829325	-0.0622113419528702	-0.00544267378596713	0.0694805422777162	0.17381172828558	0.184122276965367	0.203287109230719	0.283382245207686	0.149712655827744	0.201426305938716	0.406722819488238	0.287561525761808	0.454364827315435	0.3085640938818	0.139287457915142	0.115572860823299	0.235547183146931	0.474825791783756	0.349284328970535	-0.0815877764290708	0.305333582260157	0.55612405377122	0.499472984016458	0.545416810129064	0.420570366609643	0.207462281416223	0.172973766666025	0.460967199008458	0.240500673407377	0.488457442123947	0.328534387876983	-0.0639485204570317	-0.0274794765097448	0.432639137361688	0.199565312231714	0.485114060212036	-0.269178958886991	0.300084886066901	0.309694432056115	0.176691939329596	0.170587954968643	0.12276750860039	0.27649780825732	0.318629785940363	-0.269762923871255	-0.270609480067113	0.0114569119538669	0.0717019407643887	0.152337396629274	0.0926103408627536	0.0240133723295242	-0.150878952822884	-0.0322786902734163	0.210920210992983
0.362335142076225	0.382158679598204	0.491927954583915	0.481895236954239	0.47807465135062	0.522588937294411	0.498510317062811	0.542224897792844	1	0.0263713161872622	0.222465781141275	0.129434075102825	0.0942084381291473	0.420267588158513	0.434240673148639	0.516559405253359	0.401751359627358	0.314771783520946	0.618033176643983	0.595202760286411	0.276038132278012	0.391040962931202	0.37396780765785	0.480278878599247	0.637935079834088	0.362545265572241	0.520088408366216	0.0950343765833127	0.147933708050791	0.227726440540414	0.20373353843536	0.0288211611485753	0.116836630824485	0.205825052356163	0.343814625454247	0.338914201044485	0.533451569989931	0.021581474372606	-0.0835874412906424	0.0286261424689661	-0.0884172763473271	-0.0254189236653683	-0.116167215961514	0.133294827377118	-0.0705632749086898	0.351334228984185	0.275178201642562	0.101921528912939	0.0927925481155212	0.182902249136824	0.335683513767537	0.358340086789364	0.460313628807889	0.513063620762621	0.334567367080881	0.50047151501226	0.252754525689431	0.409803618613113	0.570896286224414	0.811951277686897	0.388093205624063	0.204074421831452	0.373397468674562	0.283788705666026	0.477121183916021	0.0844008897535469	0.287441061639406	0.336106127346679	0.675435412947415	0.510093587542383	0.221121272457505	0.49043615602328	0.43862037146692	0.68114328605832	0.393591773068923	0.472787713401785	0.475908654104246	0.168941993637829	0.130610911948814	0.296035282844796	0.246372374508297	0.37164396891147	0.000839105213903224	0.371189117185548	0.171387764471651	0.360775388554243	0.491728967990726	0.475091308110787	0.536322764113383	0.205315436043762	0.0699012983466127	0.0579800164498695	0.260069848907327	0.180739354982769	0.363919859470194	0.194673369507923	0.235312446184527	0.098871011966821	0.263699940402763	0.366111448001521
0.190505830280857	0.267865178684932	0.284901385756014	0.41813819998024	0.208441120834517	0.308355129453748	0.383687540604812	-0.148221103446187	0.0263713161872622	1	0.403379581835444	0.601303813737898	0.0368335854473542	0.125186007751342	0.327031429594912	-0.0499031767258102	-0.211488268489137	-0.314047762993402	-0.236640557331909	-0.0773668706615778	0.17501944415826	0.452176683966811	0.213018576195974	0.145600359687923	-0.0220637398080537	-0.0441255566564523	0.190262858018353	0.0847191858602088	0.191068217744236	0.0804961835990571	-0.229861328084093	0.0407013551669601	0.14286504102338	0.265922999610626	0.244622448612179	0.00444408243574739	0.209147067212885	0.0729423074356647	0.475396303941754	0.436531839416888	0.380552825158586	0.350090685426338	0.387164393270386	0.478577142305739	0.0751570015362707	0.30361157389069	0.334664483319722	0.430252362458483	0.2015629250846	0.511568408681023	0.175221418983097	0.272977443121221	0.389339086198085	0.283970117718531	0.175687279993573	0.361758642901224	0.263063587959728	0.266368367259541	0.0197501112184255	0.122398955115533	0.571988372277382	0.344123747675371	0.367111896624231	0.0826390426758402	-0.0537369998660054	0.500747268013571	-0.0812630006124925	-0.0645740475838819	0.00713449734368378	0.0101219111100696	0.0583580103573552	0.384105153376445	0.107549330989378	0.0712379732493518	-0.0503100047358711	-0.0775341614733184	0.31701657022175	0.153411438791604	0.222054370992818	-0.279183821181202	-0.0184688300082616	-0.105802586926153	0.364169182271915	-0.102102731125558	-0.0790103012168367	-0.0114482765710609	0.109940026794454	0.143006535432058	0.265720253166007	-0.0550214440041744	0.437047666906714	0.393672571077542	0.348990367423153	0.415226614985476	0.305163804154627	0.104383054333663	0.0313174605553648	0.32812052831803	0.410575675223581	0.443942367879797
0.147012323031464	0.266253572063448	0.336162469561989	0.448884319943069	0.303185660838933	0.375294947834026	0.521061636409386	0.208691123213005	0.222465781141275	0.403379581835444	1	0.472815218034039	0.189058622235822	0.356354079642301	0.355123321297972	0.360596726945364	0.253527420520582	0.212920472383161	0.192041056964736	-0.0369845856976772	0.395779275454535	0.516455020261457	0.420315902298761	0.221759464771097	0.199835142538336	0.27727464670873	0.39827462856421	-0.00164430522249247	0.0815280912346092	0.33790053138766	0.169638975096147	0.214274388448891	0.222856018241876	0.18689876768792	0.469085922278783	0.388975599782677	0.31788682731607	-0.0494750753113313	0.21393838023605	0.123931988747867	0.153443536138422	0.26812832586362	0.291583820181794	0.262021933149248	0.238167675808581	0.430117710533922	0.370280302795297	0.226189624613156	0.2174173128591	0.468272866175856	0.302723839947995	0.295370143878465	0.377804427101275	0.342635579119049	0.244125954446489	0.456734168852744	0.240341902040519	0.244982570726211	0.176043820881941	0.174022653392728	0.513726710238826	0.559388582334651	0.323460091247915	0.248458840629818	0.151098819041369	0.399464868822716	0.263171193311169	0.103089806156902	0.289723764392182	0.215798664643582	0.329204821363396	0.444535278005221	0.137807639281165	0.210804172794311	0.048783045916442	0.25126149912458	0.454605716665221	-0.0564203161446782	0.209494827189986	0.111444127749262	0.183750308604737	0.172190456039307	0.0233128651440872	0.238209007506612	0.221383583380736	0.192976898951957	0.259475180010338	0.371963172637723	0.38753595870661	0.0607548269694349	0.213962764426146	0.147436887806685	0.19586916269939	0.352596962921698	0.439778741736416	0.184229061111453	0.0256279712172328	0.118463944317398	0.129121915325311	0.490837379770252
0.263128366701763	0.297111083215288	0.336616904928232	0.409944911038237	0.288574015258128	0.327744185311506	0.416861206200286	-0.0565114282963691	0.129434075102825	0.601303813737898	0.472815218034039	1	0.302604335917744	0.191493415183389	0.234837179672652	0.226319600462461	0.0273544615485594	-0.0556416177835908	0.0256306991843067	0.0249426372915957	0.292518651757832	0.552920707160107	0.553056413520648	0.118993962250793	0.138865371499917	0.0950830344597412	0.375453181251474	-0.0995999232938814	0.113688054922498	0.259436410060968	0.0227037406684779	0.159581425458984	0.321026710813524	0.341395546220121	0.313860918784897	0.277975999266421	0.276560819970611	0.0246694201034854	0.214162340300508	0.107116042192301	0.195142608024085	0.0574215399539491	0.092802505259504	0.279271906427193	0.0772922016175091	0.449814062133563	0.35651305464987	0.261731296616596	0.283357230419081	0.294785832918926	0.203734978960396	0.364183937681463	0.380869515077609	0.332926390406013	0.274939273178168	0.436416519349449	0.224499919977488	0.139211616087141	0.0605528740557569	0.208084551993478	0.656996887010113	0.462309207380492	0.556567476546873	0.246545149204322	0.181988615403621	0.366723361853233	0.12532114768096	0.0597811929980032	0.131356827235124	0.149863647997575	0.205348546385378	0.590553606499956	0.159992643766461	0.251387576447455	0.125384207349587	0.116823996217334	0.478415173731565	-0.0789566704201856	0.128416843870648	0.057226375240493	0.0744818660396725	0.087801919815792	0.184650976266728	0.167017681970165	0.0505481863978001	0.136897313869033	0.236592812582302	0.369944911840167	0.47185717506271	0.0114783999039341	0.327980164993715	0.146323568670045	0.242132667838168	0.358603013017694	0.418916749094816	0.213437212113317	0.148399848121245	0.15674563090842	0.376500415273726	0.488886011376794
0.192263217354241	0.0891745026938231	0.0732948917258035	0.0119809416567955	0.17271379390231	0.0952004926679994	0.115473236710105	0.437629786887093	0.0942084381291473	0.0368335854473542	0.189058622235822	0.302604335917744	1	0.158259738622068	-0.00391992023981066	0.275736066462989	0.30731954730825	0.395042588847394	0.270068062126946	0.285312124533591	0.153206115028413	0.0421777813552823	0.134607348756914	0.0300155099981957	0.356187175331924	0.183718002025444	0.22903999669539	-0.206927016021846	-0.101030454694055	0.209201943889627	0.305857418759739	0.304373412972402	0.510853450873002	-0.10369159371527	0.181924552877318	0.30493323455285	0.0291441405076131	0.015940648816983	-0.0647005984294884	-0.264552973831424	-0.0136768393919749	0.0947815707768346	0.0660227233323896	-0.0435481287323519	0.307392407620714	0.0486665284025605	0.0691501183413864	-0.0981496487170081	-0.010959454851899	0.0737607404760311	0.0500185935864208	0.127853612555661	-0.0376147891768075	0.0449035465271286	-0.109541076124198	-0.0112003710840224	0.392386297810219	0.0997942383614356	0.118178450312297	0.0146373487261231	0.0764201054241828	0.106319833568853	0.24400244627914	0.467784617945977	0.180693001282571	-0.0711164688361273	0.189991297079517	0.384740484598122	0.153982949947262	0.294299240106279	0.371098540891132	0.121097683766359	-0.0362792960452591	0.208550334868099	-0.0403531964907988	0.249981669087196	0.189535574366918	-0.264783894352167	-0.0209031186647222	0.290021619777344	0.0759115684772468	0.109189308001194	-0.153444577215322	0.186321416129425	0.168733253790045	0.0865521882860617	0.0189872004479773	0.118245868581669	0.0920839005441845	0.224848057193752	-0.0623763981516405	-0.277862590829362	-0.0453804039601427	0.122603170796466	0.0606845901137471	-0.0375931645498742	-0.00939408915590214	-0.202480545601345	0.11292671522407	0.131757582726277
0.617373270670102	0.470086938075146	0.567704213331816	0.415823456632015	0.545684612697844	0.35288530304007	0.451509543331016	0.395650461572627	0.420267588158513	0.125186007751342	0.356354079642301	0.191493415183389	0.158259738622068	1	0.376427338157146	0.639738908776158	0.282960326677373	0.306410681230984	0.450019233008404	0.27946828615003	0.405378796414944	0.252429301966012	0.361945734926555	0.227976709114566	0.443137557701909	0.484256149277603	0.543431913670821	-0.140728952555647	0.0484894389053831	0.635138947255202	0.463271731464401	0.515372397260148	0.349052775784498	0.28409086986388	0.413249197102461	0.54815884513592	0.41334398561239	0.0671505115970679	-0.0801649810398452	-0.161864464527514	-0.0445891133681842	0.360508402956026	0.206638401887595	0.22144920232967	0.288806589343554	0.351528871843181	0.411585489617141	-0.0553825214629317	0.166390588667675	0.306169063642243	0.607354136379449	0.645698370671336	0.358960992568722	0.393784960895688	0.130050095911698	0.574699633374144	0.225934463841797	0.141976732742618	0.344169899097342	0.364719481276531	0.211514635443908	0.0758156294233299	0.133416795383195	0.270054949843337	0.62553114941306	0.19586589004318	0.575291240762543	0.315665206793472	0.473146119600947	0.472039972888631	0.256540824966956	0.455298979343049	0.328756203810352	0.491814875192937	0.0315417122460253	0.510329565393576	0.516256370402841	-0.166911896295412	0.0257528770008439	0.418191573195996	0.518553729227637	0.478903344173718	0.0511222770399164	0.521635586806442	0.513628058340079	0.535654591377662	0.387839199938278	0.497081699332978	0.40030882216935	0.348007211530204	0.10353505445917	-0.186545577609549	0.35067466447054	0.300766216420074	0.45716169827164	0.00151730820749447	0.348585830567441	-0.0187702166450846	0.364719024830222	0.459703039522502
0.278868650128254	0.361779117107631	0.479910763691374	0.529187089362008	0.372764085577229	0.51137942207452	0.46674665662126	0.173083990580954	0.434240673148639	0.327031429594912	0.355123321297972	0.234837179672652	-0.00391992023981066	0.376427338157146	1	0.269312752694025	0.202541608009327	0.044408019421431	0.291483798905976	0.235533147080284	0.229092956475499	0.409010022140413	0.262434158370443	0.395218661809267	0.248842748904205	0.129857755587359	0.323267468083178	0.110580751846252	0.256988136362894	0.0784520556867565	-0.0786731223427293	-0.068788220392704	0.0338769072060729	0.277805452563721	0.31808239673649	0.260299702730829	0.372095006918016	0.00962901095235778	0.233775799088333	0.146036445133852	0.151038734222316	0.0420050948106909	0.0876710045349642	0.242574742009706	-0.16762015927858	0.290300756696337	0.251711649425449	0.349928693418903	0.165195131936721	0.437004727228403	0.30894271801458	0.337801051451523	0.5589631613041	0.493461931325063	0.433182098695381	0.524771573559744	0.180851122404205	0.254670424549408	0.30982025528834	0.430078742452313	0.415852684640308	0.159402332091969	0.329674980416127	0.0685884503957653	0.223870371831901	0.368460211483498	0.0407509878225252	0.103812871411293	0.385619704872295	0.252739127365614	0.14271281218601	0.473482853195187	0.455788632314174	0.340787610209581	0.318321245129485	0.19197476268437	0.236421868467758	0.214176792109498	0.321943042018433	-0.055898863597228	0.172671567736129	0.114624480850566	0.122862096465394	0.134328158875299	0.00512398632406098	0.198736995880025	0.372974258905225	0.451790720770978	0.412623570671343	0.0988657598107231	0.366966415694666	0.195817823154709	0.299114871472144	0.242592948131635	0.335356957422341	0.43372597373637	0.17292634937689	0.254083146711266	0.287954025531077	0.311550243094289
0.431879056832803	0.335382610752414	0.540533792557563	0.423293762980418	0.544227421035223	0.413681753081689	0.499683111534114	0.460669913419183	0.516559405253359	-0.0499031767258102	0.360596726945364	0.226319600462461	0.275736066462989	0.639738908776158	0.269312752694025	1	0.491151989627791	0.632056489433863	0.668747278266727	0.47681196739057	0.639262876366939	0.215697734736414	0.471113058574837	0.348866571936237	0.58017385932089	0.686834344366978	0.616451645658705	-0.260771960266333	0.0563249548686536	0.605695567533382	0.830766667510685	0.629593825293651	0.411050647567634	0.225246498200907	0.5404576847049	0.647244820464226	0.574551584703696	0.134336845005311	-0.405819650803895	-0.521472042928923	-0.313292824556103	0.260940550410348	0.0955017089191018	0.0741262244605105	0.42792582068182	0.438044032672698	0.497415747368881	-0.288768635779716	0.0987053956837922	0.391876036298003	0.488009804573194	0.537148270020465	0.232062222007179	0.450687018819315	0.29309687902789	0.627032037764203	0.387924720731988	0.293620046004008	0.541388601142425	0.527841582367023	0.240219864365206	0.15375886408199	0.359584742683188	0.454885814095811	0.765930208304245	-0.0247256086800288	0.818983778738284	0.388909500235427	0.648920900196631	0.687449810581642	0.224469131237078	0.568869712366481	0.295153334956875	0.568814338753374	0.156217052495648	0.75259306674104	0.601859329840276	-0.371394670645965	0.00778787869289564	0.743888850962793	0.585719606178034	0.634337182526912	-0.309961598971526	0.761585817373801	0.692752250492901	0.680027263792332	0.59043888537997	0.703386420973971	0.482459900118579	0.438831100820251	-0.148336633815778	-0.437534999842876	0.212566826926316	0.35886296843378	0.504086889054797	0.0300563736655711	0.199462562969141	-0.219258844696701	0.228024003975368	0.419183104994452
-0.0170669459779643	-0.0312475549390905	0.0781794000210061	-0.00521188956761403	0.131096792288226	0.222032945145931	0.133277815451012	0.45911713490657	0.401751359627358	-0.211488268489137	0.253527420520582	0.0273544615485594	0.30731954730825	0.282960326677373	0.202541608009327	0.491151989627791	1	0.724972303276609	0.693081322418486	0.339308080482568	0.522798386027397	0.11955004971764	0.368859794008956	0.311724030023975	0.378908709913588	0.478089853658726	0.296576070483222	-0.0754732600757723	0.141124217566419	0.274881923970806	0.393490860956092	0.283316895825271	0.390321951967771	-0.0318827898319121	0.00125339577226688	0.333032592563116	0.162713901198341	-0.224381426641323	-0.386687607404945	-0.396520111936084	-0.246681030668347	-0.0941689226064845	-0.249415212558351	-0.285958759053391	0.0116248941268917	0.251216510585885	0.220645192299084	-0.223986520440177	0.00359966994391472	0.172530143805725	0.113747758265483	0.0388489043029114	-0.00829014690984672	0.195062598716959	0.132831477649445	0.114023105010828	0.0814609450829425	-0.138734321317162	0.0952569978936638	0.167981336067403	0.0492438167236649	0.134329513948968	0.124357317271695	0.145371618733474	0.34391257057114	-0.158892796257318	0.296007725341869	0.168954075010439	0.568062627928311	0.346614884170206	0.443278125100694	0.42659681596648	0.270806473095929	0.333412340204826	0.598168429958957	0.372673384579501	0.190758569217886	-0.224996214885621	-0.000716616098258496	0.462770431826702	0.312392720636183	0.5864652188725	-0.285068824688025	0.31544673193575	0.188701151940689	0.156720554665005	0.202432249863145	0.255081441021098	0.443143885078869	0.00551467027873749	-0.237923145135156	-0.38384366031026	-0.223585268899368	0.0880983523734084	0.178131295060523	0.137845647063559	0.177940987553882	-0.186376782543053	-0.195238347323594	0.236574936828785
0.0456664568823345	-0.0397642792969378	0.134611283429733	-0.0191783885951099	0.187023810069935	0.16679642216155	0.108130231296392	0.583958534819783	0.314771783520946	-0.314047762993402	0.212920472383161	-0.0556416177835908	0.395042588847394	0.306410681230984	0.044408019421431	0.632056489433863	0.724972303276609	1	0.661884470604317	0.290361337448031	0.432452805154255	-0.0583218721179968	0.188970692236015	0.316481285956212	0.353878058056056	0.637781422460851	0.479542075573039	-0.313502365347076	-0.0343209021869489	0.38075922713363	0.721539041567746	0.438173899395255	0.415356746759936	0.0202506983577992	0.110969555070182	0.443729645935361	0.251990865512528	-0.0736815370436945	-0.536191698160652	-0.529163944723272	-0.448379457006187	-0.0287646067460814	-0.104429297089412	-0.214225697887174	0.313028606260684	0.173227429786205	0.212463469683246	-0.457478308846924	-0.157720548146233	0.144124157092857	0.0290814080408151	0.0623815365108684	-0.13575673141164	0.141401257180928	-0.0362983581855314	0.127623594857025	0.212437993304541	0.00482924118559158	0.218319636360542	0.125571654402653	-0.0107524829631748	0.054405009615609	0.180543231949201	0.315121789133529	0.477723201583215	-0.231900507681952	0.547755229520569	0.314186283587296	0.532540394087982	0.452230806526189	0.340188126944397	0.304280203087199	0.22274353290381	0.300962930352348	0.293181740809601	0.660805727597114	0.349792898729725	-0.400807794645371	-0.0664345677969991	0.709218425783232	0.394538029300826	0.553681766257072	-0.445499411155438	0.62631078545243	0.501895220369223	0.375119449619762	0.320115699425474	0.2977462402826	0.370603650184894	0.284867843876598	-0.4156503489724	-0.50609575095307	-0.133013096387398	0.142416890851097	0.215910161996395	-0.121450175617932	0.0613397546783446	-0.315544903723301	-0.100863044603552	0.17880381974036
0.22544728571098	0.130598829693227	0.266987311823678	0.214707702716773	0.369906811054188	0.362690635616452	0.26526765574314	0.628368641030796	0.618033176643983	-0.236640557331909	0.192041056964736	0.0256306991843067	0.270068062126946	0.450019233008404	0.291483798905976	0.668747278266727	0.693081322418486	0.661884470604317	1	0.634945242170547	0.33378229416423	0.179164882812667	0.327856910441077	0.373325641575316	0.537459059975746	0.554967892625231	0.513677132276866	-0.111790335583031	0.0625244199118281	0.329588522208553	0.461886067926165	0.264327616176128	0.275064161405995	0.0811968578712269	0.14782749550434	0.531841125935808	0.263068503600512	0.0494364908207232	-0.458975167824006	-0.403297257891611	-0.337278823723383	-0.126275540021131	-0.268208698246022	-0.1661801330958	0.115542567101494	0.269083483315573	0.245778955618335	-0.203697857629401	-0.0452039342827973	0.11591388156991	0.275726059216815	0.209070524406359	0.099921804555927	0.331888843715699	0.23961389600255	0.2789334024007	0.186206941974398	0.179814131134989	0.507685409251616	0.426902683557664	0.0659415220190351	0.0245599534751796	0.180753755769753	0.292213862105733	0.543336884302969	-0.190147666125963	0.438873972135973	0.463203277268564	0.772527213494195	0.608429833807676	0.384133509858324	0.434298144034617	0.363782319839987	0.591486663680223	0.532244785795181	0.634061479833425	0.394059448189285	-0.221372124385722	-0.115062240753571	0.592861346340399	0.358501476111622	0.594288293510682	-0.327816043181574	0.481805443948318	0.346458634427673	0.3503217341914	0.312391684694984	0.332130733124113	0.456437424387898	0.257734863648567	-0.312401374001251	-0.355338340569443	0.0223227852937336	0.103500882651912	0.257357113501764	0.116790174066646	0.132992910409157	-0.276024194310796	-0.00568697285812775	0.219617810273886
0.206648563181657	0.181492733843588	0.19109169061363	0.196839424901457	0.351529286760045	0.382603429724185	0.199428626207462	0.611416352484603	0.595202760286411	-0.0773668706615778	-0.0369845856976772	0.0249426372915957	0.285312124533591	0.27946828615003	0.235533147080284	0.47681196739057	0.339308080482568	0.290361337448031	0.634945242170547	1	0.17911302806891	0.122606758595101	0.146013450099714	0.339650655574758	0.678797639416411	0.454530444385895	0.337440728139844	0.0358413274135968	0.0147479457302688	0.115872604754502	0.258051332536468	0.262263054205687	0.229912112186977	0.0281106334550148	0.13682582851747	0.375378733442233	0.194675652669788	0.439315097261434	-0.278813667475122	-0.317933123738344	-0.154832421898039	0.0953921437007229	-0.156054922602089	-0.00939708618268354	0.231263977784645	0.109258371884622	0.207194365657713	-0.0344477068137516	0.0684780508556327	0.18437657954058	0.264401224254344	0.2671142374025	0.240785440653869	0.311160290339925	0.255774211821245	0.195993497060628	0.328891236396527	0.340653306611927	0.51404891066396	0.50821774272325	0.0950263979648592	-0.00838641827017765	0.198458207151546	0.432238580212308	0.446792498668906	-0.0230293602440273	0.302956953268604	0.551805102459504	0.498447952201244	0.653980951040566	0.273758647268823	0.223414735866002	0.313021109054582	0.593136633453953	0.336588410628493	0.41457808905891	0.256376490504621	-0.026783949798601	-0.0525249629885792	0.415833048096466	0.315336221070952	0.509799195803567	-0.256989258270147	0.309310330294475	0.267655211498994	0.247292790221113	0.269123699229384	0.209294233538699	0.327465328197333	0.352948953693205	-0.203195488935276	-0.253990471642705	0.140343132638752	0.0520417221883619	0.21244896971835	0.110317196530825	0.129124783090302	-0.0898536409764649	0.173256654948203	0.293583583476162
0.224730623345153	0.186081160778018	0.360960174241542	0.304558633954858	0.32060069764961	0.295123919128437	0.404460711889772	0.122112020022975	0.276038132278012	0.17501944415826	0.395779275454535	0.292518651757832	0.153206115028413	0.405378796414944	0.229092956475499	0.639262876366939	0.522798386027397	0.432452805154255	0.333782294164229	0.17911302806891	1	0.282904138436068	0.522443889533735	0.300414749928658	0.283959413222041	0.51727202989859	0.428429921914848	-0.321934383495752	0.0156707806678971	0.568941709307013	0.593331303692514	0.581876628416087	0.336343545190083	0.335075045777305	0.245466286347241	0.385238343242878	0.376224966628414	-0.0140438321768711	-0.234894629479137	-0.282788356781519	-0.120079207398101	0.398382689143534	0.242981453568197	0.193284776703734	0.401938562925972	0.461739650406541	0.682140630751171	-0.204301108983015	0.0129447984579176	0.632630289752723	0.260254032571468	0.251720149627362	0.0797463673077946	0.288834051894401	0.122627461328061	0.461134597825058	0.198129819908828	0.00183788278388792	0.164191466519925	0.24295087080569	0.215962619678347	0.247171177494864	0.209751815240322	0.209440943051067	0.505654487267838	0.18069415742715	0.495523757517204	-0.0267441956496639	0.387342931425119	0.345884878334058	0.103034469807933	0.615528267244182	0.198055369302949	0.314903150225813	0.187577613173951	0.392643354108631	0.462944920089994	-0.386478635447398	0.132618724124528	0.486070558918921	0.459541525326848	0.504682699649335	-0.148025025802038	0.571243255170855	0.479965811918267	0.448335377105049	0.296881418283719	0.452949585020934	0.523852785515309	0.115553826254947	-0.0751434869009575	-0.297346408548497	0.175298337780641	0.522424383955341	0.662784113501197	-0.0726387504276545	0.163374626248186	-0.0761627805158874	0.292499728286516	0.453357184510616
0.243207772923952	0.33560416273418	0.416421782835307	0.463360236591368	0.402014518776717	0.461174457403581	0.496705781560438	0.0282966075762098	0.391040962931202	0.452176683966811	0.516455020261457	0.552920707160107	0.0421777813552823	0.252429301966012	0.409010022140413	0.215697734736414	0.11955004971764	-0.0583218721179968	0.179164882812667	0.122606758595101	0.282904138436068	1	0.475005662728984	0.433986923088925	0.158027031592796	0.122431810236797	0.364143877818545	0.224511149829029	0.274404995854812	0.243318390390793	-0.0846484857853045	0.0272665552427382	0.165087669473627	0.369367208820705	0.414010252136244	0.229384087156662	0.457488361420874	0.00963141415711184	0.34498608037199	0.267651678944042	0.281795167003165	0.08771067425552	0.177465270538076	0.215725024707512	0.0055739539699344	0.468445263261749	0.380314505611969	0.469529276072456	0.368983832962201	0.372419294258687	0.248503071817046	0.340429408387943	0.465795432453105	0.437458096257647	0.378832288102921	0.45837845082568	0.243881270280472	0.343393442270623	0.282442233121969	0.429840589600015	0.557571487438105	0.414236230719196	0.396284231546784	0.119054829817638	0.14154621698095	0.482257545384392	0.0625986438342857	0.133374358784586	0.305380130070672	0.204966817695578	0.131220649590192	0.563818862349317	0.342083042587932	0.348346571898955	0.18301741980387	0.16463986015551	0.424484087859297	0.233036656204606	0.322007003418557	-0.0226536005817886	0.0878378656103568	0.136933155608083	0.306395239872127	0.0980760959023904	0.00466019541096837	0.154963995340209	0.400864857570361	0.40926599739874	0.480678402635976	-0.032402309159994	0.404942221911456	0.291056538390266	0.262574348455986	0.307145186342546	0.382589250428177	0.361686423636276	0.159276397667561	0.379362147309587	0.342183022141586	0.473126861822425
