1	0.515098301437727	0.52556317585584	0.317309188413238	0.6419352527333	0.106887124179198	0.187359951942627	0.341453683414475	0.271981607871985	-0.0792028470020726	0.099460793715196	-0.0599589205264119	0.0971214902508882	0.391917011201834	0.168887915414796	0.23278914751064	0.224837851358596	0.179731026091009	0.268260085867011	0.155465196408826	0.206247616484771	-0.0422927040634389	0.00878438295943785	0.00320142941354484	0.23643520423135	0.204220302894421	0.220462469166694	0.0221444674342851	-0.166885434170288	0.060409828323387	0.155183371523028	0.207437798966948	0.117601407483432	0.0421819732424675	0.148982271286589	0.0980858717657577	0.21215611147055	0.193716658489755	0.149943907326859	0.0303886322383103	-0.0173916401163827	0.000419337268468605	0.171570542570851	0.175872953211071	0.146920516865687	-0.0189890296291478	0.0906035093770987	0.20264434648387	0.198135329090993	0.0108260696882479	0.665965658492811	0.499538401879779	0.194056067110402	0.371312363179899	0.0516272263669747	0.162747125180673	0.182303564144688	0.288998831489324	0.317598839594286	0.365430891745586	0.111201959718949	0.241758465434861	0.115936834023525	0.271802394026962	0.208061822246282	0.100519296306529	0.0896497237712209	0.0529189257799307	0.1304164593788	0.219822438909209	0.106647997907261	0.0094884416254292	-0.139710332038387	0.227269255429179	0.040641944343958	0.224802159331151	0.104053155065209	-0.0419996646630555	0.0413773514468191	-0.0996153006242471	0.102805140576489	0.101837994295844	0.161065229604025	0.00215984334681348	0.0324017936124808	0.0132292947809413	0.119859117687273	0.0712491960648884	-0.0141547811261769	0.139223367871421	0.12005818775891	0.0352067695869159	0.171982501722786	-0.205401775580475	0.0970743674407403	0.192034505514371	0.113478657996526	0.166579330379894	0.209803205932764	-0.0404745810626013
0.515098301437727	1	0.758765924249649	0.401097414514704	0.236498466517449	0.368098783399935	0.229850648515806	0.441317003611218	0.196226359119388	-0.0706814174646459	-0.0139599412652162	-0.12783524395686	0.139141931508414	0.607919136617876	0.104574739093515	0.433588866409338	0.332623222294016	0.417580399935928	0.173561117675069	0.0820296158550053	0.265455552741413	0.047177750926916	0.173679438645568	0.0761792341181424	0.116296234688302	0.196669329347451	0.211999760419182	0.142641477216687	0.155395212857512	0.37683594099903	0.398456089030367	0.201901666396225	0.146683939578587	0.316501255661336	0.301119484783336	0.326899560583944	0.320208458221122	0.0953509924344034	0.316686606681656	0.138430374542102	0.239208059102203	0.0160402993677434	0.294866481510447	0.0919784199262469	0.234457782188142	0.14452092085916	0.268433014082546	0.315695960399505	0.232881970032846	0.192672094591969	0.513132261955343	0.603637739355574	0.460684711555302	0.522975576777405	0.208224859431775	0.218076358480556	0.156308578432406	0.398995421563027	0.408761254181636	0.214805774536474	-0.00887640396587086	0.39547228755588	0.205374187316689	0.421211998123442	0.534501215941327	0.480756702871671	0.389929359105038	0.32145329217263	-0.0169503961894467	0.244357364415389	0.265004072464214	-0.00518933529697025	-0.0894676105519995	0.11300368338017	0.159339068324543	0.406339567154156	0.258072894493138	0.435372793085946	0.0477554504921473	0.141171002464686	0.212287570258271	0.106116428018636	0.210367344603466	0.316268535262053	0.393044660938849	0.336308065214757	0.15378231297006	0.314585916244843	0.183327215076202	0.256699762234066	0.293696455791506	0.225607484875678	0.29980132887968	-0.0121833957345088	0.0857401886159169	0.404063971297089	0.272708975618303	0.104312687673159	0.450560658512367	0.310311377511992
0.52556317585584	0.758765924249649	1	0.360595880935549	0.374119059846877	0.544504670986415	0.315584054727477	0.531274956617419	0.366045090113751	-0.10558353681865	-0.085696936451584	-0.189105448986641	0.161987535923547	0.586482203232077	0.0818767341116067	0.495970323919756	0.269070776749935	0.464986830059989	0.253321987396874	0.155012002275387	0.224596240821523	-0.125848633154037	0.127575972700324	0.301515950468072	0.236462562678218	0.252859255436192	0.355274512879337	0.190182776202137	0.252166245616324	0.315234680905664	0.468629253687055	0.317134619845557	0.274176740810018	0.323556741334042	0.431744722606356	0.377162410009461	0.562363082089312	0.134375047603112	0.462937799808187	0.291672876987291	0.15441246513491	0.0241761509544533	0.273548683031161	0.169385355791094	0.331096350540485	0.294315073271278	0.292181575175987	0.3904789372368	0.265002726092538	0.179119239701828	0.643014756745654	0.701150633908914	0.554819380165971	0.755025767109613	0.313778210631196	0.321163031231773	0.347227170944685	0.574377853239199	0.452600152818497	0.30725381890656	0.081817145679214	0.549837554635208	0.124994496403732	0.518874376918202	0.608685114919966	0.573723572716023	0.394143024362506	0.458602639612879	0.030053429270923	0.34755621014518	0.349655214457136	0.142755796393656	0.0801579675801564	0.248178929258004	0.248705853718629	0.533956498460341	0.321624114621147	0.339245173495751	0.187224681769911	0.198002154835643	0.395495342792509	0.336753227651234	0.410308557266993	0.377521209789946	0.524799470058437	0.407970026216118	0.262956577873857	0.413487792602923	0.216600404916554	0.246905871261039	0.406960275859168	0.325592161029677	0.282439993961234	-0.16915042369111	0.215492458755834	0.349072460441349	0.344903394442859	0.238504136001317	0.540592855589561	0.439933900886014
0.317309188413238	0.401097414514704	0.360595880935549	1	0.353699583639691	0.440756071576919	0.682836920019325	0.199044110060149	0.227427489040692	0.401648619128197	0.338282199378111	0.344295519179652	0.331719620419553	0.245004308882953	0.491465056229366	0.346254399533371	0.150092225336892	-0.0521308086441272	0.328330663361131	-0.0149892038779902	0.324035518328682	0.196442542560713	0.200507283474929	0.206777129203629	0.0408538623574622	0.276408259696829	0.200431039252045	0.194610897347411	0.116901740139983	0.139726644533038	0.104999819553758	0.0808296706414873	0.210406942460454	0.166679576398099	0.334051921450278	0.260240866184039	-0.0170965299711905	0.00125647882904361	0.159277777121189	0.313254201300046	0.0114312806356517	0.116209672147033	0.257617564734301	0.228620169472391	0.0493738515537928	0.0653321717000254	0.164312867701537	0.39892624959231	0.291166635093003	0.187423855802222	0.231228546469861	0.313360314112078	0.336455187941999	0.450018279075884	0.318043577657743	0.648028570847111	0.150833755082826	0.161378998872114	0.113668039980778	0.137242105257511	0.508577914848793	0.364611476404135	0.32480930120332	0.278303686315643	0.0747353485012522	0.0920248443996235	0.184214518314581	0.117576126616093	0.227537648543523	0.0534464027917761	0.426620723888161	0.0736060536006863	0.00871461962836022	-0.0863580862359264	0.010238043629596	0.0284379855692277	0.148835365240808	0.266012094010152	0.226212680588443	-0.0153544188021061	-0.0303436516803936	0.0368724286468834	0.0999576002342958	0.0100739944343672	-0.00318202378913025	0.163341744423962	-0.195116564413425	0.274610382521233	-0.0396281526762263	-0.201852385706373	0.0795528714296825	0.386802997707593	0.195374309487967	0.0765220323281869	0.0673867190022073	0.261702561414203	0.169591993153889	0.285925396435008	0.312754909496775	-0.0325604251127002
0.6419352527333	0.236498466517449	0.374119059846877	0.353699583639691	1	0.374593074112361	0.239376217217158	0.24715973246839	0.381216435700794	0.236058837833839	0.226329242926656	0.17871334339441	0.166568775887134	0.244100212811508	0.282900937443374	0.31390369371664	0.253300143855144	0.136475525049228	0.352830773291321	0.142252079066687	0.261054881138638	0.0674046009933055	0.049658898310563	0.119310776386676	0.0658052772582963	0.147204352925408	0.0760118988499957	-0.049894482630707	-0.197426125283675	0.0366421905168753	0.212417850978456	0.215349816758307	0.0277680883050193	-0.0991298713669203	0.249033929603595	0.196556053408287	0.208072310196232	0.307956125535468	0.0558192827865474	-0.0433407746016067	-0.103834212370632	0.0745008917957474	0.288756900791855	0.25720685116192	0.0597182203213887	0.0566946888396883	0.14065421885614	0.228389179591065	0.121538626134272	0.0790024601840216	0.406374960328494	0.287824425115614	0.0832138392214909	0.438021518556418	0.0586331418911884	0.28965766816696	0.116325899501288	0.351943258167376	0.373186875975139	0.422598069184886	0.220441866303807	0.119454174854231	0.0596161766083197	0.19681606548113	-0.0520355443133855	-0.0232678120594837	0.143774799305412	-0.00660829489361792	0.311420116498002	0.250449962866399	0.217218863440203	0.168508619847566	-0.144252668258531	0.120204495747645	0.108807407916279	0.1775117228243	-0.0609828502468808	-0.141467221502198	-0.0110518920080482	0.0427754211498252	0.278114573726427	0.26174138201056	-0.0604340552171588	0.0520384239667982	-0.0360116701603197	-0.0543413046076789	0.129550563753909	0.14519632230964	-0.0512863308772051	0.0830011211902334	0.108773995463473	-0.0118408032474209	0.0857089783686949	-0.13939980519035	0.135245840145434	0.0419005527057863	-0.0716322507977602	0.175730945946388	0.0346635583139477	-0.121963646387492
0.106887124179198	0.368098783399935	0.544504670986415	0.440756071576919	0.374593074112361	1	0.502638198610044	0.345639854519773	0.340172944360336	0.174674514080858	0.14960608209054	0.231259338471842	0.263733598358171	0.262762943319343	0.193868456803219	0.389710646785337	0.259900617077019	0.215139873209261	0.291243120431658	0.148066816872925	0.302211689792362	0.177583195853027	0.229730081005189	0.261264726048594	0.143347079785077	0.220005596518137	0.249723349225025	0.202705478662208	0.13285035144987	0.15462661472039	0.367737039671289	0.185572509545407	0.246787746225499	0.186227315224794	0.513570113103992	0.351265253045665	0.3694380145696	0.193974396137175	0.322192476637764	0.265333224376647	-0.00539593987254049	0.0547572556170038	0.359831691039942	0.226156262626654	0.262492726556447	0.371931383911657	0.219523315150584	0.470575723875159	0.20222799411454	0.182255568032997	0.194099072371112	0.237724375876222	0.365359021540349	0.661617706264569	0.507265978720068	0.405956219141414	0.219847932910778	0.401690534321058	0.33814851071917	0.2023777105686	0.284334333922308	0.379531767048731	0.24388494702562	0.29299630778467	0.241944184454095	0.433008815644366	0.364400177455429	0.276883255876934	0.181575028553089	0.222939027903838	0.510047615155722	0.186936492741852	0.0351456769129441	0.0618295064224955	0.182433138905195	0.28258094161793	0.263479657024389	0.309115629191085	0.235845949054949	0.217599241635132	0.33810740377154	0.354092204249409	0.124584267359949	0.271392729186906	0.247192417364102	0.287247805393529	0.167305463730591	0.458971532726253	0.18907118158118	0.045841929796912	0.356783428734701	0.335337226778618	0.239188215521655	0.10700206271744	0.216738502504641	0.258253766649993	0.155929203730518	0.223370726827463	0.241806658418947	0.353182557183878
0.187359951942627	0.229850648515806	0.315584054727477	0.682836920019325	0.239376217217158	0.502638198610044	1	0.288810780592667	0.313331866691706	0.310185878800197	0.328654219460954	0.30673132376084	0.324512718138916	0.127291103632927	0.400254366841726	0.519574237962432	0.164940769409319	-0.00119470363759047	0.38754772242472	0.18550634456867	0.341766845447328	0.162612783552404	0.221912151624426	0.333109565492366	0.228899515199711	0.391987392965998	0.452378343240511	0.218848160275682	0.194340800347822	0.0528598747486011	0.217828174869798	0.200735053136259	0.286665572380418	0.197240776310562	0.690254235167607	0.452571485701304	0.148644841064033	0.225465836673397	0.34846092463794	0.324170297639341	0.158023907194721	0.115160920539808	0.25944056025062	0.396746574586367	0.261375896667798	0.232622495030798	0.080356705307618	0.452434411966916	0.353262352230675	0.167917346865083	0.117345353739126	0.261429533312693	0.392771932893057	0.412715906669906	0.458636189306826	0.661552288928263	0.263527311212968	0.205570768535465	0.272179701123676	0.165477746929552	0.473643591079297	0.457267674471115	0.272810154890242	0.337067135476417	0.144996938985446	0.299275424427492	0.404062552406224	0.236595233309719	0.351338578015784	0.228532498336967	0.485965091803957	0.163155659235183	0.0550804678514362	0.0852066369823775	0.025578766518715	0.162942518903942	0.414975100509123	0.199231811651144	0.3698102872034	0.00632266416534511	0.186328396733755	0.130738220321877	0.172822906677169	0.104733130535072	0.0951233742523507	0.196679187724073	-0.105179838054555	0.545379819341354	0.130449214716366	0.0193293339506665	0.262472390537382	0.398609112986545	0.385860730182431	-0.00625566861502224	0.142444460569297	0.284039603081547	0.274566764888823	0.272425015810131	0.282322825923981	0.240050412859937
0.341453683414475	0.441317003611218	0.531274956617419	0.199044110060149	0.24715973246839	0.345639854519773	0.288810780592667	1	0.61923175818553	-0.0401049090091326	0.109090353275742	0.055016648495277	0.34710505854013	0.450240993128114	0.0858649034431024	0.428273996108863	0.518299427698263	0.593551274513909	0.503037481310936	0.571785724212951	0.318872018343852	0.127194688008524	0.290312056898927	0.234492253782834	0.401923597844061	0.231478029858068	0.235698198548953	0.212714716874014	-0.0226136658553997	0.0354620223568109	0.479274280434951	0.441817087198556	0.284093092594591	0.161743425679685	0.464107262833724	0.365623815504442	0.284126738609112	0.291539275190866	0.535766921972293	0.260144902104758	0.15947224458693	0.151621033874242	0.31006703617933	0.263993338617103	0.432831145499135	0.289558547503262	0.288686585684696	0.390314171020859	0.197554686179049	0.276030846429049	0.415645307788845	0.459694163229653	0.370673186317941	0.393901365963433	0.377790638519877	0.172588309398159	0.280616393977496	0.627843663798886	0.611974539495804	0.520582682436289	0.0576237885810291	0.339744487267806	0.184720122224867	0.534338389061365	0.386337339852567	0.425530215828036	0.417660172266649	0.403580938258288	0.308059981393006	0.614454112564236	0.405496274371365	0.139314284229237	0.0447853222078032	0.422695629775398	0.207454129328309	0.470471536892382	0.327243148996752	0.378988438589424	-0.0552163113824836	0.13989790809205	0.355132721464049	0.388356272171148	0.0255735135917221	0.168614778453387	0.430011673017331	0.19307993315292	0.233472888934781	0.515498681523736	0.140046327068023	0.320877723197845	0.500884466644284	0.300911278482087	0.343582696153702	-0.018931823391998	0.310432142623882	0.344678375210723	0.300476011214697	0.078850535373611	0.141437796906634	0.230323940356308
0.271981607871985	0.196226359119388	0.366045090113751	0.227427489040692	0.381216435700794	0.340172944360336	0.313331866691706	0.619231758185531	1	0.144383792514405	0.226029629748068	0.176904031078997	0.127179947303922	0.290174095245649	0.182642748124619	0.273556882562158	0.227679799683028	0.361656039026061	0.700043879940784	0.634172621676077	0.233956022519222	0.170153575487476	0.185616915019981	0.453101138777691	0.571375762317667	0.303680750407447	0.229505036994461	-0.0677323244889477	-0.0554051470743436	0.0560238253873421	0.230704873858365	0.218088295623978	0.10304429870416	0.0996136035720247	0.381675429315697	0.388153831285416	0.263877934651354	0.406275454528207	0.348212221064085	0.170940826087172	0.123716347814926	0.24790210321356	0.148359929608815	0.382566960465081	0.191407360254934	0.220811593275763	0.157599600188989	0.35322789658263	0.195942284431272	0.124587973052721	0.204778393699741	0.210202187639006	0.246333919634999	0.309360812211734	0.260699485616886	0.304304322682176	0.217276631190478	0.433079380419343	0.644459972670329	0.840466230696092	0.168322713217671	0.332018667564268	0.118818296047328	0.323731846173026	0.113962898256101	0.326516388898727	0.347364469761331	0.319124163444591	0.551652555886427	0.661895158050093	0.267849505487726	0.235831288096595	0.349639630524197	0.57078876357987	0.0886110809253396	0.44957430115052	0.226165223740862	0.175247899910175	0.0854611410891173	0.109114785846913	0.350182216939856	0.396738590841836	0.0537489424991232	0.132061228044196	0.249514718609367	0.11412336139151	0.322880884498602	0.410716869669702	0.0208203665055678	0.329778747567209	0.286658804175616	0.19640519937345	0.277653309467563	0.00611135965366336	0.236325924583919	0.0615964705930322	0.0774735734855527	0.24518637450469	-0.0495111470278216	0.11759666817692
-0.0792028470020726	-0.0706814174646459	-0.10558353681865	0.401648619128197	0.236058837833839	0.174674514080858	0.310185878800197	-0.0401049090091326	0.144383792514405	1	0.526930822012243	0.723636993818316	0.314086500436152	-0.115012296017533	0.534148091317053	0.0620448560885507	0.119411499528375	-0.324701131048191	0.242566616284199	0.00511774466664571	0.41637628644266	0.539267369622835	0.211686968238571	0.0214955177616686	-0.132720162497002	0.272631233126205	-0.142366020770245	-0.0603627784014118	-0.144100098325702	0.0874983982160138	-0.0427337298729231	0.0559728173396099	0.214136832522329	-0.00720487041053555	0.132151293261046	0.0709090175221477	-0.207076188211001	0.097194409135409	-0.140450308275618	0.124917735428363	-0.116029286353445	0.307208558044817	0.135690377368495	0.287960258312768	-0.124317024640468	0.115932162763946	0.330783403706307	0.105525103922791	-0.0726710599642641	0.231944991982532	-0.215564455087654	-0.138940647919769	0.0486495784438759	-0.00680382874684445	-0.00381432773504117	0.421097045957669	0.0264236820279601	-0.0545247293748621	-0.0144108135925067	0.0187315083352415	0.577076619439604	0.222276323311931	0.286734524224047	0.0800187739709064	-0.35801764232569	-0.162986910708481	-0.00747831967410023	-0.197162104156678	0.368144455356689	-0.0920430292832698	0.374392437757155	0.392151708460502	-0.0504555429810757	-0.197576804251375	-0.156939170101657	-0.00458115871158637	-0.122930332674363	0.085125643318168	0.0478759948220005	0.0100038769253889	0.172266032564875	0.133520467521131	-0.186055582060567	-0.0920137950399018	-0.173002526313011	0.287294212614821	-0.229025141287806	0.142819073537419	-0.195840814736154	-0.104836178693057	-0.0504709535578572	0.315427562472115	0.122964511057425	0.441738486105757	0.294100986760198	-0.0539984627634109	-0.287134154855203	0.311119441724583	-0.0569066166675489	-0.184339185245644
0.099460793715196	-0.0139599412652162	-0.085696936451584	0.338282199378111	0.226329242926656	0.14960608209054	0.328654219460954	0.109090353275742	0.226029629748068	0.526930822012243	1	0.668254828047039	0.403117066784153	-0.0289747797418787	0.477497297127462	-0.0234426311563058	0.371846943667219	-0.0931820440311024	0.332174462373093	0.201792978378166	0.451039757040044	0.62372526404737	0.161404730210273	-0.031481667829569	-0.00883926084663549	0.234696661173971	-0.085967226200547	0.0395016429594446	-0.424580606664611	-0.176641449273904	-0.0584152394908559	-0.0943039377405024	0.154045202700905	-0.198027684899663	0.151092580863098	-0.0123641932094697	-0.225849339943172	0.22574520568057	-0.102790016265639	0.205076527257221	-0.219777180157163	-0.0312725861128825	0.120477920593011	0.256770415236252	0.0106007124195273	0.0200956019560299	-0.0270574691150313	0.164393616692944	-0.0963617296422176	0.0628385537106022	-0.160818335740088	-0.277969071584831	-0.0847461820611864	0.00748215210534186	0.146316113609732	0.307454281880685	0.100485179730485	0.0653905853195228	0.222067375343612	0.265115319701894	0.415353218011683	0.172715663685002	0.262417165934031	0.0274937250670082	-0.39714833043385	-0.253949470408772	-0.0328733950253881	-0.124598265662182	0.528184269533062	0.129758755550501	0.324823209368626	0.280774787778871	-0.00194402926319993	-0.0360813548933201	-0.0255526561333138	-0.114222067128367	-0.0711154906814636	0.0732815365352864	-0.127921127341153	-0.0685373263981565	-0.0020237533678116	-0.0259561052961447	-0.302541536113934	-0.194467572137462	-0.307206513350308	-0.0852312759381662	-0.1345336394224	0.110538917202491	-0.107492141179156	-0.0880949803531123	-0.0392956088495412	0.282281407102733	0.140484562117215	0.210437384685792	0.130802527071785	-0.0961566804782397	-0.250653769425047	0.0851184161855404	-0.287735770790437	-0.355946841740827
-0.0599589205264119	-0.12783524395686	-0.189105448986641	0.344295519179652	0.17871334339441	0.231259338471842	0.30673132376084	0.055016648495277	0.176904031078997	0.723636993818316	0.668254828047039	1	0.499788698160218	-0.23399705421504	0.480000670058281	-0.0958290044937103	0.296352142776581	-0.27097727925253	0.321372553855829	0.1612418582519	0.421312880114957	0.604532323625077	0.24438468765816	-0.0957136435154288	-0.0925029216473835	0.205384819004859	-0.12333588519992	-0.120852408243022	-0.391688723771968	-0.156004998144926	-0.121938038185813	-0.0981058353202098	0.204579959456749	-0.153010266417406	0.120717092753378	-0.0157493792953999	-0.342926070222559	0.113246121720243	-0.145673970142626	0.157101338916524	-0.366467715566474	0.214898631546439	0.032814121834944	0.32463675150502	-0.14800496089535	-0.0210491777001966	0.118355114557117	0.0655829732577009	-0.199280128211862	0.114878698896642	-0.277888622237986	-0.327965828917463	-0.0247659057988899	-0.0143674823161127	0.067443836822478	0.402320094908548	0.076953230411525	0.0452684664982607	0.0542524459046754	0.102906301185363	0.517072287439777	0.207678116362174	0.296795292732516	0.138894554516561	-0.556562577455484	-0.227995567578683	-0.120016754766685	-0.258970236771175	0.525466785350181	0.0319007235948223	0.360852384459327	0.350565599535576	-0.0676891195981673	-0.133566502094978	-0.182964485487935	-0.077109430800808	-0.132039722071196	0.00235891573489567	0.00254361145589836	-0.132054748874992	0.0488789388789163	0.083115850722007	-0.384828123719497	-0.274868941794742	-0.307330675591859	0.0831206654527446	-0.223093862890872	0.0828233465869623	-0.249987387878255	-0.201573158972573	-0.0292284544642157	0.342087752910924	0.124218299983784	0.450437681329505	0.251898048342382	-0.188481472840855	-0.337617487867073	0.166072360528842	-0.289435822938296	-0.342334062780689
0.0971214902508882	0.139141931508414	0.161987535923547	0.331719620419553	0.166568775887134	0.263733598358171	0.324512718138916	0.34710505854013	0.127179947303922	0.314086500436152	0.403117066784153	0.499788698160218	1	-0.0220731359325562	0.217348040323262	0.0747012809574548	0.461430187106349	0.0962427515084536	0.127906168570833	0.205385193250363	0.265945933099961	0.282750429087135	0.30147811539122	-0.109879175430636	0.0141198521147637	0.260456859686753	0.111280228975316	0.0498935227260268	-0.19120222888943	-0.0107590993847563	0.0152603537252334	0.248503851159649	0.613878171604931	0.174895817861959	0.250532515700434	0.0752283770754909	-0.0812831635513811	0.115158746153158	0.17550559577719	0.433684026674617	-0.224911945481559	0.22720921760157	0.0351432121879955	0.361088995493649	0.232148419454053	0.109303338335457	0.222744632907817	0.216935384330612	-0.0525801556764826	0.116276628512103	0.0452790022394726	0.0100345025839159	0.269924594948742	0.213262547755108	0.273473801700669	0.323205292817716	0.370664096186898	0.252224451374268	0.137225360800794	0.0909335005834221	0.283502810784303	0.183123694291722	0.166905167371232	0.413281223273753	-0.104251516763927	-0.0256289129315126	0.00497057655076456	0.010058911215084	0.291323760300768	0.234157938818346	0.373315015410032	0.15292372544397	-0.283056934932439	-0.026605551585223	-0.0912383704110515	0.174861712831064	0.137139870651124	0.151160294898306	-0.0752194364030889	-0.183831289308804	0.151711334689319	0.00301465030644198	-0.202419851963573	-0.207277315401804	-0.0424950199678726	0.198474167253894	-0.224782944056462	0.211928215168374	-0.151572956935238	-0.111166462766516	0.174143477921499	0.609214736368684	0.26924050252795	0.177495736340766	0.134203795916579	0.134761108959038	0.0597366933508336	0.160198409783047	-0.0492053102724038	-0.132658426618227
0.391917011201834	0.607919136617876	0.586482203232077	0.245004308882953	0.244100212811508	0.262762943319343	0.127291103632927	0.450240993128114	0.290174095245649	-0.115012296017533	-0.0289747797418787	-0.23399705421504	-0.0220731359325562	1	0.122733266980754	0.51439485664674	0.256103507890551	0.447104424341871	0.277598805482484	0.151458576764324	0.148628751464651	-0.0981518103756629	0.132190026700025	0.300006585273278	0.176115984962798	0.14547721919439	0.161984086565533	0.366580561651705	0.207703168821674	0.319577462589595	0.48201026525596	0.290455669866902	0.114508708860494	0.233036831816124	0.288902623734884	0.382112456005435	0.284943255307808	-0.0152494458301214	0.377767928533749	0.0597468838049615	0.320128586547762	0.0559081927370588	0.437646174393786	-0.138122560431989	0.320677898300524	0.149584117352381	0.239886522367655	0.340623269048349	0.394184350819256	0.324191133752344	0.450678705688843	0.49053159777351	0.39561705074572	0.320243033138583	0.228242630164605	0.228126486310182	0.168861798030463	0.474094548245811	0.376621022405402	0.232513061268811	0.076209553140614	0.318470908900909	0.096517678205812	0.332927668416385	0.580367384908021	0.363703671982441	0.432588175973984	0.391715204444883	0.0809026221173298	0.272247847704544	0.23157748499963	0.0508740195359925	0.0113146609079754	0.196397810932536	0.371991724692449	0.378814652950528	0.140386459688672	0.493352756512925	0.025685951269719	0.18495242916686	0.222706349782103	0.180648698612462	0.239487584325715	0.34932028826499	0.375198856360913	0.143671360303849	0.190117240939473	0.295887940944851	0.245966552972321	0.234108159669407	0.292309453294598	-0.0160623336297121	-0.0398667663965164	-0.142948444059615	0.0880209793806324	0.416356235077985	0.225649798793156	0.0713004085836916	0.393135469372862	0.352825567728437
0.168887915414796	0.104574739093515	0.0818767341116067	0.491465056229366	0.282900937443374	0.193868456803219	0.400254366841726	0.0858649034431023	0.182642748124619	0.534148091317053	0.477497297127462	0.480000670058281	0.217348040323262	0.122733266980754	1	0.184797230712694	0.204397515712828	-0.177139917263963	0.459987318463386	-0.00423152588058091	0.429892843813019	0.36997041682473	0.148541868354365	0.165619442322405	0.0106633051551009	0.309498636773176	0.042495348580928	0.00826064194153162	-0.181560842178333	0.00335936210702822	0.085039582793798	0.0508471511150922	0.14434929885996	-0.13596531909801	0.132445974506989	0.172289845459679	-0.0325141875240709	0.194828182238245	-0.0229190049800888	0.129254561374159	0.0292834970047496	0.202862723517761	0.299906540833305	0.336973655735166	-0.00675783938375231	0.0169368642545303	0.100243214154059	0.107509719756235	0.045280801153134	0.376624314393659	-0.125432879659754	-0.0475229792980554	0.0185741597741143	0.0502666486636861	0.015679786145745	0.405065147057837	-0.0426895376366603	0.105303241348949	0.082280497066659	0.112782893688376	0.518919418375	0.190213194472951	0.217870411235047	0.123020717315372	-0.172082576354042	-0.0552884773725732	0.0597364424830937	-0.0945251829588434	0.421364058551822	-0.0289393381009044	0.32169122014734	0.410946569925521	0.0865771407279294	-0.0556532784721594	-0.0856668014720482	-0.0694045131121521	0.0707497753939336	0.192396865117732	0.103673959376772	0.0243135881815735	0.0519814074578493	-0.0420823088812963	0.0349864957603397	-0.0196327563663341	-0.191570087660703	0.143381538199225	-0.02996607845676	0.136694289012109	-0.10600969360125	-0.0133153030474693	-0.00670585084458196	0.235610560924835	0.226035042063894	0.349358476977205	0.373887341671138	-0.0154680224959188	-0.186524423237135	0.360868481601763	0.0328818340245251	-0.187394806218329
0.23278914751064	0.433588866409338	0.495970323919756	0.346254399533371	0.31390369371664	0.389710646785337	0.519574237962432	0.428273996108863	0.273556882562158	0.0620448560885507	-0.0234426311563058	-0.0958290044937103	0.0747012809574548	0.51439485664674	0.184797230712694	1	0.158027292092509	0.318882816458417	0.448108172570642	0.0644230750264211	0.184672238673312	-0.0280802772359788	0.0233220920922495	0.298002260701625	0.211421857283996	0.377710248300301	0.463917038879741	0.347649178320148	0.416649209656777	0.287967183716985	0.687858005288188	0.486061550836349	0.147726861575025	0.287849916968041	0.754687307481146	0.838381475683934	0.246279937547773	0.266357507738353	0.485386353545232	0.0803304749381308	0.418674734612302	0.122702251396294	0.543951185205555	0.205028351169086	0.543331180408837	0.257936860138497	0.234725564542207	0.402232528699822	0.430313819670639	0.324664968764759	0.268072679450371	0.450761185172423	0.444551468592396	0.357802952219698	0.386721211828101	0.413122200041739	0.188234459912829	0.513166706968587	0.549480709994642	0.150465101460723	0.13105412368591	0.375980281658563	0.105480417708095	0.44682546990385	0.548095322442061	0.462477400838006	0.838259038351141	0.542655261474377	0.3049355143249	0.3588022075168	0.33592163790588	0.188038006203788	0.0242353877198696	0.0834820910492095	0.360007601476726	0.445732735654899	0.459729260374565	0.278366099490826	0.327708320738177	0.346922158104197	0.388623216201161	0.277932606068119	0.284046850202871	0.504574326223032	0.472794108045157	0.184011867772069	-0.00609507041818905	0.719463254366369	0.455637051874527	0.29950246515339	0.362155706361196	0.0139518262620991	0.289988940996553	-0.182124072940349	0.198651901984353	0.445630383792901	0.31819021609602	0.228968839223645	0.538475739582735	0.485153263545598
0.224837851358596	0.332623222294016	0.269070776749935	0.150092225336892	0.253300143855144	0.259900617077019	0.164940769409319	0.518299427698263	0.227679799683028	0.119411499528375	0.371846943667219	0.296352142776581	0.461430187106349	0.256103507890551	0.204397515712828	0.158027292092509	1	0.425614284274502	0.289026696578583	0.192390307388883	0.571574231102553	0.298636545392307	0.370887766164679	-0.0214324143441006	0.0963092551301427	0.185117860153941	-0.0515917145848354	0.193066087185546	-0.308526459944025	0.0866133440323391	0.358989042300653	0.219146727894805	0.260943157723894	-0.0418957733074219	0.245601981963765	0.168131224447717	0.170143142749442	0.153963418494923	0.223633625732431	0.230494121078409	-0.121273634440034	-0.0311163789711917	0.426929534497466	0.324865979317748	0.22933881276723	0.196658321525083	0.286935045638569	0.0215386475245777	-0.0658294401332542	0.2066565110572	0.124741257935659	0.144354627917678	0.0837462247937035	0.180763517400236	0.2259469840752	0.0840803901987904	0.339193515782214	0.42787112575925	0.462670045294502	0.270938509288737	0.0460248353906144	0.162121840018877	0.0993881356187684	0.302514730288958	0.0260204020963409	0.130158882650176	0.16274123198352	0.201354708270603	0.308469129428812	0.275947240316906	0.384005079416228	0.0747743817390348	-0.0837757680660424	0.0781953401495147	0.306356465961385	0.227603935871724	0.0509979862367848	0.334735507537052	-0.215554030623204	0.122199465204758	0.389650465945041	0.17626688094895	-0.209043075066807	0.0784674471071359	0.262477806716351	0.0877324870830266	0.188764271822065	0.225115132814018	0.179161215060349	0.327095483809356	0.250510715783539	0.306453840571943	0.319602570361932	0.0288460653458357	0.209251389162973	0.210396082488244	-0.0460286744706624	-0.193660656636424	-0.0421722042021097	-0.0198330356036911
0.179731026091009	0.417580399935928	0.464986830059989	-0.0521308086441272	0.136475525049228	0.215139873209261	-0.00119470363759047	0.593551274513909	0.361656039026061	-0.324701131048191	-0.0931820440311024	-0.27097727925253	0.0962427515084536	0.447104424341871	-0.177139917263963	0.318882816458417	0.425614284274502	1	0.2614344536355	0.222243851612118	0.251856584599726	-0.0685610173406888	0.119695711395668	0.305654331956518	0.208734250984514	0.0420610122845743	-0.00659564189052652	0.362560504848777	0.0993115645053127	0.120393742099637	0.643900795685376	0.304105655311286	0.0785443351923703	-0.0174811879081749	0.256056949776118	0.269227947560333	0.492522388268116	0.184315843287423	0.452118499871885	0.0247054670341552	0.171835694167236	-0.164147855733873	0.447547495183377	0.0437936735764655	0.375387442033165	0.20048198674843	0.214705170699759	0.231180749566666	0.129173202980001	0.204958215668118	0.351423181229397	0.424161437817273	0.311287082266841	0.194361538212588	0.197855693210277	-0.0507730416357361	0.389029415064744	0.602506476850421	0.548565640406571	0.391334210425537	-0.299563132588414	0.0483236920418619	-0.0304627289046059	0.355962179367698	0.475988985211247	0.425270793656618	0.361288871369542	0.574992710120738	0.0460844135711073	0.475800594936621	0.167632523355618	-0.1138042825939	0.133559218106103	0.22416946305356	0.499211500581758	0.344986708953164	0.140025600098748	0.366730812628547	-0.024706630857494	0.429109634731374	0.406742521848211	0.338507694181987	-0.0543060513467095	0.352300394997963	0.619927177026205	-0.0151662674501389	0.404378151606921	0.272746241637089	0.349612906990446	0.469363534229564	0.331270269524169	0.0176216995687552	0.111631723878262	-0.196397797127515	0.107831924608259	0.315739365165315	0.254719511194635	-0.222320863720191	0.156159367175323	0.274679268632271
0.268260085867011	0.173561117675069	0.253321987396874	0.328330663361131	0.352830773291321	0.291243120431658	0.38754772242472	0.503037481310936	0.700043879940784	0.242566616284199	0.332174462373093	0.321372553855829	0.127906168570833	0.277598805482484	0.459987318463386	0.448108172570641	0.289026696578583	0.2614344536355	1	0.276663190504736	0.339496271098201	0.282218796177029	-0.0196571421807585	0.356633937145148	0.419652814946575	0.425934664098384	0.154178695383718	0.0520905267016848	-0.0415423718272849	0.0407048756841162	0.379324607584354	0.167284236951317	0.0129426698062474	-0.0480007181422109	0.355248901514689	0.533626828932274	0.0415859062161571	0.355765399479943	0.270781149330137	0.0820801002893385	0.191494292504608	0.221362516953795	0.420111892759362	0.456181345924237	0.14665965364535	0.0791907033084868	0.0679438535249133	0.206831756107105	0.222209001643955	0.281419101952098	-0.000798908626786217	-0.00280118160488045	0.060624027850531	0.137641579154118	0.230484302056838	0.367890333879159	0.079152319414311	0.446210060471175	0.625416164311041	0.64469540726508	0.254787707430798	0.319389096217377	0.205759651025419	0.248226281318064	-0.00479151650198411	0.128363925133466	0.466419554758817	0.264602131003931	0.764904290674191	0.468340689953438	0.285427197817452	0.297961604575169	0.354126935008271	0.329758781759949	0.187537839137326	0.256350957438615	0.231955137139591	0.22865919803369	0.182173379720726	0.273366083268494	0.258724921475569	0.326299272126822	0.0258345310424539	0.276091468835333	0.157303411444553	0.025485470310755	0.127150760492155	0.414301799385279	0.11970851418535	0.321781962835976	0.170395522842597	0.134105595851476	0.311714816214082	0.0773097938883275	0.312731676363277	0.104696154529512	-0.114058876560439	0.351394429667756	-0.058218722891133	0.00825861960805615
0.155465196408826	0.0820296158550053	0.155012002275387	-0.0149892038779902	0.142252079066687	0.148066816872925	0.18550634456867	0.571785724212951	0.634172621676077	0.00511774466664571	0.201792978378166	0.1612418582519	0.205385193250363	0.151458576764324	-0.00423152588058091	0.0644230750264211	0.192390307388883	0.222243851612118	0.276663190504736	1	0.0996356676477147	0.14549746689044	0.271557445496486	0.184520058301754	0.488701091802446	0.247715806443393	0.246456164367253	0.018763687511725	-0.219187204596513	-0.045855433573061	0.0643129925693018	0.208324603428349	0.248641657184333	0.112687571426358	0.260439337578517	0.129119296842974	0.0417883380121461	0.41137745036676	0.198041449857039	0.14292908784711	-0.00313977481560308	0.219643949400324	-0.0970824163825029	0.259726622039483	0.385713573242258	0.217050880058515	0.0255370418284383	0.316831387881535	0.143321342589592	-0.0495441987380205	0.147696140302283	0.108299250838802	0.147567660955072	0.164931568785129	0.310472720896732	0.0820938439811491	0.151024270483664	0.27536591979825	0.421946696418203	0.554016620889631	0.123519596279286	0.257417051658042	0.0306678568908477	0.260591062295862	0.0374925129029576	0.19755075108048	0.136874302439534	0.1713574981729	0.319126568368714	0.551949150957512	0.253755818589805	0.247126257876817	0.0621507165240353	0.572412286863913	-0.0294950148883607	0.32491050100404	0.284137101115735	0.060365050503004	0.0033207878665022	-0.0915369489942942	0.1530869916117	0.174609925899108	-0.0669202966255377	-0.121964568310869	0.0926916959131493	0.025412364315483	0.109651906646089	0.308947882743551	-0.102318380107592	0.216395689752976	0.247236756938255	0.223282902884154	0.255403093370884	-0.0711597509116214	0.179288527984765	0.075530313119471	0.20986233591189	0.0769201196535003	-0.120059533024289	0.0261150870743561
0.206247616484771	0.265455552741413	0.224596240821523	0.324035518328682	0.261054881138638	0.302211689792362	0.341766845447329	0.318872018343852	0.233956022519222	0.41637628644266	0.451039757040044	0.421312880114957	0.265945933099961	0.148628751464651	0.429892843813019	0.184672238673312	0.571574231102553	0.251856584599726	0.339496271098201	0.0996356676477147	1	0.531507331187875	0.300718608704908	0.107604117183672	0.142299972629817	0.310447861771028	-0.0469681221157196	0.336434960581137	-0.0878282847349811	0.125755496849577	0.366674528477612	0.178493859994155	0.13377687952051	0.0017611402004401	0.32939053385291	0.174797831465056	0.229582540421247	0.172907014064019	0.262970124645448	0.253937230382357	0.020617148263889	0.108023146418821	0.578154361864285	0.361339848449683	0.10083130058112	0.175418967567923	0.38334994994481	0.19062955858221	0.0364466181381606	0.477081201314748	0.0736755604450129	0.184649388295282	0.166962437650677	0.177080162845883	0.118782967873918	0.292723908239141	0.177460330863291	0.35204382244263	0.397943821716367	0.239602474601745	0.311203793791644	0.212983311716455	0.39429841835557	0.238114412634428	0.00345689932901261	0.169580215009366	0.174325789774301	0.177741278984531	0.320028762268086	0.196394625317088	0.475419851436583	0.237113771568698	0.109442699516821	0.0410859308301949	0.287359982661122	0.186251820895785	0.0535544615293658	0.425367567775548	0.0780558088564628	0.27400997607279	0.372520271895734	0.286473885950812	-0.174464748588992	0.160507022306527	0.292693965323808	0.222790892809543	0.261070944717977	0.261265442494514	0.119303263565227	0.438886875745552	0.299282965768298	0.309543373045603	0.385031956336057	0.222065505601163	0.485734835407208	0.259000283864227	-0.0246456209077066	0.0474121067217411	0.0522322495039466	-0.0289610015817484
-0.0422927040634389	0.047177750926916	-0.125848633154037	0.196442542560713	0.0674046009933055	0.177583195853027	0.162612783552404	0.127194688008524	0.170153575487476	0.539267369622835	0.62372526404737	0.604532323625077	0.282750429087135	-0.098151810375663	0.369970416824731	-0.0280802772359788	0.298636545392307	-0.0685610173406888	0.282218796177029	0.14549746689044	0.531507331187875	1	0.310008958002231	-0.0606614505230892	0.0562453453881552	0.186623989417011	-0.0743427742125897	0.0996347510049224	-0.254484901450936	-0.0242713741166756	0.00929974379470952	-0.0274087928685205	0.0800735898657366	-0.0862593118111689	0.168204031171807	0.0158811995806345	-0.100532401912429	0.139780622773944	-0.013062790695875	0.222622526336506	-0.0589054410411759	-0.0937155380489197	0.12603075096757	0.244697541214165	-0.101744043601734	0.142751554462717	0.200365869858778	0.0258894088766675	-0.051070776688987	0.214193001555862	-0.249253041916488	-0.27291364705376	-0.059130322674603	-0.0692780946992526	0.0820173822473974	0.161117119744284	0.0578912089319906	0.103926366225894	0.247357580320436	0.229162184437191	0.379830543943096	0.207969377978413	0.483217763640478	0.188653100689275	-0.242932157678531	-0.0802026299125745	0.0608587693964393	-0.062413615791292	0.40757470480646	0.131242621731384	0.333380269275052	0.293170969380151	0.0469230297007675	0.0364857631973798	-0.0337090428341787	0.0856136848448883	-0.00903692593843987	0.260509264327268	-0.165874187579889	0.0187997027770782	0.0764578793821346	0.108444621318494	-0.370889338173158	-0.0802909726449396	-0.12967221069756	0.163592941113481	0.0216859286077077	0.187739382867322	-0.0328977227141646	0.130385858911347	0.0779604127950969	0.233228735439083	0.237784274597534	0.423965708861737	0.34678701065328	0.0181776891563883	-0.136635954647757	0.0909489214561296	-0.245808510629985	-0.261526323230506
