1	0.267659712632632	0.555213931161471	0.282104880858536	0.505467929351001	0.254080735640341	0.289943013701016	0.25304562533779	0.169709306112708	0.177666429373365	-0.10876718735642	0.137715020628159	0.157605721907043	0.489239878219833	0.384587585504365	0.36030212632367	0.0321674323970278	0.185030249191204	0.337229814896348	0.102285602619101	0.23082167117988	0.166607734033079	-0.172572340676472	0.0687995718709509	0.0617018090544228	0.0136612261144084	0.0175682441106568	0.110693361824102	-0.246634966338383	0.376307877975806	0.254745826306775	0.0375000888461737	0.0528354021741064	-0.0258514378333447	0.0736133591194339	0.260315822880188	0.192436309216181	0.246887788462226	0.139687238331589	0.0624885746659445	0.0970735679516113	0.152496948307985	0.261009924571305	0.162476998353297	0.226426114629955	-0.0691507220103639	0.156624873467116	0.0439871187605304	0.090884664271154	0.175820071363216	0.517110180905024	0.482953806085044	0.250725147996502	0.338119006426781	0.196718293998876	0.217712414813413	0.181376360888564	0.182214148799102	0.321827184275897	0.105289635271824	0.186673006177688	0.0602879445041208	0.0620291172592163	0.0745863450448783	0.414433924734113	0.339154386508468	0.409742142001112	0.023951703920937	0.350189550817598	0.288514573069033	0.0464446421382942	-0.000499296636228054	0.0498542909634945	0.0830380733025714	0.239154800966727	0.134406998796682	-0.0644497000125163	0.133015866474601	0.15853427718231	0.250119000346735	0.151530443439483	0.0753880320445563	0.486674293590556	0.405838968210944	0.452067922714097	0.156312164863027	0.131289874789653	0.26876894090506	0.162845906233369	0.302814768880122	0.0890484306460592	0.0292923768418928	0.130188782089811	-0.187572299436145	0.0371506776074195	-0.0166130712776768	0.0236247701133684	0.29516856640072	0.373130830185146	0.198656800379918
0.267659712632632	1	0.430352569929996	0.501956495062837	0.260600497954109	0.382624709090339	0.453032937239271	0.0953960614095452	0.226163379962321	0.343401741985985	0.0357224105502842	0.308894004167372	0.221036766998293	0.323461928179022	0.322678442596125	0.213087872056565	0.047143175533366	0.00927222617827583	0.189660663685991	-0.0385276722999884	0.270883073734456	0.169839627228511	5.43610012716736e-05	0.19785748450218	0.0593355047010623	0.0824337969411906	-0.0499368439352646	0.267746384028817	0.225164609264703	0.123725142343754	0.144153995445186	0.0381223543816224	0.0399815241407456	0.161182300361737	0.40418955728461	0.106010246541796	0.373977251860446	0.195893575204518	0.369540006068072	0.214365173500279	0.351294095694257	0.257409036238459	0.317340915532232	0.294133819427673	-0.00460621854509567	0.193481520352476	0.262620361576132	0.221769547148882	0.292972590079331	0.141917533223213	0.302351375047699	0.200768801074416	0.265353147946971	0.352999546220531	0.219724792275843	0.39613707570781	0.182906310054903	0.358007424624189	0.316597746080086	0.259352730028571	0.419075084841999	0.338061363439078	0.404778919145891	0.220762623913642	0.0955681256891932	0.323256775398986	0.0991590583868316	0.208863291106643	0.172195615119968	0.0319799526481836	0.203546748252752	0.312885832430988	0.100100308914574	0.164578396627659	0.0491176195767054	0.0569086595222977	-0.000694730295350173	0.284464782666828	0.242082298244847	0.143110865322925	0.15031905454195	0.193113607180021	0.220991653927	0.181419873315981	0.129656805744166	0.296363800283321	0.115801180446171	0.312892450962595	0.031557624506034	0.222946015805082	0.363159851886828	0.256416289548692	0.222325867432965	0.114106653833396	0.417012508268428	0.309963206858646	0.0217195748010924	0.338869432672055	0.508494209626082	0.378307899309634
0.555213931161471	0.430352569929996	1	0.475931814665178	0.464340883370883	0.463707857741841	0.460915556283832	0.216135512307433	0.146085799147813	0.289776601129203	0.00441441332767654	0.201287092145849	0.29975379243367	0.469511135240735	0.280312113802651	0.368453080789655	0.1627457677964	0.151820316536512	0.252027541092562	0.0581944738514326	0.281356847464882	0.0668519963806414	-0.206712633119128	0.235899216811109	0.0531872696827647	0.0391213885334326	-0.0395554332276346	0.296272199534062	0.107068535323906	0.346924969632558	0.194689279319676	0.0318090247317807	-0.00229168511361017	-0.147152336310392	0.148927696523527	0.309133418838425	0.212819081848206	0.0569398884892487	0.0739907047414338	0.0400817984319699	0.280128717919314	0.220973497901995	0.195628278524515	0.04041831467976	0.0874230056788682	0.123397751291906	0.122075611883128	-0.0135186944367965	0.262284420363095	0.0703464937665008	0.557853569561831	0.61680272076713	0.304246120829701	0.545425210525389	0.144741640301719	0.47464910065988	0.293308848964032	0.367227528384885	0.339146382253012	0.155046284875955	0.282784487616861	0.19846085525562	0.156988756885822	0.355131121838748	0.447789807016846	0.36995436698686	0.395636861053235	0.219401484993375	0.369491786998599	0.0872433074226007	0.124504212475054	0.0332761586489076	0.162916039888814	0.131955974393412	0.282533934345932	0.166243706213922	-0.186597646957711	0.273491486335281	0.31248539929067	0.278805598959573	0.0941245412973871	0.236396053627938	0.340003173205549	0.357359444357687	0.248897139512967	0.111579196072027	-0.0291227518099893	0.232189448994946	0.245840623554122	0.143800625225131	-0.0601300781263921	-0.00751309818060821	-0.115539474124472	-0.182528992712779	-0.0346172322880197	0.00212683064173472	0.145824370462641	0.243572285881116	0.321743224265268	0.291029594773788
0.282104880858536	0.501956495062837	0.475931814665178	1	0.442120573915719	0.639353204248162	0.749166495630929	0.274711119284883	0.373786158304762	0.510717614286832	0.179646794156498	0.497508738033797	0.464121985828039	0.393833597804758	0.505690661191004	0.431834718451771	0.210326331874757	0.100758836987784	0.256998084886619	-0.0267583399159678	0.39088066286939	0.453550370075264	0.0293206841158163	0.373156787083617	0.0534701663934641	0.0489862914261774	-0.0832428423715763	0.331417932551473	0.31600514953532	0.168101473064352	0.0973516541090976	0.0560939526449129	0.05637491533616	0.126884861737289	0.557261061518331	0.220736255223252	0.442841169070549	0.0208508357322498	0.455843495920445	0.200876215390641	0.345815126945886	0.291009601170952	0.413148210608524	0.14292700816053	-0.0726598585425467	0.341045834662623	0.175421224490343	0.37561715617885	0.244154883405752	0.181168946896269	0.545366686542172	0.380668359223431	0.603404043604368	0.679617860918146	0.492428600805861	0.791270546479603	0.268745509642953	0.452629143387907	0.372049794125894	0.370825834167801	0.60715156593157	0.47762712377026	0.520137326539378	0.546153512901144	0.332987663212562	0.538257857645914	0.292719881539444	0.309783049511357	0.362054926405006	-0.0610792468171756	0.3061740762769	0.314695462186738	0.135708899221019	0.135992399455443	-0.00674311776618394	0.124727180473507	-0.111694215821386	0.276616349845849	0.422505921575194	0.148695748224611	0.138057482605087	0.20134488848703	0.286029249672544	0.0453594306246876	-0.0228877725041713	0.349577634253738	0.12405897354543	0.595559388625426	0.327389333463297	0.0768577726460605	0.397883613267388	0.27310825370835	0.0983047651046551	0.0567558951555107	0.20725056962851	0.466688668726783	0.121559146728721	0.526039037849912	0.55530480315514	0.529900386546504
0.505467929351001	0.260600497954109	0.464340883370882	0.442120573915719	1	0.541483201881768	0.398461571848753	0.234400052561227	0.203748489117776	0.351518957665007	0.15128308848845	0.149160586274807	0.259856815758208	0.316146399219344	0.260056307523109	0.244901123856432	0.0873377551874508	0.302391532390333	0.282691328689715	-0.113916254888608	0.345926667198956	0.254578819298917	-0.114356704101752	0.246535644725281	0.0388277345901929	0.133879983703485	0.0165758418410328	0.383183092198979	0.0229137875322455	0.118834550048003	0.0669128215719526	0.0585315617486346	0.153548052615267	0.0930966734339847	0.427837945160345	0.174260603935316	0.297527087967555	-0.0420321369658005	0.357535620781067	0.329345983821073	0.311373741823331	0.133712711520315	0.383640638854357	0.291922381487489	0.130034894994408	0.128678891665569	0.113884606000683	0.324717988964235	0.313580250468427	0.216924683324872	0.490314165599768	0.4006094788993	0.284902657518641	0.520406540548001	0.465825108326614	0.480734677283581	0.312688398516484	0.253580053762587	0.249962848128681	0.0919803527018572	0.359170562855779	0.243973513024238	0.128994951725011	0.340362733680528	0.107105264550056	0.301887938788701	0.0762489389996732	0.159748407216892	0.161038354030039	0.00651312351551657	0.151407264376408	0.10578971485903	0.123571395586433	0.0599877772746447	0.13849448397507	0.164961366926689	-0.17353726650946	0.246301304913811	0.259330773109603	0.0479328350265205	0.0364939036400209	-0.04996938827044	0.222590901186169	0.0287993089009365	0.0126981655688338	-0.0396013682902518	0.028213566873132	0.380782898251839	0.0860452419392463	-0.0769071229471867	0.219016510134849	0.261924757434686	0.149187268575853	-0.0828912665162408	-0.00618178219546286	0.283581367661146	0.19204613669689	0.240647563941021	0.274082622472777	0.283621434585211
0.254080735640341	0.382624709090339	0.463707857741841	0.639353204248162	0.541483201881768	1	0.777655897421397	0.433832637579568	0.343361954253033	0.523869839897971	0.152078985231297	0.434862672175085	0.50962383286995	0.399418111866481	0.532210441133892	0.490539376366701	0.396246669634231	0.334281017826322	0.399556639229621	0.0751203169148593	0.384657052769285	0.363600197335896	0.0402672176804714	0.308878200626721	0.186963602677895	0.241935152040446	0.132265532197153	0.34295434032587	0.240477482731845	0.155243142473926	0.234076406591921	0.153550550041327	0.245642096501886	0.111343253032979	0.534668840869513	0.379076986934981	0.283042568638718	0.0692348361797675	0.363794221478901	0.130452061322785	0.25766657412833	0.254349121688815	0.340943524546546	0.125429083884171	0.0527834369732262	0.290671626216081	0.192847164806868	0.478605465083375	0.0735992257504772	0.310046719833068	0.591897945053592	0.429166575027584	0.487567492723143	0.777403043047547	0.527132175222044	0.695149235090836	0.349457182553816	0.442812115990055	0.448653711583334	0.282743405546559	0.46893140150081	0.220323913992168	0.389184652395245	0.47588502232349	0.235188631747557	0.532312756160675	0.308885479047151	0.361782904711409	0.415516874844568	0.163040039594226	0.227035133065121	0.371481431211134	0.279880686052791	0.227189505925889	0.177567143178925	0.170273378521675	-0.059808655489042	0.252722061668413	0.359234047389317	0.283261585753752	0.156368943333238	0.191587413817436	0.123585174090967	0.03598109042637	-0.00963416659333528	0.135886113975644	0.0579261287782892	0.502066501720366	0.250003498081561	0.128258354627769	0.231641764641619	0.077394515515408	0.019279597366889	0.122156911256529	0.092649127047582	0.367462974371261	0.0953408362811387	0.444877387539911	0.468890304528226	0.468435255345888
0.289943013701016	0.453032937239271	0.460915556283832	0.749166495630929	0.398461571848753	0.777655897421397	1	0.492814519589838	0.476248938048734	0.539038609017049	0.221171623673125	0.535829508524171	0.533142275401027	0.530805181438923	0.542684674189597	0.537551908937003	0.349940807066726	0.35932742358425	0.460932684676438	0.262308800642596	0.424142899521626	0.416351037020999	0.0778473903111005	0.407454209852285	0.243110993414408	0.238811921548343	0.0657424360296235	0.329619461952662	0.311521440254857	0.283437491800222	0.33263077136617	0.304209299341179	0.347039307461988	0.217330434506547	0.586987893916614	0.451706221744775	0.371112748848134	0.156500594811051	0.467240230898201	0.148656047075313	0.323953688760904	0.417445071561043	0.449759041955467	0.195499849466736	0.154149617020074	0.326373567896554	0.302336624023442	0.485140400623705	0.0904197585617166	0.359034459217158	0.629407144840878	0.492492244286927	0.608060587082737	0.732758747865214	0.59452718907285	0.755126387100627	0.329560508454128	0.42901554141584	0.463033578775022	0.391629926660205	0.566444070967949	0.427511694887731	0.522763342716678	0.453286620809912	0.286652267653574	0.592972059149412	0.40608427881904	0.420666517589115	0.489884520161532	0.224418482954566	0.312125647458748	0.443229622051825	0.187238485234765	0.270144596160894	0.154780722196635	0.107081786678282	0.00462244138695876	0.24277820910605	0.364492729866001	0.29395853068692	0.252785935836099	0.287930231599296	0.274535740527143	0.133498613929423	0.0708663642461129	0.267924247044686	0.195986254699634	0.559823580030722	0.317652259921948	0.19888579622895	0.345908275410744	0.0940935844484173	0.0881273686050779	0.0132488165067064	0.179392783403432	0.381795673578657	0.0536245673181002	0.430048975042041	0.545617818621876	0.525013555088363
0.25304562533779	0.0953960614095452	0.216135512307433	0.274711119284883	0.234400052561227	0.433832637579568	0.492814519589838	1	0.578636543505599	0.321831906278099	0.0718939981704126	0.409580386998276	0.580029531566989	0.323855070131071	0.386654159690213	0.602645536642647	0.537075273019827	0.620789570383731	0.696847476508908	0.618784835257955	0.430879242089203	0.295008591967333	0.137399530644981	0.218554241059639	0.536185959459405	0.341427325572079	0.431128984363666	0.237762877819819	0.179683271756097	0.300484689200938	0.44176907930754	0.355324969474042	0.403278522803833	0.228920720274482	0.268542892806837	0.517390004956903	0.0965073908675219	0.331621675150349	0.126210319602369	-0.015152060366229	0.195908041139904	0.301602271853093	0.19051686229802	0.174030994030192	0.25148177925477	0.279494051754682	0.227959645257296	0.211903999014632	-0.0104955619007063	0.330511483988358	0.508565501606924	0.4116087073064	0.431227344688679	0.482850657610596	0.374926436770669	0.485275053100303	0.559542288290955	0.419150646269001	0.559590569075577	0.48435845567612	0.349132285845294	0.135545946302719	0.315309037953625	0.286982274913506	0.257241844110329	0.426176631489851	0.534533170413969	0.535516125601389	0.689614152110344	0.534638175193748	0.26868000904333	0.256976440478958	0.406556762923875	0.523146307621749	0.479436847247803	0.349073291222047	0.374893368054592	0.146829748935912	0.16939172235324	0.587752596796233	0.370092964069283	0.300982170466051	0.114874108247986	0.22779372425311	0.297675088492286	0.307789923486245	0.108017860338016	0.351747218224988	0.377859790075553	0.390179420661758	0.0267255821372869	-0.129976762323697	0.190135066029491	0.0797684075246266	0.0112087518122852	0.140064736856425	0.151659117356138	0.301415129601845	0.310395225626361	0.488582965014103
0.169709306112708	0.226163379962321	0.146085799147813	0.373786158304762	0.203748489117776	0.343361954253033	0.476248938048734	0.578636543505599	1	0.447926721744456	0.180507461546602	0.518591921258581	0.478933013359842	0.182065072155743	0.250899012687832	0.478343604338232	0.393033921599027	0.320542896179275	0.556855129407647	0.45390944472235	0.472663520956968	0.341138763537934	0.24467005995154	0.533125247015663	0.512580249927824	0.368658920161465	0.364193754054632	0.261349044503341	0.149995180137595	0.10863853909265	0.277499247488991	0.311836031360467	0.341147481113196	0.389858421024321	0.463895090219434	0.469536140432583	0.321776969110829	0.32552087852225	0.384783263733186	0.359425650797093	0.210208751949957	0.412877968898237	0.343133884593041	0.388558596763753	0.226273858625258	0.267727953721387	0.323674753477342	0.373076749590056	0.0425237218086954	0.201670843113416	0.420672146859047	0.268646082460803	0.382223835212323	0.381726651553962	0.477846546329704	0.452572448728117	0.281779761819177	0.294474041105691	0.466281711288609	0.761926870969429	0.546590005889512	0.39945767982126	0.48782582724392	0.251072126276375	0.134810058167554	0.259063965271096	0.315897967846837	0.423994820232193	0.595550745981044	0.329131452366558	0.375033529798333	0.445328431278412	0.470001335846843	0.626769652180407	0.202302158535567	0.312705531372121	0.364422040338644	0.22655133002037	0.256617125918612	0.34340148585121	0.285487297827554	0.171912359489064	0.147892652640039	0.181442497918628	0.138796696570238	0.288060856490466	0.291955438850747	0.449340261156327	0.251580668569738	0.300758340882591	0.300889158254483	0.181407192438577	0.302960924057253	0.170258609136611	0.209798136996575	0.389251897180016	0.158560650840769	0.436118608077055	0.386956060178838	0.374360957320306
0.177666429373365	0.343401741985985	0.289776601129203	0.510717614286832	0.351518957665007	0.523869839897971	0.539038609017049	0.321831906278099	0.447926721744456	1	0.431798839639052	0.632882299247133	0.386535059259716	0.37123699974468	0.507369096608935	0.344942423942786	0.351077292948788	0.245420118536987	0.352643219002008	0.14796865944569	0.618172400875261	0.424073962472085	0.218246202054327	0.243168666579126	0.282434560445536	0.380837744850486	0.195716977119963	0.337304209266774	0.216372825948853	0.294142065881429	0.186115218645519	0.301136570571445	0.202547789200147	0.15195672970255	0.351857581817118	0.20295168426523	0.399067692659987	0.100640886283005	0.417370401063099	0.330526250556231	0.355571475646446	0.421638739758776	0.34250074384596	0.255606701056974	-0.0226101903436003	0.369559919554719	0.368379684717387	0.386323109502759	0.1913237307444	0.405792840804615	0.513688146828567	0.238960830500331	0.532214252621324	0.447000341376705	0.400914876730914	0.547241021882518	0.338731386611815	0.405392548197242	0.45664033116719	0.391173353758964	0.609435716120949	0.426087895520773	0.4334561097376	0.359956822855631	0.284269189411448	0.493412662602955	0.354908613524811	0.398189570359852	0.395741362981724	0.119405000761807	0.321206664141485	0.590088614292082	0.167735957813239	0.371672867954075	0.228744142862745	0.14994308553804	0.107798193711648	0.155832503828248	0.209224668724228	0.173551933850142	0.311383238681167	0.164001411189536	0.0280126469427561	-0.115146137297116	-0.0899739620624557	0.181783742197986	0.130086711419959	0.387535651766353	0.253990771295262	0.0490365320003457	0.255372254875699	0.220109856854192	0.0646550274111297	0.0923110926790815	0.178464744314201	0.240092498564297	0.15546715150538	0.492451285694561	0.487195254573997	0.455654290389584
-0.10876718735642	0.0357224105502842	0.00441441332767654	0.179646794156498	0.15128308848845	0.152078985231297	0.221171623673125	0.0718939981704126	0.180507461546602	0.431798839639052	1	0.237258078624416	0.220516625921882	0.15707174246946	0.168546296494609	0.0978692238465547	0.221789204650298	0.119365063028395	0.0261919925064511	-0.0493340912127461	0.385070802815267	0.233158679924152	0.14080246611904	0.298818636169089	0.109089970485684	0.26139543133699	-0.0114996135166773	0.0769994543823427	0.10334122207433	0.00474948509397298	0.0519397539905294	0.351178981392113	0.245268689187851	0.0911229468366175	0.269882190675224	0.00305782412263313	0.240080513889285	0.121647276879905	0.386367255449022	0.311358900162247	0.274943118177864	0.170611777987597	0.170539401920287	0.133422046597861	0.0180471678664192	0.137319201061842	0.24442525561026	0.290010845929592	0.16111621143836	0.278745973769239	0.0590452560209755	-0.0414800680265792	0.235984456474483	0.0617415317225312	0.34003377251227	0.247050871090989	0.163290239315286	0.198175239734105	0.177391102354655	0.270785390849218	0.401678487054913	0.229305758881981	0.200628977819325	0.242826821852381	-0.0536416395270138	0.233666253489596	0.130682384784256	0.290791048622146	0.0814673133946082	-0.112034757662691	0.291481776078186	0.256763390366281	0.232357814802835	0.0664955232188599	0.057214047414063	0.136066289545205	-0.0241490055815775	0.0192591406298358	0.0791032532179639	0.0024848518153075	0.235102705924553	0.132472116109278	-0.0114877513867689	-0.0337761302706491	-0.0889118904575627	0.135208460542951	0.202814085959448	0.32597980949661	0.134612276855081	-0.172347251088835	0.312331623687021	0.299611638217709	0.0787948807809793	0.0282870715981859	0.172047583389608	0.210056387807191	0.0937258011954908	0.178901352780712	0.196093727672738	0.289246252253527
0.137715020628159	0.308894004167372	0.201287092145849	0.497508738033797	0.149160586274807	0.434862672175085	0.535829508524171	0.409580386998276	0.518591921258581	0.632882299247133	0.237258078624416	1	0.496637148564929	0.194588181794657	0.481359003266592	0.264232898668897	0.411249762622815	0.204810154830719	0.379299908219029	0.268759638502427	0.532997840435356	0.333425116371821	0.379494515500459	0.271315958291345	0.348550216487027	0.39050628304315	0.226427919332941	0.314095315762266	0.165214056768254	0.109212552658815	0.0970048175783407	0.340149538494004	0.188646268695679	0.31105302366776	0.441522550099839	0.259405195182434	0.226835577472867	0.232574538336903	0.374507150642715	0.280289220608512	0.174985997685764	0.288818428171275	0.397168690318069	0.307324247433457	0.0794133803010688	0.381065178820387	0.442898537552468	0.447174045058957	-0.0491957403696507	0.325882406876929	0.366292347014187	0.26284634832155	0.486001030467489	0.362950863962612	0.502334948470966	0.512945516334439	0.433815718086987	0.378066112104497	0.365018880943471	0.49930076046663	0.583934674410569	0.51577789117744	0.603154852038914	0.358468301739849	0.229776307180111	0.499732954152265	0.254079898890048	0.36273363561166	0.405754081641933	0.203949650894743	0.52645123010332	0.597228378156215	-0.0035551548305857	0.461575517563641	0.0929982286566825	0.189968364795644	0.190110637015619	0.25089365796115	0.22477593825989	0.213012180371812	0.372492100454804	0.264496240974536	0.122797171190055	0.0103565884299449	0.00966971972294327	0.409917980662435	0.169766647042909	0.418677559113655	0.259942751511562	0.144223934930949	0.305713627613589	0.233271837131408	0.151181040977601	0.084073669782724	0.32609952699981	0.394343583829795	0.216445635780222	0.420403456925837	0.543128305522181	0.560671951711605
0.157605721907043	0.221036766998293	0.29975379243367	0.464121985828039	0.259856815758208	0.50962383286995	0.533142275401027	0.580029531566989	0.478933013359842	0.386535059259716	0.220516625921882	0.496637148564929	1	0.20192063521311	0.368314262696722	0.390513142807167	0.534485595121411	0.382989508164494	0.416202772687126	0.299843593296158	0.486539067503853	0.218828009717432	0.0431972186426516	0.441102639377778	0.304429350843063	0.279819549174245	0.228679853873302	0.455323823911125	0.159105866165036	0.0709363049226439	0.270578484031309	0.269335947011641	0.41375661311727	0.140101738760707	0.506292141804129	0.377449884517184	0.211483715116028	0.215466656768689	0.307182747332488	0.122997720059813	0.309641094311965	0.357167312925366	0.347921226175278	0.249415313296686	0.109991475976396	0.278939139514852	0.15745459379637	0.289283861123444	0.0691037559329001	0.346565643953286	0.407603929791125	0.221811193812578	0.448937787718393	0.45149574458298	0.477171034415458	0.599360856652085	0.506819456395283	0.509544765214432	0.518671089608837	0.429529923695507	0.536876345949832	0.386879550779317	0.424086133565886	0.505274625003389	0.177320450326596	0.484730851878021	0.319280646191919	0.430921543632337	0.411757947442355	0.149483215182868	0.419637557582783	0.335508650489483	0.195043957482306	0.304505866791862	0.286127970899115	0.19438585065317	0.129102488678539	0.277422557263574	0.302490190942401	0.411200184414393	0.255033894189899	0.288000370350064	0.20852939593799	0.173217925623775	0.0636220177039011	0.32716170494764	0.144664745379528	0.416420314479083	0.264155883080652	0.13882701823016	0.181651718248672	0.161220402367145	0.186465604020801	0.112214313302204	0.118564879323835	0.300947410577413	0.204291298230294	0.366921811070889	0.376167436999722	0.568638867387718
0.489239878219833	0.323461928179022	0.469511135240735	0.393833597804758	0.316146399219344	0.399418111866481	0.530805181438923	0.323855070131071	0.182065072155743	0.37123699974468	0.15707174246946	0.194588181794657	0.20192063521311	1	0.576721710025016	0.525009104640495	0.111799192333126	0.345044799335318	0.319616092701785	0.298509274383811	0.274741158333331	0.265559304004428	-0.0766678656776726	0.0993268248057675	0.227863104620212	0.0882366417138456	-0.00747647531146245	0.0755736497371808	0.239571950717664	0.587964850797809	0.460020193740872	0.241491110694287	0.272377015533422	0.000938069922264596	0.0890220095107835	0.337318564232801	0.325499651945722	0.125600241265289	0.16352496763265	0.0950012586779833	0.230804743366501	0.232314979564518	0.188116022474838	0.0308938829822239	0.0984535038104468	0.0348349976289401	0.127200309047912	0.0946569179011507	0.392109658065803	0.276293535715803	0.54445746860477	0.459753221678202	0.435228646397814	0.360756954186074	0.178608486203601	0.343412726032396	0.0957995019911515	0.331675535427034	0.328934204195641	0.253073706236574	0.298214969270189	0.0245383083954059	0.213377195259395	0.32631596606071	0.538806166875775	0.460093914454555	0.553094000861541	0.364703538560545	0.428711940020506	0.350366927079525	0.104653498228459	0.161826676576303	0.0371243038470958	0.136820087900069	0.141278493202652	0.194808276777657	-0.0815845873207908	0.122619801950213	0.273565300152979	0.268645702801198	0.199718345491484	0.176037681790172	0.395697595303553	0.216891445841682	0.227875786041474	0.172517526871746	0.0952199688245694	0.300603046663538	0.264464882550456	0.156682327010752	0.077418397530535	-0.0434705719173064	-0.0980229598220623	-0.133862123256659	-0.0554797544566199	0.173275191991547	0.194525757204836	0.326216643630845	0.323760148384139	0.278195394825341
0.384587585504365	0.322678442596125	0.280312113802651	0.505690661191004	0.260056307523109	0.532210441133892	0.542684674189597	0.386654159690213	0.250899012687832	0.507369096608935	0.168546296494609	0.481359003266592	0.368314262696722	0.576721710025016	1	0.487229021898326	0.190426035145845	0.343380614561617	0.381650795554104	0.141294718380914	0.412899902658451	0.365318951379038	0.0137832921833287	0.213100818461169	0.105547640008171	0.0951771359396405	0.0422743687361746	0.217507357911103	0.27425122191791	0.29225874072602	0.337129087055442	0.15418823839784	0.135538588827862	0.107124742961598	0.271936410819875	0.257426921257615	0.261138805823843	0.210750168131988	0.315146990052638	0.163883543615853	0.206590882539049	0.281144749100221	0.354692476556414	0.0758251957055939	-0.0417703807529694	0.174013322664444	0.239493396899036	0.283177693410946	0.130090611613283	0.558062965171582	0.470613796709723	0.377771105209412	0.565411188578591	0.391477550680238	0.29872546818368	0.510073003616608	0.312706824461968	0.47793871296761	0.457597174344301	0.290378392776963	0.547310972646212	0.294559951055207	0.426522486557392	0.414191784895542	0.498636299966301	0.678485660538326	0.4505709020742	0.431193533010714	0.410377414724843	0.231150234820605	0.271204592068251	0.329159303610574	0.100005506158669	0.144816296470518	0.19371253397372	0.0271072554668012	0.01306531407568	0.159639277055739	0.255451159294199	0.314474577382931	0.146375432232119	0.104379676955753	0.301340606690676	0.136509016341596	0.0890706633722053	0.264939185058673	0.0869764154950476	0.490549786894224	0.311787696641245	0.152451160971745	0.270040760425278	0.067850940155834	-0.0380947978101196	0.0369954480538292	0.129783998969954	0.277006109346899	0.184164627553009	0.577325701426519	0.587174822288204	0.498016511535304
0.36030212632367	0.213087872056565	0.368453080789655	0.431834718451771	0.244901123856432	0.490539376366701	0.537551908937003	0.602645536642647	0.478343604338232	0.344942423942785	0.0978692238465547	0.264232898668897	0.390513142807167	0.525009104640495	0.487229021898326	1	0.383429095903225	0.551411911868072	0.65024306004066	0.546682107267815	0.298653431700908	0.297442158617362	0.0413777383183083	0.399857096073041	0.376404467776079	0.378396567150901	0.327538784407185	0.177929248565218	0.23178971899244	0.449058375632766	0.755002810870715	0.420937290213947	0.484388397771709	0.414995429988591	0.379735838026517	0.724136388782076	0.422600673734857	0.444464970960665	0.258967792205382	0.0853679353911427	0.294681184298859	0.478730204356677	0.325965140796786	0.226262234065306	0.468084312265944	0.242489671055163	0.25306318915415	0.281083478044281	0.0887843225075015	0.298317343117841	0.554678138678116	0.394220472211126	0.449863235479663	0.472826115156404	0.330592944868577	0.443380047496701	0.189267081288172	0.34719991998921	0.475706136350922	0.46664685112302	0.336204101774881	0.0330554068975115	0.263681560962102	0.218897999522186	0.385222758775925	0.454898641977783	0.647706006516545	0.4314987297851	0.696811833530874	0.526810514122369	0.130433358147266	0.307448924835272	0.452098062229569	0.423603129464045	0.439565101892017	0.513212193402168	0.397829495546543	0.14379107932687	0.205602352368322	0.662999401642812	0.437697257081249	0.393431322204779	0.363322898899295	0.460671133035013	0.502852981069105	0.427547151086724	0.294023054734055	0.55136781717701	0.472181913512966	0.516480917967711	0.207862762822082	0.0447597521747346	0.255606092993504	0.11995737245503	0.0649419295573015	0.211054799528977	0.0490622607679578	0.474677382369641	0.420562511065323	0.326629242678021
0.0321674323970278	0.047143175533366	0.1627457677964	0.210326331874757	0.0873377551874507	0.396246669634231	0.349940807066726	0.537075273019827	0.393033921599027	0.351077292948788	0.221789204650298	0.411249762622815	0.534485595121411	0.111799192333126	0.190426035145845	0.383429095903225	1	0.45528736608888	0.404833378460665	0.399251503316382	0.527839036364193	0.170237526659511	0.161628676236867	0.203773410963009	0.470838202522197	0.381945362364818	0.257029356528142	0.221038526217254	0.110075101397279	0.180167940931798	0.315354805973542	0.386404741406282	0.352834016139289	0.158844623567192	0.257671820606283	0.438477040445618	0.0978848541146264	0.189373672515743	0.0629628540164559	-0.0516767280461261	0.098337572091075	0.200868863914531	0.246412075211646	0.110090060749511	0.194652083400539	0.23738115929542	0.260408740203496	0.222431817015011	-0.0911229555692646	0.174015413807492	0.294845021006439	0.183112731139461	0.228314681146113	0.322027657166538	0.274113678595293	0.313385947131548	0.306578382054917	0.252858455090193	0.396022261240387	0.423276718489438	0.31788791814538	0.164025619578519	0.195860881848023	0.0578033209587338	0.0922996721580558	0.344111439957785	0.210891824032425	0.341610136894493	0.419997865544755	0.157799146945844	0.409938678292333	0.311933261666716	0.310084562024222	0.377732236778982	0.347258589434313	0.388277128410239	0.205285719446202	0.177817725805537	0.0648439444108405	0.377016115187304	0.238616138529391	0.312164931048316	-0.0957011814644976	-0.00224989731887523	0.0490353288853179	0.233606875064964	0.109670752335536	0.199638931870759	0.233681848382654	0.152045272072684	0.0171168756326153	-0.0828001818108659	0.0550919057090566	0.16399950304479	0.123639610349386	0.170336293060055	0.0239279840593202	0.277048581195609	0.168732661510642	0.354683536860521
0.185030249191204	0.00927222617827583	0.151820316536512	0.100758836987784	0.302391532390333	0.334281017826322	0.35932742358425	0.620789570383731	0.320542896179275	0.245420118536987	0.119365063028395	0.204810154830719	0.382989508164494	0.345044799335318	0.343380614561617	0.551411911868073	0.45528736608888	1	0.536000969396529	0.470940237640143	0.319733912973222	0.258345241924197	0.139917959741773	0.216605386931314	0.268570146131698	0.279593907751056	0.224855914111276	0.174100015769978	0.0420703740968906	0.20282855579459	0.542387723569727	0.346251916955558	0.391848743317335	0.221230476092444	0.181358834685825	0.517096629155068	0.162201615615211	0.26874333812661	0.0633863711060489	0.0100379280296888	0.0810345123591393	0.224348876405279	0.147587963699211	0.00444640862536796	0.268440723740927	0.180001815780446	0.140900148851871	0.25257117493559	0.121921529409314	0.331427942816302	0.352511267469947	0.302894890951745	0.295298980802743	0.25187411269295	0.276862610426259	0.287929634259952	0.415111913350245	0.334170271841275	0.403340928760441	0.251017199974885	0.189418283122204	-0.0178451475729941	0.0316144408575389	0.186315623849443	0.250944688110823	0.382690154449311	0.438386082110183	0.455148705507335	0.461805784927503	0.485537741443504	0.137890849102338	0.265159023758652	0.339302155188201	0.239397278187377	0.527009248360596	0.312233891017361	0.193881497026927	0.00436128384197931	0.049987933296481	0.483314268873237	0.274478769528689	0.226373359935473	0.0768978234954103	0.153695071167343	0.253898222672679	0.17906437442606	0.0809979511327711	0.308630094259424	0.320163874834461	0.289187154942939	0.0517202025488159	-0.159647000520882	0.0683346744004103	-0.072482941682871	-0.0435950174553797	0.158733088232686	0.131883991858864	0.216306715959524	0.111134130462034	0.305903691108739
0.337229814896348	0.189660663685991	0.252027541092562	0.256998084886619	0.282691328689715	0.399556639229621	0.460932684676438	0.696847476508908	0.556855129407647	0.352643219002008	0.0261919925064511	0.379299908219029	0.416202772687126	0.319616092701785	0.381650795554104	0.65024306004066	0.404833378460665	0.536000969396529	1	0.551756150800246	0.287033816576653	0.36923309323882	0.250209116118112	0.377820878000743	0.463715793192706	0.411362043019723	0.428884361396612	0.199964529615691	0.0716813841935035	0.285399573385886	0.484286643911575	0.314188671552997	0.358247913580036	0.295326833313081	0.316759612403989	0.624563242929629	0.202878664716325	0.33652675870949	0.16800131449262	-0.0121388145339209	0.0442947042608392	0.393038173554439	0.242966151284538	0.144892242922801	0.331162812230055	0.327838040719068	0.22089123248932	0.329298988439511	0.0374652694732671	0.438151867215251	0.428507266621018	0.339254623582712	0.394570332365318	0.436735302075118	0.4187502210352	0.369842158144895	0.419577561460612	0.262921740828164	0.369646367338718	0.449559777900682	0.301748520222869	0.137634690504489	0.236879028322251	0.0991195178715006	0.135138127635002	0.295818792017978	0.458935573345538	0.433650046129856	0.668100033000887	0.511814136731443	0.195823951658469	0.367805005809098	0.498520519206564	0.530467495471889	0.442617709282598	0.431622500166892	0.376427225658868	0.0380457444987992	0.131642820429026	0.48888788101855	0.354503407183393	0.187706786500018	0.197919116219395	0.190060355756068	0.274604265890367	0.291015021995774	0.157176971872927	0.422599334301679	0.358720984874215	0.446564641856418	0.105444496457087	-0.137553934576271	0.197979802477064	0.0669621398926281	0.0751437997685336	0.134241440582763	0.156556051123278	0.347995582826117	0.372082659260839	0.324216129417568
0.102285602619101	-0.0385276722999884	0.0581944738514326	-0.0267583399159678	-0.113916254888608	0.0751203169148593	0.262308800642596	0.618784835257955	0.45390944472235	0.14796865944569	-0.0493340912127461	0.268759638502427	0.299843593296158	0.298509274383811	0.141294718380914	0.546682107267815	0.399251503316382	0.470940237640143	0.551756150800246	1	0.238944746678292	0.113091891031843	0.257504637761052	0.0603267580692986	0.671699404737204	0.465263753648305	0.46963736038764	-0.0121202078593025	0.0352750981018756	0.402149181771481	0.524475716782478	0.45911710005034	0.473798146758072	0.319368862670351	0.014519007010468	0.557124395966387	0.0151120758598245	0.439240718226554	-0.0804520949920018	-0.0752121888785149	0.0368641777116066	0.422533574560413	0.0955054105728316	0.110193439275866	0.401491391518635	0.153564716034748	0.215916073284304	0.15713363352896	-0.026623299570336	0.251845120515894	0.259882617851927	0.270164304374658	0.218149564439468	0.115828333713047	0.110274573081813	0.106324471967606	0.14734531535769	0.0646251952198765	0.297361127476097	0.407929432401786	0.0711296927400918	-0.087489249821715	0.0429841142023838	-0.0333196511733789	0.136840256473547	0.205149055022619	0.55337202573335	0.338231112403367	0.589894422923443	0.666040136784856	0.128630223718162	0.149820585267308	0.275834702904526	0.541321464916331	0.406798872145782	0.371733227855945	0.472352434557205	-0.137865497109213	-0.0949220731825677	0.508530574645901	0.312142248619794	0.351035579800406	0.0397835183034216	0.254878657009714	0.389443061541501	0.298272887680203	0.103354495862563	0.00748752219930255	0.261532456025982	0.46445762119613	-0.18513037749495	-0.245538151219618	0.0998977748016202	-0.0758032617983933	-0.0531791630177779	-0.000599114584732335	0.0056009046722469	0.121656238398489	0.0167808473883162	0.101155070617733
0.23082167117988	0.270883073734456	0.281356847464882	0.39088066286939	0.345926667198956	0.384657052769285	0.424142899521626	0.430879242089203	0.472663520956968	0.618172400875262	0.385070802815267	0.532997840435356	0.486539067503853	0.274741158333331	0.412899902658451	0.298653431700908	0.527839036364193	0.319733912973222	0.287033816576653	0.238944746678292	1	0.23426312896577	0.12323251993166	0.345361148754328	0.332915314113918	0.368670635945236	0.283833888094737	0.25834430206938	0.209328539227324	0.237913013705125	0.210844289976318	0.30955873927373	0.22253655025963	0.178736144764051	0.423135034500383	0.154837468637799	0.345216215360041	0.131346594290974	0.34658389060549	0.286726360347124	0.250031652723984	0.275936476947941	0.492430127297672	0.352270201194552	-0.053707939202854	0.309758025266556	0.397076988543752	0.26064213161312	0.0170877358378505	0.349690843320984	0.333451402925076	0.182440575427677	0.318040420111834	0.320798674797189	0.377428636755616	0.489074684963993	0.423681329109196	0.326146362530611	0.298137780503844	0.328323655285696	0.601041890123062	0.411332111388706	0.50253414368054	0.341387144200215	0.157578759246088	0.439558407727095	0.234419777172612	0.30720757050331	0.351769647005624	0.123180100168956	0.521787710509667	0.439201213338816	0.269761057089295	0.379057304749613	0.299656733778651	0.133918443655214	0.138507745795774	0.13304314910697	0.262161445321587	0.182775518536629	0.277441919150161	0.201493801723406	0.0868589938653082	-0.0385961150063223	-0.0735211894502357	0.10937132900475	0.223343514641877	0.277980004809403	0.273870381264944	-0.00733995150644053	0.183250257208735	0.166938078957875	0.124042980342334	0.0575981366482729	0.192738344897799	0.186128297776295	0.205195152008946	0.452976545240494	0.407309303859284	0.468541925606319
0.166607734033079	0.169839627228511	0.0668519963806414	0.453550370075264	0.254578819298917	0.363600197335896	0.416351037020999	0.295008591967333	0.341138763537934	0.424073962472085	0.233158679924152	0.333425116371821	0.218828009717432	0.265559304004428	0.365318951379038	0.297442158617362	0.170237526659511	0.258345241924197	0.36923309323882	0.113091891031843	0.23426312896577	1	0.20650830516236	0.216143875728656	0.0105171531617163	0.190694922743818	0.0487763120990472	0.215046517863537	0.207122904052629	0.164689858963626	0.0464717103574941	0.0488575805182154	-0.0459936032388727	0.0909441708345166	0.32846481354754	0.171238125256045	0.116096257319216	-0.0224818084184718	0.208184125426096	0.149375719176728	0.136249491337016	0.270558669866362	0.239566440152556	0.0248200238347481	-0.066835584609769	0.406138674171646	0.321786143898891	0.334015223498253	0.0530734043462656	0.289238336262685	0.393376371753167	0.286763897840883	0.390597083895462	0.382550557656794	0.533591958102167	0.408042630607045	0.318237038250271	0.300112119299174	0.27564389849361	0.261343597031062	0.414822761164059	0.194656698586451	0.246461259696187	0.198811154929108	0.220349231101162	0.371471760877448	0.177318763655457	0.325403325675696	0.306305017366645	0.0210717840775061	0.223904057870164	0.338296253925406	0.199912635776007	0.133704807169617	0.190193841000479	-0.00107539123470625	-0.0365880815648343	0.0933464912956069	0.183079128269955	0.0640355546379091	0.159891216954298	-0.0325718796867319	0.0442511688593631	-0.113169651841935	0.0677779757154382	0.0103793288288667	-0.0314913869439939	0.340325612814775	0.345822100502992	-0.00350551892890443	0.24682539982478	0.113615977022612	0.0409906707166942	0.0856874752247588	0.0968723750814206	0.403210151895289	0.250132941506346	0.443240249304398	0.352471901727505	0.35262102439288
