1	0.525528982582329	0.497230437512242	0.616240780900453	0.629652851357837	0.504125261463032	0.329816021321387	0.166985071174414	0.0551631302543625	0.361093893696838	0.405937667725706	0.396088257638255	0.327540715842368	0.803720397212629	0.626259274272942	0.524145721750821	0.131143126347969	0.102589960492787	0.0965205758352384	0.243106204139469	0.357524562906244	0.337400541081361	0.265609216306151	0.0987711460023905	0.263666680201026	0.28031270078811	0.231225026812805	0.416333363873642	0.371999155129663	0.582489275503047	0.342416624853735	0.370628027333406	0.317488958925284	0.499065257022438	0.419827580295336	0.358304086386437	0.390222785700555	0.45967769864656	0.359993130651234	0.345448594467334	0.630538793937835	0.613250530104558	0.532258079731765	0.436407429059721	0.394757823234696	0.24478958338964	0.454810250051155	0.394469737786451	0.477260461688355	0.405645478093138	0.448610279218763	0.580650661964561	0.575064044363748	0.505273501660987	0.522665580886564	0.50063911446396	0.219630007482875	0.151387488418614	0.120577455665658	0.195080212890858	0.392261400383909	0.271192130819779	0.279782784611597	0.216284237312616	0.541052680337152	0.409319668313683	0.502305435240039	-0.000272999674520381	0.270670907098599	0.285337185874677	0.220909714753914	0.286911826046557	0.174370321332571	0.125239340229804	0.0435673061083886	0.329672107959862	0.162818513896946	0.489511160054056	0.516612609777054	0.245832173325361	0.250321119190901	0.320246851703373	0.606721451002535	0.450245297758881	0.332016423785399	0.474255013182426	0.319782508926525	0.501820112368165	0.395949075147183	0.164904730546112	0.434028629175648	0.202729967754783	0.39304986472697	0.46774015678629	0.281982388145044	0.422262062611781	0.431706720106726	0.51510853437298	0.429428383621912	0.453716826806219
0.525528982582329	1	0.597486386611762	0.655785227211742	0.523880724039898	0.567234371828036	0.640084278555488	0.263723697425008	0.169896242582835	0.395181673121125	0.344539847273709	0.37457094259018	0.296228849999221	0.682028920406563	0.545157356287111	0.497787884027756	0.343092106295906	0.214093746722545	0.111562117416213	0.324644959463119	0.454710200398452	0.294189712271815	0.301232286264424	0.134601915938199	0.210004954892724	0.237636604163458	0.310554239740003	0.458498912660887	0.278760709869459	0.638546712879717	0.432063965837935	0.319684639568276	0.285349051671655	0.35289830666341	0.505773302023698	0.397142473829803	0.348417466635584	0.158795274380636	0.21945922649121	0.217505227427301	0.453026717768817	0.498181421185859	0.405933090729814	0.237704846620633	0.247492505189036	0.279905343544083	0.224269017992275	0.395359525644995	0.444775446259719	0.446915546671192	0.483159355829509	0.723372057613054	0.577409612333904	0.545243920130322	0.427343559401796	0.475527452898724	0.26015668118827	0.174936108435997	0.225403582582544	0.26531839361608	0.44209420948543	0.39631740322036	0.377945534377003	0.218323121067854	0.612408519627592	0.500164890201216	0.517820255484415	0.194332744113017	0.280301847444761	0.435953949118473	0.36597453481289	0.432228979314219	0.285248547257879	0.318720256014007	0.273210286967584	0.415798084423108	0.137412931396431	0.46633950917587	0.418081873180681	0.409693493094799	0.362039584288024	0.484755153829658	0.389339458417553	0.399616473404173	0.380048835556363	0.460644287550104	0.312484130322024	0.496568981999	0.510187781722779	0.163667062479273	0.317915414731481	0.0579157900512729	0.26424313563831	0.37571315741907	0.375331700288632	0.380659062060549	0.427091620689811	0.329741609006248	0.463793202884162	0.528335311077887
0.497230437512242	0.597486386611762	1	0.651710551956482	0.630651627239665	0.694107585299839	0.704286001383328	0.279401202087911	0.143196279801689	0.388596690012937	0.497422741416602	0.402198256021155	0.413914382055668	0.563862594107819	0.459227532112853	0.575824677086663	0.202743452887437	0.146136176550713	0.188140558283798	0.372071615616411	0.393843293598933	0.269216893613744	0.466119644794592	-0.00172027773836698	0.414764742200066	0.252952328029049	0.337506705763123	0.280732314384793	0.201199268421581	0.530121314352394	0.463415618125835	0.443904131128987	0.437653114250013	0.35219012931986	0.561405612691735	0.476024418863759	0.33751343695372	0.202520575302996	0.282085386074497	0.212504402809755	0.41651293046858	0.458906083363233	0.51764639024988	0.324231370671268	0.338259876645301	0.328938227606063	0.3901393382801	0.369424329462596	0.430558106428976	0.310150534550136	0.629812162826879	0.765778915003575	0.651385405277336	0.792459805326616	0.555634647432262	0.664098786619701	0.231799289123855	0.315883232499335	0.201757992477898	0.216300198678045	0.395662002686053	0.372567369805967	0.48364694988478	0.331402854225795	0.509238252147069	0.503700126643186	0.654145614572677	0.11889609979869	0.367577228561275	0.475909660242796	0.354425296240349	0.445444210008226	0.198444635775785	0.321284403914788	0.204908914540691	0.447285453066088	0.253680736081313	0.388714211634869	0.332113344012892	0.354100844771686	0.363924189635849	0.447516002719235	0.384899947253915	0.511655669871972	0.425512485246715	0.502291602236002	0.323035184413263	0.61584751667056	0.478231119505939	0.184296379752468	0.381676664921743	0.214522606717133	0.333431706023222	0.375298453926838	0.438221057972443	0.485699773762811	0.225432409852001	0.369065590235948	0.41275234470097	0.471300210577768
0.616240780900453	0.655785227211742	0.651710551956482	1	0.655122310326366	0.726850910832707	0.677512219726569	0.195929454966739	0.248091645811688	0.562882738739571	0.60050648268784	0.550563496927314	0.380837989564594	0.747783794249182	0.762015593371086	0.550800666383684	0.296809883040146	0.0606911869321309	0.176915185065003	0.288818417372761	0.49177485253064	0.363814769196922	0.403405570137509	0.218514619948303	0.383279387186701	0.39634351184602	0.465470691452613	0.368911843749621	0.290738135424875	0.6005453830681	0.317943562954522	0.414812321427318	0.393892551917872	0.50759905656175	0.631917507837871	0.411872180230909	0.441490899521565	0.318963308646236	0.453216397667717	0.486346547635231	0.510514815546268	0.550073944275196	0.567440834449925	0.391594109540313	0.367853926825186	0.354190332387342	0.466530645977585	0.575939272257704	0.538002221266627	0.442242655718979	0.560570793145982	0.703495819213151	0.799358096203328	0.715447781973373	0.68093619080511	0.814487243691638	0.386432905901237	0.392430360807719	0.307656957706348	0.378518948766244	0.660741232126653	0.527384808228758	0.571390786666534	0.334738117504126	0.505876890337538	0.670512598555192	0.483128531628605	0.192304325599435	0.35838605054155	0.406992308074792	0.47858193853568	0.575697731961821	0.30504259703444	0.344209262817319	0.206495896715224	0.528646493792961	0.218391919077873	0.509320841804853	0.503914967481373	0.294454937495417	0.49709163571108	0.48758195747593	0.50055089457697	0.332413815797818	0.41670424952216	0.528910022117447	0.325042605632867	0.653936906946302	0.541433350527114	0.230346072076165	0.480608321108367	0.364447408633903	0.369595476862672	0.516475059839884	0.479892143395717	0.640964582916349	0.41154664762697	0.584056019104416	0.558699554144731	0.657241714933955
0.629652851357837	0.523880724039898	0.630651627239665	0.655122310326366	1	0.693057860033612	0.424302069932127	0.399518127414292	0.329089104078758	0.508163904520695	0.465909585596658	0.476341852375203	0.348853502964807	0.641045696168195	0.587507487012563	0.361365762310133	0.197849599813962	0.138416462155941	0.339263708821802	0.250802113855117	0.358220479491218	0.308171012092977	0.316507961864253	0.221203122838462	0.396422368763082	0.334622442426888	0.332353495800376	0.242509792140942	0.0358631159012986	0.424075314827402	0.172629868706961	0.312154866017681	0.331881830129031	0.353910989680929	0.47014296846321	0.309127048491592	0.240972308130041	0.270955530077778	0.382806950762296	0.386426322243375	0.316641221919673	0.358807246759409	0.304297249975041	0.328696558964377	0.201562376040538	0.365455186637724	0.309716719827588	0.497577756135898	0.584443571622327	0.340320461976705	0.585402325189464	0.539244149488776	0.627982216408547	0.645351349553854	0.597064482822505	0.620479585575828	0.417072299821214	0.438053031013293	0.327963949005256	0.496139966353103	0.554824416425361	0.535201394575145	0.472381796662839	0.34564706877442	0.387599643182063	0.405324291049278	0.338358382002142	0.215891528337011	0.404967639680028	0.376222999847273	0.316453620221041	0.476375287725921	0.33609221550743	0.386996354046029	0.197706518269935	0.415480760716815	0.196789007812913	0.340278677127216	0.284214676383682	0.207674339741669	0.387808026075929	0.435961391800973	0.396596324084693	0.243526105633532	0.239403023582704	0.421847641003521	0.196233204120225	0.499242977575601	0.353000776838913	0.197453687937945	0.462669815651021	0.319965654635011	0.393444377192219	0.30400445762838	0.419506817007644	0.498398309919558	0.247157736854335	0.362031918754547	0.312639227047807	0.41749896492665
0.504125261463031	0.567234371828036	0.694107585299839	0.726850910832707	0.693057860033612	1	0.733173478586558	0.252921788534463	0.265034521678282	0.505542249874272	0.570219373046119	0.515860259887357	0.30550760086035	0.625929258588279	0.591615463050947	0.500832667367571	0.212257901736525	0.175355620815851	0.26354053974815	0.327023008292925	0.406266974108792	0.411140538039553	0.414196958272076	0.146311902764653	0.395054375638273	0.332310350890884	0.433562142341913	0.289460865793883	0.303423820326265	0.500872734831471	0.361915795558819	0.429216451128235	0.428156955286779	0.408051521165613	0.653368687410405	0.523513388259918	0.472946619005565	0.258982158007131	0.497487738448572	0.403436351991872	0.43931264007684	0.422016060644839	0.506050069806253	0.28433720436415	0.251825726219312	0.391692441056732	0.386033836967047	0.622433160809654	0.48739422694951	0.426888562125904	0.57329184389745	0.615603232567159	0.631007412114857	0.749075922685317	0.742476221063175	0.674546066835351	0.277017397046219	0.32513009449825	0.259917255641818	0.282444985374271	0.494584651651974	0.445883076038096	0.457070265224183	0.246581409006037	0.476191289048292	0.566694194761807	0.489035905234779	0.161480198168268	0.378181431576156	0.426761278136475	0.338121205856181	0.542350355065577	0.270802322307298	0.309050411073497	0.219884893641023	0.457581892783486	0.240448738217279	0.34416098116238	0.355292196960067	0.345505398550812	0.457007311432822	0.467914254694627	0.387744340006548	0.357369884054123	0.315059921942893	0.464109992078576	0.491261667258493	0.612218290248719	0.440740816903156	0.251401659352304	0.529641171613369	0.310374197910709	0.272076977320943	0.405810718832764	0.428295761306105	0.669445585236849	0.31357220437072	0.344082264985051	0.340824190137105	0.4840677640463
0.329816021321387	0.640084278555488	0.704286001383328	0.677512219726569	0.424302069932127	0.733173478586558	1	0.311309387811774	0.236167295570472	0.352043232598037	0.532346005738692	0.532993503128155	0.461271896513314	0.525179408003894	0.441200102825528	0.602050090492642	0.369128101376873	0.27906646466078	0.180914520316477	0.42992010023507	0.594025353398131	0.419451130401416	0.567462877547779	0.123448904566785	0.393976773823939	0.296982925066513	0.479314953037927	0.319012821573374	0.278964268074241	0.522627831152176	0.608713474577311	0.499571397247719	0.526961822377633	0.427821172486611	0.66153982769449	0.576730155418997	0.466463229445897	0.163964391492857	0.300605632552856	0.209769810829956	0.38749257988901	0.485393482977315	0.612394035254128	0.268023315796767	0.389792137304566	0.424302693503204	0.47534967010494	0.372599321349946	0.342711432618599	0.32913154917153	0.413257438310066	0.719148088134273	0.56690135164336	0.735982999231775	0.51988948127943	0.648779216292956	0.242610209692909	0.287082557706505	0.238423623028462	0.246285343269475	0.420884501148451	0.415981856516919	0.524750179605945	0.322129372982647	0.465253751484516	0.55091642360083	0.646651662925583	0.250863240814785	0.34993286506484	0.54005575586912	0.411643840952931	0.593989710020221	0.31584104636936	0.390988887956195	0.389350043129387	0.56616230742079	0.348453244120938	0.328311404336825	0.321842621970508	0.540634339956959	0.482361078458401	0.571466073651166	0.308435222740236	0.542953125109927	0.52231571154817	0.581556825944516	0.429837084657517	0.694351189161756	0.593695418629869	0.282617853687542	0.376372938185582	0.191625024496355	0.320302334135405	0.477079802729764	0.48299390707096	0.55131496458284	0.243602453552673	0.304859526596216	0.435201815404771	0.590054901212922
0.166985071174414	0.263723697425008	0.279401202087911	0.195929454966739	0.399518127414292	0.252921788534463	0.311309387811774	1	0.672388300833815	0.0624637758936584	0.152215681805379	0.160443093268609	0.498214212957743	0.273706913995601	0.0721559516778491	0.171497366364116	0.300797497430912	0.513438847475884	0.723928691173652	0.494563004693184	0.257443966296403	-0.0901503460666971	0.115179717715375	0.468391409380067	0.300875898838697	0.297119314709447	0.0237595191570821	0.00241515888789699	-0.223383940373702	0.0671969492733854	0.230044330326273	0.184133935726133	0.362671325183463	-0.0559188334652886	0.289454916780812	0.366181958805365	0.201454909928035	0.259304522782765	0.0477878169027901	-0.00705495462801901	0.00441578009792422	0.147156819560044	0.0240716500967972	-0.0498019932354103	0.262191401018414	0.236219931478204	-0.00666475037837659	0.0930580439299857	0.101642379305592	-0.0517670677246093	0.100348534278649	0.186745467408867	0.172212648509729	0.325110548532496	0.172536679964406	0.232582670768218	0.637638203556171	0.503035185886139	0.529171097725809	0.6494540064983	0.187859837813571	0.228175459075791	0.348048549438972	0.550560503170532	0.0144442517838798	0.0869245366585182	0.15846666876331	0.600170219069814	0.56647019176268	0.431667775920396	0.157364123547964	0.269063699236737	0.495436648402981	0.505365592067711	0.3409199132607	0.298843822501776	0.0545480318774431	-0.0188716134439042	-0.0971238001266202	0.457836697266993	0.238883436920125	0.41663214683222	0.0856430041333179	0.206187813569133	0.226311505789412	0.0185205662351396	0.16460317401182	0.278873014322059	0.0525790790254469	0.337853429923334	0.172999593040559	-0.0435450003301878	0.0929059695776775	0.0643883864284155	0.15443351080898	0.076989458228567	-0.165045831066458	0.0567007220679302	0.054429883597798	0.196604781681567
0.0551631302543625	0.169896242582835	0.143196279801689	0.248091645811688	0.329089104078758	0.265034521678282	0.236167295570472	0.672388300833815	1	0.197828779045679	0.225010027989805	0.245074285435698	0.280252208686803	0.126575494464537	0.158042050391089	0.145125629273327	0.2029187152167	0.253357161423668	0.805884578045302	0.478379028407206	0.141672697173429	-0.036787732219339	0.0834676977687069	0.526122160490387	0.250665685054459	0.200689029707033	0.109819612681002	-0.065972049746617	-0.0378960925239284	0.107490241721406	0.105508116439239	0.0940334338149873	0.177129321414896	-0.0829437842664132	0.325989741312564	0.422535488382173	0.181401569206545	0.248106944770021	0.229716654237875	0.0735120987020878	0.0241731479152082	0.0864064260663284	0.0499333957110497	-0.13701622530249	0.0476713973760437	-0.00381177887795196	-0.0571555895737728	0.220081432438166	0.123304759390849	0.147269358491639	0.164154392242692	0.19822967698225	0.267467062981183	0.209695069388372	0.232664908786535	0.267436181065978	0.446195638618966	0.3175060660557	0.555680873231914	0.845998363861601	0.311709721308422	0.359754842946649	0.290679264891155	0.347015111634142	-0.00224393068419	0.229360974466457	0.114325301291302	0.479176099995781	0.673790074063535	0.407585809265733	0.176484727726335	0.28491384489229	0.531610357856727	0.410219164390532	0.264914006927248	0.150746471106288	0.0323339383381533	-0.0328373109983521	-0.108066750440376	0.273154923666677	0.180231918557046	0.218044604894001	0.0435780703747667	-0.0257205700458932	-0.0326477873537733	-0.0257359259660654	0.10555785929935	0.276371253708724	0.0733964326585971	0.37040241359232	0.221560404581226	-0.0295966239977734	-0.00363155628181421	-0.0471716453063161	0.0995862278673339	0.130594717287081	-0.125363639235523	-0.0410491153444082	0.020069411285616	0.148106514987053
0.361093893696838	0.395181673121125	0.388596690012937	0.562882738739571	0.508163904520695	0.505542249874272	0.352043232598037	0.0624637758936584	0.197828779045679	1	0.664906141020573	0.672823407369418	0.323968286937928	0.485366328015341	0.560283881619143	0.388113866937269	0.329379291924357	0.0513188274884649	0.196976371589002	0.14013360905405	0.405976389944795	0.467483491121994	0.278976450673381	0.30001044684858	0.292566217975523	0.301457779560184	0.462815657135351	0.20143760246249	0.0800441920444519	0.398969530347338	0.140244068950173	0.166368005655695	0.156762640346639	0.383062043002764	0.487257192926327	0.301904702359875	0.370861830311254	0.165313887299006	0.410811469521264	0.468888948471947	0.364634416627323	0.397390385676221	0.364725700834568	0.384910410599532	-0.0148792341440442	0.389834276170113	0.35190545832485	0.469413945297919	0.360388461810255	0.515764844494858	0.405620882420518	0.510794900819309	0.513618443354925	0.417578792071442	0.55807317221597	0.469781206036734	0.149917737409003	0.258210348699245	0.219053241041829	0.297423971968161	0.598262971523725	0.495773579231953	0.328644982437778	0.149131260079627	0.290095673849733	0.464130982733154	0.327484560280522	0.0674078501078901	0.337652685020627	0.325532992369373	0.420735141316652	0.437558510124382	0.246532928477192	0.340725503669006	0.0341325277307402	0.340367715387417	0.291022844359221	0.440316105238932	0.350420306826245	0.0572361505151419	0.112623232842207	0.0955392497861705	0.464371581970207	0.106898845958195	0.0580454615058271	0.460926494942159	0.223179804299276	0.473899438977346	0.323221239719432	0.117175428836265	0.390899018981989	0.298604009582812	0.342063891363543	0.426356744283453	0.234617939886478	0.57458248816614	0.334013334345472	0.496865040925943	0.280657497007978	0.316279527338998
0.405937667725706	0.344539847273709	0.497422741416602	0.60050648268784	0.465909585596658	0.570219373046119	0.532346005738692	0.152215681805379	0.225010027989805	0.664906141020573	1	0.714311188700628	0.386466133820386	0.549859507888596	0.438838240503089	0.46747819169408	0.382424786090156	0.136280291582748	0.247447569458951	0.179873273882785	0.596394241381773	0.520720515284453	0.520503226346365	0.209674108964733	0.292323798026196	0.377682863786403	0.447993893039789	0.178340394852488	0.163234989657242	0.334257665463747	0.314756180103473	0.339254513325067	0.328407071776639	0.365959910809643	0.523993668775483	0.381160952376824	0.426961815286981	0.138163279233991	0.387685619247406	0.465967765458267	0.364911778396402	0.311265446023185	0.458965336344808	0.296125625637087	0.11090659637613	0.386251335982878	0.500817299568477	0.532441483941878	0.402056629272844	0.26688204533549	0.413712560331932	0.497535417797947	0.546303987022899	0.596066554705051	0.582172700670061	0.530743546547033	0.243925709182247	0.334883016094209	0.268811148555269	0.244229086668383	0.541942730059227	0.599399646954279	0.460987677022698	0.294983158783708	0.328973378034281	0.575694058034043	0.411859114953206	0.256033413113183	0.361652792148674	0.3573722930271	0.538641251259221	0.617883938419108	0.298252027183633	0.334664353430503	0.221243978059951	0.423854401937656	0.319735236096142	0.342486976811079	0.333015806916218	0.209088712724652	0.395379779025439	0.335376089924993	0.432977498211931	0.30637391029569	0.229266341672888	0.480473685186465	0.286507874478686	0.54812503667864	0.510780018978611	0.14295339905219	0.453291499026189	0.367157598223997	0.320511619949885	0.412264322338016	0.367909389183582	0.619076044288221	0.313194087055448	0.522080686333259	0.269834863552904	0.492386221055499
0.396088257638255	0.37457094259018	0.402198256021155	0.550563496927314	0.476341852375203	0.515860259887357	0.532993503128155	0.160443093268609	0.245074285435698	0.672823407369418	0.714311188700628	1	0.464132830241678	0.513006643468436	0.54645679960221	0.489714211129544	0.482337341785759	0.193052433921459	0.270829993175035	0.153532209428481	0.614007942617549	0.697521758412925	0.592132982226513	0.292885548162009	0.186362698365036	0.206026602349188	0.372904497656382	0.308441977996565	0.161041222838254	0.406413228827622	0.267081976381815	0.21342409927277	0.324623598141996	0.410961463163999	0.474615991322686	0.407195299280831	0.410715049625188	0.112990179611324	0.33828894958847	0.387767530155844	0.353379884833191	0.341780009385104	0.409800992457329	0.22513124191889	0.0224580001178329	0.447172867154794	0.471860737799647	0.456233076222383	0.28851499535779	0.411202216924286	0.393863955738774	0.53108341881813	0.519001984741068	0.518817290305104	0.547221433697401	0.474562727290763	0.25873538717389	0.271137422549387	0.216380399907683	0.305786364445871	0.599948960602682	0.595482623320687	0.503960972289567	0.276598722400368	0.438558165758787	0.513635058824601	0.415702951790811	0.191596298703625	0.425498989823651	0.365048439382885	0.599330634662916	0.680092180170134	0.416740995674901	0.354253939974035	0.221395679925817	0.309897776271892	0.249249463456855	0.445149209627845	0.39773225908237	0.235871541224852	0.315487090770074	0.337286481299836	0.492898783788081	0.228884651412898	0.0948805195401361	0.54163509762552	0.289586612148504	0.584146020253657	0.513957031525662	0.161044242548963	0.454494500054558	0.31547036924605	0.324219063695549	0.544829095979515	0.523547401220271	0.615255961605828	0.209804203040669	0.491480185034641	0.297462532362003	0.530134922563923
0.327540715842368	0.296228849999221	0.413914382055668	0.380837989564594	0.348853502964807	0.30550760086035	0.461271896513314	0.498214212957743	0.280252208686803	0.323968286937928	0.386466133820386	0.464132830241678	1	0.355901079174223	0.251948967262293	0.434820031208945	0.542481518201146	0.369893661127084	0.393615127659849	0.332885958183361	0.551048448024391	0.219172356231783	0.420747718209507	0.410945853730128	0.227120231632009	0.421460009964502	0.313518209180785	0.258095542238456	-0.0240589952459828	0.241967926649636	0.386147188601817	0.356700232103944	0.538621683531203	0.231175829599362	0.550046255288219	0.4686094653169	0.362928844085324	0.281084517426376	0.320936786110257	0.262518606934793	0.18656465085076	0.338334978809979	0.364692573875039	0.290382170378643	0.326955721332613	0.428731455047427	0.336016235551316	0.22651750399343	0.195253019772788	0.0787861530447971	0.182590515200807	0.374757404549132	0.382744138342128	0.453040440428787	0.266078353166437	0.427889580612581	0.460260686586187	0.396346724872316	0.206056493416793	0.350991418358506	0.397000367012561	0.349135730997668	0.499601004497403	0.653831644751867	0.179584033682666	0.394504975027653	0.387649482385009	0.418855905391149	0.44223506285684	0.377734327674989	0.376177371923384	0.387045005440274	0.548438484054746	0.450771954513875	0.301067673529348	0.427359365865004	0.286448757678429	0.266895522551527	0.253969732057844	0.346790503821378	0.228550700670215	0.411198613416772	0.353681983929057	0.332438178314049	0.289569102603994	0.353428608508856	0.348072910974665	0.583287602187701	0.348486098703366	0.16611387717983	0.340945053634005	0.240319090636831	0.360355943981021	0.357415063959877	0.267367789156624	0.361712035312312	0.0543985670628475	0.331472840705666	0.25304462460958	0.403878666145215
0.803720397212629	0.682028920406563	0.563862594107819	0.747783794249182	0.641045696168195	0.625929258588279	0.525179408003894	0.273706913995601	0.126575494464537	0.485366328015341	0.549859507888596	0.513006643468436	0.355901079174223	1	0.734505017198714	0.614854559587801	0.355220322763595	0.202284649225175	0.14093671676235	0.359188669130828	0.551409863559224	0.373041114195459	0.404112409732018	0.173716254405863	0.368030323438797	0.38327600402053	0.420523033451522	0.434863730115662	0.294851272919096	0.694599166026945	0.438415112297545	0.463722171381495	0.407752296820149	0.5291980058796	0.511551626036084	0.416556014833364	0.407828571267272	0.404102592044795	0.317151593730011	0.390346816521069	0.554741216421596	0.600636378115672	0.553691937246874	0.40656894413555	0.369174829064538	0.418522960715237	0.475044083840144	0.439327627794072	0.567866357548007	0.474017827084231	0.467820775439562	0.664571576435047	0.67036688104692	0.594796508881931	0.567462756642532	0.598926964651189	0.34962282635551	0.296381044350519	0.207568021028037	0.264784206532044	0.492890204890195	0.364171878957754	0.344532479409019	0.199279493047114	0.532468157323859	0.513598105711873	0.509156464714426	0.108385121864942	0.316553416459506	0.427959204424547	0.356959969768662	0.468025434666805	0.268844662564159	0.350796785889269	0.208470474325694	0.48832365777708	0.213984657383504	0.472841331503894	0.492939409407908	0.318430633866176	0.388724681315239	0.507589830067237	0.515279363322772	0.397964718662794	0.407922275032169	0.501916879226944	0.342808872584511	0.566510342268757	0.518273978842308	0.16534272543331	0.397076736964224	0.274444774397791	0.375675126703586	0.487735838802191	0.376930281154863	0.50321911583378	0.376276337555918	0.538876753967984	0.496060794333589	0.635470642806213
0.626259274272943	0.545157356287111	0.459227532112854	0.762015593371086	0.587507487012563	0.591615463050947	0.441200102825528	0.0721559516778491	0.158042050391089	0.560283881619143	0.438838240503089	0.54645679960221	0.251948967262293	0.734505017198714	1	0.449328993307656	0.211158841180412	0.00880347596280154	0.0352010252429567	0.22302106484103	0.394418641663174	0.401781584223388	0.357465428999093	0.252558026423336	0.276037067573813	0.314931779216121	0.407495524199056	0.427694320808787	0.304832576426494	0.651466770771995	0.259496972921474	0.382780150096811	0.355051180886056	0.527561373889797	0.480702962248972	0.328005442596436	0.378182479637674	0.313821468355773	0.42948663954908	0.427326137776542	0.537148462473755	0.581335755287662	0.577608591324789	0.36176837623646	0.254500344701528	0.376154157147823	0.461600878089039	0.438172309628262	0.390341474267711	0.66383748424221	0.524548361077155	0.626871277776448	0.671471696336101	0.54400971580801	0.644052837472331	0.633345184871718	0.287817253496767	0.252803829527225	0.214854614019479	0.282943606949614	0.586576509559795	0.379246801878594	0.368312905770113	0.140470498243593	0.519767533309335	0.56396686352201	0.351103126259408	-0.0152217234828983	0.228821603814272	0.329154354144782	0.387691297389439	0.446201114195435	0.248876697752301	0.264565639153247	0.129080363285487	0.349395501006553	0.244651209489204	0.576187466282049	0.528033042452228	0.189825485751113	0.300708747663405	0.415477047692557	0.558960734294293	0.235471881904448	0.295750016704377	0.529304640641826	0.215827999488418	0.542687012396574	0.573774350750026	0.237956634329518	0.427539174758005	0.307519697379886	0.323615327506914	0.517321871569474	0.493905102609601	0.564128454048168	0.375195895757339	0.519872163391355	0.55143337831568	0.637522931189048
0.524145721750821	0.497787884027756	0.575824677086663	0.550800666383684	0.361365762310133	0.500832667367571	0.602050090492642	0.171497366364116	0.145125629273327	0.388113866937269	0.46747819169408	0.489714211129544	0.434820031208945	0.614854559587801	0.449328993307656	1	0.518710210350226	0.342855141950071	0.301134900647449	0.438252233501253	0.59712489418075	0.410541622885234	0.418992368485927	0.179168344199475	0.470397942417663	0.25051974299719	0.513185605587893	0.325796442690926	0.322410113361074	0.621490543244543	0.786522597861836	0.482667534094893	0.393497286150603	0.480423395737023	0.630604635622289	0.731243078815953	0.463361572081099	0.366364647767171	0.338646959687955	0.086822785382487	0.43998922954149	0.486094508379603	0.718733689906533	0.420036120426445	0.280430308340633	0.222096207281307	0.381883651124092	0.304608834215794	0.353544823533696	0.431725741274462	0.349903024554293	0.661854180426979	0.556821653205071	0.500978643770536	0.522323548138379	0.580790911992277	0.0712523610136166	0.154639470905487	0.119034861648222	0.143640802644567	0.396907411111695	0.269496964186699	0.247495471038412	0.0520718503435258	0.539487515305799	0.499441262130452	0.826185573967908	0.0499800526904533	0.47323761538738	0.522485214523873	0.407346503298512	0.415075382849917	0.217433655453687	0.46732536046763	0.18287112233197	0.556076960421147	0.446905979401791	0.400564158084817	0.403214553266702	0.480128049850136	0.26634797279817	0.391424827265432	0.375976527034546	0.573131346485019	0.42722205725136	0.568832986378641	0.330989918809014	0.746158338828584	0.612908657027647	0.220694299321199	0.288455252950618	0.0394711469112597	0.481420117088761	0.537553686388926	0.36326324428321	0.426819766670963	0.277276471242577	0.399340323462744	0.438801003381311	0.540160202244665
0.131143126347969	0.343092106295906	0.202743452887437	0.296809883040146	0.197849599813962	0.212257901736525	0.369128101376873	0.300797497430912	0.2029187152167	0.329379291924357	0.382424786090156	0.482337341785759	0.542481518201146	0.355220322763595	0.211158841180412	0.518710210350227	1	0.59472900141764	0.293701425254306	0.267988254451576	0.646280060556166	0.329482755615333	0.467614842285095	0.385455752419671	0.240506008778331	0.305441636833546	0.39741577358022	0.108698222166536	-0.00797855219843235	0.229049608410458	0.489368077897427	0.37913323666284	0.428746944208488	0.204111430137124	0.353453661222404	0.442901180829221	0.214419054968608	0.10035031953222	0.1341641522292	0.128532724072367	0.0811765508132078	0.126588526202719	0.31643173567845	0.253831437322995	0.0524649851113293	0.262722802064766	0.23744943848663	0.115569740076518	0.138551365879336	0.228729438798762	0.0787013013589918	0.249563488347496	0.236013230525194	0.255771208274547	0.204089972067014	0.214351972941336	0.266404911589223	0.354750650783015	0.167447716571405	0.232970102782484	0.356695824302934	0.370740487324924	0.253982751420517	0.101349314299043	0.190770349296977	0.242184155766916	0.379019278346127	0.380952824756019	0.351087691838857	0.385281284707771	0.533079247674177	0.440652584254154	0.384733222429541	0.459375867816302	0.31563742068051	0.444594870221651	0.322165900214892	0.137495199306964	0.136046682422795	0.432658963356755	0.287691233353783	0.410770273604332	0.115382442001989	0.215536917789845	0.202116317550108	0.268846662004601	0.00967584526119698	0.42454381382164	0.351738089678876	0.0548088857577588	0.119547719684217	0.0234608005699559	0.310125736263689	0.258857517841344	0.270313765147935	0.190639769200342	0.0451451375444453	0.234114430683639	0.168489605613711	0.385307015204204
0.102589960492787	0.214093746722545	0.146136176550713	0.0606911869321309	0.138416462155941	0.175355620815851	0.27906646466078	0.513438847475884	0.253357161423668	0.0513188274884649	0.136280291582748	0.193052433921459	0.369893661127084	0.202284649225175	0.00880347596280154	0.342855141950071	0.59472900141764	1	0.360033043637525	0.385333859038077	0.418246386675096	0.209467972174164	0.288276502037543	0.368506813698421	0.349774858269842	0.292163674603537	0.303008420234993	0.0615573666949824	-0.125760852132583	0.0171816988005006	0.576522002762954	0.349515506516553	0.560441625460808	0.11251768555638	0.164096518117723	0.340800416434933	0.150327523739194	0.0834046833129137	0.00677020850015129	0.0127514869464732	-0.0223047861583302	0.146503810671614	0.149885765757437	0.102146795134667	0.109455060379478	0.114620705562117	0.131202283926009	-0.0283212499621572	-0.0793019198697065	0.0546645202977429	-0.00312766817697808	0.136779076459471	0.0538029801739992	0.215490260639785	0.121633734818689	0.072627136352405	0.219176510627149	0.182736144122884	0.138698849464092	0.195794791544812	0.0740045125232928	0.0939775051427322	0.0700837946329384	0.158890463502041	0.136722584869585	0.0315350854755767	0.261195545514038	0.456347810269166	0.273062646974708	0.405010403942323	0.304831855526256	0.224702272481555	0.268650132602237	0.378570937197017	0.198030025936708	0.294642580066996	0.353657264300914	0.035734145276911	-0.182637058239518	0.564291056066515	0.205266753606886	0.455302746434946	-0.0780373779893485	0.228161871439664	0.114486683856852	0.134568473039877	-0.00643336257541141	0.214312366810079	0.137600051757988	0.114949845600008	0.0406651513621514	-0.0684437426908528	0.193717075394446	0.111657469148519	0.115546498060967	-0.0519045474555199	-0.0910335567314715	-0.0704848749995455	-0.00358993855068212	0.186422057763005
0.0965205758352384	0.111562117416213	0.188140558283798	0.176915185065003	0.339263708821802	0.26354053974815	0.180914520316477	0.723928691173652	0.805884578045302	0.196976371589002	0.247447569458951	0.270829993175035	0.393615127659849	0.14093671676235	0.0352010252429567	0.301134900647449	0.293701425254306	0.360033043637525	1	0.428451920906306	0.138072794134578	-0.00326300526301295	0.0551616116933942	0.517746707795186	0.300508712770478	0.263956494069368	0.130451503664551	0.0601147287563535	-0.0869096259942636	0.134162448242721	0.173752501290442	0.0268761483785229	0.180584934524477	-0.0878141792769475	0.347175070182351	0.518048218850376	0.30085609706016	0.338041551528151	0.27947701620853	0.0698870574418726	0.0772823021826735	0.0617716173563028	0.0220281269429196	-0.0378659492708551	0.0158227779506347	0.0907811982198641	-0.0686589582065059	0.255372415564111	0.192365357024453	0.0257161119765665	0.197137389238655	0.17622922384447	0.248961443572466	0.2427813196691	0.256441257967308	0.2712169818333	0.399447602457601	0.365773421944531	0.524471916486478	0.696911776206359	0.232268686354375	0.313155841986184	0.254490902853026	0.371134221994718	0.102642218881745	0.170934605225449	0.216290065627464	0.481686179314085	0.747209991507005	0.42469101453716	0.191196116198943	0.29797066873574	0.551133043361998	0.5112221552537	0.255225016838322	0.239736867610036	0.0618330040301822	0.0633421420317986	-0.0169999182016998	0.333805368166837	0.157981908308806	0.207147573690198	0.119562718882787	0.0922881180887291	-0.0161773275661813	0.0366771320895459	0.218039674478097	0.39058632864475	0.0540875785434074	0.315684881621204	0.277150244188822	-0.0149413568979732	0.117601642868152	0.0937801949031476	0.137064525378216	0.204483775036701	-0.0199545835107213	0.0488385851802835	-0.0134987692373512	0.103024513586018
0.243106204139469	0.32464495946312	0.372071615616411	0.288818417372761	0.250802113855117	0.327023008292925	0.42992010023507	0.494563004693184	0.478379028407206	0.14013360905405	0.179873273882785	0.153532209428481	0.332885958183361	0.359188669130829	0.22302106484103	0.438252233501253	0.267988254451576	0.385333859038077	0.428451920906306	1	0.385995991196404	0.00791654800897558	0.24468959366505	0.297409228894808	0.497358687213029	0.284100840051987	0.194377107396974	0.109855458379158	0.0638054226152248	0.335349518690076	0.552267192836809	0.513273067802828	0.479134746432132	0.183242151634693	0.333861755886362	0.610459035268273	0.203542220384531	0.571513687386189	0.0533386556501767	-0.0600329785344343	0.257753477804431	0.514761736338697	0.432347536393632	0.174883716366941	0.547024305712978	0.203828241933954	0.231986682115584	0.0173648756570016	0.0928651866886228	0.212496768115151	0.141121246743902	0.428399157299758	0.391969873229893	0.316359113046324	0.139675227230461	0.287460032289261	0.289583180739333	0.213713255545601	0.269841144097548	0.476604223030324	0.11691222240706	0.0557197246264999	0.142161870224641	0.198943406794183	0.157299120330599	0.270548282003042	0.50654214237864	0.194086916238281	0.499351705008912	0.67477945579647	-0.0296915590614848	0.128186658586467	0.256265674373033	0.392940268197015	0.221839320569205	0.469472057218408	0.256198833176193	0.0861244650143773	-0.0503241910427928	0.532629607617168	0.267703575805923	0.447234464892463	0.117740317688788	0.494334307483377	0.419323471702363	0.326424220244353	0.232266450280271	0.384053054280571	0.388713360625171	0.555177204846699	0.0795462640365946	-0.0123129497318051	0.279290840873672	0.213911057614259	0.128631155648823	0.00530905265687269	-0.0289867962432005	0.0162683447218509	0.312087666263786	0.388734066438607
0.357524562906244	0.454710200398452	0.393843293598933	0.49177485253064	0.358220479491218	0.406266974108792	0.594025353398131	0.257443966296403	0.141672697173429	0.405976389944795	0.596394241381773	0.614007942617549	0.551048448024391	0.551409863559224	0.394418641663174	0.59712489418075	0.646280060556166	0.418246386675096	0.138072794134578	0.385995991196404	1	0.434145520107702	0.548845150411386	0.226971089539614	0.329215371829431	0.322851965092137	0.49056651505665	0.189058985547808	0.0621523347730261	0.327267343851805	0.6217663225971	0.45893709355393	0.534968617636584	0.35799922302387	0.509325495311346	0.465336770282344	0.299394328158166	0.213153194448502	0.193100260223246	0.17440512654163	0.19005386407606	0.394011395659982	0.592383928440286	0.310488538129025	0.296586494403736	0.365123562236493	0.483213634189867	0.26258933368935	0.199561122994713	0.285210451182074	0.165822499856233	0.480277322685051	0.436477457994631	0.42801619138222	0.303691063803366	0.405061317493888	0.332970244516054	0.301715527972174	0.186678923905271	0.23168263506074	0.453326372724386	0.474990820061464	0.471857066977229	0.268966866379875	0.303635141417212	0.445124228500655	0.530455020126278	0.256136871898097	0.292142617300196	0.538934081779261	0.487125568695937	0.549584484997278	0.350467802190466	0.41704748362108	0.265804078700928	0.464642099804645	0.421677548732703	0.24145746178503	0.230984533291547	0.446031788966454	0.391293452528337	0.532936495620549	0.292105420178674	0.458313323493899	0.379299775901242	0.46706135675046	0.221207643826051	0.589738642907665	0.606888684017932	0.184484944142558	0.276235347333302	0.113870553181562	0.428350994414859	0.424754002411328	0.464273499871363	0.34698906653198	0.115543610912807	0.340468265343913	0.343060559046526	0.59527711997792
0.337400541081361	0.294189712271815	0.269216893613744	0.363814769196922	0.308171012092977	0.411140538039553	0.419451130401416	-0.090150346066697	-0.036787732219339	0.467483491121994	0.520720515284453	0.697521758412925	0.219172356231783	0.373041114195459	0.401781584223388	0.410541622885234	0.329482755615333	0.209467972174164	-0.00326300526301295	0.00791654800897558	0.434145520107702	1	0.48297750029606	0.0226806178866853	0.156872272806592	0.155025881502821	0.496939492956819	0.372125133473457	0.351782155135216	0.379787303597278	0.27180815155408	0.253188301743244	0.295871967662262	0.43915658065247	0.366611518234242	0.237598243863402	0.236300766269737	0.00913620564548367	0.172884728051653	0.32656063433421	0.371609068013624	0.273869691635611	0.339630216282952	0.208904649311332	-0.0112874759805964	0.416967213565162	0.406197294011036	0.344895361393165	0.249323383340008	0.295533414402165	0.378021676252934	0.403776599412749	0.37122940901155	0.416499500046237	0.519646931792729	0.306404097145094	0.0336994553699689	0.105258732131663	0.0681368950358106	-0.00477139591854759	0.430417599192976	0.404213606390965	0.24991781754778	0.0680060049060107	0.504953804331124	0.372183314853599	0.398134733314843	-0.00655241843787027	0.182947853710109	0.198871967081272	0.46483453629836	0.569615948262451	0.186204501718646	0.289146094713372	0.0697553966007794	0.298471451069878	0.470787336251076	0.481399103916523	0.354640079903591	0.15327561913815	0.21454706009447	0.208617134916258	0.424648447676235	0.250465249986877	0.0674658583411599	0.505352543274601	0.186366374558335	0.397869763366197	0.372774848256987	0.0962408822671902	0.287506151673047	0.257185217721484	0.284949664294989	0.600651951005625	0.299556756565419	0.441365463457527	0.422332562201117	0.419647560233569	0.200076616176414	0.337184755104404
