1	0.668052124241757	0.527366959196456	0.593434548739975	0.667009763780361	0.383986745203274	0.540412269709742	0.329575514887882	0.184200523472446	0.418507306069639	0.348509855876055	0.474173539681522	0.0923838684732859	0.733409035497462	0.552288613095629	0.54284900882486	0.135516399673555	0.027990676731565	0.061026674705155	0.381794917204843	0.315705030042609	0.534345879614663	0.41040268409033	-0.0239198173253738	0.428534450065952	0.0882087450694955	0.22815562121088	0.468295063843627	0.222888391198381	0.560943709510772	0.388667654404858	0.326292899484161	0.411287111276598	0.423448930256741	0.311747854262274	0.331457363516733	-0.099726581910973	0.277873026675814	0.0131180181662053	0.223593970875263	0.435283545497266	0.387849448773549	0.383680867637028	0.17921877968394	0.225192140663146	0.168776562089148	0.290327982290065	0.501583874842154	0.372292667601889	0.267005905786423	0.527426352672324	0.546966870019646	0.433248681085763	0.504870230313848	0.488370573403612	0.45041593170617	0.192351663930818	0.524107754195048	0.126379293292262	0.208275442548019	0.368594568348888	0.282379607701772	0.270438949254739	0.126518262964987	0.546544253251932	0.38758657436151	0.430611978998511	0.00179033726269354	0.266812567741736	0.50603660964107	0.121921289990768	0.370991173681116	0.0542450699830247	0.471235051621963	0.1612989082065	0.275183752378813	0.215355828481939	0.397437333424237	0.499847945699656	0.284236383396362	0.279195614760527	0.273071909755773	0.346481343110541	0.410407505197605	0.238951997257422	0.415928454794866	-0.16813350524541	0.294011384806142	0.345061104389527	0.29910410424929	-0.0209530108696775	0.225091434236964	0.253041774177287	0.375450107368364	0.423215812958968	0.41763422809155	0.464908390109196	0.13603939298622	0.528167276687161	0.422665753606374
0.668052124241757	1	0.669441223554201	0.632945242259757	0.412987738452216	0.452481764810983	0.587223958838336	0.385276299868472	0.23666587001373	0.434493591104289	0.40887089983134	0.471114646124348	0.206890010854249	0.679985691558985	0.558485917425389	0.639334808786686	0.350950641697798	0.324543103389959	0.0872673629988248	0.449342595725891	0.357901158231464	0.528146803290277	0.244204449813481	0.17231027486319	0.456911644385668	0.25619885682606	0.38495195481429	0.590756036001449	0.447212705215092	0.609145943924547	0.535327794901718	0.356063955154251	0.505366897581798	0.50129033733694	0.432409846631618	0.528656537079225	0.0651328704722437	0.313226881826061	0.115817165389087	0.254951372878282	0.600777711222555	0.32491050487935	0.428401420215382	0.199026741053489	0.301570498163259	0.105154884641179	0.296257475567756	0.439849152884134	0.46502919452461	0.408311061513521	0.614412215294367	0.687400189112054	0.551100732236093	0.579593449606371	0.380118184439295	0.459638150229761	0.239614115157788	0.457119934431765	0.130069895183	0.257964887805548	0.372447894401828	0.270067910146982	0.319368379433258	0.356509364155993	0.609494808838521	0.460568554688836	0.577713987867802	0.302253858386027	0.342765726554884	0.472861846452798	0.27299716142702	0.34310226951171	0.305988865124519	0.510068951100672	0.194163431008959	0.353394808071752	0.260342756821034	0.587634254347567	0.571211768158916	0.507832548820791	0.395345811141537	0.367575414426469	0.419150084561068	0.484084190995275	0.236110150675227	0.468768421248642	-0.0926935720468136	0.448819277477789	0.424738892498416	0.301395552524196	0.0534766941856132	0.228769876848282	0.301471128151311	0.388306342186883	0.435337092722272	0.386668392489334	0.616528178274234	0.0578820990433256	0.548032881111814	0.389286535860815
0.527366959196456	0.669441223554201	1	0.355568225559306	0.423409538172846	0.464764906224627	0.71858253378326	0.420543383985132	0.293382665891285	0.179792268100046	0.288845179234354	0.315113669883745	0.306555878495469	0.497972214872667	0.286418280758178	0.501073924704915	0.280893853250385	0.159908556472009	0.160792269356747	0.580459812535036	0.289833364069981	0.380871329129347	0.342987046034872	0.135905990424342	0.397896095921976	0.234882974601293	0.276089517187436	0.479756744507051	0.324627251898789	0.447241296046594	0.410461976172279	0.242708508940268	0.441104219153494	0.381986676208382	0.451951377191247	0.54064263312175	0.30539093733819	0.433463256714566	0.364927132820351	0.149819675620113	0.529886127969476	0.215556466857984	0.34836133145583	0.277298905110087	0.43668078309708	0.292864364823228	0.339540183613189	0.397406667809788	0.445953672772877	0.273292867589487	0.463766298051583	0.71625873940849	0.457508724979124	0.590963422011117	0.430941229334312	0.346225633671215	0.457595405836537	0.532991005958272	0.329781379157796	0.362503160197959	0.18418569786587	0.283401400403165	0.276572386870673	0.45404547859817	0.626906414056865	0.424655470107024	0.574392061247169	0.291545796082314	0.463360928000562	0.612333091879561	0.132115715465651	0.398316331421497	0.191688393607495	0.47340140309775	0.303316462115985	0.50413483005121	0.274270493638199	0.444958872680328	0.531301409546857	0.52877010503819	0.564532339835714	0.562746973000769	0.150573124162397	0.56742378725183	0.484301393661319	0.447806533450636	0.145302082168127	0.450339140276749	0.435232237536096	0.466574020011806	0.230195398254411	0.0675444752480871	0.432704825699359	0.440204144696647	0.523547231423177	0.44562719534109	0.579484885199885	-0.0328448347315593	0.403436082589549	0.374468563156559
0.593434548739975	0.632945242259757	0.355568225559306	1	0.63731886479012	0.532318104124616	0.614273266618728	0.251571119043203	0.266738700760195	0.667580453724983	0.552121066901265	0.664568683941031	0.365496957327613	0.629788485487718	0.818119261893051	0.70472990609019	0.320696006511641	0.101206649883936	0.123398293118168	0.302182088675826	0.575286788615537	0.592783592763067	0.454282336462171	0.00646741390207227	0.496236695360285	0.193275595526478	0.534644970979466	0.427637539368948	0.220023771871683	0.530438938842199	0.48693996578659	0.395180515788152	0.426963262856607	0.477855960545023	0.626444866184477	0.458975466119342	-0.0604743872407045	0.316107141339965	0.211813173023078	0.418089287075596	0.464779317234579	0.562372221878465	0.684686484544905	0.293175452846404	0.183937751911331	0.355395401239417	0.551192026372769	0.634215112467272	0.55234943527209	0.531966014217143	0.56814302068644	0.401814751455703	0.661956225996822	0.532040885724237	0.568665473815242	0.754654521279501	0.15641107624121	0.477395677264509	0.182275774902606	0.325881876218172	0.697600675827575	0.590346703299144	0.504842931561128	0.155162929223014	0.466637663922401	0.550821404073773	0.48076282361027	0.115004850820967	0.374709265515662	0.362234972276519	0.526997811228005	0.609702887166208	-0.00314300965929324	0.499852136337018	0.134662238376169	0.326694257097715	0.465168570573212	0.481653926537839	0.460268978834505	0.265139830129488	0.21307993662963	0.201450476010963	0.529811611661235	0.42302506595897	0.0720827584871293	0.506580538576609	-0.230382091228129	0.624592098269493	0.492458950855697	0.143166801431724	0.178486117806113	0.370441946516478	0.1877305822766	0.494613757402684	0.47051652148413	0.541355347806459	0.294386134029652	0.389894888181713	0.551099001073514	0.496676738919989
0.667009763780361	0.412987738452216	0.423409538172846	0.63731886479012	1	0.577295689203272	0.583066693484791	0.318166045394375	0.330389161091694	0.523443540629556	0.525715637718964	0.64259423486444	0.390577883062391	0.60963152991683	0.48567100668162	0.534847621399727	0.284494534281962	0.0180345954821573	0.14252143124165	0.398127705189226	0.495648545222574	0.590857962037106	0.578978705833647	0.0564584890172625	0.382674995539799	0.158350465502179	0.325106662973605	0.234684649787213	0.109541075895273	0.344855206233621	0.335577222056675	0.307507662864536	0.351707988624541	0.363931314709873	0.448317273416523	0.436789013640738	0.0252051892580345	0.394029563653407	0.361018202686093	0.310897254237163	0.422826517894708	0.385239161642341	0.571064477759818	0.27205462411865	0.261518448074092	0.48916762534356	0.49832803913295	0.645073357513256	0.595009577679974	0.416280514839607	0.595088433024901	0.387111944123229	0.437945334759463	0.476217582062241	0.569220274506119	0.565046188372814	0.289186692194301	0.609871833659148	0.251634982446364	0.420751956600792	0.532166313742197	0.550934195161357	0.459374702529724	0.166161195686639	0.323714248508006	0.42799341314451	0.40538472423464	0.0696065898886456	0.388771483974923	0.49624251472848	0.348540531339437	0.6073757508786	0.0270921043067093	0.449951579132257	0.189714195322621	0.368303261749971	0.321776501544951	0.279145490014874	0.419431145939311	0.244447580145027	0.256542365590571	0.233019815203738	0.336812027807754	0.329186716209529	0.154053806072643	0.37552288032436	-0.0962320436803778	0.43076738312087	0.42256863301102	0.322627692656397	0.18586127493364	0.257092460247625	0.155974620904156	0.423420031503404	0.422653284607957	0.584961327759529	0.384536102296667	0.459613692906866	0.422711620091897	0.485515395736308
0.383986745203274	0.452481764810983	0.464764906224627	0.532318104124616	0.577295689203272	1	0.710622511335951	0.121447414227167	0.121072981226608	0.421659337059184	0.411131617345592	0.504564093111499	0.493894790238981	0.493702723655585	0.460488216223411	0.531362082789269	0.414282888566427	0.0937161063607618	-0.0101704496504723	0.282716936799686	0.455913612425064	0.485581740811808	0.452661650838687	0.0274023390583038	0.545085592739857	0.109056976256439	0.431518818587147	0.199458838237093	0.130973309561318	0.307347582880472	0.461023393695043	0.356076609518794	0.486553653559174	0.294714574130463	0.545477596395576	0.449022344160056	0.122325709989692	0.311111065262432	0.386508145274855	0.0130146267731879	0.342583277192929	0.23482245513337	0.587819833583807	0.283191713099228	0.129450950308764	0.361735054419481	0.432737599218634	0.616483157280635	0.495972387424673	0.481749786145658	0.479511444084505	0.346121817926635	0.442189803723702	0.678559010237768	0.671488000643069	0.574525821711141	0.225163810320888	0.458364982140793	0.123586750289885	0.12191376606678	0.364798881505514	0.43400295872878	0.487526260764983	0.283204781450441	0.264271353104094	0.338550725017307	0.437759320163311	0.150038742203153	0.189710137675219	0.389305549224965	0.405635810107935	0.545667506560821	-0.0219414473086603	0.449228479489375	0.105935302866051	0.324309717520993	0.42016776160599	0.215755960002521	0.343975309430266	0.211828408705561	0.291610538182698	0.377099970476226	0.122151634903326	0.257330043116312	0.232853930920056	0.285702012328879	-0.0242954062722515	0.528220058951491	0.371332907736514	0.207977459959311	0.231574889284966	-0.0645484893968236	0.270698067692154	0.346953039542741	0.434226227130587	0.555985940518441	0.417922922959784	0.29426505518366	0.256298373935335	0.269203498481404
0.540412269709742	0.587223958838336	0.71858253378326	0.614273266618728	0.583066693484791	0.710622511335951	1	0.347958835791472	0.247443346193257	0.450258887805761	0.505944025198445	0.553296677073521	0.528597156227928	0.63348926586672	0.536710263699923	0.62411544959206	0.424760486120166	0.107877154506001	0.0924815899872007	0.514174946295293	0.563231456621884	0.567845330550395	0.584528475309632	0.0958476808286253	0.55025417242399	0.220811315216838	0.465245320379683	0.454859984983871	0.28458375525283	0.392643538032305	0.542204970710491	0.488681599150731	0.582158798585815	0.481250635757972	0.71951944545835	0.602962841393594	0.208826609313169	0.484556166272914	0.431891253867771	0.276925040881294	0.523893607005032	0.352864677123486	0.624840212921208	0.362585209422669	0.32468593577698	0.53599010791568	0.555297066471296	0.603605654168644	0.525796114580513	0.481931949132308	0.49290566831348	0.586713135268542	0.595603786458131	0.65389181282584	0.578831149579479	0.664396482332024	0.410592726232935	0.570271036492338	0.313197525565841	0.241357277417975	0.383267417329852	0.484081227991029	0.335678830674455	0.336625511237897	0.553184428394067	0.623253699748726	0.580927903014101	0.229970730532987	0.415534869545094	0.541538404769676	0.370704154257485	0.502170493839409	0.0353039556621529	0.537417354918359	0.207583762320691	0.467421380013193	0.464321144078262	0.455455594605891	0.520342789196488	0.333901705285851	0.531890785179644	0.550574319070443	0.104688289170432	0.55012975484812	0.404017529609714	0.513753396862538	-0.02756248326351	0.627520498466707	0.545761554261912	0.371196902336715	0.274893551605158	0.13523090037218	0.39798525144323	0.58629869172105	0.522964438241161	0.626401427392732	0.514178779480248	0.200905221107717	0.454208564286856	0.495347898555387
0.329575514887882	0.385276299868472	0.420543383985132	0.251571119043203	0.318166045394375	0.121447414227167	0.347958835791472	1	0.694968974661753	0.179189468147396	0.12643990004851	0.268727953532754	0.310604437108137	0.333383808344132	0.218073116182708	0.337923815152025	0.366671064326135	0.432660285347447	0.619320809234556	0.741982064367701	0.255378500198051	0.232282134186862	0.274428863957	0.256461512145855	0.268658344993663	0.298877045032983	0.156725601412401	0.310591674102784	0.220882548798069	0.217560570345771	0.27831724414374	0.21927596363451	0.466467212764762	0.248777038069718	0.110251994292489	0.3936393638464	0.106189559176825	0.474335065901046	0.0740605894772866	0.141621860478863	0.42566832416659	0.104343521235436	0.190377442979069	-0.0287932293164745	0.385063723681084	0.257293898384014	0.205186924776922	0.18567225622473	0.19232115261566	0.0876085471390296	0.275306698651881	0.410377618683578	0.233616711029946	0.107151522050631	0.111411696622054	0.153722389685152	0.453700609420308	0.451832000277553	0.471883717574647	0.64495661230421	0.0126473677549034	0.0243626546062855	-0.0544974536926276	0.371793797955078	0.344343218836575	0.302562543635685	0.215614863492024	0.421017244921547	0.579911814917359	0.558432579607264	-0.0258915281294444	0.130997449661723	0.275781184724936	0.380719788672466	0.374458631046316	0.349279868245457	0.052275552154127	0.34084525095877	0.258450000217461	0.520126709842318	0.433828954533816	0.365302566528012	0.0192268954411485	0.366841632715932	0.271093405576537	0.257244548943531	-0.0640639172801143	0.0780335309320529	0.108736857989815	0.454941117864675	0.0205284431573604	0.0514587582749444	0.15405404049158	0.173881326859508	0.145229846844461	0.162604013119644	0.156680362843366	-0.202245307198442	0.120868305784798	0.104555220396992
0.184200523472446	0.23666587001373	0.293382665891285	0.266738700760195	0.330389161091694	0.121072981226608	0.247443346193257	0.694968974661753	1	0.239343146818036	0.173470809279981	0.369814371910615	0.355939576899043	0.209193710409057	0.269802916146578	0.187735276574558	0.341662458802167	0.252247353622863	0.721325532184599	0.639874830204069	0.236136214005085	0.222381719980917	0.297454030995053	0.351348682565676	0.110372437662611	0.204301619874783	0.156936266711659	0.15009324532466	0.108683961355598	0.151046773343893	0.127913003272627	0.218293181470724	0.319780844976648	0.172268576490464	0.187839757504048	0.283454003840681	0.171143037466472	0.342338206798327	0.154586737859395	0.264101212754148	0.224808313079656	0.114582776289647	0.229007548773688	-0.0757159577927035	0.19730683714785	0.332814898656289	0.199293573847262	0.173165864625082	0.19525970674313	0.191528367861909	0.227173054674248	0.288193519567909	0.318613176565123	-0.029709042851917	0.0262799136766042	0.177314377301107	0.489464785706262	0.30246178262671	0.567728772293344	0.819937182406816	0.218773914741332	0.244368649371438	0.146864618494218	0.377513464938978	0.208968994568039	0.260087568409261	0.140980077499345	0.276713480535284	0.588615969835955	0.526724601485485	0.0898287950139409	0.292205059887779	0.314506282507354	0.260989853017651	0.282911926676907	0.172750611126969	0.109829069564222	0.147163420160597	0.150620195522081	0.36730307697797	0.270504943654484	0.308163632599039	0.0806000029178785	0.190553178599878	0.102923411949898	0.167557632994473	0.101168303400271	0.120358787530411	0.123873058877472	0.376511360363584	-0.0229587955566839	0.213466407163844	0.0826580506650486	0.1734594579988	0.157481678582422	0.114867503720566	0.0695490907931952	0.0419160520906977	0.0698675895423036	0.283249195837843
0.418507306069639	0.434493591104289	0.179792268100046	0.667580453724983	0.523443540629556	0.421659337059184	0.450258887805761	0.179189468147396	0.239343146818036	1	0.699781480865094	0.80644017550846	0.446640155017427	0.46821007676065	0.654503885227467	0.545170025618025	0.46490670982808	0.274097237723387	0.0782097849802701	0.246902659051117	0.643313153460446	0.685104552941186	0.461509930624077	-0.0263761695174732	0.367277313432846	0.206530939909079	0.558079884899266	0.29063729524763	0.375175466001993	0.464088018426319	0.462181784546883	0.367035879936544	0.274914408409105	0.392781455542105	0.530980494696615	0.336027978418448	0.00456332636882379	0.197262916497243	0.18503189855144	0.381833005685592	0.457042451860021	0.479372189567674	0.537063377114192	0.300134244968753	-0.00627766488571449	0.326075268578141	0.44238376506753	0.487586843462804	0.560462334236679	0.507977449745398	0.353604396015459	0.293960838190402	0.469077711413288	0.353038075730773	0.463147243637163	0.561214440637827	0.0741033444466874	0.306413647273428	0.121212267239595	0.189802590305644	0.686807231430224	0.490192622498691	0.359167743864351	0.090357862798821	0.290774876158639	0.502675315303406	0.338167360419545	0.00513092612100195	0.210669307741283	0.350294306860277	0.394003643700259	0.4511920076931	-0.0373938129450648	0.418498711664931	0.135903646378332	0.318957249176635	0.500137137478507	0.333508659623131	0.394259650656075	0.176096964912554	0.145845960888714	0.090411104655339	0.267153550411165	0.290074093395236	0.0199980381457458	0.411064608217297	-0.10947163543592	0.45543023634443	0.542380385248064	0.0946062096696352	0.0421813588169432	0.353969741242078	0.212008625250902	0.361024603281454	0.255940924688442	0.406171607984544	0.152651992113061	0.327041904869738	0.353430506186928	0.399469732611897
0.348509855876054	0.40887089983134	0.288845179234354	0.552121066901265	0.525715637718964	0.411131617345592	0.505944025198445	0.12643990004851	0.173470809279981	0.699781480865094	1	0.63436422110874	0.51734220325754	0.478856515802019	0.517454310467517	0.597323533448844	0.456905381962255	0.23314280207715	0.00771359283011472	0.242950235823032	0.677869064770772	0.570306435272675	0.568247922459372	0.140362924319693	0.429619306867921	0.389528294206791	0.605366334671892	0.241861883091784	0.26072764156326	0.32147358507949	0.46253280936079	0.440776172457816	0.29100670627118	0.417872218121322	0.548097678448377	0.439528927755144	0.122292872467707	0.278392829873456	0.241065212560482	0.42098678385161	0.478500344989745	0.371328211109911	0.604344025355182	0.529840774596911	0.212851051523388	0.359510792252014	0.53637087522441	0.536674395144952	0.575751864465409	0.510997194531088	0.369464216354463	0.306186184672284	0.46885400445364	0.352985011377884	0.456662976415012	0.516385040423777	0.14573527909332	0.365268373451973	0.00919119636031937	0.144089328425917	0.542385046262277	0.476841576050735	0.267480557238732	0.0408079911630424	0.260155383448793	0.616526020754591	0.50264730525217	0.0179390377008896	0.228258468892982	0.214424692203878	0.507133204967874	0.378514368894628	0.0479723304054954	0.444295747362255	0.0213783840017501	0.433694738285439	0.540161645295323	0.349603701394474	0.297541679291083	0.171830986172032	0.247057719371799	0.130890353077116	0.21690193993905	0.393045413035961	0.146008215505137	0.446263419186432	-0.0212093082215506	0.548897516601039	0.539292646944008	0.0930715085145372	0.218967558685311	0.323983322239646	0.271845876687672	0.419150727918901	0.158395164616947	0.495462187707631	0.19651772801308	0.260818545906878	0.324784562127093	0.563554116636181
0.474173539681522	0.471114646124348	0.315113669883745	0.664568683941031	0.64259423486444	0.504564093111499	0.553296677073521	0.268727953532754	0.369814371910615	0.80644017550846	0.63436422110874	1	0.627642387629865	0.479667459456592	0.633120295906963	0.50956941656219	0.493013722172569	0.17936482474279	0.197283089372452	0.31812796738559	0.628566496217678	0.709178795130741	0.608306268635372	0.0498209277122554	0.442053967573478	0.282941629519231	0.448311208059079	0.470341803607889	0.283809040109428	0.412934133263959	0.415120652656741	0.359243668725708	0.462908146856775	0.486980555615157	0.567658048699669	0.351614133251073	-0.00649885489361093	0.299030043010179	0.306315799941342	0.470514836069135	0.448894768026669	0.416730694214133	0.54567293346221	0.308855154260371	0.0823453930946219	0.406155827669457	0.559660802670229	0.627143046226231	0.570475380638118	0.486358060786047	0.386795477920611	0.244865281593303	0.447465126388727	0.377852595143066	0.47363397906901	0.5229834062871	0.227951449565359	0.398416733713951	0.264706310794437	0.300827019940795	0.634224150703875	0.578527968500635	0.516788142655089	0.296062371822187	0.249741601526345	0.469957646213364	0.35930919544016	0.157592479626243	0.353590351472609	0.411014628367754	0.446852322461337	0.610506943706243	-0.00805590782419868	0.508320474665514	0.161188356228215	0.35276650638421	0.413885033978551	0.428453638724623	0.370081342360978	0.215495825072934	0.2826974671814	0.216407879861045	0.200604332914186	0.275831338300651	0.0755234309994759	0.430229367439276	-0.115157511895137	0.455131518383512	0.571831575140408	0.226778649233928	0.157501120773648	0.394167233175453	0.269775001916618	0.445846069785521	0.435543649767546	0.479050835500928	0.201947310377613	0.236948794910139	0.327073729846888	0.537293455563122
0.0923838684732859	0.206890010854249	0.306555878495469	0.365496957327613	0.390577883062391	0.493894790238981	0.528597156227928	0.310604437108137	0.355939576899043	0.446640155017427	0.51734220325754	0.627642387629865	1	0.228781580269253	0.283551182041697	0.375039997664881	0.659464421744005	0.277882712553035	0.187305603862756	0.274593378037468	0.545437624005221	0.440760734776808	0.447560566235717	0.250970215897773	0.433785612196967	0.287832730158317	0.433415970740243	0.252784098648176	0.169216738860537	0.0452510533920664	0.400561693493384	0.317358416442099	0.480362908790234	0.249149007362035	0.484706835751199	0.337552003914116	0.183697905154792	0.280249690969057	0.390506854263404	0.234623879011651	0.272801243080358	0.100891058409068	0.496887652748121	0.35853256655536	0.207297765326148	0.55014510336826	0.496015186484546	0.423058521811909	0.410417821925032	0.396662209877633	0.208154183795222	0.179983248172836	0.279570282019292	0.254520110733364	0.279651416230543	0.438687689412944	0.293386784013179	0.298826977597657	0.37000083126233	0.298186392850932	0.342271936847679	0.490678345312652	0.389118494215765	0.35244244777862	0.0674793133275795	0.34071833002486	0.260225411732305	0.312412523430533	0.293635939923742	0.287534317875441	0.498799184050497	0.493743939849193	0.0667051894436137	0.423673267923971	0.220703704249949	0.41361061827896	0.351960119898332	0.260184164529584	0.224258578555712	0.204282286688433	0.287362501281557	0.353244075799421	-0.0942406355963303	0.246133299805776	0.198481656576836	0.288272352217515	0.00471608763362735	0.411822924713779	0.454688294570719	0.123071777886025	0.197646586557641	0.114347503413427	0.314923809925662	0.468715853327246	0.340997179105983	0.31989407666043	0.176671009775896	0.0646610698514602	0.00703351610059995	0.312630349494165
0.733409035497462	0.679985691558985	0.497972214872667	0.629788485487719	0.60963152991683	0.493702723655585	0.63348926586672	0.333383808344132	0.209193710409057	0.46821007676065	0.478856515802019	0.479667459456592	0.228781580269253	1	0.586391575543755	0.603620338697859	0.311912454533136	0.0938331554026069	0.0517458142516305	0.402219327024078	0.511217954387767	0.476033912956614	0.438560663289751	-0.00793299481117622	0.460013987009197	0.203095985008089	0.331212508341653	0.374359106312637	0.287492530860094	0.474984190221462	0.443428718736714	0.439426372118344	0.528081997517211	0.371628181420904	0.380886788466791	0.506579880801869	-0.0949127457232922	0.368727690042059	0.0766093251541544	0.269743817338282	0.572826597086175	0.368280176542372	0.427101227945047	0.212167862263779	0.280562132844724	0.271096721402565	0.365584414633817	0.555202579753159	0.536135330540352	0.33809441229967	0.599894761406639	0.486777330202647	0.530061645215761	0.566466178753339	0.601707712737977	0.567457718484618	0.232381997071712	0.583745412865383	0.228197389381146	0.272775433440807	0.3918529945506	0.382611572041156	0.276576011582019	0.120346886348152	0.480284378511677	0.459841087330943	0.530895015690795	0.149999178780664	0.35121868295982	0.449770049324967	0.297558394490428	0.400891909155748	0.0166629867579498	0.491101532135027	0.154375726875825	0.367618325793234	0.303060588068915	0.379984999694949	0.445171405734513	0.333168152060255	0.316027922544284	0.355560605815931	0.30493543713215	0.415223226480555	0.203850758145958	0.325802092588684	-0.189981276452847	0.38475425601816	0.301706112353932	0.193585888857718	0.137686337333378	0.190407872575663	0.136041325819819	0.360525328330219	0.354605221790044	0.515747707064175	0.454053794760785	0.249911642356982	0.445001155070846	0.425687293879375
0.552288613095629	0.558485917425389	0.286418280758178	0.818119261893051	0.48567100668162	0.460488216223411	0.536710263699923	0.218073116182708	0.269802916146578	0.654503885227467	0.517454310467517	0.633120295906963	0.283551182041697	0.586391575543755	1	0.63172396367216	0.311985434653027	0.165958756121045	0.167129402824615	0.320824625812018	0.523098834830149	0.561531300236197	0.437801559961588	0.00618358046074188	0.395111695386779	0.191408315725839	0.484481456634806	0.430800002899843	0.295983932358513	0.593129522963834	0.514255477495818	0.391825016379934	0.42123985965078	0.457832981269682	0.548299804017246	0.426406160320431	-0.013401386869211	0.304174131150648	0.192034054617595	0.395975046422441	0.467630900762259	0.638393049588414	0.648157609196042	0.253992509216878	0.186732215023803	0.265324557123803	0.469025322069032	0.556683745428209	0.399466669032746	0.621219674295189	0.487355894620833	0.417524025081515	0.651604107462927	0.530306615873334	0.515673379730941	0.665140813693699	0.206256748589383	0.439750108383751	0.150807586008343	0.247045707228308	0.636014191992827	0.420233927353068	0.390909007723697	0.111422965095892	0.500796728958362	0.555715126364964	0.407698309399139	0.122535641543507	0.281554041743504	0.313021013773745	0.401050336568949	0.478769385207593	-0.0335326899464477	0.35155058098846	0.198289139256289	0.300229700853523	0.494314589281712	0.418784712368992	0.40241298103315	0.288793633438161	0.203119272973846	0.248420916247946	0.47840719754529	0.412075436661047	0.177391093329785	0.422874697691148	-0.22692671913614	0.553396709857631	0.477428804692552	0.078537309655825	0.127958832645476	0.306863027622287	0.127109792417892	0.433856881357923	0.31538859892681	0.379859188953253	0.23591454098129	0.273006867097735	0.529079620273242	0.494263987814905
0.54284900882486	0.639334808786686	0.501073924704915	0.70472990609019	0.534847621399727	0.531362082789269	0.62411544959206	0.337923815152025	0.187735276574558	0.545170025618025	0.597323533448844	0.50956941656219	0.37503999766488	0.603620338697859	0.63172396367216	1	0.55529667531608	0.406244775657956	0.119810076607348	0.490186406776356	0.698969980112834	0.503251068867272	0.3672702622957	0.0906171198899973	0.675832694560204	0.384883002014633	0.66265604842251	0.415246535872269	0.320720058814788	0.605280744322068	0.829603491727039	0.500471732906675	0.570653227912119	0.493331354317451	0.650643192679008	0.735002152124305	0.00625024747614165	0.453873869229922	0.16709644173793	0.1693351271467	0.472484260950819	0.543773698463082	0.738427878622615	0.504807802054886	0.376176877343162	0.263227456984263	0.473494710474799	0.526177620546926	0.522505538668136	0.551470402778078	0.515413319451678	0.553100186606571	0.628166778975743	0.465528192798204	0.455066715902045	0.70770999817871	0.126649441252318	0.533470210441271	0.116757396907852	0.30434727607689	0.465338156961559	0.450220207850108	0.317298804791507	0.0627062458390235	0.598918730984437	0.634426286601169	0.785659526732501	0.146291322870389	0.459069945043202	0.43892276194035	0.48452715025179	0.435269815654466	0.0340697402998604	0.63800093688446	0.159213739528767	0.566862321160416	0.667312780130774	0.506620898430091	0.456105074621563	0.489750287492935	0.411601181890166	0.358848480546629	0.333079999960769	0.624670468214504	0.323454697774599	0.504344964003009	-0.177031880203621	0.749285730275973	0.589777646804651	0.208209237856786	0.0527968386194564	0.0886532366853046	0.376190636916706	0.413447281481959	0.387756407775214	0.362301573787568	0.396817542427044	0.10892863802543	0.453920720081548	0.463387183009163
0.135516399673555	0.350950641697799	0.280893853250385	0.320696006511641	0.284494534281962	0.414282888566427	0.424760486120166	0.366671064326135	0.341662458802167	0.46490670982808	0.456905381962255	0.493013722172569	0.659464421744005	0.311912454533136	0.311985434653027	0.55529667531608	1	0.460531725584301	0.194704885255534	0.411615894215038	0.56718910739453	0.385487465795085	0.254665032767748	0.264055287500373	0.466911483855088	0.309478901534182	0.464987177395847	0.265868749629421	0.27485520906264	0.267770582324347	0.602692361077793	0.360995329763433	0.50822119473605	0.25887333666563	0.410899961447649	0.535497331700641	0.0773359861828207	0.352162228576535	0.219434133949819	0.0535009976164911	0.308031255554237	0.246626654344102	0.508647255754805	0.322848535477147	0.203813701498856	0.311021844703313	0.376446837830821	0.316822164989899	0.435065798360006	0.456519159988869	0.33085985140693	0.286625093505203	0.314925132536865	0.195112840489223	0.198936596282857	0.366385178402703	0.157021703158599	0.292493691113942	0.306645450131524	0.311777415333406	0.323057487791719	0.321289162914797	0.208075499999728	0.170201691214527	0.190044757424316	0.330030210205503	0.430397404311475	0.386991575812225	0.351923153424834	0.355481237994485	0.385511325463141	0.376992473407939	0.156381211065235	0.426995221305304	0.255899746238564	0.375570894489073	0.381528870518302	0.254142497538025	0.253333913890633	0.497656628885188	0.322901678070724	0.344977629595561	0.00205663388169184	0.329957149700894	0.223196348272728	0.256244488456306	0.00258445470810399	0.40791926628394	0.460264572078431	0.158184966137378	0.0702478474536071	0.0256957195448719	0.31413170785577	0.323521170985825	0.222068204104785	0.260820923839544	0.253746438732577	0.088618211713212	0.0725504082144941	0.289501411319864
0.027990676731565	0.324543103389959	0.159908556472009	0.101206649883936	0.0180345954821573	0.0937161063607618	0.107877154506001	0.432660285347447	0.252247353622863	0.274097237723387	0.23314280207715	0.17936482474279	0.277882712553035	0.0938331554026069	0.165958756121045	0.406244775657956	0.460531725584302	1	0.365262113933462	0.323359316992791	0.3205522103432	0.238167117135283	0.00545525120462242	0.54816962321611	0.239643224923243	0.210904090625598	0.348306674949552	0.228202854414845	0.297229933896959	0.135658967760443	0.561059363192535	-0.0344306335368324	0.138829129544392	0.0799930464107609	0.144995830519564	0.450952240394635	0.275507887346875	0.12757671747183	0.0789809762931829	0.0431374343064628	0.347514090996956	0.139104532262407	0.214219527866551	0.230556911415063	0.15062647256924	0.151755316864538	0.1694539490765	0.0531620239039825	0.132399915090553	0.268940453446198	0.18855349472698	0.27814550828341	0.130668597626644	0.0755497726913161	-0.0534259758624319	0.15947390060524	-0.0321652904842352	0.120128313220144	0.111978001964365	0.197483379341612	0.0747705277891492	-0.0496344124492769	-0.0832436959388338	0.121012840164089	0.188518794859402	0.203744617541407	0.220218146195185	0.366124814862143	0.311715270859782	0.0731595782465493	0.167123455076223	-0.0330880785666844	0.400835415035137	0.225196716796015	0.252852344353388	0.179079297587816	0.218843060368701	0.333822966313731	0.200946277427953	0.44205944759821	0.0411963883406544	0.0566083324383168	0.182369084546554	0.277528642757813	-0.00967106872944444	0.110717496139808	0.14851500104277	0.227125257825689	0.212858353031103	0.0373917035334801	-0.102125680861034	0.0260541991545091	0.155140913678629	0.166697311712818	0.0132873551741799	-0.0164949298417585	0.144042577296984	-0.160059062625527	0.0583114812100349	-0.0223256530195322
0.061026674705155	0.0872673629988248	0.160792269356747	0.123398293118168	0.14252143124165	-0.0101704496504723	0.0924815899872007	0.619320809234556	0.721325532184599	0.0782097849802701	0.00771359283011472	0.197283089372452	0.187305603862756	0.0517458142516305	0.167129402824615	0.119810076607348	0.194704885255534	0.365262113933462	1	0.495375766158157	0.0934762338154928	0.109581308922083	0.132453360342279	0.372906215150897	0.128498820252777	0.207484449847632	0.151377534839491	0.168261402054476	0.0408025454191369	0.0660385546186719	0.0657814798771043	0.0105202148444352	0.141430213251875	0.159691675658332	0.0389421158450914	0.349251294984681	0.0755714602839053	0.281715865376041	0.161106689272641	0.220292057215281	0.205794209585527	0.0723850879774049	0.0783898859687696	0.0852237430804901	0.0970839080677836	0.195735531452522	0.158907872456482	0.0942569331829752	0.0282899790376746	0.100822897409773	0.0598701385179111	0.127589153644144	0.0990072383994045	-0.112857346925967	-0.0704044041822441	0.0414019892606259	0.238832657705497	0.149537916623952	0.462923298637804	0.553809573517396	0.0367079872014397	0.039186471443521	-0.0301062176133357	0.288168397758505	0.139266758866062	0.169504630010379	-0.00880725577271723	0.253695698569173	0.67972579968487	0.305186877159073	-0.0170807145220804	0.0719435860697027	0.292833476945879	0.199487598637613	0.362892718858937	0.150847084398396	0.165059074404893	0.20615737607952	0.129025985291689	0.277330783091874	0.164937171040458	0.0967026166597566	0.128718785256716	0.085490197245552	0.0297294995729076	0.143543222621696	0.060398538039705	0.0308445168134732	0.0236200570822735	0.356791674117371	-0.024116831498651	0.15584616364175	0.188106418310492	-0.0209517852696244	0.142986511555244	-0.0430913756470231	-0.119128062798592	-0.0904301731640505	-0.027637446988805	0.0416901229231004
0.381794917204843	0.449342595725891	0.580459812535036	0.302182088675826	0.398127705189226	0.282716936799686	0.514174946295293	0.741982064367702	0.639874830204069	0.246902659051117	0.242950235823032	0.31812796738559	0.274593378037468	0.402219327024078	0.320824625812018	0.490186406776356	0.411615894215038	0.323359316992791	0.495375766158157	1	0.409986988858107	0.279484700530303	0.332351236292769	0.170802163183434	0.385434175740233	0.37655344248166	0.349871842238002	0.314726763961163	0.271738006265676	0.425327789007096	0.464670446192186	0.408838227656203	0.616511816950742	0.349054589906073	0.282665069320486	0.626335252139137	0.163290338598371	0.648865702650416	0.183738054842904	0.165203065074979	0.491891822078621	0.247252575291144	0.40361795195625	0.125446878568669	0.50457533995939	0.319339268326006	0.271505364938416	0.306895941946177	0.285987025785646	0.286807797379498	0.369630002899691	0.621859366735467	0.468611153525121	0.276981134087889	0.189676460340816	0.278903878639783	0.390275528628048	0.448090652333307	0.304578940727129	0.609974139807807	0.0611500817302914	0.106973205667597	-0.00767388265567029	0.27473055831081	0.589678717686861	0.490435081874049	0.49958422386794	0.185461081970325	0.612453855047412	0.6443186396568	-0.0808267990823736	0.128795276368211	0.274145490497387	0.451810772263624	0.200919030313474	0.497419181042365	0.306072034358421	0.356464946222427	0.248643735075943	0.53673131569616	0.535640055225602	0.523344850404716	0.0395268366971052	0.486835509188059	0.403959907221991	0.331743606310835	0.0923310593546339	0.298315455865046	0.282551756446148	0.585351609655506	0.0923855942776698	0.0523060173449498	0.293673684436449	0.222766671973514	0.185849026795836	0.193418939990212	0.290564750441093	-0.14008963299963	0.236315618954017	0.244466175973478
0.315705030042609	0.357901158231464	0.289833364069981	0.575286788615538	0.495648545222574	0.455913612425065	0.563231456621884	0.255378500198051	0.236136214005085	0.643313153460446	0.677869064770772	0.628566496217678	0.545437624005221	0.511217954387767	0.523098834830149	0.698969980112834	0.56718910739453	0.3205522103432	0.0934762338154928	0.409986988858108	1	0.556329926827437	0.505672672669338	0.107127200667209	0.436901409675096	0.376377182334113	0.610725087997433	0.30306963945727	0.320545105968909	0.401959378873331	0.658664288614691	0.402316993877793	0.473567288037113	0.323416857406566	0.542640050687145	0.604947288174257	0.165379421799621	0.369947749075632	0.250077397929431	0.294700013039612	0.549878726060243	0.411300330584165	0.642041843604883	0.437730010608952	0.306914572981544	0.399675600994069	0.595432046177031	0.499472011424098	0.480728255313133	0.514499766916351	0.429072492446571	0.322210794065404	0.523403473613827	0.399230672451641	0.450705950834431	0.636724642774188	0.215903256733372	0.461227361116985	0.186336730721888	0.276733138730388	0.442602002290143	0.419542301087221	0.182316998384488	-0.017900311457948	0.408529452887904	0.586707328097157	0.547054996193452	-0.00620208485736721	0.377289060001192	0.362648321337917	0.38815565264424	0.359840822724631	-0.0202104093599081	0.487568423127174	0.124926910865425	0.425628194893761	0.588118462005787	0.448307215704537	0.356886664052879	0.291836286136793	0.256173755851733	0.184766805377492	0.16575810858224	0.401867338565374	0.137832006050675	0.367450285150609	0.0457394897641346	0.612928307092788	0.530726212138311	0.126339478804349	0.152057058219948	0.12066606148209	0.202554492683536	0.406298080555322	0.157629249730661	0.390032578466677	0.195660812399349	0.15312975659121	0.143461232266588	0.326570090078822
0.534345879614663	0.528146803290277	0.380871329129347	0.592783592763067	0.590857962037106	0.485581740811807	0.567845330550395	0.232282134186862	0.222381719980917	0.685104552941186	0.570306435272675	0.709178795130741	0.440760734776808	0.476033912956614	0.561531300236197	0.503251068867272	0.385487465795085	0.238167117135283	0.109581308922083	0.279484700530303	0.556329926827437	1	0.583596449478202	0.151607825118168	0.403065840967662	0.226433383390445	0.418629769254176	0.38504569196331	0.431256729966408	0.362702430195775	0.380574227054219	0.266562428999266	0.292639882060918	0.364141270603619	0.46560044118548	0.397347303235088	-0.0198784942698874	0.236585861596725	0.255411231306514	0.313323772904906	0.512811777436081	0.286112154315098	0.470293960247161	0.306766415852156	0.019285935340031	0.383734895711373	0.490324478804617	0.517666506531765	0.548805338089255	0.487441772384804	0.493624916241863	0.311602870231369	0.428021681691839	0.521064546761806	0.531895565256702	0.511811373276072	0.190735607825404	0.410843920377675	0.106180273207337	0.211923282017953	0.498566503028116	0.482882370680719	0.282784902096447	0.150516195299515	0.404603393709189	0.480561999600915	0.321379923445222	0.0865848339098117	0.265111453866749	0.359166759833897	0.319744115575864	0.481564034741592	0.209117998914424	0.479152143125899	0.276494673775406	0.322629886304398	0.425103097059377	0.391732640098905	0.474544969290519	0.22469775279023	0.338995516067762	0.178374091840628	0.214040425529659	0.316824563614555	0.104157584409244	0.479526525471183	-0.0229826852940812	0.435554882872694	0.501069312430544	0.229928939996242	0.113300935755645	0.25151929541851	0.362471436408529	0.437935437554199	0.305318649038581	0.550532465766582	0.398096667225683	0.246801924974111	0.302312768455529	0.372831280091667
