1	0.649398652477321	0.732260737084632	0.659011483691031	0.491048286451988	0.214277805651135	0.635902575475284	0.167944896000495	0.338766111951427	0.301431842337504	-0.0500738045025657	0.288448551590473	0.0130243337353978	0.52493825801315	0.245388268342913	0.541893622815535	0.137993334480626	0.0798409533494459	0.31251727567497	0.0991024769410338	0.0494869107014096	0.142093507091302	0.0855366656502732	0.292618007719101	0.321252390706582	0.253437999714933	0.217273727445269	0.458743831113248	-0.128645632225844	0.489246447644725	0.181989732417759	0.215885137125454	0.201596899400998	0.259923449871155	0.440178576741026	0.587109499639583	0.23774869449059	0.176778100835477	0.236091183625228	0.376736902908741	0.407284529506316	0.283784570944412	0.228532562834597	0.323970644900338	0.221697015889734	0.24574401724835	0.372284828273644	0.35433931658806	0.0552487009266533	0.290836842386563	0.334033012680874	0.581858853798089	0.377580699595869	0.442729725275669	0.227739799840766	0.521447629372677	0.139816518629061	0.31548774312446	0.365760928750219	0.326973086013917	0.268014812015867	0.0616076634689853	0.121773163726541	0.111769967415797	0.540128706710432	0.102680353254669	0.379493545209315	0.101113229108318	0.444900389978335	0.368549888500679	0.0426924535424427	0.232242982989532	0.170324216851731	0.114995757650698	0.0175203311960941	0.326701652035017	0.271995322476816	0.402084106562238	0.0419219577948374	0.18815700229366	0.127393091935119	0.171839754947049	0.257566641674207	0.177499294623844	0.153142214248251	0.222091567363266	0.0811281008838436	0.349473095718033	0.0255577104053701	0.299728943249956	0.246210961368231	0.32729807540376	0.306572407708943	0.209092732067228	0.228129196891244	0.372085687505106	0.182615204889244	0.295595425145098	0.308525327640948	0.136343879898619
0.649398652477321	1	0.711797911336267	0.718101822422711	0.53087613868113	0.474124488232123	0.638335873570595	0.482836471705211	0.479336167830663	0.524861593650212	0.203621703633275	0.49910734104747	0.275856354746643	0.516333733352922	0.335286096386471	0.625280326895011	0.367518638429615	0.283621086376097	0.411389391640251	0.368355007067029	0.269434523503603	0.394697702425332	0.359962962033158	0.394196547988318	0.415455241298988	0.406032839604931	0.295601187944452	0.609178634537672	-0.0756631767433265	0.426797379105775	0.355700294576157	0.297374757514105	0.394087808240268	0.362026489996158	0.476963447181087	0.603607110594092	0.284108095985554	0.317076844115466	0.316921311125453	0.317553452272	0.51650760185058	0.430156831611698	0.296344502335562	0.42390786763792	0.369592522096288	0.491983161154514	0.532673397828203	0.505226976786687	0.22496052281529	0.434415418816204	0.459166843027045	0.717667897551423	0.518390782134875	0.643682355161256	0.462906508802136	0.590057298902574	0.459705228323257	0.615341921340319	0.622241219619727	0.516254962300479	0.579508568704705	0.415628847292423	0.396411674305556	0.395979753525432	0.548108753674673	0.24974906046019	0.491837556568831	0.398902148638115	0.58280240720145	0.470036445318046	0.277925917041785	0.52657378749041	0.222521917468058	0.287015580818289	0.247071977117568	0.440436652639851	0.413713051738345	0.456788118340971	0.185082786048589	0.397242551145932	0.316001535726571	0.409216127839657	0.388994899580547	0.391478467838366	0.31085687940068	0.346836537050647	0.215063240614954	0.409269262753488	0.283001886106856	0.378790692459479	0.298207311274338	0.238505813944225	0.40381350365647	0.376510838929181	0.373473002074297	0.494332119890396	0.366367970437032	0.472189515471507	0.459498141863864	0.39306751285584
0.732260737084632	0.711797911336267	1	0.764718511731695	0.594990274004715	0.516468117861636	0.777418736932845	0.254420050891976	0.418337111513144	0.367275262767501	0.0118686564669988	0.327553721253509	0.0429812010262454	0.418544711516846	0.230085898642217	0.532197618096274	0.144939325574809	0.10470244534455	0.338372623454928	0.130379088156761	0.125158788716555	0.244076486806663	0.212461810308011	0.274909015121991	0.238209123869899	0.318754683891556	0.215721544825653	0.611479285641684	-0.150284046007269	0.368344483271751	0.14631221389623	0.148600026155772	0.234197396176324	0.374362868224878	0.569264056325414	0.607675123060447	0.242062413263243	0.165910447096088	0.254940993237762	0.307167428259822	0.417024611055248	0.241373603111021	0.21146887910649	0.333171529293857	0.228903214837799	0.372567668251695	0.44777321566049	0.484648490032008	0.205745059212851	0.284523172671277	0.449943586210321	0.644126902977098	0.38898771965415	0.704188308266361	0.400148330942823	0.706529566654499	0.403254706463375	0.532644428912331	0.599831591010941	0.475358809911806	0.40889301165655	0.216081836750432	0.31677094947785	0.288279296237986	0.446770308454697	0.126771843224168	0.343265998995188	0.155787314314814	0.511069282242182	0.308657915871317	0.108921079828441	0.362468143134119	0.211983659728437	0.159911422535427	0.0960601305035919	0.387737129433767	0.304380405628227	0.35006590090067	0.202518848769222	0.211668988583778	0.211192223070096	0.244036374604069	0.345867822007601	0.197406490000938	0.197817490694373	0.319350592696725	0.19558566445598	0.42225551578942	0.0968336811281522	0.25401618541249	0.26751929740203	0.226400624941474	0.334498082105205	0.256330916228329	0.31437912285567	0.412223162111736	0.27102397918265	0.411480733369216	0.39289987477254	0.231213749820655
0.659011483691031	0.718101822422711	0.764718511731695	1	0.643514668929906	0.572737687290106	0.847253141816146	0.412063564562777	0.52958176384481	0.514442874870197	0.234619577734374	0.511419746350986	0.239180150755863	0.533363934113387	0.539397256947375	0.640191153170733	0.180334027395139	0.146381065158367	0.41577561075612	0.198194421360678	0.134251718036121	0.411993376677413	0.366634859247283	0.347115701554026	0.258444170997388	0.247067256123936	0.255562207492954	0.56176754026538	-0.117422752258921	0.31115399783769	0.104158507402252	0.0306384301425533	0.363425222261165	0.352233305239014	0.70381923315155	0.606382388032095	0.191319083989077	0.0604842009278572	0.228409535926952	0.35715044360967	0.357672162252005	0.175811023728725	0.160475255149498	0.290976348082163	0.0811065716387961	0.479805635002226	0.349722651572387	0.561091125440005	0.322736197825266	0.22454016704167	0.50151349217817	0.617570297140795	0.457841095174133	0.716195108943844	0.530632141553188	0.809063602342368	0.473305779063631	0.517757919957337	0.6350446643926	0.507436138703404	0.549730678628489	0.345010495505098	0.344765045970938	0.361440085580617	0.342967519043474	0.0910737084265016	0.341752510257643	0.308462833406373	0.56731811432939	0.286350077995922	0.187861405223842	0.419510798447497	0.313986463243507	0.100852137943794	0.144824444410527	0.327957371575681	0.289621808941554	0.360532935715444	0.191839004122788	0.260940960988759	0.130677989961335	0.245429108155779	0.210973416502464	0.133949113874909	0.12007110823806	0.239456335942001	0.208249617489622	0.531176530286067	0.154492750828279	0.159849707404063	0.271403785619298	0.236324837728881	0.242668008325264	0.325338080250232	0.155328025025037	0.489189851057933	0.299773041265178	0.469262729810837	0.411861873378817	0.294091181798517
0.491048286451988	0.53087613868113	0.594990274004715	0.643514668929906	1	0.691207191899136	0.689547671973324	0.449501753503717	0.514795267780942	0.396598226955894	0.269449596524676	0.465914096006689	0.256163050470338	0.477739418348227	0.272975892953928	0.453845780449939	0.105734265179835	0.203991410540685	0.419201832169933	0.195093421048418	0.141209505152672	0.436218841826653	0.458573816598212	0.396096869102533	0.197278675879121	0.231550111593938	0.126417070771169	0.302848678873681	-0.198103600898196	0.112664878905135	0.0253787467415858	-0.131628372527368	0.264997771637112	0.259846336860936	0.571077221106004	0.507010328192424	0.173715238385047	0.00386720220521018	0.276134508092919	0.270696649830692	0.205461747930742	-0.0807195221029327	0.126386647535481	0.182325370625299	0.0352985903115933	0.440351085098733	0.241432469106096	0.615382429307214	0.604761207517222	0.108399535868054	0.600261684173563	0.54221945246613	0.351788278785515	0.698137551141601	0.698063484250334	0.629297335603983	0.391321071958966	0.480521784959732	0.54677047387204	0.510554557433953	0.530677155291116	0.378325998298467	0.385025439545181	0.326615696447434	0.264022098278929	0.123259154922292	0.306393576552308	0.341667907347918	0.527560420067365	0.201887868402425	0.109337054504934	0.394110717758744	0.375217102836159	-0.032430399754416	0.0425620700740545	0.225379877667637	0.161844266105339	0.197628447799345	0.0255444319025976	0.24716970375315	0.00444232872718508	0.118095357722839	0.0998677254844431	0.133675427805096	0.0650847924790146	0.127099574707694	0.202676715132487	0.497766343717288	0.148715390312896	0.163007657189026	0.222952401635919	0.191630181812901	0.164699683388334	0.13512273680804	0.075168290499766	0.564629002798906	0.33647889643368	0.264755653505501	0.198103372192975	0.24659608746196
0.214277805651135	0.474124488232123	0.516468117861636	0.572737687290106	0.691207191899136	1	0.669959987308385	0.456759883842916	0.501439444862161	0.47952381148799	0.449428743833765	0.497531760124543	0.294688214431996	0.361120738944364	0.417778621964335	0.396975382074832	0.15432742496948	0.184757021271826	0.339007495306664	0.296676416972396	0.19810382265307	0.618108499309834	0.523493529991742	0.3879858862726	0.290447502440781	0.167213781523547	0.170286765658867	0.335572887044817	-0.145994854407265	-0.00256862317817317	0.0226314809581754	-0.031506726695772	0.296132238715701	0.285494122549437	0.607817036625927	0.474951197112606	0.167522474896554	-0.0088478358632537	0.410758707012441	0.10093597595599	0.178632425235269	0.0411050553639873	0.205030697510159	0.149722502632808	-0.0192626449252087	0.519151010384749	0.29727484525181	0.810358095115296	0.510519481916458	0.22755017771617	0.42432610302466	0.370658122077072	0.367172428108648	0.810027230186475	0.727540866588388	0.637809657038911	0.497519147143717	0.591758996011246	0.559257473442329	0.50320691531861	0.657241624357099	0.595315023422587	0.4731113544386	0.425432690301382	0.158233967043729	0.213912139342551	0.254955273764485	0.444668354835644	0.515568141483004	0.205710218202904	0.22208074678325	0.531036516245634	0.416714497309678	0.161228491596606	0.190713457126708	0.230534504286485	0.1670686390579	0.175923736146776	0.182037496534362	0.241516175289365	0.132399469517826	0.26175272952873	0.114357159130224	0.111642253916057	0.160017420010374	0.0875238903463098	0.273831058493805	0.537876528838468	0.257503124145145	0.166401164470761	0.294427520309235	0.147254137504009	0.218323031870265	0.22837599911591	0.149113642797113	0.632762308053056	0.320923170086065	0.35131448343818	0.310094014889493	0.40653312327162
0.635902575475284	0.638335873570595	0.777418736932845	0.847253141816146	0.689547671973324	0.669959987308385	1	0.343915230857473	0.531904742515292	0.416216709153784	0.16724354613554	0.444554466966864	0.091361605549586	0.437053220171516	0.361609633354471	0.533518514640333	0.0485911213750882	0.052261417126487	0.321236618219113	0.16553370518631	0.082591873230513	0.368402587463021	0.349833313731556	0.345910398788612	0.212368124439583	0.14506824420335	0.166983712327085	0.540344173434851	-0.263377322647872	0.238046580801206	0.0199300950955291	-0.0559976893457533	0.191600184225451	0.350340757771154	0.77254474467645	0.685677385668362	0.199354410516438	0.0352233355626599	0.337646710177519	0.412058140604275	0.287731711725929	0.091725281819411	0.200946346529335	0.310845276893492	-0.0354678532143081	0.422428489010954	0.303411765378081	0.682717951132831	0.356221919808895	0.244255399010746	0.432359800571768	0.555238533789603	0.357092493009288	0.747558492887761	0.569739225648725	0.822320383684931	0.360648345390373	0.451478861059479	0.564167051782876	0.482501909076214	0.446067224865447	0.27615056214799	0.262772271983859	0.242490236668435	0.270990171297016	0.120513072822605	0.257832970024237	0.184753557618985	0.507317418030142	0.182165808134897	0.0632117108122886	0.338146571789954	0.265973462094407	0.0217816410900919	0.01778374671293	0.175888362950052	0.183933963914277	0.303656567565037	0.124245312763909	0.186491897329932	-0.0224011272636511	0.101742038688973	0.206452876867678	0.0929386485235479	0.00430525068981324	0.119480651316139	0.147899795546003	0.512497120643749	0.0765261188607659	0.0876876149368327	0.294635788116951	0.330242354923332	0.227975547461818	0.180492444441941	0.0972601507955882	0.523045077904502	0.241350477517954	0.387182273762794	0.335870762871804	0.262212072206907
0.167944896000495	0.482836471705211	0.254420050891976	0.412063564562777	0.449501753503717	0.456759883842916	0.343915230857473	1	0.67882006912084	0.606240460574656	0.562479950089087	0.777035070043306	0.742949302219081	0.436925541945228	0.388211219653118	0.45279465568063	0.475169807914531	0.714613617710683	0.684771021445535	0.623583485864422	0.288223616806958	0.530487785414313	0.504044404505248	0.396847516734042	0.638740681823338	0.379111347096489	0.339701093133368	0.336019869031264	-0.0621512606961858	0.000945721413980332	0.220182624155142	0.0823159328011404	0.569150777022925	0.203851055315709	0.245291706988635	0.363986139740652	0.133070700746955	0.0380108621595331	0.0782206503246742	0.0642820028890428	0.103601873234045	0.175422480590774	0.0480085637955011	0.11849522671512	0.180866586064445	0.385723997568943	0.290924019924004	0.382533026142473	0.384801536658833	0.192052545867038	0.338075174244411	0.49159038297391	0.376912839224789	0.411414611653709	0.43346574829004	0.423119181662349	0.447079693200451	0.563173751525554	0.613924133093348	0.665207161510458	0.694541133425944	0.534367111743094	0.388501454906526	0.515506584887966	0.316530185451462	0.11343905600145	0.45602978344579	0.714743828304409	0.717217618615888	0.46917034185943	0.446229887133066	0.581456831908937	0.302670210996681	0.334084758968793	0.468989002053034	0.366205406781159	0.237032068776292	0.272654695905381	0.0872405576106384	0.642784618359911	0.182326620863454	0.430769277869723	0.126740581107	0.280715191663065	0.23423361700507	0.156724214245464	0.194775447876979	0.375394946616397	0.414393278374638	0.213286984445827	0.124336890960361	0.150089792251555	0.172110014119755	0.252028036959635	0.200646100893696	0.35879060893659	0.233182547511852	0.356061028473625	0.384174380349111	0.506472718571728
0.338766111951427	0.479336167830663	0.418337111513144	0.52958176384481	0.514795267780942	0.501439444862161	0.531904742515292	0.67882006912084	1	0.594517980485712	0.483324178376536	0.66842522383586	0.393314527633898	0.443135691430242	0.370725575355675	0.53599530211712	0.319851300351832	0.426264791519312	0.787123464751629	0.554723408128404	0.289921022280411	0.44227027098084	0.390968386708437	0.610257167091139	0.624239213213782	0.311676288197991	0.353493288234116	0.306248993052772	-0.0634338301001532	0.0587684510688258	0.184712609954	0.108293164380512	0.403448384024418	0.364604448696472	0.477251526041883	0.560021564534241	0.255631906951426	0.127275641139344	0.214227806064179	0.238769432741718	0.0796066643329734	0.22112434831714	0.224185452687392	0.259093406407455	0.127979852956314	0.376658388733334	0.376437252799361	0.492099975466604	0.395135936256035	0.203185086703623	0.339774605435827	0.465136468229218	0.352879245152946	0.488418050576374	0.515002319460484	0.494835313880091	0.32031776821313	0.500231424502244	0.597288038509432	0.813728485850132	0.543029021990451	0.319490667501277	0.275681491575425	0.392634709049234	0.317607015452196	0.297845564660876	0.469273834513342	0.435261229251242	0.67170682592424	0.462262201593221	0.233216301199819	0.524183453067923	0.341020810397264	0.34064401343367	0.235779333479989	0.305971534965014	0.287350868876707	0.280568560108786	-0.00333689422993791	0.506538379328664	0.123029035366635	0.350993120659512	0.194607912554341	0.313661063596544	0.274729100400505	0.172876365525812	0.264691136133216	0.481360276911182	0.333296605782843	0.356568829629836	0.215199836364912	0.232341910795526	0.352229174140885	0.321308083526715	0.267563793963412	0.475506833192742	0.139323413636722	0.389142737782217	0.479124428709113	0.496371359204827
0.301431842337504	0.524861593650212	0.367275262767501	0.514442874870196	0.396598226955894	0.47952381148799	0.416216709153784	0.606240460574657	0.594517980485712	1	0.56535060210813	0.828060612794465	0.533056352130296	0.478621452542029	0.579805868670356	0.511645446528094	0.400717949401246	0.320817971641783	0.515608619914189	0.473955310509286	0.417444502347947	0.622724211331123	0.551960484664193	0.371057608125034	0.596326245140973	0.521305796406544	0.470718658105882	0.433413898746978	0.0257541711498814	0.203323807155134	0.205034602677136	0.287877425635546	0.546556402651495	0.317839126148026	0.485784949394291	0.441983686972863	0.104468927493849	0.133364204610886	0.236532008784801	0.238469731599426	0.199670434893099	0.332527099744639	0.278963363260831	0.315724896840558	0.211612584974532	0.479344116488181	0.511509935789491	0.507755645323069	0.348019543606458	0.33061167382833	0.371452781939836	0.523394199098355	0.375102261994487	0.518072171915701	0.480814821617486	0.434036435915701	0.57820197335586	0.556239348254675	0.646666360719086	0.625826115913554	0.741122046703802	0.547153858286657	0.475736942488989	0.51112541022206	0.329169574020257	0.193335830490322	0.388622922919308	0.582544795476298	0.67266981920102	0.48131446259248	0.537847899331523	0.632780159057106	0.427061703188376	0.3715649826988	0.349530398434654	0.363871286825897	0.384318763292495	0.309024611087984	0.156876830173414	0.439255788539843	0.272371776246189	0.401868766624651	0.153347950067722	0.18044360776029	0.226888521968328	0.12437125303998	0.249940776795432	0.419860058521509	0.423022342857558	0.284872150633803	0.295926830899836	0.273266044982219	0.304800974072006	0.30323527844637	0.363282957090788	0.440240769618341	0.277317756776863	0.471022922568402	0.400242520126877	0.537961483859502
-0.0500738045025657	0.203621703633275	0.0118686564669988	0.234619577734374	0.269449596524676	0.449428743833765	0.16724354613554	0.562479950089087	0.483324178376536	0.56535060210813	1	0.643286459960443	0.583464700745373	0.285173879992907	0.488130632364256	0.303441183429432	0.410660417386505	0.462336663402693	0.388700020465828	0.499959733774162	0.32516365396221	0.57466029550016	0.537535532622292	0.348285779242974	0.432705538340164	0.218667816350283	0.220324231694583	0.108015597826206	-0.0651863032851307	-0.196290194329581	0.229994830474238	0.163304060129851	0.368864253239299	0.163474774198946	0.285694865843882	0.212253692342196	0.003398407604978	-0.114649211457512	0.181045373793259	-0.0709086825193573	0.0355483457825682	0.0858940866163924	0.106244092729515	-0.035523440887595	0.088328107126793	0.386320147220536	0.22374958127971	0.297909538931143	0.255652257848442	0.154818321021128	0.271441948494183	0.155659490284604	0.20412503413798	0.279134971086922	0.368505978076343	0.2070146374051	0.31484878693777	0.225611174655541	0.271417301831477	0.38616939100754	0.59674913436385	0.569822194305411	0.388367520064552	0.323065431736877	0.150279907828966	0.203677029435228	0.334770916425009	0.584415775046754	0.396749470141103	0.28328267671929	0.501861236892024	0.583618940035793	0.441835522206333	0.190392656482317	0.407366279505873	0.308908102720371	0.157867765597363	0.092678747422698	0.0171804401878225	0.498066396756459	0.280495975410236	0.389805294105847	0.0306473685529882	0.208143224778527	0.242960037192233	0.0917331844690953	0.226112368717709	0.423866699648854	0.378127674692476	0.13478630794682	0.209677439046646	-0.104990127592065	0.0954481623215011	0.155897326074774	0.156132529686965	0.243945529014443	0.15998247564835	0.270598199619536	0.288615900045577	0.543983287659889
0.288448551590473	0.49910734104747	0.327553721253509	0.511419746350986	0.465914096006689	0.497531760124543	0.444554466966864	0.777035070043306	0.66842522383586	0.828060612794465	0.643286459960443	1	0.677003129364579	0.506708501993267	0.549832979063094	0.533697880533657	0.470917428344273	0.532337382191015	0.591160791737597	0.549757754660551	0.294457698041938	0.636150324298858	0.632754019384439	0.373798722262127	0.626115053960728	0.386407389604711	0.470175094066212	0.416994017564066	-0.00659820919918246	0.108116498920118	0.239628172501947	0.183067222762329	0.62354464213825	0.243046043139566	0.402275809227182	0.40201508415181	0.0468839590866254	-0.0282759375090529	0.0829479523825476	0.149862323353024	0.091470709822326	0.203717352501505	0.0960464330881685	0.171583985523304	0.146246273599043	0.489006845884443	0.433427318189172	0.477681322220471	0.309115323726394	0.20545149594297	0.350984550069582	0.486796845018049	0.313089753774594	0.446890224309764	0.398953471774585	0.360943768127055	0.513413479480346	0.50118126653095	0.533763691296986	0.626971782869953	0.763732012222721	0.599962273060224	0.486478094788217	0.535266721515846	0.312741112087304	0.0632113010328369	0.38606671132439	0.652718646896611	0.725912092522153	0.426717164658254	0.522468362119726	0.685138316031621	0.409506627234654	0.320350960066935	0.438952613470897	0.373282765538391	0.31164291668947	0.306550630468689	0.0634064502430498	0.569053251142164	0.191342643085462	0.410145367947491	0.10761610336017	0.175388890785196	0.163515954648069	0.136271659985874	0.178355752905297	0.350851310907215	0.395985735134027	0.181187389556792	0.135707340365022	0.164462039259004	0.178049040192018	0.207180850258406	0.209682035224924	0.299668899469421	0.233829137588583	0.398012864947186	0.363374680113581	0.536190544583723
0.0130243337353978	0.275856354746643	0.0429812010262454	0.239180150755863	0.256163050470338	0.294688214431996	0.091361605549586	0.742949302219081	0.393314527633898	0.533056352130296	0.583464700745373	0.677003129364579	1	0.441456564612935	0.456187729026653	0.388125505730114	0.585084986575178	0.686045496948626	0.494844654206052	0.52016271807187	0.30692415882759	0.404520058954925	0.576840481353589	0.220619813155071	0.54435899415458	0.372760940922862	0.344790938519305	0.22427595181302	0.127023102355874	0.0424652531038659	0.354192118097676	0.188318536516542	0.736733222044395	0.095598094001059	0.0829868810119366	0.0939764975107989	-0.0772561612268283	-0.0287140577144421	-0.118146910901589	-0.00271497438403876	0.111690396252465	0.236209072093862	0.0119640014604821	-0.0174673224927795	0.210702577632072	0.34146628819333	0.224588891692975	0.173472391064981	0.227490074900669	0.125703893439362	0.327259906880181	0.421778981262377	0.199514139250618	0.23958332334413	0.246291722834673	0.184550355532805	0.397749089920943	0.37754068242242	0.385269641341405	0.435928922312407	0.638991270437605	0.501340864796421	0.499987490383667	0.548837244058644	0.24178220635396	-0.0538887942697219	0.381831036233308	0.7151621814159	0.538401084584354	0.38952821691255	0.632331470489593	0.53701952063253	0.312815243273867	0.256559484622367	0.59844154514296	0.47193708373595	0.122463077023862	0.13720933131688	0.143082585324596	0.640994925785146	0.264348498006184	0.488106667021422	0.0836278268328274	0.218408944285776	0.228334196932376	0.156530249660885	0.0834627285941586	0.19080965281081	0.386286036248624	0.139153780360195	-0.0579893350319441	0.0462906593337451	0.0694087550023136	0.104442976858741	0.161047991741768	0.166796993032953	0.199872691970996	0.156614155222526	0.364523676612479	0.416891162115347
0.52493825801315	0.516333733352922	0.418544711516846	0.533363934113387	0.477739418348227	0.361120738944364	0.437053220171516	0.436925541945228	0.443135691430242	0.478621452542029	0.285173879992907	0.506708501993267	0.441456564612935	1	0.488696994284594	0.729065883575891	0.408698888581972	0.47995031975763	0.464048764165307	0.325766588814018	0.183714421973945	0.44453943896387	0.416214170283145	0.342135915200247	0.444714171364412	0.387533147034847	0.228673010613438	0.313145346905599	0.0450679306258215	0.545803332622337	0.520359624674644	0.322622249707038	0.477784938951958	0.146917126133038	0.329612252266553	0.471779913048768	0.195336049926922	0.193080726630438	0.136693450065842	0.194767250873522	0.316527573321073	0.377418764067616	0.330236404958056	0.185365855616964	0.342092061169728	0.475233711311861	0.36822740130211	0.357801318980749	0.43237712854969	0.291698942728413	0.646459653958799	0.614031074214719	0.562002627238337	0.487828903833792	0.450408951166158	0.521169201302601	0.377664859744611	0.366372110104175	0.465005722508506	0.439527329014185	0.475211099683705	0.328739966655707	0.322314566062868	0.420974754898853	0.647723310418824	0.221000535556578	0.641057337585437	0.451614593696994	0.540832729621491	0.585233416424491	0.262442592646024	0.424135691716777	0.320681947258029	0.147993463440114	0.29468743427036	0.487222562582494	0.169518076598855	0.331716131772366	0.128607840138091	0.575343901992779	0.278366787874875	0.545909157003211	0.229824295335647	0.454937905343528	0.4520033912802	0.285237337107015	0.171221391617533	0.508908066722728	0.377468272206205	0.428455093357942	0.22571624180377	0.176753096705839	0.237155459902396	0.26470421023487	0.226251682445644	0.373676499924602	0.405254551516391	0.33509365156722	0.504828716144338	0.370874590678116
0.245388268342912	0.335286096386471	0.230085898642217	0.539397256947375	0.272975892953928	0.417778621964336	0.361609633354471	0.388211219653118	0.370725575355675	0.579805868670356	0.488130632364256	0.549832979063094	0.456187729026653	0.488696994284594	1	0.494327864784749	0.292777224931489	0.323646481428869	0.338999715891566	0.385048700691496	0.0766428156331347	0.401109120714288	0.440246482394331	0.167237604588086	0.332318375348877	0.208134095704258	0.38623979282694	0.317356944003102	0.160085167675738	0.118896355860844	0.153221166181836	0.0668841773068929	0.486861568918486	0.072660023827639	0.393701263332514	0.2826228067622	-0.00634006135134289	-0.0686073142922404	0.102524826805872	0.168641883747813	0.224416002210893	0.165615514399255	0.214417401055809	0.0435174100907379	-0.0084877396546941	0.414507680138047	0.15046097123682	0.410709701386947	0.23943470113327	0.181638439196168	0.293888340049245	0.40118109074078	0.446462904062125	0.361023855424549	0.338384770265919	0.447334786900768	0.345159978388733	0.328006555425691	0.345876516827477	0.328921778872374	0.588993023765283	0.442648193075812	0.426465570604841	0.341740335389365	0.255940937495152	0.00521575496704235	0.256623590710429	0.477486503558945	0.511319698096751	0.281730789214641	0.438843631250682	0.402894363060036	0.413714162243245	0.153178971706323	0.393028165913153	0.315536727108682	0.179887299089295	0.253144438079531	0.327225697854534	0.365895289940443	0.110385934579091	0.287895392037157	0.000713705664373838	-0.0223599058050231	0.0896215691011479	0.0267687734144435	0.121350349421818	0.339222243958499	0.156499982155955	0.0573314682468189	0.101349904468408	0.0931473866758477	0.00892830446268796	0.129288603767494	-0.019191318044996	0.301146513883429	0.186798959598938	0.35120859654302	0.402911648521236	0.290328417002161
0.541893622815535	0.625280326895011	0.532197618096274	0.640191153170733	0.453845780449939	0.396975382074832	0.533518514640333	0.45279465568063	0.53599530211712	0.511645446528094	0.303441183429432	0.533697880533657	0.388125505730114	0.729065883575891	0.494327864784749	1	0.561961372285031	0.512147327320673	0.540314544827844	0.405949660223509	0.415557341346062	0.439147584336751	0.406421407932298	0.457129956104379	0.466012856401543	0.468436008692945	0.393331455421016	0.526815989767194	0.00849806894715797	0.487411028320832	0.684915712325133	0.524187731107127	0.449127240707403	0.380961694850026	0.461756791939094	0.635418534678209	0.309270731433398	0.305878138214966	0.254968907572934	0.289070040076941	0.481753080302076	0.542327528952449	0.511368839916288	0.369974362689566	0.482672237337761	0.524112906375241	0.616671388209806	0.433338362304656	0.316276287482964	0.46702542355783	0.5774527306033	0.578516473807238	0.681573904184674	0.513986234023282	0.43134795720995	0.607884424773037	0.317877029390532	0.414500879935981	0.505160611149004	0.519936705288486	0.506854437645469	0.383835775328561	0.288634304864241	0.388167298667856	0.721402358332576	0.369923547627947	0.808401878306255	0.515460697825228	0.626789713134329	0.696594973205572	0.442829926112027	0.472384642354336	0.340493884781663	0.337198313233364	0.411731477589067	0.626951639386759	0.38323329513012	0.481374337247671	0.107089083427859	0.667053859494306	0.476625224742212	0.641820575315812	0.506366802968809	0.587470004334757	0.575995103888769	0.456308901714442	0.327089825335069	0.668172770188931	0.486845663971281	0.54141446536095	0.347707947821943	0.197795984260259	0.44870877098299	0.425953559718375	0.398875208541288	0.438384893058471	0.500943600270904	0.392736688990031	0.542412955283717	0.549884267570487
0.137993334480626	0.367518638429615	0.144939325574809	0.180334027395139	0.105734265179835	0.15432742496948	0.0485911213750882	0.47516980791453	0.319851300351832	0.400717949401246	0.410660417386505	0.470917428344272	0.585084986575179	0.408698888581972	0.292777224931489	0.561961372285031	1	0.640454182205952	0.425415778572953	0.520391983758777	0.574935495655047	0.362674857402101	0.324969704053408	0.326116248816644	0.525415955385245	0.490038331200652	0.416613866919893	0.298092057003203	0.146954369237285	0.255807056972117	0.64345407539031	0.532862044432267	0.432540695038743	0.229854235044961	0.0966528196431683	0.259243904487392	0.130704649116347	0.33053904869947	0.0941154174339855	0.0336558763542011	0.3235868834024	0.549979525199264	0.364469539523098	0.265037533226286	0.491802042734389	0.353486551172058	0.5269447205197	0.165253228578607	0.10053515871926	0.453727208678346	0.292294834953881	0.329119096030422	0.417707395355729	0.165884897437602	0.0699836420128438	0.12733928339155	0.190012097958632	0.155198862709414	0.18189821922068	0.420636338784172	0.385757095178797	0.327013341437471	0.241072690869136	0.428366627661407	0.453882398371185	0.29401271737271	0.626403229687891	0.574167464547875	0.37037806950398	0.606768047215731	0.511268182656707	0.44811649096651	0.18609701515796	0.401460145233314	0.620409699598501	0.615428326449554	0.388729610255615	0.290844428292791	0.0870487533730629	0.620950964033615	0.534917825968302	0.693544032493807	0.426671886912906	0.54085764595523	0.522717325858758	0.357539538585359	0.176752288077491	0.329202554626457	0.575247088036847	0.445781873241295	0.149088515717875	0.0357204382008484	0.424109272165128	0.302397216544673	0.472564559197399	0.0958035676314544	0.337047451821042	0.306403593600182	0.403028299885516	0.672122810642113
0.0798409533494459	0.283621086376097	0.10470244534455	0.146381065158367	0.203991410540685	0.184757021271826	0.052261417126487	0.714613617710683	0.426264791519312	0.320817971641783	0.462336663402693	0.532337382191015	0.686045496948626	0.47995031975763	0.323646481428869	0.512147327320673	0.640454182205952	1	0.567258217338355	0.591126460017085	0.246992189817827	0.363782611015126	0.345874967811342	0.299160624143486	0.522254472858472	0.402835042945091	0.293594076231107	0.129794046960972	0.0758840532073123	0.0402698247363057	0.571736166771756	0.310055741492274	0.48334038261147	0.0952242581509142	-0.0311842726215064	0.188418792497831	0.103735550169796	0.0447219697940808	-0.074542276969185	-0.109564457826828	0.134833208181892	0.284913110149195	0.104022376646998	0.0255706244698882	0.285915629232022	0.28177115101845	0.258277784211166	0.120877940111264	0.203777539135215	0.190021182599405	0.328178714065609	0.419670294054727	0.384570989116536	0.150021366204455	0.118148856178356	0.185645534045712	0.257035811707623	0.315323807688044	0.30614509200071	0.473242986873179	0.471872247133693	0.368936279280647	0.262404963757978	0.354065965340936	0.451219835524444	0.136278149274072	0.569399748998316	0.658456305147132	0.505175390832941	0.54576419873471	0.466220260691668	0.458282305474064	0.157383381530048	0.362158087947467	0.61511891862875	0.510587520478873	0.143010163862224	0.239825909804266	0.0447315129157064	0.791201354368797	0.374362465141343	0.61254812404851	0.257946824265972	0.43438088189519	0.459466985219835	0.330063734873957	0.185858846285902	0.271250687532425	0.511046454880003	0.334069679528719	0.0263802621711294	-0.0421142015659388	0.208829271197231	0.26529683212312	0.238469040330887	0.0743979716341396	0.232571551585745	0.259787575231304	0.419838257605424	0.473977011195554
0.31251727567497	0.411389391640251	0.338372623454928	0.41577561075612	0.419201832169932	0.339007495306664	0.321236618219113	0.684771021445535	0.787123464751629	0.515608619914189	0.388700020465828	0.591160791737597	0.494844654206052	0.464048764165307	0.338999715891566	0.540314544827844	0.425415778572953	0.567258217338355	1	0.599005072530128	0.310558094177494	0.402552026160463	0.310767468748128	0.505128265306198	0.647755314836575	0.383545312842882	0.42699086138424	0.214488591823014	0.108437259938385	0.11022167635893	0.286644864527564	0.176636828391062	0.399063992954803	0.215637213135543	0.318359409585426	0.497567754323207	0.170456976541545	0.11127268971027	0.123641950842399	0.17078163109542	0.28164144103887	0.314153936298036	0.18980657104116	0.244803442089662	0.238861771421482	0.252154769123322	0.318362406078846	0.290536368417121	0.308042963283266	0.214446061801138	0.288236084427319	0.411688800450734	0.27230122510965	0.294634550580891	0.324772393921859	0.339329252039445	0.249176220634951	0.405888093829455	0.535830249548636	0.705785922318397	0.503848359150735	0.309008147924353	0.227222042260519	0.390607247416397	0.356607475876595	0.195865285038685	0.523922548327719	0.514455851347752	0.675040613311504	0.466140112489458	0.335013981906932	0.432991772491763	0.263534945383823	0.374113497665129	0.280946595654086	0.43260112860969	0.332114465577564	0.315679755807078	0.128307167189068	0.546223490274808	0.179066503596209	0.385528127016752	0.159820123887384	0.340348967880546	0.261538688324965	0.209020874591164	0.234729491863505	0.367429724601505	0.36203459064558	0.34889398861942	0.139395153765367	0.203469634701932	0.332361911930963	0.29924748139911	0.293829719280712	0.274807140234095	0.118583950924572	0.328115705882373	0.480685640324942	0.389570225927986
0.0991024769410338	0.368355007067029	0.130379088156761	0.198194421360677	0.195093421048418	0.296676416972396	0.16553370518631	0.623583485864422	0.554723408128404	0.473955310509286	0.499959733774162	0.549757754660551	0.52016271807187	0.325766588814018	0.385048700691496	0.405949660223509	0.520391983758777	0.591126460017085	0.599005072530128	1	0.452491224229117	0.525831928544665	0.37069228082169	0.352563387544155	0.680230418553186	0.461914273450777	0.462316551226641	0.153441214111727	0.183230618110779	0.0473747354655793	0.331305723627157	0.349135879585123	0.346473727735374	0.250724222682169	0.196785721130174	0.325752223323256	0.12134809251806	0.299040507760349	0.149541161342914	0.0568910363737254	0.29976638522653	0.486280998001856	0.301636309439841	0.387725060500614	0.364111959992434	0.327048527898448	0.316846114835668	0.310065853382646	0.109033035303328	0.399198447402051	0.213680685790728	0.348138607361009	0.212455945969667	0.233842252701714	0.222558608566913	0.209250051554074	0.207099501963562	0.295740938983602	0.413546534808519	0.534471749675155	0.49871024352388	0.361571855931507	0.216267356123876	0.3038469201378	0.298641903937242	0.211849640613431	0.39540332529299	0.56545812069597	0.504134854864661	0.484133076728978	0.40694032612183	0.477016138678965	0.089021143785657	0.533944940957032	0.359182834885743	0.35408505381909	0.422189207946469	0.249815934364871	0.201700324460352	0.509604070023379	0.228995692960499	0.415440623979505	0.21850083423538	0.282880906093236	0.318320093203519	0.135097567824629	0.194277254828976	0.258652996940766	0.352673033954032	0.314032452740594	0.129952590765955	0.12292354774842	0.384796849067563	0.236318658677448	0.279778433770828	0.252477862996973	0.213826983270514	0.38227811017427	0.408380782102104	0.448554155246543
0.0494869107014096	0.269434523503603	0.125158788716554	0.134251718036121	0.141209505152672	0.19810382265307	0.082591873230513	0.288223616806958	0.289921022280411	0.417444502347947	0.32516365396221	0.294457698041938	0.30692415882759	0.183714421973945	0.0766428156331347	0.415557341346062	0.574935495655047	0.246992189817827	0.310558094177494	0.452491224229117	1	0.381119111407219	0.223429762073488	0.396659347597565	0.397945204514361	0.410149541206168	0.34007813561089	0.223097549240847	0.14259902472836	0.079863774799087	0.499098915679082	0.523542674770394	0.181809783696242	0.421629622752281	0.22084460694464	0.322166101850345	0.268789188430302	0.555702498559019	0.347110329733322	0.126854341745418	0.313444334817823	0.515448631588835	0.517618340358912	0.448313196984205	0.503242464010156	0.368896899533703	0.568308125139902	0.245681046128331	0.212827743889349	0.664353823450033	0.315323118651911	0.242006876413188	0.253084353438723	0.26295503334969	0.23807808269378	0.145382948430638	0.14543443473843	0.114261302624546	0.242331188342468	0.3412843684126	0.203225390098826	0.18590961117502	0.0440962849672671	0.234375056486464	0.276057456672705	0.474574670375615	0.44236539177717	0.314380154474586	0.209201450334107	0.478591949290457	0.287619742782187	0.408564475632644	0.148503314173247	0.428652724451796	0.202989912002586	0.440532172610514	0.431886559531695	0.133974881908506	0.195590681836175	0.314720440117243	0.446333761795283	0.4744404389882	0.414531150687642	0.51888048998915	0.483466640318067	0.308129272785031	0.325204216454687	0.451575237159288	0.642773148835634	0.465217564930142	0.352895729771911	0.13645825176516	0.562161550201291	0.385467313787035	0.61240839879971	0.276381800910631	0.348157796658017	0.280847275704603	0.340070530505905	0.562135898565261
0.142093507091302	0.394697702425332	0.244076486806663	0.411993376677413	0.436218841826652	0.618108499309834	0.368402587463021	0.530487785414313	0.44227027098084	0.622724211331123	0.574660295500159	0.636150324298858	0.404520058954925	0.44453943896387	0.401109120714288	0.439147584336751	0.362674857402101	0.363782611015126	0.402552026160463	0.525831928544665	0.381119111407219	1	0.592020129923347	0.369108832094182	0.462603842719531	0.432094046209921	0.251045230998573	0.21193699584907	0.0191994545106334	0.111062531931125	0.228980535841919	0.242110615409192	0.315275585083003	0.272603249222674	0.429688821026655	0.355107158754998	0.0998124559949531	0.101717274202131	0.30235702407791	0.0207386690434018	0.194157496633456	0.225756407275712	0.160841512682713	0.288582853918984	0.223444918879968	0.499697885433366	0.42246965340062	0.536703839216222	0.404699400216986	0.256811530717374	0.300890313330945	0.344707189550856	0.303101438826608	0.539916019399183	0.513628058806948	0.377489649411143	0.4850342739909	0.402260255541688	0.440027278496745	0.460231600043	0.604069500498326	0.558092325363848	0.302269665232407	0.377961945346524	0.144756611322788	0.198103246705562	0.348161657792484	0.591539966857588	0.479714046814011	0.456543322395532	0.338306494138993	0.659916197563453	0.356062471516611	0.332859039007	0.288163064277959	0.300800777337025	0.246396157523979	0.155649893627264	0.063225251560779	0.39255013851479	0.240484786931399	0.408415054795485	0.105109403319683	0.21290076366928	0.300031383534692	0.100970867047556	0.224484576782309	0.397732157062139	0.43470226860725	0.270004901865684	0.252346549900098	0.131854094659882	0.317062528489194	0.280171443391912	0.254885107139719	0.439584887323128	0.274052301570102	0.420509010202628	0.33090116126455	0.529631757246105
