1	0.743930036025393	0.552977454274499	0.584038245650645	0.686881542075638	0.601840353856308	0.56700911149662	0.226154720587387	0.397507626659516	0.299970743157368	0.114568830867185	0.339038334506591	0.162206264119885	0.606158952546267	0.567892992971096	0.634480993650807	0.282150485502552	0.226717399316092	0.556340564244277	0.277254609676206	0.259777714092464	0.336437355537069	0.0908995506300559	0.107198586664594	0.373449624770481	0.187465357978231	0.406037922363212	-0.0310670941359863	0.33923510673453	0.408488221782896	0.475269920852365	0.0482395084864286	0.151173900774531	-0.185695860809236	0.563405049213764	0.474352875930573	0.0673954178667619	0.301895343370701	0.0889952126737237	0.080520944935334	0.29547137012521	0.138692568629402	0.447964046995704	0.271254249084374	0.0789433835143891	0.153174760349456	0.192317693587576	0.437422080090149	0.254246121534734	0.404205282597487	0.654908773401628	0.600971306338979	0.37638147332371	0.456313126830228	0.460981276963702	0.50967004022151	-0.00807789911232886	0.0334811256455463	0.0385461157247808	0.293462720367342	0.298122268170394	0.146530898896455	0.457104389346039	0.269477365309155	0.543136641425296	0.405749176010115	0.60813510095563	0.00963242014467447	0.571327816261003	0.140151621908195	0.26236595688153	0.264936162008562	0.0911536771769191	0.431667537183424	0.0929475699007812	0.24869228494572	0.558388952371217	0.0804524003854083	0.240306470167801	0.186354808200381	0.131089168433989	0.0485036863267965	0.325881916451611	0.339768508310191	0.236281414100801	0.19290009587638	-0.0118846445720432	0.414214159316026	0.117538778091222	0.236743622195856	0.208097109916956	0.121720596469044	0.238663124904106	0.274474835922301	0.299267170447414	0.351918797759391	0.391574708723668	0.219575245222697	0.500328851675107	0.465866778644784
0.743930036025393	1	0.531479730933997	0.490112173810013	0.627559745212882	0.523536157969359	0.44563621026223	0.294805681905451	0.399550950071308	0.354946740916101	0.119331357651618	0.325083192961285	0.0299431821396319	0.535477702394495	0.585944345404657	0.569127996920891	0.237515577881379	0.137747245585512	0.558242267282252	0.259634922811318	0.122617170114785	0.432051709682083	0.217299253054556	-0.0547034231630389	0.379156050545225	0.212053248158943	0.360398660366492	0.176298544166767	0.318966613355524	0.34218536388116	0.367917219449035	0.0555265919271934	0.131945011278078	-0.161664384171402	0.514310591161759	0.454917583611446	0.0198151870190737	0.210378812603599	-0.0994726597738659	0.0946266532734713	0.355525665539283	0.12733342659918	0.326244091507439	0.269635185850165	-0.0316198916281891	0.236652312719798	0.213172146681192	0.355623446751276	0.232183981815452	0.464598877552328	0.564745719489844	0.481165907746212	0.408026478576937	0.317361420547382	0.345879145359294	0.457735586696701	0.0301341829387987	0.0668105913112563	0.0206197235852705	0.214378289137274	0.390488690164136	0.12838692494135	0.360792550613279	0.067850332883649	0.559088871515285	0.365795963271557	0.510535825575776	-0.0541533877797802	0.444504231379316	0.127049567405683	0.207566263788204	0.324819043796353	0.0555827236761687	0.489533727348749	0.0874250399860403	0.161588474113949	0.570858492958043	0.11107932799345	0.226087428500214	0.130913384137607	0.0669531049604023	-0.111609657691679	0.302335190447632	0.268404407885722	0.192743296281417	0.26688094198312	0.078102750058816	0.290326738312876	0.0573308475148399	0.174787586513026	0.036998287603682	0.124747761656317	0.225333656182884	0.429516338645385	0.280278087635462	0.33362309787548	0.258134233867383	0.225797119461465	0.487211465738258	0.419469588924103
0.552977454274499	0.531479730933997	1	0.551192670911096	0.545773329784602	0.512778516927474	0.568567977060878	0.167953083841641	0.273118306263828	0.252536107506299	0.194913305050324	0.246346776531375	0.189652642532032	0.164558009484041	0.301300292696018	0.381805744247191	0.0617093975646205	0.101292274577104	0.270790660848527	0.1460735476111	0.0406709148214596	0.217601983117268	-0.0219147772848185	0.16060585136811	0.164942051462773	0.0956024616482739	0.209914374840243	0.0104584762980707	-0.110871432090135	0.182367244654091	0.064752978947159	-0.00175126721274122	0.218375363817713	-0.223989968860929	0.552995703215141	0.375982058296681	-0.0569235446154393	0.137124814886336	0.11835374462156	-0.22823364479327	-0.00330746821064813	0.0853032761403665	0.00829028073964852	-0.0826352365512594	0.0221762928544439	0.0921742625379347	-0.0448901877504616	0.308998341272597	0.0789552885162817	0.0921678863207536	0.559177720123294	0.738241735873784	0.451261037382096	0.629418497297074	0.308789174682106	0.539787953552579	-0.0297918686484951	-0.142174124502992	-0.190123285326715	0.115710130201793	0.232015606832058	-0.0558377684980155	0.245225903060936	0.0350490021707393	0.32226382216259	0.0707226845816517	0.283052755136096	-0.229654768501114	0.265136011100823	-0.154774113784547	0.0927084740952762	-0.0856451008715363	0.0085359752143833	0.181672524315427	-0.293702549540706	-0.184008917903809	0.0763685211687146	-0.232543039346415	-0.0991276819848448	-0.202682543791225	-0.19460906799599	-0.156499341385283	0.12611981047924	-0.0717890937622415	-0.18292342942285	-0.128133508805325	-0.0750880891085412	0.196764283590397	-0.105861014159665	-0.166332584275514	0.188936024080932	-0.232910861940824	-0.211943530968938	-0.0473019669225753	-0.05132087389846	0.228491944587729	0.297456774934072	0.19130074404262	0.216472194764655	0.177472955143225
0.584038245650645	0.490112173810013	0.551192670911095	1	0.496036675180738	0.686933200015227	0.819630250655039	0.158253823756948	0.368802107204963	0.196325513830725	0.0502462007282586	0.188705507207098	0.0953492353818478	0.287094814305166	0.421300271777503	0.471342131397364	0.124863888581899	0.0538056110220441	0.24957334111455	0.0127223543788834	0.157248989192957	0.172631852353817	-0.193887429919241	0.274785249014558	0.17904864920836	0.0910551245692925	0.157545518987496	-0.0481391136740586	0.0826492092650166	0.165275502457356	0.331470020825898	-0.205808779683143	-0.0112774482318992	-0.12239517465184	0.591877494386054	0.208598269555503	-0.150269948534156	0.095226209811083	0.291159298139087	0.0230344277896908	0.0689107873606628	-0.0675667436018376	0.39967140884458	-0.0203624439670128	-0.120949812718434	0.083361151684438	-0.0218575794234233	0.568386736152479	0.19374893646823	0.210273871315517	0.458547213797992	0.527865289063993	0.543643833370389	0.642331852169475	0.543836127018714	0.687794185888049	-0.0918160358930568	-0.00391076652043595	0.0840605653797892	0.26378443622406	0.294768933290802	-0.0224597789988485	0.190298026701812	0.200316605462167	0.207736897524316	0.355627412334474	0.378413289294658	-0.0484510212008322	0.387033242057074	0.0182363332786084	0.199515967977775	0.190424148793103	0.166215731485137	0.242119725786927	-0.0342748326200345	0.0809694644761697	0.200714169522028	-0.0626429477489663	0.0678357380079955	0.0558518165228799	-0.0624909671407187	0.081041463263306	0.0248304582634527	0.10470769901135	0.0113121212516508	0.000833854608710331	0.0217470595476705	0.412731942230803	0.265666631429332	-0.0603196501824073	0.335445586652021	0.0448585709872354	0.0176160478271519	0.0262210009023344	0.238488149731415	0.423553327871371	0.240107503425864	0.0248674383272913	0.236532862560564	0.278444898689888
0.686881542075638	0.627559745212882	0.545773329784602	0.496036675180738	1	0.742491375456874	0.592934848973507	0.331264671348359	0.375081404908836	0.320968391789318	0.185233303197271	0.315709018028181	0.201082524375805	0.480925103040676	0.47445651373813	0.578103747358484	0.132845361045976	0.180583682078225	0.415140385420855	0.276425141962242	0.111964204525436	0.456700265609139	0.143858573741243	0.113544205517168	0.418204486418637	0.245047732615124	0.406178597391578	-0.114492152140209	0.27300527680366	0.265839698568152	0.325715321508472	0.0332289197322293	0.0921973078504673	-0.0288564495262287	0.552400955553441	0.516562767058301	-0.0760158987669262	0.150802178538275	0.0294616597444211	0.0138372532909262	0.28244922926221	0.191679340279437	0.253473803443238	0.0199582352637273	0.0132587625109046	0.222339100012299	0.212608885010618	0.527012143969915	0.378384044239299	0.298040657170263	0.683122125675225	0.570381200316577	0.432038617318716	0.550204338537184	0.554940100620567	0.54006202146735	0.0210099518171657	0.0517163306083865	-0.0201150254552154	0.249717149856173	0.279828760437008	0.0954858866419737	0.327507295289945	0.0957551032057799	0.565460390014685	0.293857226758558	0.572296227176089	-0.109816520180103	0.47949977098817	0.0539668533532986	0.268348848171378	0.246641134909491	0.0305889054103291	0.377847576511845	-0.0282115246185829	-0.022196779377439	0.389087581737119	0.0663804577050554	0.234078693211195	0.116709886208742	0.150338789901151	-0.073981513489169	0.316558881763541	0.258470948670018	0.151815040075557	0.116373294845781	-0.10634207697798	0.374258955247682	-0.00106983104131052	0.103540459107131	0.18578913446668	0.0621785735446023	0.0116799615985104	0.353808100953687	0.19639975272462	0.531122277657021	0.402148233772973	0.379853312831198	0.363193272223103	0.320554136997178
0.601840353856308	0.523536157969359	0.512778516927474	0.686933200015228	0.742491375456874	1	0.834338817127003	0.277341307008561	0.396160397646679	0.168756638883088	0.0198369313817347	0.23849754715848	0.185054943939894	0.294119592202396	0.370296438641386	0.504310700783919	0.114065767409475	0.040362547259316	0.313793999714384	0.204463161370268	0.0109442224167832	0.319598898614064	-0.00686055908661777	0.195119375222452	0.342710203286061	0.0531937509484722	0.252812700215177	-0.16250240256689	0.149487343107823	0.231554816525907	0.271542106144877	-0.116918138963186	0.016506892673671	-0.0188092072873685	0.616753080096158	0.404235278386559	-0.0892270848067762	0.127049733668081	0.0855235686702574	0.0450163619208746	0.189434973513222	-0.0245854930358744	0.2651526536302	-0.0315578675889357	-0.0673105640177425	0.12645751796229	0.0931303387761326	0.710086268209178	0.193225493587042	0.136203613353414	0.536701834522875	0.531263382240534	0.460170464719695	0.767577177353029	0.66099567950453	0.726359686830782	0.0278601717093926	0.10000472521245	0.0880402614661203	0.262535180774195	0.276914991990187	0.0368803796894377	0.237859533040122	0.103222891154068	0.359564823606589	0.240906280744266	0.473877164034699	-0.0429833936000513	0.430525571537502	0.0636578643565862	0.253870292544748	0.325583134042304	0.145852893637282	0.339227062814259	-0.0939867886393689	-0.00760262170350095	0.286908244839652	-0.0390044429113278	0.108917567879276	0.0543430790558862	0.0857092500259188	-0.10247847383889	0.118812091275301	0.167597576941999	-0.0229873007377389	0.0133063627442328	-0.00486227024666724	0.407859945319094	0.0864620099585003	-0.0268374927436399	0.18491690884606	0.0691102246852923	0.0374094628001328	0.243919712510151	0.315366227806746	0.523966437923128	0.368657573213191	0.160953991936786	0.195720951405067	0.294836643984366
0.567009111496619	0.44563621026223	0.568567977060878	0.819630250655039	0.592934848973507	0.834338817127003	1	0.248181990183681	0.486411189315565	0.168039653035585	0.0383146123081856	0.254994503118757	0.261847102958225	0.212844041139311	0.304005148004298	0.51001324496506	0.152838236600423	0.0223262405218428	0.3075074533965	0.188480268241645	0.100721945479342	0.248414451430017	-0.0284537180161793	0.313831332108373	0.274043756089196	0.146550256168251	0.235168618399144	-0.199549598763874	0.0750477570702709	0.201431315915038	0.286630216228333	-0.0742438311939248	0.10858733827356	-0.0943263762103807	0.706813033679587	0.386399181546381	-0.0634953564481261	0.183649276559054	0.21105155404766	-0.00704708005145527	0.147876289257792	-0.0487441723061984	0.294473925686573	0.0280684502856214	-0.0047386749992258	0.0790772229187703	0.0541302459829359	0.686481258243821	0.242989960261634	0.104967058186965	0.53646319925251	0.533595844537218	0.457978119235483	0.795052974424237	0.619827118788604	0.811088807815674	0.0636667769669681	0.0802531694778089	0.0594095063780204	0.301389711658908	0.263373888660766	0.0990722768078592	0.161774843291657	0.219496644368527	0.271978317924934	0.218334556043461	0.417061999401113	-0.0196471810075224	0.448023835842471	0.102661399792467	0.263781338029667	0.24360029343848	0.14366459833469	0.246950707485777	-0.101135651321651	0.0522399253819431	0.258116442137421	-0.13337721552012	0.0176375937706838	0.038815998022691	0.0464723248580824	0.046900351032919	-0.078660978852671	0.120998750127568	0.0369290540589034	-0.0619094833814688	-0.0214799850502512	0.454541716622966	0.139411299457653	-0.0394999322555195	0.262791449877991	-0.0154039733824579	0.0361333027836471	0.0686379096089623	0.336656950303122	0.447355016811098	0.330777766845093	0.0440650272034496	0.0892763255696049	0.254978863551286
0.226154720587387	0.294805681905451	0.167953083841641	0.158253823756948	0.331264671348359	0.277341307008561	0.248181990183681	1	0.57702460025521	0.133330024240061	0.0721780996484917	0.349239267593138	0.452434396847627	0.295911620363448	0.350782842896408	0.208162286442741	0.494055707879852	0.51691908100044	0.234989052312597	0.69223884212782	0.320624315032509	0.330673663857666	0.165737816329107	0.142228115765602	0.655661406155694	0.277603208784824	0.489665295007984	0.0312281243486286	0.0363071283012984	0.0446940920204906	0.289004956330782	0.241718376144328	0.498600736414072	-0.12321539519963	0.312731175712621	0.219937126968151	-0.0107428660710784	0.37026538392298	-0.118911867042035	0.00504755407156067	0.230667447381546	-0.037216247316085	0.0630669894394942	0.238539198466084	0.244104257311198	0.0374238999931462	0.249401986598947	0.272251803923115	0.198384945005707	0.0872681116650187	0.304439149439667	0.147702819219375	0.244034284984604	0.113228654522857	0.168521087498034	0.192224492606527	0.345646563584693	0.464562972294866	0.293342770098325	0.468748576050828	0.246948830022847	0.27306492985513	0.246670978753605	0.318394763285407	0.299772842091548	0.13711007013284	0.257772686479176	0.101525404277016	0.151168720723273	0.573666911507303	0.246890543724516	0.11644433976572	0.143941733802596	0.57146458877403	0.0234974029063031	0.0521466629870114	0.401807831149496	-0.247468272771033	0.0957542650211459	0.203259158781304	0.205240278920311	0.144832781872456	0.0174030227893065	0.0411562968062537	0.209566742761723	0.0897731440316372	-0.00477258450818561	-0.0490185257576511	-0.164663583019422	0.384581617828895	-0.132943726652185	-0.0390362322995075	0.193460874709177	0.28885684248968	0.0384690848356414	0.0676233818159012	0.149672117175804	0.0401511920257661	0.190627371997671	0.156781859682063
0.397507626659516	0.399550950071308	0.273118306263828	0.368802107204963	0.375081404908836	0.396160397646679	0.486411189315565	0.57702460025521	1	0.231037817586373	0.0980857302730377	0.386590274182699	0.287813283886825	0.452542270571595	0.393913950478125	0.484848046814827	0.326014093773368	0.331183031036997	0.573219140639512	0.54123343030099	0.288733474046828	0.336090877583114	0.139158171829749	0.37473135727361	0.658398153668657	0.112453407664474	0.483122566247146	-0.0314511992168703	0.280564187694166	0.312728715047639	0.375441663298019	0.0922114429637179	0.20538937693333	0.0311165893755097	0.557979890529366	0.420367576891147	-0.0609699809600878	0.276595340340231	0.0752720555390927	0.209068066592004	0.362488176592095	0.0575869201661003	0.309653810215599	0.187601028605412	0.0205450620373372	-0.0143475624991994	0.258335892872041	0.455814592185528	0.270737465032299	0.319746123771768	0.3393419657664	0.292516377213187	0.314925944686287	0.216613870697378	0.265051669947271	0.415741059969675	0.312275454762949	0.446641031351318	0.434008395347465	0.758729057495576	0.42390899615108	0.419257958707387	0.407499584791166	0.334655769027997	0.441632311923644	0.45993301396761	0.519782940033114	0.0651370519695208	0.553785339441594	0.502127237637725	0.430323591972	0.182581054302381	0.287721595471094	0.600115207207939	0.0860789137021895	0.217405376164351	0.565264579106165	-0.0963844187575551	0.190197851933824	0.300412783183264	0.164046035604609	0.153863304301496	-0.048978483923366	0.2410648524084	0.245836549014725	0.132051874442993	-0.0201029495134286	0.235334610027461	0.153372389448461	0.256984953266835	0.0835453622294401	0.183060295956802	0.240687178585738	0.231811953330142	0.176765948959358	0.256849957047205	0.146144680949127	0.112199411981658	0.294386055387593	0.376193520441543
0.299970743157368	0.354946740916101	0.252536107506299	0.196325513830725	0.320968391789318	0.168756638883088	0.168039653035585	0.133330024240061	0.231037817586373	1	0.487991924228462	0.662647718019316	0.175722776919301	0.183306556857146	0.457534622693376	0.105810957008958	0.165450898423802	0.19035999405345	0.147995686968386	0.142863493771219	0.288365005176664	0.422162292535767	0.378400103751159	0.0929388172901241	0.327366986549984	0.206496106709963	0.430588269141898	-0.203027544210239	0.0935545444971103	0.202546422446637	0.0532962044596856	0.0674464234392356	0.0545114680453037	-0.00223362464368157	0.28737564355234	0.265380816071855	-0.0591175324965409	0.116370204828271	0.150258627136354	0.232253959461223	0.187150063099444	0.461475801694348	0.0680184223351617	0.105637663637983	0.0154960279852593	0.32141515867421	0.201150588326818	0.376417690545699	0.351715576873332	0.381228999868127	0.303353207073388	0.39877479250091	0.201399878096443	0.114332311236451	0.193032053617348	0.264625244716537	0.0800700008500738	0.088046686901537	0.115379647647258	0.270481366266261	0.606231803983938	0.314146964154296	0.463882689718934	0.280925904305218	0.20118416421697	0.472096745794043	0.245027573967272	-0.0206540982390667	0.275932651558738	0.159936089428987	0.281350266752023	0.0974966261429325	0.0181354143002939	0.221059874189048	-0.033807730602479	-0.0366009822519976	0.264118686207116	-0.122930622360382	0.142179675612789	-0.0310228952051003	0.112009197160546	0.224569348367806	0.222919034054241	-0.070871151044947	0.198470586956775	0.200774373952303	-0.158799547580879	-0.056187944392009	0.109389642352448	0.16128467010828	0.10860198893704	0.237524516455323	0.108119722265704	0.187655859036365	0.144014696712402	0.417117909237258	0.0207170118791314	0.135753536023424	0.423379712921243	0.518407417319548
0.114568830867185	0.119331357651618	0.194913305050324	0.0502462007282586	0.185233303197271	0.0198369313817347	0.0383146123081856	0.0721780996484917	0.0980857302730377	0.487991924228462	1	0.429561235862802	0.173807647894342	-0.000551076780605875	0.160794365115554	-0.0227200559677525	0.132436434234275	0.201899119515035	0.0690886994701684	0.107685132512924	0.0515783594991569	0.289715153575008	0.287018676054508	-0.150032986894917	0.21414246260813	0.153626381867963	0.251667679397786	-0.171131526657722	0.112904839339391	0.0710047235748691	0.00177744949266456	0.0360381795410778	0.0336897677564826	-0.00530082615537665	0.129153874913305	0.13546974217665	-0.13523713758303	0.077376525902052	0.0874534847258881	0.146098248708196	-0.0475637927452441	0.271374634722795	-0.0634844954152017	-0.0127447283669428	-0.0270657712088929	0.0514338255997151	-0.0464022934900266	0.0997920950750908	0.112700257273734	0.00887820955338773	0.155343501965865	0.284838157024885	0.119303795071695	0.100853846971187	0.22789947164428	0.132605190808184	-0.0281228514053913	0.00963116852513776	0.0715504465533251	0.151023730930706	0.351839508465424	0.0768544100248953	0.323638699348917	0.100142187966863	0.136943974391201	0.275588907590798	0.0977412199740824	-0.0188851056630418	0.0824790787375731	0.00140575050849565	0.140536457230323	0.0247614581445387	0.0374111509696349	0.143657630461758	-0.00812844191300536	-0.0718480046038806	0.015667756437794	-0.0225384391523456	0.140574522908178	0.0187843076611333	0.012408326559634	0.0580088637265922	0.155471338160145	-0.0555224685300367	0.0765741697541716	-0.0205824244966757	-0.0860532184508335	-0.0508424230776294	0.0241319300955154	0.0724999409949856	0.176647002108797	0.133696380575577	0.0405309982409943	0.0883626913195006	-0.124463269747017	0.219815039130063	0.0774421402383411	0.203028359479889	0.252248480219396	0.130047919074585
0.339038334506591	0.325083192961285	0.246346776531375	0.188705507207098	0.315709018028181	0.23849754715848	0.254994503118757	0.349239267593138	0.386590274182699	0.662647718019316	0.429561235862802	1	0.220802503154003	0.162272204918264	0.462896432636517	0.163260653555029	0.254202434852	0.348370607066401	0.206822168721766	0.31128878328746	0.308019939106485	0.287630975190776	0.306272316869383	0.136025668795038	0.369587881181976	0.217238221126964	0.410469922039665	-0.163980615726329	0.174327632967466	0.283393690014537	0.155301440846192	0.0671475084741324	0.114918526568446	0.0619384816494782	0.300581166857811	0.137559103047524	-0.060098237478168	0.228734361807282	0.10268415947917	0.299879562039868	0.250764314992603	0.254291773067613	0.274052645114787	0.193510453709187	0.11863671938333	0.184527411356996	0.242393946689155	0.286234077111798	0.299670151432566	0.190554869254838	0.266049224784289	0.286883686076293	0.0729983717862944	0.152481624549447	0.279309319456053	0.29237690133965	0.200896162174531	0.271810095544291	0.258261711061954	0.393499501573736	0.531683818646366	0.311089263276226	0.379175356162494	0.306830543717132	0.181220255215764	0.381424821175473	0.248462624734866	0.133153144893645	0.238186268914112	0.239854475969819	0.343528152884743	0.0201915974143979	0.117975138728641	0.380302210089099	0.125109868747721	0.0276995147728036	0.40037445797558	-0.0278840059721121	0.268825233311038	0.17394152986321	0.150087393076958	0.0929049070218629	0.230640910494048	0.0964332449179296	0.197828265752872	0.153266143877263	-0.104108979205854	0.00650555710867077	0.137754987204288	0.264298539607254	0.113116878613469	0.340191166377428	0.332741790783407	0.238180591088815	0.142723229252889	0.311600840061394	0.102778970095678	0.238368018242548	0.391903155631027	0.512940969445712
0.162206264119885	0.0299431821396319	0.189652642532032	0.0953492353818478	0.201082524375805	0.185054943939894	0.261847102958225	0.452434396847627	0.287813283886825	0.175722776919301	0.173807647894342	0.220802503154003	1	0.144247484458999	0.140672016910009	0.147319438030436	0.569488102350539	0.443027625134704	0.0636182374822249	0.374060178538275	0.214826205279175	0.277639804450221	0.132081361515196	0.0949594038955293	0.345464329812147	0.29199614926249	0.32871736277348	-0.194919269614728	-0.180733261523613	-0.132646616739296	0.193552466712115	0.338103034276156	0.609768453470223	-0.227152134146372	0.32220340783796	0.252310691716774	-0.0538302194864157	0.339210672682876	-0.0385996956527501	-0.159993191635158	-0.074176489304042	0.0048104315125513	-0.042287135281019	0.163660014377941	0.192410245420561	0.0739400497249418	0.0958526768859374	0.141088654010313	0.176811889318598	-0.0341623167246484	0.24747359937216	0.177476509905319	0.188454751394719	0.211612804783758	0.100244529677177	0.227079104756836	0.0316101546457482	0.130496109101638	-0.0195426211474351	0.221269706084878	-0.00169498670789965	0.302488021614584	0.257000514411742	0.247531886360766	0.0634989659759666	-0.0461313594452257	0.144156718436325	-0.12776517311438	-0.0275598429035563	0.0879465379040659	0.055507672244666	0.0559531235273614	-0.076081323856686	0.0497695058056214	-0.226516915963574	-0.091028176385382	0.0950769083586722	-0.479528110711592	-0.268634288722254	-0.0589786541330898	0.0874291761432271	0.271883362193253	-0.101937993109617	-0.0932336417247114	0.080795648105645	-0.111067120315524	-0.105835986428542	-0.0712973386852962	-0.295282207863298	0.043357810264073	-0.101280300483728	-0.228164344459861	0.0284010217543962	-0.00120154609143214	0.0558774006947691	0.0236808136206832	-0.04564278930119	-0.154392887455858	-0.0268669496676263	0.0245146534783905
0.606158952546267	0.535477702394495	0.164558009484041	0.287094814305166	0.480925103040676	0.294119592202396	0.212844041139311	0.295911620363448	0.452542270571595	0.183306556857146	-0.000551076780605875	0.162272204918264	0.144247484458999	1	0.639795244590284	0.582491882216531	0.163216341421184	0.161188872302505	0.511565222975162	0.408751884560219	0.15423574293472	0.487028626111271	0.271698782965542	0.103875528832883	0.535531605069068	0.202623954239602	0.465861512226879	0.11921530340157	0.502256415001832	0.463286223023029	0.450630041827154	0.110183430798013	0.227769282904728	-0.0650679159752499	0.413790546115884	0.410591227294406	0.0610032955763305	0.308259601278748	0.0474484637259584	0.341789591112828	0.363404380177085	0.190435629095428	0.423604342899096	0.253883086311308	0.0839108055938957	0.212158388800967	0.331155830789176	0.31106996854798	0.466218865873947	0.522546467563679	0.443584824118339	0.238715388182114	0.287599681622207	0.0645092900878547	0.20039538032669	0.164197753018736	0.0389233650851418	0.173672744574118	0.119046185118998	0.33083805956675	0.179865365208019	0.148105251865704	0.236093415588576	0.0714717146837868	0.67199282520309	0.415698670447562	0.664676971186202	-0.0402288458244292	0.488580946359889	0.344053278580724	0.0935114684829242	0.32782835580436	0.0670669262770388	0.530277264076854	0.136940494177884	0.362611243042529	0.540827105231412	0.191424903539988	0.353936598707161	0.314203302196165	0.277193678107392	-0.00346564122516185	0.322969570993212	0.41483629820204	0.497308062180084	0.364940435040637	0.0331164327358208	0.290847787114698	0.0409539420706958	0.359046841086776	0.0858647487509238	0.289670756619518	0.306030172010262	0.326393355513215	0.268388184551479	0.358165178581402	0.32318248615712	0.257459791409048	0.439918453164315	0.397885115340272
0.567892992971097	0.585944345404657	0.301300292696018	0.421300271777503	0.47445651373813	0.370296438641386	0.304005148004298	0.350782842896408	0.393913950478125	0.457534622693376	0.160794365115554	0.462896432636517	0.140672016910009	0.639795244590284	1	0.483072846184665	0.191545735264912	0.322395229975621	0.437021485201434	0.24570752666383	0.187043069037406	0.417645045171888	0.242333541529376	0.235106595391043	0.367648252707277	0.197663897313792	0.405146908610871	0.0803073928259865	0.289827077065625	0.379604285908699	0.506462112082582	-0.053211045273842	0.135303074728499	0.0211784846354462	0.475760360812044	0.299814189773667	-0.111508677016543	0.179374630272191	0.105523722326056	0.309427652257726	0.269121329542212	0.194599503361401	0.474467853727754	0.117430043072074	-0.0316459315301691	0.163913339606932	0.272612677366785	0.39134596106313	0.3513690170838	0.53601196496616	0.479300430018078	0.442323760726262	0.4093040522935	0.139624359066278	0.322681901441346	0.341730412558358	0.127198232104706	0.243680662079644	0.322995450097961	0.414319757401641	0.424900102666557	0.0465248383417212	0.281496173540591	0.246189098333663	0.538242462582103	0.467104647443862	0.495729003377435	0.162377288185803	0.438667674625291	0.365584437504774	0.334853080389879	0.230934310342094	0.254255056230452	0.428044563882608	0.18610734674956	0.200656687986292	0.45195666541369	0.177031998776455	0.256300000477185	0.320711978957176	0.216049569074824	0.0938980729631798	0.239277150450835	0.289728228900433	0.409184318554749	0.297899030266984	0.0849018532587891	0.247070540009562	0.16882863046083	0.284568084026414	0.163365744395665	0.297925282213895	0.149496963727037	0.319334395958932	0.239815014668826	0.485594838790715	0.23007174124151	0.190646946509214	0.500933346363581	0.527864634132234
0.634480993650807	0.569127996920891	0.381805744247192	0.471342131397364	0.578103747358484	0.504310700783919	0.51001324496506	0.208162286442741	0.484848046814827	0.105810957008958	-0.0227200559677525	0.163260653555029	0.147319438030436	0.582491882216531	0.483072846184665	1	0.0232258160150641	0.0950815921829948	0.728771898250239	0.30055630325801	0.0863955642816545	0.387785539302106	0.0398596953985087	0.29173115872975	0.274273151094224	0.175361279475924	0.33329824259933	-0.031082852289219	0.393573252066122	0.400582532404034	0.64052933591803	0.155324587103541	0.211187369831768	0.0286787539475288	0.672017512888244	0.621316603700816	-0.0082796406711581	0.332059150251247	0.100557193323273	0.135922389199932	0.302172046380585	0.0535238104655483	0.573508844270387	0.225712277523141	0.118666061313534	0.0644516673057927	0.292222957303337	0.409524104192553	0.262421502058581	0.342167701846958	0.55777248928936	0.37618682164379	0.37308551218886	0.323877732177118	0.287038473090036	0.401312929605225	-0.0081606852881479	0.00223342393703707	0.0581397248626421	0.346769317729483	0.116158511371351	0.101094111764997	0.194499492553932	0.0649037666263227	0.558543979770704	0.279460657595777	0.821175552466776	-0.135113473666442	0.69892357068587	0.112011463879341	0.123760953603589	0.26714705150839	0.0270798361723702	0.258850011516611	0.0449244973942683	0.104917262474467	0.526555654647699	0.148078398729144	0.223496468264758	0.33110282230851	0.314505395409912	0.0855626230780081	0.216072303963483	0.535354871158573	0.259492684355996	0.156819115737545	-0.00499344902086731	0.567041543323181	0.0399584785307423	0.172754565359066	0.12780472182406	0.173497335139334	0.110477518064831	0.219063257640644	0.343856548751381	0.328722808215532	0.319540064906992	0.147013172644514	0.239178151907685	0.234431243311148
0.282150485502552	0.237515577881379	0.0617093975646205	0.124863888581899	0.132845361045976	0.114065767409475	0.152838236600423	0.494055707879853	0.326014093773368	0.165450898423802	0.132436434234275	0.254202434852	0.569488102350539	0.163216341421184	0.191545735264912	0.0232258160150641	1	0.582463028072044	0.161445031033128	0.347682982055369	0.588367388469217	0.188909370880389	0.170607556085	0.127360885675153	0.308897202886736	0.407514960778589	0.376118680462218	-0.172759405842367	-0.063087463678454	-0.115809352465668	0.326703441014443	0.3192660338392	0.454642056146078	-0.284546844809367	0.199274674336976	0.0794211899975335	0.207942197794442	0.420485728219481	-0.00670993560154047	-0.0683187010571752	0.0855608566960235	0.00912126169720751	0.16367124703379	0.35343782932318	0.140044483127572	0.0979448783915142	0.227239981526803	0.0760204090707591	0.21367657076733	0.159500325839904	0.135031021991217	0.088193133551617	0.0249439085382084	0.0502091841099838	0.0459805347823175	0.132468602640464	0.014150961741305	0.207118537910074	0.102139426092639	0.198729643801121	0.116222489493929	0.280196475594777	0.32257071604381	0.349398617543091	0.0811861976130026	0.193981599790736	0.102531671986644	0.156361213669031	-0.000502243522582249	0.215312937777438	0.270369284830238	0.169101441765424	0.0249920167219154	0.282034036130171	0.19636775899823	0.281952556900781	0.327053124755344	-0.259631232131616	-0.096057548292851	0.138829056677046	0.135067311841151	0.376169059505463	0.138245482391378	0.0710950346697756	0.20532898435867	0.267079098802057	0.0808402745109648	0.00860141363366259	0.0427735889321874	0.348949226670705	-0.0099989123848931	-0.0921409856561659	0.344983667320166	0.292258829585941	0.207242774119806	-0.0171716237643215	-0.0115141832178435	-0.00661412651967365	0.242749343267673	0.197914688191736
0.226717399316092	0.137747245585512	0.101292274577104	0.0538056110220441	0.180583682078225	0.040362547259316	0.0223262405218428	0.51691908100044	0.331183031036997	0.19035999405345	0.201899119515035	0.3483706070664	0.443027625134704	0.161188872302505	0.322395229975621	0.0950815921829948	0.582463028072044	1	0.174548457616238	0.201596664507758	0.546869633303749	0.0876863108237288	0.126337853111852	0.269046015304966	0.338500517841938	0.160393149226105	0.403965321508867	-0.172893147639076	-0.0969386824505754	-0.219770883483976	0.420639459780319	0.373228522702815	0.401889392329092	-0.240400948498891	0.162440668212205	0.0317854102672297	0.11002894001767	0.196669963730147	0.0668331067393016	-0.0396590442922612	-0.0371980452302	-0.086479028690004	0.0714215998969568	0.0612148528032834	0.0739596412496138	0.0401835966851379	0.276783754448716	0.138004818651947	0.134476519649745	0.1686100719582	0.246653003975525	0.174414551827274	0.0400073433320434	-0.043227008896914	0.0611551049340459	0.0290671104860955	0.159402968656662	0.204840925055078	0.221731522155557	0.307765596843318	0.173394789375553	0.246049893398473	0.348061533709906	0.416283974180229	0.0328078605608646	0.270559828383853	0.140946759426903	0.219828503792504	-0.00788160514387851	0.240414025808414	0.266784680448194	-0.066975339852393	0.0833833722442857	0.256591330426409	0.110124705609133	0.0676508365125851	0.222645713288044	-0.174197822183175	-0.127873163392257	0.231061936672357	0.177802630927756	0.299973922645169	0.0154569738691217	0.0173278221674447	0.224323733310835	0.168613797390162	0.027772280729448	-0.0391874372448257	-0.0491476983336814	0.261405583866266	-0.00504634523804782	-0.123342603379047	0.0669701463544705	0.0862082221100615	-0.000612998971544077	0.0452655653097784	0.0285619633036368	-0.0142545239179325	0.286777283601654	0.235050550245
0.556340564244277	0.558242267282252	0.270790660848527	0.24957334111455	0.415140385420855	0.313793999714384	0.3075074533965	0.234989052312597	0.573219140639512	0.147995686968386	0.0690886994701684	0.206822168721766	0.0636182374822249	0.511565222975162	0.437021485201434	0.728771898250239	0.161445031033128	0.174548457616238	1	0.323980921898129	0.260815445230731	0.385004276281652	0.188889468849707	0.247964945147025	0.330073304279425	0.0819136315745711	0.3670579496005	-0.0279045587133746	0.44218927775661	0.47240888508812	0.588458541024447	0.0924938347037422	0.105376975810071	-0.0202632385409559	0.478690299442909	0.541363558284324	4.28486267113565e-05	0.297876354358057	-0.0644809197913918	0.0651026138188077	0.371999728383474	0.170865069163034	0.486045445336738	0.246112734871718	0.0649438178280119	-0.0782766142578276	0.261516535461915	0.242298285699988	0.156722220192846	0.400942951882301	0.423633528945809	0.315109916076128	0.269384196220352	0.115943117767562	0.189623268586077	0.258110823217879	0.0699584428835339	0.167950796936307	0.245949679384177	0.449081378337497	0.192700007538306	0.167868834390693	0.286329753280035	0.130291886985015	0.572451389112345	0.354207202855634	0.658911136630558	0.0906997379133851	0.693550153626654	0.267858461164797	0.298770094006519	0.187597567859315	0.231722823745983	0.336070603283996	0.293356411535069	0.176779535291575	0.588314076707882	0.195475949189015	0.292192156777229	0.401063591431713	0.209684633772339	0.0480910524664127	0.152300054594877	0.478297768741453	0.279105745921713	0.103056491393534	0.0561619962822937	0.467896480442757	0.0929671801137629	0.241182345238262	-0.0031596299419432	0.136560028368919	0.14282497476951	0.303076173127358	0.236974057089014	0.203384886986017	0.3619536196634	0.130090605154457	0.364731824369262	0.328248007024679
0.277254609676206	0.259634922811318	0.1460735476111	0.0127223543788834	0.276425141962242	0.204463161370268	0.188480268241645	0.69223884212782	0.54123343030099	0.142863493771219	0.107685132512924	0.31128878328746	0.374060178538275	0.408751884560219	0.24570752666383	0.30055630325801	0.347682982055369	0.201596664507758	0.323980921898129	1	0.153390270429853	0.452874561755347	0.301698334527787	0.148662701927528	0.716674051978074	0.33439898828725	0.454594866800728	0.125524742299636	0.170570423164254	0.225535721715396	0.146944936168957	0.275459020339206	0.477896310165235	-0.0155966675649792	0.299424025224158	0.30978225517306	0.0553792227015036	0.374924821513366	-0.135798293771757	0.147870008268313	0.384479806802887	0.109688312307	-0.0221033036843985	0.310707856869918	0.338885124956982	0.0856108834895254	0.304154488452407	0.233330463295436	0.155886687356256	0.106123651549421	0.394674489462567	0.179901865222101	0.212600060408993	0.117725440684503	0.106621643861142	0.158324549450322	0.244309726049961	0.385091292129121	0.153839000825817	0.384108804082376	0.212729960159915	0.276258147337933	0.156266468929678	0.222051410525707	0.463291982824814	0.109604100437579	0.330299447471456	0.0296569061691284	0.253830350067188	0.535977365847313	0.198292296197888	0.227142897476301	-0.065651695487372	0.548392425126981	0.0187351186567345	0.201917442141035	0.412838666614404	-0.193459071675127	0.189878104974945	0.16255860934322	0.265946772187064	0.0818064403529655	0.100421048452314	0.0496027282847937	0.256399246760936	0.145956325661929	-0.178171464271496	-0.0876280753916865	-0.224364826690451	0.368422915319566	-0.158392808482845	0.106031468815903	0.230190803538954	0.265114282837543	0.14376184536237	0.0357687995943503	0.192007071969514	0.179783631329446	0.155063349192961	0.167402970587395
0.259777714092464	0.122617170114785	0.0406709148214596	0.157248989192957	0.111964204525436	0.0109442224167832	0.100721945479342	0.320624315032509	0.288733474046828	0.288365005176664	0.0515783594991569	0.308019939106485	0.214826205279175	0.15423574293472	0.187043069037406	0.0863955642816545	0.588367388469217	0.546869633303749	0.260815445230731	0.153390270429853	1	0.0687684320626491	0.0852037252999431	0.342352712250734	0.221485570770237	0.278023284310329	0.351212905455182	-0.387939849961633	-0.0407270403119143	0.00240451854738726	0.402879227338973	0.273118543366541	0.306757173002207	-0.18021391793	0.157917160476194	0.0856703476827157	0.246073045879196	0.300715138532017	0.124035627879649	-0.160141493399063	0.161481918362478	0.11153108584612	0.268872201684462	0.235932130546701	0.131026535804093	0.00823902991076992	0.238212798753209	0.0535307888899684	0.257890220308879	0.225380864282123	0.228019869443818	0.122704718110197	-0.027626628222487	0.0204463931411544	-0.0188700070581543	0.0698477279346022	0.113859490314414	0.184531116778086	0.199129710296807	0.256111198675788	0.197202939044703	0.299577808572955	0.370537405354088	0.453798500561103	0.104400317248161	0.335638998840544	0.188204166636403	0.269576652582377	0.201816115505786	0.290488798102237	0.332337799170492	-0.0366455802182978	0.127941867186042	0.203746247349698	0.301246928816329	0.192280863905426	0.28236406263441	-0.0881630085246371	-0.00138545169812664	0.240920267577203	0.138224722348756	0.426016875164182	0.0654194074410264	0.153191288891881	0.282806891430929	0.189832774645508	0.10977060059575	0.132344116488588	0.231448622655604	0.301603163458409	0.0297080283988358	-0.072660451514064	0.130731406288378	0.13511582342746	0.0633728013496121	-0.013167793531495	0.258022459655163	0.00437884634238661	0.343842841817264	0.284176475973929
0.336437355537069	0.432051709682083	0.217601983117268	0.172631852353817	0.456700265609139	0.319598898614064	0.248414451430017	0.330673663857666	0.336090877583114	0.422162292535767	0.289715153575008	0.287630975190776	0.277639804450221	0.487028626111271	0.417645045171888	0.387785539302106	0.188909370880389	0.0876863108237288	0.385004276281652	0.452874561755347	0.0687684320626491	1	0.457483821406257	0.0510767219822666	0.505363743686406	0.253978737897508	0.482898323804566	0.0424451231976639	0.179087175215688	0.26562531464068	0.326025324496934	0.257169551163311	0.25216658930723	0.0864474782711728	0.435149289658278	0.512291876257758	0.00470899398129985	0.239446501960794	-0.0878703429383138	0.266934697491928	0.28056580240051	0.247375388958937	0.155311336855106	0.204843053488433	0.141585186918967	0.281211780186138	0.351962560202555	0.312059392684203	0.352433349453528	0.264124249338107	0.397194128765982	0.296976085075558	0.374596432411268	0.0611499516293633	0.142753022130979	0.176067197518115	0.0742268715570871	0.184569031213067	0.0823187016232183	0.276705071097917	0.252976229716205	0.139879517379652	0.187403102885303	0.0262082350220556	0.536755456123713	0.369396593002436	0.526030300129875	-0.115305468507701	0.324826240283819	0.2420483124187	0.135092574904733	0.19816225408029	0.00773206482956154	0.38706399665598	0.0158364191213487	0.10777219439799	0.33716957457914	-0.119953263692162	0.169628268964992	0.253455366248083	0.331175063355778	0.144792911103588	0.232618883738181	0.263764107412976	0.410354945008411	0.233658503599962	-0.0590598140289006	0.171349717494104	-0.160085097272916	0.218244972607719	-0.056970545216725	0.228603352728631	0.118352307407519	0.313615026199937	0.143035844897798	0.259056475466015	0.19977424327381	0.169760129521766	0.284986486553005	0.349020088627087
