1	0.851266023229879	0.83718672357125	0.510580972298294	0.736290418219352	0.644606343505073	0.488195504677653	0.328645504240299	0.297530029921655	0.329415758398981	0.184678815751696	0.225539687237804	0.242812456865303	0.770133563490443	0.676443980751552	0.582848347022723	0.295932709803378	0.462945416163824	0.452511958373018	0.246433541572248	0.397372641995295	0.0311260285949389	-0.311245144717732	0.474973197144503	0.32882224786561	-0.24891102165954	-0.156528579111788	-0.0599415417358272	-0.139687663474	0.645806779140367	0.604199149014864	-0.199930340894619	0.0783988563930278	-0.0983775934100322	0.397817924891094	0.496240523292614	0.288007081115176	-0.0826377873492446	0.442692642362323	-0.271830615914527	0.154356400596084	0.349747765036828	0.487951237050247	-0.146435483650737	-0.043170692032803	0.00785459676869053	-0.106834304243933	0.438382908462555	0.21220001719647	0.575409526891442	0.561433208621696	0.606565757471007	0.483930470715537	0.670834248486558	0.37179143557914	0.43026294969289	0.287232264097876	0.259573545072529	0.379895113707382	0.262748030638244	0.161385128287419	0.0132301742796666	0.0689559824695216	0.13739922028067	0.607596438583191	0.407231235112029	0.512465431097789	0.313446788185607	0.34909431484799	0.248090727100373	0.320584255106685	-0.0880402506288429	0.334259432670134	-0.0718446645135689	0.383802921188251	-0.176593137382855	-0.248045990951799	-0.0646867873382554	-0.176635228732065	0.409676050091942	-0.196439972376695	-0.0507663893040125	0.254709158619119	0.457236171840375	0.0848286916098134	-0.267320295207167	0.092014527376885	0.517616084805948	0.370028938209453	-0.0121361444310998	0.434946159838876	-0.171681184843665	-0.114942886386252	0.113802181901688	-0.0940150824058269	0.349765020086513	0.145475597322393	0.0164658153941881	0.270162367274201	0.401281721303277
0.851266023229879	1	0.889518632365173	0.588539655126439	0.577048666738327	0.487925780521909	0.565182935601032	0.325836590509786	0.343338460647703	0.218667728087695	0.0941729838429261	0.160054012865515	0.117885428346471	0.690908675050376	0.656082315009286	0.658528252351676	0.176870063190991	0.494629415042534	0.475388839363247	0.281656207150225	0.324143385859296	-0.074981528106037	-0.343184097958164	0.532907770741491	0.257570720326668	-0.408669784958849	-0.285835122284394	-0.278998753852516	-0.271689029397417	0.640732039528795	0.667798121494665	-0.338404588938102	-0.0655220075790497	-0.257183030331386	0.474694394208328	0.562461805237293	0.266860053446963	-0.0940904090552986	0.502381936593431	-0.400155879182541	0.0417430610311093	0.257746685482464	0.605904918077568	-0.308159048807732	-0.0977263828073977	-0.149276714569796	-0.290951124521666	0.375858512664219	0.0361278568283675	0.495039255664799	0.404717116329956	0.729109269906769	0.557167434754503	0.553837114373502	0.219500173371426	0.566826477544611	0.198688085926751	0.294863867353979	0.437354251581328	0.307234994217772	0.0677928115718082	-0.0435545456722067	-0.060151249536423	-0.0960275347943068	0.589997173131364	0.311088293965958	0.605818733773346	0.2540763466616	0.45023967134639	0.209142345254237	0.162732558133637	-0.283142465963699	0.365257729087151	-0.168812335470063	0.309751418284296	-0.33327269056239	-0.334691807620943	-0.203214934872441	-0.300270490239572	0.460281134697306	-0.329705364469381	-0.305913987987046	0.186160699888698	0.488819330818543	-0.101021214914786	-0.353002021620831	0.117712012371431	0.605870459966527	0.353477974634388	-0.167931994875167	0.521184351971669	-0.282925066605775	-0.236546484269407	-0.0332118033815514	-0.247623595121476	0.398000918722349	0.0346183385329509	-0.0926139994916207	0.161207360837036	0.361885572556217
0.83718672357125	0.889518632365173	1	0.519050314027086	0.594941360342205	0.578948669492686	0.499904477583441	0.297417040736559	0.394092068421974	0.208000582415007	0.160183634745085	0.120506823605189	0.0465133653670337	0.630247305584173	0.597590279082304	0.609389755353331	0.133632797016464	0.437947921836528	0.545819260752751	0.269538502551786	0.212210859531443	0.00534873431863866	-0.259667291583672	0.554283620586601	0.320608981814323	-0.337818332408463	-0.145960703072986	-0.219240621643093	-0.190606208930313	0.599741551318656	0.563781412084961	-0.275767944723193	-0.0768110788034366	-0.197314922327788	0.454544196979954	0.572673693693484	0.327913897282763	-0.0378830880841754	0.464642017677208	-0.319956396610841	0.0611385648941217	0.232577729801116	0.498838467553548	-0.206240818399728	-0.028342187154849	-0.0836480871389207	-0.189184205264903	0.448226860604426	0.153438633732559	0.395385320036503	0.551526259386027	0.756764016269779	0.572318334679765	0.689728163547176	0.358850482074977	0.47395417426268	0.29631066056751	0.365291888047146	0.473264941275565	0.384799149133945	0.222468350833027	0.0208807488398594	-0.0361597840942834	-0.0290283573071441	0.693653140584013	0.420445625222997	0.589552828695235	0.262168767129149	0.529481338083376	0.26141928165245	0.215537925136462	-0.149405610280855	0.3966683049959	-0.0611990088561857	0.36680853288993	-0.261437933480777	-0.20771516010368	-0.198159025501752	-0.150462151330669	0.484410745753225	-0.234992301400887	-0.204854854012081	0.282324340925636	0.477753709931788	-0.00150055544179922	-0.311737365196422	0.165665153369114	0.584830040399226	0.420141973535133	-0.101173028263978	0.471744919922212	-0.204358345847439	-0.168299119475588	0.0443982405972461	-0.145827182373263	0.447101040180107	0.198170641152239	0.0513746847862228	0.257235242671763	0.500533290670796
0.510580972298294	0.588539655126439	0.519050314027086	1	0.450737379030443	0.477482500612458	0.904674178018733	0.409896087379762	0.352920025285375	0.241663116877936	0.126346489952157	0.391598346422739	0.137016241338718	0.449207394026777	0.705354852689001	0.796792993202984	0.367622648006358	0.522238238357386	0.414772756217474	0.212901410820301	0.554674544055768	-0.160493304076162	-0.420788160142581	0.584235209285611	0.1676924421463	-0.522685763171174	-0.499407265747629	-0.158559337922216	-0.299239790550632	0.424134166851328	0.720776904956072	-0.553482027472253	-0.146704036366497	-0.369075971906415	0.756289362064331	0.625838567715352	0.455429006898667	-0.147209243031371	0.771188298307728	-0.522387016788022	0.0234959249671497	0.312178972278537	0.835715057440828	-0.502858013875911	-0.278499464175811	-0.112192195573571	-0.486485330230953	0.514897459593116	-0.0263679426687132	0.502503735893509	0.0384796113274272	0.300366902005919	0.713908090824341	0.542622178960004	0.202201605100394	0.837808510281332	0.328501185150118	0.446757970840866	0.550149517736037	0.389504168658568	0.126728591467683	0.118896046600714	-0.0522591411064947	-0.0199404525905941	0.262067490556581	0.462352509040857	0.653142846345824	0.37699551360413	0.440507756151361	0.204221566846283	0.422350997331852	-0.222368150848191	0.4052064792597	-0.383572152498958	0.621838837492262	-0.445892710942409	-0.548480168297394	-0.179831696548146	-0.300476950735048	0.624391890454373	-0.540718392823693	-0.26992305680356	0.110638722196334	0.651754027905674	-0.12797393937826	-0.534258615711227	0.298567045527109	0.682711339913553	0.504646898764727	-0.168558600742421	0.711469886997702	-0.448537727318501	-0.396796585587161	0.0372332473183013	-0.444853283815268	0.473560018176497	-0.155212444318882	0.0694471417881384	0.235602764561324	0.309452675318195
0.736290418219352	0.577048666738327	0.594941360342205	0.450737379030443	1	0.671670928768617	0.404747864929415	0.251816828262369	0.23257553181763	0.49056233558449	0.222225461639382	0.504682720930504	0.411142916405552	0.728993124708571	0.683473166513503	0.456953451105531	0.394150761447823	0.323121002893871	0.201139047450741	0.154422952805742	0.537207286555484	0.183850071294647	-0.129549271338993	0.343383171796309	0.305518565924467	-0.223129220726815	-0.24130963691	-0.0059765323056415	0.11503170520619	0.608347961083729	0.481224045152355	-0.259899383358627	0.162036453327269	-0.19802114462252	0.291591361598318	0.39463768323421	0.225930634621746	-0.0700974193100912	0.481839468903999	-0.334070491034722	0.321308224732752	0.583192476280205	0.389578480201692	-0.199175457488332	-0.179527161438011	0.318099015037836	-0.0496370829400045	0.473668568417702	0.413684156311293	0.638927108917507	0.557190114386568	0.411822994054593	0.430336690987146	0.73334252298748	0.624123982242972	0.406050133068946	0.28362143827223	0.17901429039302	0.213422257877165	0.236900325050656	0.272693611703705	0.108726204906795	0.128125099216209	0.151727251097222	0.409928134255787	0.466153888853493	0.421683542459041	0.164435653252774	0.196877951574658	0.23015492387691	0.40411220914262	0.0950376673084023	0.146346728410692	-0.23908904639963	0.338866428400148	-0.25831662061155	-0.298679843420572	-0.114774612402481	-0.0568464515139789	0.300526695092032	-0.222825302178824	-0.0594542413461517	0.285338622344405	0.429470739548103	-0.0180432009925841	-0.378443934442516	-0.0347064261068523	0.383691508872255	0.292873163686628	-0.0844069415327088	0.369122954354033	-0.23265227787756	-0.1607371623419	0.11407596888254	-0.163489907213618	0.493873792146013	0.184373008826258	0.236901713011045	0.253259935361927	0.389937891793907
0.644606343505073	0.487925780521909	0.578948669492686	0.477482500612458	0.671670928768617	1	0.496889286606548	0.227143254510742	0.180692265862527	0.520174885397441	0.230272437723495	0.441338863383496	0.304915474004872	0.578143207741098	0.683961868853119	0.475848774553217	0.322979204051348	0.383316235520605	0.371599277922423	0.101214088588724	0.422087132593329	0.0988718278072873	-0.217891201001902	0.381540973640521	0.250769731308361	-0.20247637440007	-0.0924125032483399	0.147830416948159	0.0619392823757737	0.417658899116663	0.473552927706084	-0.151584207344444	0.170316683486242	-0.148343552214874	0.378470166345635	0.399414546450373	0.320755242399656	-0.165871868708582	0.496763243220189	-0.267614413702266	0.290327020992491	0.357292786340197	0.422463773471229	-0.164901426104113	-0.0980409983036947	0.25739558639042	0.00936785738929113	0.691017158836501	0.359599050242883	0.519714308003619	0.484139521501724	0.265340759964579	0.5109061001828	0.741052406366889	0.638208425828982	0.322192387435531	0.317304950632534	0.264171985649386	0.321664520642458	0.179354873867234	0.369118871568196	0.173821973805765	0.223066609451027	0.192290065943383	0.426215865504855	0.581007737821838	0.447482766362562	0.239926984917601	0.33408527414157	0.195221588697804	0.434460749918122	0.226234608659687	0.295337463633907	-0.182785665036495	0.486313302845702	-0.233822435601184	-0.235194946525078	0.0693970260497709	0.0800572083837408	0.366631772294475	-0.197339195625493	0.0773823594865029	0.309441466505029	0.433360079638855	0.136757851736527	-0.330051625904899	0.0946144575740064	0.464949649617914	0.475782934710418	-0.049097955660513	0.481274100663511	-0.273995030551411	-0.198215878621534	0.291132436886884	-0.0198635255984966	0.591604746800055	0.306974901675937	0.301163846570888	0.299444594950971	0.558599428552047
0.488195504677653	0.565182935601032	0.499904477583441	0.904674178018733	0.404747864929415	0.496889286606548	1	0.402633681192801	0.357536688671871	0.22540610818347	0.131499223303275	0.359095163418645	0.0597525387303697	0.373814786301495	0.600547133659922	0.853519214551975	0.338398449020054	0.517374196150548	0.519429235833991	0.208399456358915	0.503794666643909	-0.195698633600218	-0.325708317299081	0.577933759820621	0.150513390010105	-0.514333190549531	-0.446888835357235	-0.178510708560025	-0.320923073696024	0.458417380007625	0.771893071176643	-0.542998005490646	-0.189486954563704	-0.344548287827007	0.822236742852564	0.658653527068008	0.45032869403051	-0.165621435285395	0.746475569646832	-0.515814872954272	0.0146241314346178	0.251684521387211	0.858511636352535	-0.497971236908311	-0.298469994008444	-0.159430658960493	-0.457540189747615	0.560970689861588	-0.00540895829643639	0.428874078342919	0.0143111303670629	0.246457107988833	0.778140921697546	0.490225480717847	0.244515839715908	0.877892226386775	0.26797043010047	0.441261240267351	0.559112854943995	0.366622062513373	0.144404754300741	0.139453834580698	-0.129634092667473	-0.0979757307113855	0.279734094917152	0.560349215407238	0.737438995724451	0.346021784493784	0.48526791044436	0.22537199402307	0.346683753265805	-0.224061686932597	0.392136164041947	-0.310260334516292	0.637625085557269	-0.404227869678558	-0.519978934036085	-0.172344743844971	-0.258373857869303	0.686362543122562	-0.505606056038397	-0.345880507901661	0.10094405358079	0.754771456449126	-0.144751377344511	-0.470448067870803	0.303121199748635	0.756595726001664	0.642151372075929	-0.206136610728255	0.741110657617623	-0.434112205599906	-0.413505659870976	-0.012681013252596	-0.462781202243987	0.589544700055083	-0.086640070088724	0.0170836018249599	0.202440222721384	0.355928146295774
0.328645504240299	0.325836590509786	0.297417040736559	0.409896087379762	0.251816828262369	0.227143254510742	0.402633681192801	1	0.773545348097184	0.0584952765893533	-0.0161025886500082	0.108243815521419	0.397346126068576	0.323627489211931	0.310505687261179	0.573944122573272	0.583128507765221	0.787969497181766	0.689423342707938	0.815504680935632	0.363656438568085	-0.13726670614244	-0.369917523770565	0.635003595132781	0.614853540767186	-0.0457981892021311	0.0370320638673686	-0.0213317260988083	-0.0856392818080876	0.219612528863889	0.570559545737047	-0.108600353999888	0.214371200802616	-0.151975689986758	0.520498037464912	0.586585681651835	0.389150323820967	0.459648612411614	0.461570377452318	-0.296964549209899	0.119170026361951	0.142215048090136	0.363816584101589	0.0135265077024546	0.323164664575887	-0.0916939227852753	-0.236577658156145	0.312998529554748	-0.0518947849474412	0.290457406113142	0.141186926531126	0.221195094132698	0.279292210076097	0.365485793944524	0.165553236305994	0.349120915849797	0.542458742294723	0.555858655838148	0.670115605457463	0.682037966874676	0.188378139279008	0.140486692922845	0.0507108692799681	0.213862549411973	0.143349597622422	0.26457159141629	0.517671840110692	0.592341485384207	0.600445580397645	0.545518019377465	0.439758085003504	-0.0436632416216313	0.60533989619611	0.318225464019898	0.575910626274192	-0.00737548923577731	-0.0737244935286988	-0.114057798869303	-0.28014127808445	0.617563886633787	-0.219296851980187	0.164133564100249	0.139729707020484	0.416501342228949	0.322021370822694	-0.292332860807263	0.269215604145869	0.495659814186444	0.254399938973894	0.242545720623064	0.285758356880469	-0.284649606366759	0.111658636078758	0.0255313582710137	-0.122990620501842	0.270278461809927	-0.148244063385244	-0.0246740378303806	0.187930563521284	0.37919955891073
0.297530029921655	0.343338460647703	0.394092068421974	0.352920025285375	0.23257553181763	0.180692265862527	0.357536688671871	0.773545348097184	1	0.00298923338656777	-0.0628956161200336	0.0147696644562014	0.233870659244383	0.226782646518613	0.223830104255617	0.60540498651547	0.366852328747955	0.698220380039539	0.812732960865337	0.721659911356255	0.14350578417899	-0.0477108137750267	-0.246761326672101	0.795961518403243	0.698007998042319	-0.0112421524957765	0.0780951102826179	-0.141430291989965	-0.110881813583452	0.225667443486597	0.541654856246808	-0.208624728542337	-0.0490949006723667	-0.166031201320938	0.500733044931959	0.763534937469406	0.492279653654591	0.466534603989287	0.538667779184438	-0.274743295797203	0.0480702877841184	0.0894914652411938	0.324704671543338	0.133264218841816	0.169163560423328	-0.0705973830526362	-0.183081166383055	0.327949304609963	-0.0860387117670162	0.145744612684194	0.177158166093465	0.324904027776722	0.342192695561234	0.375674987994409	0.141224638735499	0.371329868465878	0.58901176308316	0.646989183424728	0.736838718458093	0.911810702045853	0.342301140341705	0.152148426660623	-0.00582258721388275	0.122326759588954	0.299212772531222	0.223508167334308	0.620631795835175	0.561157993804794	0.808556977071245	0.552046697429248	0.425656507603408	-0.0238793435692558	0.7115947138333	0.359687284205208	0.541939385508015	0.00734858622564157	-0.00567607646157167	-0.154614116861492	-0.159389212126273	0.617626302044328	-0.239626843720807	-0.00940596657346421	0.191658405357951	0.466444608332507	0.301088634710992	-0.330045998804616	0.346354151057293	0.583001615455962	0.24966159943214	0.22702242228468	0.338470340058292	-0.182708607749951	0.172223187169862	0.143777699504025	-0.138611869859891	0.296671136008102	-0.0240099374673553	0.146024212890959	0.201068122855668	0.401172035279251
0.329415758398981	0.218667728087695	0.208000582415007	0.241663116877936	0.49056233558449	0.520174885397441	0.22540610818347	0.0584952765893533	0.00298923338656777	1	0.392327306228953	0.779249475889057	0.343929915874577	0.582020070067576	0.515833671973609	0.206291501129886	0.391990594167866	0.219913776638242	0.0107027641904253	0.0155738825518513	0.574087458319589	0.532232493267347	0.00894440821457108	0.140904313865513	0.11640975263711	-0.0804239065631993	0.0274047081536457	0.240210858015436	0.323494145738578	0.465249065993006	0.274374419622995	0.0264961881344906	0.410858323563971	0.0318654931788046	0.0816594179737376	0.0816034130083771	0.0477146467663949	-0.135613385968548	0.256512353396595	-0.0342874307106721	0.514897485647712	0.625555714133261	0.271409260090026	-0.0576847675708451	-0.103566415493206	0.431051466934	0.306343870953229	0.386998040002796	0.537489942392866	0.644909690260927	0.290215824431498	0.0321265819156877	0.144623006310451	0.324157176653554	0.413822149151424	0.115377915499658	0.0451697827292246	-0.0161095047257909	-0.060129975368868	-0.0791707366057229	0.415272353039721	0.280284080706439	0.18309582575297	0.0821247639764091	0.154806588741865	0.425699172630185	0.14895861567009	0.160312204065014	-0.00493894871802785	-0.0335349981752177	0.397808514696146	0.400467747975147	0.0748585042896134	-0.180548035307127	0.215899904205082	-0.218888668165682	-0.0873578632180139	0.106210405235562	0.144107836609205	0.0818517733725818	-0.0378108245044032	0.0747265057851355	0.211385583262234	0.231591394272418	-0.0605951456889757	-0.0952725802136989	-0.0957088333011026	0.0875030376063281	0.254405842488511	-0.0679499640233162	0.205771315878859	0.0502411593849649	-0.143372326047017	0.383758404571613	0.171812480187232	0.38586038708831	0.300331326697231	0.49369193718301	0.259987086356264	0.415608089022844
0.184678815751696	0.0941729838429261	0.160183634745085	0.126346489952157	0.222225461639382	0.230272437723495	0.131499223303275	-0.0161025886500082	-0.0628956161200336	0.392327306228953	1	0.334114745381322	-0.0141041942839781	0.240144621504613	0.140940054404353	0.0730944843715034	0.161496282992055	0.0505965769396412	-0.0325640504174582	-0.0440248943134842	0.265007116461404	0.436056548184082	0.232873924243352	0.0442236563164407	0.0298914556529318	-0.0743842024280273	-0.108625902544971	0.0418439005307952	0.109009405096012	0.155759951488423	0.079653579136468	-0.0256001817526679	0.163763190043299	-0.0355247985643494	-0.0119062027660003	0.032748975084135	0.108408496333496	-0.0900249482423534	0.156579513038368	-0.174251189259913	0.197045737384389	0.30744413844875	0.11718030434604	-0.0928278775690644	-0.0347748253937071	0.233995091449262	0.184365601564834	0.166188799633853	0.388210070821576	0.263604142526334	0.176602886457181	0.0126661794618034	0.155538303834644	0.179482894225092	0.187182119858942	0.114490746265421	-0.0729720431408993	-0.0274852315928874	-0.0532262827601971	-0.00726834626944144	0.125770826777611	0.120082487898511	-0.0662116191240199	-0.0599874269333858	0.226820730068121	0.265655139051211	0.0797742460005488	-0.0923439140837644	0.0287796698947967	-0.0404989055997708	0.16517591304469	0.0955733084452934	-0.0603098248698242	-0.153210629383861	0.10291206500338	-0.212520051105932	-0.0652690848029545	-0.0175027447929089	0.0384103122363527	0.0161155617054631	-0.0317162653479926	-0.0952490838665501	-0.00513253485568406	0.128953755523015	-0.109743417304193	-0.12746677117342	-0.0354020391496638	0.0556104243868676	0.297771945483583	-0.0778768615336325	0.130857039371265	-0.0573345053477163	-0.172618499601058	0.204290866222148	-0.0277157965064847	0.0891200354256384	0.314849508487827	0.215589105643744	-0.0552507425872276	0.175314006269331
0.225539687237804	0.160054012865515	0.120506823605189	0.391598346422739	0.504682720930504	0.441338863383496	0.359095163418645	0.108243815521419	0.0147696644562014	0.779249475889057	0.334114745381322	1	0.497274870229642	0.5370516302528	0.538334658462928	0.213461438602549	0.463499545866169	0.158492996564161	-0.062679259244832	0.0137722373588632	0.706101430472872	0.405178733971399	0.0155421157576074	0.1179151923946	0.0752510024610415	-0.227757113857616	-0.223774124643727	0.170454856722462	0.328192330222371	0.500320172312247	0.234887059534694	-0.171507112842983	0.433965306476806	-0.151097374891127	0.121599182131457	0.115546787107883	0.0834816190323555	-0.201092405955911	0.386756255318628	-0.227024414784062	0.570539329382399	0.619896849869711	0.349490241324885	-0.279908006413259	-0.22345028381769	0.436680515073602	0.108001775256442	0.280999034565989	0.421846753350371	0.623814836283724	0.127816825464418	-0.0897106452537034	0.129819171459138	0.349958619528567	0.395425334152564	0.200509307395203	0.0910623990044418	0.00168566002180053	0.00809300286221599	-0.0272435342001045	0.293244590620296	0.389438358854902	0.21478021010733	0.136706135057872	-0.002103918161947	0.306582512572842	0.149565604302515	0.0824238035452064	-0.0640105258375859	-0.0848460252923964	0.457374130417087	0.328879234658691	0.00976366055825312	-0.400983969761329	0.257941244726165	-0.404097973979639	-0.298166293714421	-0.0277181508764111	0.0429650023720011	0.0399535254517211	-0.309171941990047	-0.0152016093360121	0.215454418491408	0.263175345582944	-0.121936224083474	-0.391985020884357	-0.0186628383586914	0.062082736965635	0.182319913332921	-0.203605224291829	0.271252142218077	-0.108877519562057	-0.302309366460426	0.257571065675838	-0.148793864619806	0.422418658161789	0.105853941082533	0.359593519353741	0.295914187152304	0.33227063540202
0.242812456865303	0.117885428346471	0.0465133653670337	0.137016241338718	0.411142916405552	0.304915474004872	0.0597525387303697	0.397346126068576	0.233870659244383	0.343929915874577	-0.0141041942839781	0.497274870229642	1	0.439219208608997	0.360842301442794	0.0428441102226096	0.663959644022728	0.34859012237848	0.0516098711228761	0.328830461893272	0.550142435278799	0.0846584528925087	-0.180065337691384	0.152951492228199	0.2234064848428	0.145363488410315	0.0518508239726548	0.214447563244615	0.234423243108062	0.285694576014061	0.146612693058329	0.0707240416004219	0.641093961842977	-0.0147179489637514	-0.065401660512741	0.0493496770485835	0.120812927651038	0.193085773447694	0.172790618051882	-0.0434166709268839	0.408116642988759	0.395029209966137	0.0469779429265412	0.104351916704363	0.151867835749817	0.163549958053443	0.0940679900147584	0.0634233070339383	0.193544013341729	0.485062561774085	0.214139799820984	-0.0167579584350487	-0.130014280795669	0.379255274955485	0.207247167280418	-0.0467610271040245	0.249832340843075	-0.0748172422785426	0.0598421107497146	0.134831624881752	0.113722591296522	0.236268286818895	0.358958912521404	0.46796757317932	-0.124253446900702	-0.0635652124839148	-0.0476404460153402	0.169843783232073	-0.0750430569654037	0.0482092155748613	0.389576276739079	0.173446572656176	0.206062531871921	-0.00317756749484095	0.141691899749387	-0.0483791731827801	-0.0355972536682626	-0.00501692412739542	-0.202288778626088	-0.0439627355379624	-0.177981781350056	0.29730378426611	0.00494895309678528	0.00614456276103614	0.227872629254549	-0.237764159763772	0.0619120626985298	-0.0682676568905187	-0.0969250955775442	0.131529029405031	0.038558642655404	-0.117668294769773	0.111052249757374	0.0911208187522455	-0.0332982447302604	0.12113026423529	-0.137136948187348	0.0340150433578209	0.0776085132191368	0.142631371664179
0.770133563490443	0.690908675050376	0.630247305584173	0.449207394026777	0.728993124708571	0.578143207741099	0.373814786301495	0.323627489211931	0.226782646518613	0.582020070067576	0.240144621504613	0.5370516302528	0.439219208608997	1	0.717321010193621	0.452505255836307	0.489325450760757	0.47284776714324	0.266651943421618	0.225990898058237	0.592552262104977	0.201582888396461	-0.272453924555918	0.392909722281578	0.280043335352994	-0.247906886777853	-0.111376054582013	0.0315605840853228	0.16459016021687	0.800854891601914	0.529876241605757	-0.165136809180809	0.349781577845677	-0.0648030699053313	0.258555892812898	0.336232727492207	0.197918047841609	-0.0323055988641649	0.418256201874461	-0.23258973952922	0.488515443520551	0.667791946180056	0.43535674255134	-0.203088173075755	-0.00590559462028692	0.235734458521996	-0.00100425153606552	0.350875290231459	0.407171880505923	0.706328566738062	0.499033934856321	0.473148141400084	0.318751092613886	0.540989442529703	0.37833932494014	0.321725225039138	0.195345437421695	0.140089525623219	0.191003292582278	0.156704005803861	0.208736619632688	0.0651251456354465	0.125025245834876	0.0713190163102874	0.469749006604455	0.298681799005957	0.337464985806213	0.246443550910639	0.207181683610499	0.0681207269642599	0.407482235472082	0.0420777477306708	0.276142511889956	-0.131804399080935	0.25785206793809	-0.309858936766116	-0.285724309036313	-0.0777819061047406	-0.0502324118489366	0.212119621995581	-0.310664681061922	0.00833193717703864	0.354747876909279	0.258328500020966	-0.0230642881463751	-0.324888605425108	0.0384176729564413	0.346840842625332	0.160722283236909	-0.0703807185020123	0.36669987500301	-0.160101249563028	-0.18518317864108	0.177805840090913	-0.104476652362177	0.348597032679461	0.216814853386062	0.196039755421444	0.373324238452583	0.41105665521367
0.676443980751552	0.656082315009286	0.597590279082304	0.705354852689001	0.683473166513503	0.683961868853119	0.600547133659922	0.310505687261179	0.223830104255617	0.515833671973609	0.140940054404353	0.538334658462928	0.360842301442794	0.717321010193621	1	0.605073422201657	0.451464669287281	0.510718097000227	0.287650101068638	0.182548317493721	0.648479649502449	0.0521879157987058	-0.448267262145799	0.503994220890409	0.180624728208524	-0.417811064051392	-0.342619081436048	0.0779925355029476	-0.0621966179649021	0.640238376490043	0.650814374996387	-0.348803161151639	0.173495038834225	-0.271365742503041	0.480925656119322	0.486805119159075	0.345980274979172	-0.111191408060568	0.620413323005389	-0.424299760671273	0.316584881380295	0.58411227634817	0.693791177293705	-0.384412581090344	-0.117809139977435	0.139640976418071	-0.204765808142756	0.496508355454984	0.220055613149024	0.790870550094528	0.340096728037344	0.361073683048363	0.498124883295139	0.678822404961575	0.333619343766072	0.538333683678381	0.259258582478459	0.211700148629417	0.299470381402016	0.197421808293506	0.136783679347904	0.0525918832194796	0.0239713291297182	0.0907968684588299	0.338546223244495	0.433302050812211	0.525261230966844	0.271126600333358	0.31469000675283	0.137160942905713	0.427562742193635	-0.087076003942891	0.290753672391616	-0.387730927951605	0.441485288058591	-0.420104079396361	-0.448792623294024	-0.0188872386721609	-0.17092092417827	0.371271448015641	-0.385013051461264	-0.0930221886589579	0.316604586435109	0.452903288534411	-0.0468230924677847	-0.41991861788223	0.0694328416771027	0.490118028414618	0.320964919898785	-0.128839289950449	0.49559194251276	-0.36720216195799	-0.329651728310092	0.185785260667092	-0.199073200193353	0.436505782062805	-0.00728908288472619	0.186237262511134	0.278448005134102	0.323109091197927
0.582848347022723	0.658528252351676	0.609389755353331	0.796792993202984	0.456953451105531	0.475848774553217	0.853519214551975	0.573944122573272	0.60540498651547	0.206291501129886	0.0730944843715034	0.213461438602549	0.0428441102226096	0.452505255836307	0.605073422201657	1	0.381540847059643	0.708961364305477	0.741506171536575	0.388171459353557	0.405852458402547	-0.140206575453166	-0.332129585258827	0.788870407677261	0.32357976521731	-0.392394022612488	-0.292329178469339	-0.20669036160834	-0.30732808635448	0.515416725848573	0.919635189147299	-0.436816368984022	-0.180243617947451	-0.237317536237984	0.905490825077894	0.873041245084132	0.551510386615935	0.02038519708582	0.802365780740449	-0.473169158308633	0.0242069302829833	0.27155703759114	0.841637162491884	-0.335223995526284	-0.0806306391569266	-0.202201211586896	-0.381989581792723	0.578332803177431	0.00393240484246653	0.372695103377328	0.1896906257848	0.444628956542487	0.769464443855972	0.501160387424044	0.291326050048479	0.834499611564613	0.43462923270145	0.622350492671157	0.657027108592604	0.571256050786152	0.269490997659138	0.0587625716467121	-0.10169873866361	-0.0993632892314606	0.468072191498087	0.586262710575083	0.902305511123529	0.469746710882682	0.740128981525505	0.412869632324251	0.360787008932594	-0.20464672385002	0.577308275369509	-0.0891340939037674	0.650553724906995	-0.253602189014446	-0.367481375137649	-0.139057175553004	-0.226848171004047	0.820135400252827	-0.373450903112202	-0.255316133990424	0.184787077803271	0.77972125633677	0.00227271983261284	-0.398589412668398	0.312856908958461	0.925334093205041	0.613607708154993	-0.061216240370223	0.752502451704514	-0.378662929959371	-0.237453101761923	0.0374470478548543	-0.344531319188926	0.59294000495018	0.0115431668798118	0.0648874824205996	0.266226866196774	0.477645339293677
0.295932709803378	0.176870063190991	0.133632797016464	0.367622648006358	0.394150761447823	0.322979204051348	0.338398449020054	0.58312850776522	0.366852328747955	0.391990594167866	0.161496282992055	0.463499545866169	0.663959644022728	0.489325450760757	0.451464669287281	0.381540847059643	1	0.671490326736092	0.265095362663665	0.395632587559656	0.729633341672305	0.109947534074749	-0.274481588670792	0.45542094552713	0.229732339042203	0.0370597093252103	0.0261362225996528	0.226325533618408	0.147207268551707	0.400860031210771	0.470224708096017	0.0250505428157467	0.399787591001397	0.0370082049656057	0.347455219669056	0.312663895539005	0.363678578002635	0.219600211261451	0.43736747843251	-0.0988330442039997	0.33579634615391	0.504008945018913	0.402781265012535	-0.0517711665484935	0.235947905640434	0.145106953255589	0.0373563363153018	0.264816969629047	0.339139806108778	0.514337813583556	0.269756805094455	0.0679286615938708	0.127391933763451	0.379080229297539	0.234113190768884	0.222193068128992	0.381909664774998	0.129462138560321	0.195531590839653	0.255018862886975	0.169182939440017	0.16435137566091	0.147485607493373	0.192002606353211	0.0900616058554482	0.232222593163428	0.225462179701975	0.360252739845055	0.180138457455575	0.19696064758967	0.500191441970018	0.135856953064143	0.277409778917479	0.0134707506855638	0.374188406780141	-0.0834708419634753	-0.103455950360813	0.088091707234364	-0.143456675948969	0.222234659603694	-0.113930624011226	0.293038506255962	0.187674260773963	0.161285739778684	0.24555957931491	-0.134131155267391	0.199726233491546	0.229163549558213	0.172606952586107	0.105868218933408	0.293836506197738	-0.129672123378992	-0.0236310480074725	0.145331149649052	0.0327002507801504	0.20885036996602	-0.0436313235803332	0.101586019482403	0.212206353932552	0.222608173660592
0.462945416163824	0.494629415042534	0.437947921836528	0.522238238357386	0.323121002893871	0.383316235520605	0.517374196150547	0.787969497181766	0.698220380039539	0.219913776638242	0.0505965769396412	0.158492996564161	0.34859012237848	0.47284776714324	0.510718097000227	0.708961364305477	0.671490326736092	1	0.699407954336427	0.618731200860283	0.475269213710053	-0.0948913377082212	-0.468463579367866	0.778987938820111	0.479344866004381	-0.128894147742446	0.0123834856149018	-0.0739123323588194	-0.18619356318779	0.390536752049784	0.779047886314046	-0.129199971645992	0.196753324246307	-0.0973974644904534	0.630642325299379	0.64716155113292	0.45777901693539	0.306838212614837	0.572254180020587	-0.285628861329317	0.101132529135887	0.278139793361601	0.57118324428276	-0.0608395427330556	0.267805091094892	-0.107029376541965	-0.203381167210275	0.450200856491875	0.0751267762183299	0.431012927897267	0.222556272787158	0.361311970276972	0.417666653364947	0.421312543391561	0.271390197362239	0.457739097281594	0.539565466876354	0.516007451333509	0.607378144805238	0.598421870619244	0.163894145866977	0.0271763901850884	-0.019461108202109	0.0713439129856994	0.317072499355955	0.361066861949473	0.596370158795461	0.616733706320163	0.619189926312392	0.453825378028394	0.495689606068914	-0.0460076174000325	0.612184346416237	0.175860312917192	0.582810706807655	-0.0795473973653213	-0.13531150460355	-0.0967084161477943	-0.329245562361581	0.627062037400101	-0.212443801624698	0.164523809387932	0.178415510514027	0.421966498243507	0.288236232336962	-0.241786949362301	0.274203308289491	0.63367578448965	0.341497893620721	0.154242413272359	0.491288312200415	-0.261023516251614	0.0164611535637591	0.130010621308633	-0.027963244221156	0.374257735048606	-0.0561071362741165	0.0313168483401345	0.202132392054437	0.397944285413444
0.452511958373018	0.475388839363247	0.545819260752751	0.414772756217474	0.201139047450741	0.371599277922423	0.519429235833991	0.689423342707938	0.812732960865337	0.0107027641904253	-0.0325640504174582	-0.062679259244832	0.0516098711228761	0.266651943421618	0.287650101068638	0.741506171536575	0.265095362663665	0.699407954336427	1	0.578458957173222	0.0443196941636553	-0.114860893268605	-0.207185817204639	0.771764621933905	0.490754953470027	-0.0146218799124981	0.148350117857529	-0.125040977541772	-0.183564309580627	0.278999806982626	0.660731628259379	-0.105217593598885	-0.0561938593157397	-0.0394806965837472	0.670935108351003	0.768593186927739	0.491667427027798	0.306757602025324	0.47653341816488	-0.215636132526683	-0.0109281831960016	0.00996043980363211	0.45681898080145	0.0705871456774864	0.218619572230773	-0.242237493852059	-0.170707964093868	0.434987348528138	-0.0734290943944607	0.085221299164604	0.259869181839292	0.408162037996107	0.515344235269475	0.353191219082081	0.233716577959777	0.46173556043845	0.498507750490351	0.66340535065729	0.681496414640011	0.701690167239432	0.341365678241167	0.0730754078747323	-0.000841631603319205	0.0254889560108489	0.458402718739006	0.370321476026924	0.732984509700556	0.520533769143337	0.854370747270645	0.513548284508513	0.268779027964941	-0.0580442664152881	0.671038493986781	0.401907262440004	0.528417919697787	0.0560182705127757	0.0478829795047872	-0.0960191910631456	-0.0809159269337198	0.713597514390249	-0.167575748315178	-0.0406685777459831	0.227658565278585	0.547369383581413	0.304293183779335	-0.213988509933274	0.366195079424032	0.732483153171523	0.424053209679472	0.176632891526385	0.438713284672515	-0.17818464660744	0.0883583571245587	0.107494073229391	-0.120880336273593	0.411901322909798	0.149981928654254	0.0572168497308247	0.282700819807074	0.519285118218377
0.246433541572248	0.281656207150225	0.269538502551786	0.212901410820301	0.154422952805742	0.101214088588724	0.208399456358915	0.815504680935632	0.721659911356255	0.0155738825518513	-0.0440248943134842	0.0137722373588632	0.328830461893272	0.225990898058237	0.182548317493721	0.388171459353557	0.395632587559656	0.618731200860283	0.578458957173222	1	0.216278880255049	-0.0689083317745219	-0.2873325145154	0.529232057700493	0.704106458611678	0.0988806049554154	0.169477973396837	-0.0402121163663196	-0.0383547920978461	0.131288952733549	0.425695418998671	-0.0170995710957361	0.149867538875794	-0.0272587921449934	0.283458971012218	0.461743677839985	0.336763149967448	0.635569486918748	0.288781864127479	-0.138608838148205	0.0092416216589836	0.0658679242076563	0.177583339943031	0.234388631903626	0.374141302543885	-0.0588758021209725	-0.132481823850371	0.176173393226277	-0.109563045563859	0.205202013806214	0.14261173752341	0.234886385106691	0.136263565387474	0.25931584269828	0.00958460646921114	0.141593244311543	0.424696735375972	0.483533253533472	0.658875186250767	0.666439094564344	0.179227687055971	0.0920612708969603	0.0585108656762034	0.101252605086974	0.112380556154694	0.0832186359170827	0.365510704546512	0.526848958395674	0.47620232589249	0.595934773820377	0.338375888970252	0.00581384579857107	0.517064307309356	0.419586708584957	0.413764810787593	0.113507963194444	0.127893866814657	-0.134819131588408	-0.261662042376754	0.494748183610682	-0.143237045334538	0.123767773067998	0.0399448650644275	0.313188764726196	0.307048797325799	-0.147906479356447	0.218392826824403	0.331821519896941	0.0713212327203117	0.379672299385541	0.131655658156165	-0.147693518250097	0.353490715928769	0.0258529767767718	-0.0658579145895293	0.153212712024594	-0.100571339259486	-0.0140683501188434	0.0994536675118455	0.310248591970475
0.397372641995295	0.324143385859296	0.212210859531443	0.554674544055768	0.537207286555484	0.422087132593329	0.503794666643909	0.363656438568085	0.14350578417899	0.574087458319589	0.265007116461404	0.706101430472872	0.550142435278799	0.592552262104977	0.648479649502449	0.405852458402547	0.729633341672305	0.475269213710053	0.0443196941636554	0.216278880255049	1	0.114447894368466	-0.347361618742668	0.321825283375596	0.215196686674716	-0.355674222791527	-0.339677668835771	0.10702861226682	0.0732403427954323	0.570377963660963	0.528123977474164	-0.28343016699683	0.292356674349238	-0.249739841477024	0.315794515578787	0.238562165554135	0.296159694182026	-0.114108866086248	0.537961790448207	-0.397911921848036	0.39566198771968	0.674071623791557	0.578362196893333	-0.360929973081565	-0.186483479197895	0.216161425795577	-0.17890623393934	0.368919098601114	0.32161521314898	0.754053514073826	0.162818044079829	0.0780010274572915	0.259246685602087	0.473858554894369	0.287146289375979	0.384094887757221	0.164167256726853	0.102083356004456	0.214125423048218	0.112110365970718	0.0267027080428362	0.164596151631204	0.0315461312012076	0.0812375700604781	0.0238513519727467	0.334355943362137	0.254416966400685	0.253978298097798	0.0216403457460177	0.0904150257594452	0.502506092087469	-0.0160628074798878	0.190467939802077	-0.346565354869841	0.388284494065993	-0.416532937401678	-0.429040466677179	-0.0672065058182338	-0.245346413896451	0.207245615302437	-0.358374926722017	0.00585209537759202	0.160368831799785	0.313141282602244	-0.0827471707492089	-0.384076582743891	0.188646081592304	0.237156414024149	0.22963054226439	-0.158336636952323	0.385621455548619	-0.342945188093474	-0.296053550738009	0.0404100714992016	-0.199522793067616	0.357264051690291	-0.189048811962622	0.0335488627267608	0.196852945190791	0.241024182020354
