1	0.554806137844217	0.720013686587989	0.415792706415474	0.597111196252812	0.336205127103382	0.442533603861374	0.204923992407144	0.347791235741033	0.190811018635212	0.0234807341587296	-0.0224394505853293	-0.00302645035808756	0.553331747808445	0.353875466221125	0.591179028557611	0.0229135107977131	0.162281953370004	0.335715729808742	0.274671338649643	0.19759122280836	0.00835138881236208	-0.0852437668001048	0.379207231445794	0.157289344420865	0.0840869062424632	0.0268885715724424	0.0552155326395652	0.309243151954107	0.258081499585637	0.362945063918983	0.415213299074983	0.0739184477290174	0.141907069691126	0.325877547941636	0.471761680284398	0.110000850714577	0.0103709840019987	0.267323825895991	0.017160198142457	0.30203964636332	0.530215121897983	0.274151499022696	0.0284005484112025	0.271949568792407	0.117886118504033	0.230390727125372	0.428931487719295	0.386572692235743	0.202170057438415	0.63449555866097	0.544810717746701	0.357270665790131	0.473854454043405	0.335817071735149	0.345266757693001	0.260813008031688	0.44782601594456	0.168529618471018	0.33820141649907	0.160003469788538	0.115124873777783	0.310225411071348	0.103361109200306	0.334059429016221	0.29001987668444	0.369339261175335	0.178536750888236	0.407769571126125	0.165357526335721	0.12906333444316	0.179518676800586	0.241071473394965	0.0436744750826413	0.218986837383741	0.252180491372456	-0.107514244892398	0.310365538029843	0.417318568096652	0.245518636630139	0.332186349112575	0.092671133496843	0.398414258524058	0.0976171785050292	0.288185153164786	0.20169596276595	0.197412223361695	0.406713032377489	0.212409318910048	0.178847393461471	0.183264742189555	0.0296640449047466	0.0334228433398744	0.357639280860772	0.124799146079376	0.221418872348476	0.399555781506252	0.446266220667617	0.482430340419432	0.100933938930009
0.554806137844217	1	0.573052561223385	0.487868836628191	0.365184347346942	0.294112725565375	0.477288263299681	0.204943306954392	0.301771329100038	0.456654354578002	0.298385221281735	0.286442783316256	-0.0206886904428113	0.527155516701453	0.545592987219703	0.598674818768901	0.0717314055704325	0.142849479419508	0.388931973190148	0.241966289334459	0.349333024272862	0.247428643093236	0.16057215502885	0.191092203261852	0.129153525271016	0.130000563668483	0.0887672562559685	0.174531776825207	0.335163864376339	0.216763963991743	0.420347383191021	0.433804131637568	0.193718594357353	0.106913007948235	0.446960186112179	0.519839737172577	-0.0347848908752046	0.138248627776753	0.328849894839563	-0.0384596290490771	0.296696433233764	0.449016827236184	0.385441983323444	0.00600104271414428	0.449588561823374	0.296595491299549	0.333191206108987	0.442725361772431	0.402641537000338	0.397124964460311	0.440056589133603	0.524640584943465	0.455759290918025	0.271663274779112	0.260379243903908	0.365361440110947	0.286779552042322	0.412856301686075	0.122382213172942	0.338640554981537	0.468558737021219	0.347361054427441	0.519700656549602	0.204257241096202	0.462477369103941	0.392760661350576	0.546074099569831	0.189334961722634	0.50355116773882	0.161648519128616	0.264549575620055	0.422647574284394	0.123877142169437	-0.0113924398239577	0.234745388934341	0.185553757286869	0.0739060695582565	0.394520561431909	0.310684738038339	0.291144080522242	0.179977496573937	0.298640819890411	0.371162620985745	0.198941575320981	0.338695198911961	0.391070669652517	-0.0982103674864747	0.455689569851788	0.316348966789338	0.254033006816934	0.202297874547222	0.0741576573181129	-0.0290457435560864	0.451730655582177	0.418594986129176	0.276110742600804	0.45761954039837	0.464167476443829	0.461837628748861	0.400951718215789
0.720013686587989	0.573052561223385	1	0.513600648329223	0.569892593767982	0.469523312677738	0.600560415006546	0.278159493562085	0.348780969819397	0.306378251477451	0.216048913655916	0.223430748169475	0.0978490973281369	0.410102852553682	0.329270102872371	0.582681815542216	-0.0651970715506869	0.155145610786631	0.39507773248579	0.314080470129897	0.169124075492105	0.0611578752056458	0.0202234081954102	0.307227908798475	0.154051222662265	0.0398865470639903	0.0450828239405622	0.0487289040913237	0.313474660533722	0.193741885304286	0.31054329135286	0.314812481899379	0.167157300652158	0.111582546802962	0.281354093228538	0.519647259722852	0.133401367572858	-0.00029623184577779	0.310679177458535	-0.0867746959307308	0.247027561490574	0.334638563497337	0.169189742247066	-0.127339154431906	0.218406660204537	0.0989683684445533	0.112231154304325	0.448755888813608	0.310621465507788	0.199763323079909	0.549294989250804	0.576631493269443	0.487629439920218	0.640456146606915	0.498958312714053	0.562327025704905	0.29936145878214	0.468740691787031	0.238456539960411	0.417987721686271	0.208725561158379	0.264871664881144	0.404822455248061	0.0663228034432419	0.374657374179585	0.338212898667925	0.380124904541379	0.251314009244867	0.467162685774378	0.331784005513587	0.238021514594657	0.273238081173584	0.202558142295869	0.157634066561294	0.199969493328146	0.187503748419502	-0.02717739255001	0.215435479240381	0.391775616813505	0.2105678144712	0.243415084067388	0.106059661511409	0.29727547683223	-0.00789793152588589	0.294767714885857	0.128367669449965	0.14461010850675	0.466102075890168	0.182366177366906	0.27499496843548	0.21571290824563	-0.0101250760077381	-0.101291186977846	0.264071118702471	0.215190824869237	0.358545981598655	0.195107875029274	0.328422053729499	0.370724348918153	0.214327327393352
0.415792706415474	0.487868836628191	0.513600648329223	1	0.475042207930012	0.534751364793063	0.779145625870489	0.235458801882223	0.374007659406738	0.301702142920333	0.172701966279792	0.180710279699222	0.223112624744958	0.34813894416996	0.555918728364866	0.607092492077282	0.150764768649809	0.152701060941089	0.478581552589395	0.195699590085754	0.436600634433361	0.352141951683765	0.177535491899323	0.310726575690388	0.232639005351568	0.0698413071848781	0.17712955193795	0.205396598578924	0.276162691850808	0.216048714788231	0.400155535854464	0.369273801320959	0.26364306130669	0.154604977201694	0.570214198541224	0.614691161581309	-0.00108731746871411	0.0950457755009991	0.39889415310787	0.154080707668994	0.338951685584107	0.436507206419877	0.41000067164873	0.193756485821712	0.303184687214455	0.267929554433522	0.372632792599709	0.557531216838443	0.276478797458456	0.425732908800028	0.443030876990333	0.587241204166703	0.730345861040733	0.475258174896208	0.50213197125397	0.676795860839477	0.408472195271331	0.471352386418001	0.295513515273725	0.442082943526785	0.375622087926293	0.323630457625306	0.483290574669646	0.363899476928734	0.524761236551118	0.641518642082971	0.619210870965843	0.478938753573473	0.541127445433611	0.222120088442134	0.470488656606232	0.39851271091603	0.0525900715340384	0.00630546363034434	0.431137094851887	0.244206959711825	0.186707511955529	0.26016137116284	0.300482826886662	0.389029029552798	0.35962420573399	0.274456983635544	0.184827553261836	0.265588288724246	0.394857034679657	0.430984431147469	-0.0503645961294171	0.665450086414161	0.505939847414204	0.254937472284465	0.360862511362004	0.195656614170774	0.209423253053017	0.389113904852383	0.194186360479409	0.467178249168787	0.305957618552683	0.403161930534314	0.386503576059676	0.50842843033333
0.597111196252812	0.365184347346942	0.569892593767982	0.475042207930012	1	0.589654294963038	0.518027835276207	0.340021251791985	0.427394981234848	0.235587638850223	0.118138053102844	0.127087058265478	0.0889305675220486	0.402522591960097	0.246355504785564	0.557343956160663	0.074523670354822	0.269631402975948	0.468807050309693	0.284372767012418	0.237330246157079	0.273674603932619	-0.0642245598020076	0.451246727804861	0.204603270681785	0.168367643098181	-0.0102048239571486	0.272987442212326	0.481128493768038	0.228103536301377	0.306453859490807	0.504360058961473	0.248038261105696	0.294781496259176	0.440744291785442	0.59474683095782	0.154032821400849	0.0556372360014828	0.463475410489266	0.314834047867826	0.392984275975727	0.493300977358597	0.259422453093352	0.13973233127637	0.350599290783128	0.26315943601808	0.244494138521351	0.522104255550085	0.518651993945463	0.230139551724612	0.771278244938005	0.583752852529702	0.53561229607617	0.618885024242357	0.606983249780225	0.490980669800582	0.510702777091491	0.605031844593912	0.323191797139786	0.417841704430442	0.20006455789391	0.270140368198187	0.373229855937229	0.277696173076853	0.518013883109214	0.357203438025044	0.388597375831566	0.392921942309612	0.428442883783014	0.303532474355903	0.399714893821715	0.207863887402121	0.200461048076661	0.00651763856280092	0.49922446685774	0.374645529308165	-0.0517570102263382	0.346601526744986	0.537146839335581	0.216021197475491	0.374039206634363	0.321166279525282	0.34376158262953	0.186928997526466	0.530378830625152	0.297333441928166	0.190763853553799	0.470028212392517	0.271198508088919	0.270770152720579	0.219451585760879	0.314806315975093	0.122316825020423	0.437422612817512	0.135247676378759	0.281978264656759	0.473194315497084	0.313876969187298	0.319626736534982	0.260434565994987
0.336205127103382	0.294112725565375	0.469523312677738	0.534751364793063	0.589654294963038	1	0.681388798233638	0.243580390998974	0.307994293681615	0.0912590437565176	0.102578388843228	-0.0641159864184733	0.0535131294012241	0.128928805487511	0.209711549731763	0.502408055830676	0.0467814334553748	0.199462470980065	0.320620345145629	0.194221376486617	0.0596640083578815	0.160133975745665	0.0240588354253775	0.215039610063433	0.139482403484042	0.0644659890071729	-0.0797692249950161	0.135534903710383	0.247298191466573	0.314228560255419	0.205793832461665	0.27976145545627	0.108709558015431	0.189347996174635	0.429832116218753	0.589444301820039	0.117086473391127	0.013503336524796	0.577497670103117	0.137382005564182	0.449119927575668	0.33096492872275	0.207828133614579	0.0429409372107959	0.210358460069124	0.205633970829358	0.152932234883609	0.680133957904679	0.298808165857389	-0.00605589762279513	0.45849336739705	0.473294163290165	0.52585040093326	0.617659414938422	0.723203512875483	0.681477061709583	0.540720974257894	0.517854861131543	0.190721891753383	0.474141036788106	0.101688253683959	0.161791777622276	0.278271084858371	0.160415194121575	0.243909570980086	0.361353056323078	0.295257155550644	0.398587815653829	0.435760954572887	0.424831912181021	0.30838785286972	0.096416119714657	0.0520995308727525	-0.0183872606691408	0.403467388046233	0.297499544159376	-0.0545781541602715	0.185930085250648	0.18907652813497	0.242472816245154	0.314175241464408	0.13306681904851	0.317799774316866	0.15588653988852	0.502657730259385	0.241735457733612	0.176169466373258	0.508093593405669	0.231070485039157	0.380719778831978	0.434504091080936	0.189892458941615	0.149926439878634	0.25534776801769	0.0106626136775522	0.427349005602199	0.231662678995683	0.353766016334818	0.196952934934831	0.27115959549221
0.442533603861374	0.477288263299681	0.600560415006546	0.779145625870489	0.518027835276207	0.681388798233638	1	0.281613180523221	0.392178088856963	0.246648030309067	0.0773022840917029	0.108233046566775	0.099318302754461	0.319064321271039	0.474735345682335	0.612083236797268	0.0843277772924711	0.190217918433087	0.444332475781666	0.206513401965345	0.241701900860323	0.245321281960197	0.0607840418054471	0.277034769443873	0.23419562876243	0.0595707916677198	0.0787763598540459	0.176288014965046	0.368361925394888	0.323017626531446	0.37983479727721	0.372181069250174	0.145069095932681	0.135569061304463	0.649656562939601	0.653896915919549	-0.0346430161545453	0.104178790033066	0.610856219491662	0.14164833690929	0.409595280757499	0.390870651848275	0.392069074204711	0.171245299417859	0.387656718500872	0.149137867849414	0.237155252989779	0.656600283201114	0.343375835386825	0.273321061884263	0.496174504546412	0.608332937125258	0.639553136091668	0.619619314501497	0.672664482087242	0.812023153548103	0.517208485833185	0.557843070563129	0.431834423761821	0.502557463651023	0.364665715971456	0.311225871254911	0.506180296200246	0.365042813691042	0.45280299406703	0.503870770553511	0.607440638635007	0.551339229910836	0.625208063426252	0.320808518056541	0.508629636844826	0.321835731764416	0.157761285680639	0.0578270105484667	0.451630897123664	0.281843568117702	0.101580705149447	0.322610188939642	0.328571404320908	0.437557680576036	0.390034955965714	0.301134793990399	0.339824461982858	0.282363141997651	0.445023071657511	0.368750236431332	0.0682844570802391	0.751241851676234	0.518312368790706	0.403923724244058	0.502946446462009	0.315025755525141	0.232271225801812	0.329843987779575	0.211091759221774	0.534535680238097	0.276947625632422	0.42823419662117	0.336022382265999	0.433317907296056
0.204923992407144	0.204943306954392	0.278159493562085	0.235458801882223	0.340021251791985	0.243580390998975	0.281613180523221	1	0.656246078583258	0.105769242107296	0.182288610892449	0.168743677216968	0.347151274097943	0.111181323527018	0.182827657462287	0.421791575397367	0.200032721348703	0.575573371221058	0.48598535807245	0.747311241192321	0.242259649771143	0.220055170824984	0.0198357769009556	0.34697465367885	0.456379165310299	0.0877570799143346	0.15469401697303	0.0831262472382679	0.119478948856284	0.0466543442878555	0.385571967842877	0.212124576664583	0.178594519625361	0.0446235253239518	0.156154748157475	0.359802224508783	-0.0122639330473828	0.395761056078529	0.181508656851222	0.0386607882125035	0.165382528746046	0.361327473764208	0.143134200012105	-0.161713811067553	0.400426715371059	-0.026763971180427	0.00548903685704966	0.300658684111035	0.003163611919276	0.0908590642278447	0.31955386447198	0.331805103355089	0.236803742141478	0.352095170003247	0.34480258414302	0.271424935152605	0.407692459627736	0.451917487017115	0.333301027140827	0.553857817162065	0.11932541067994	0.00664961816130197	0.286785881561272	-0.0355524823239532	0.257914576757348	0.260165498284316	0.070431747460237	0.292726748122619	0.333320929819885	0.514015103008372	0.179080074871194	0.138877290484993	0.344014040820488	0.427481669163581	0.102771933708638	0.307392526865769	-0.0457694223182947	0.137441214092037	0.268243155905586	-0.0183403802692399	-0.0390926112216237	0.0447607900854384	-0.02337571114707	-0.062777592828996	0.374646247060165	0.100736205174536	-0.0271841546277716	0.18417835029533	0.120248736554874	0.400616919467392	0.0408897277133639	0.00782056029783451	0.0429846382553291	0.0498897026543029	0.064039196337733	0.0888824510789244	0.0383587158562328	0.0202040872125808	0.126009831906808	0.177053637681404
0.347791235741033	0.301771329100038	0.348780969819397	0.374007659406738	0.427394981234848	0.307994293681615	0.392178088856963	0.656246078583258	1	0.041868894100811	0.0606457134746236	0.0748417110479759	0.266086349848071	0.29731966526223	0.410428560600503	0.542892778701495	0.226568212841436	0.335490722991967	0.647475069462633	0.681361000050753	0.336998838078109	0.165883275201599	0.0376065112633992	0.633832315390189	0.487594305557153	0.110405537035928	0.240402020671471	0.112384731594271	0.360447110014772	0.136059138948308	0.429444764630244	0.380348115489882	0.282212447918788	0.0814237531178628	0.383473465067652	0.582478602496988	0.0172623698934744	0.357437759785814	0.309759691946547	0.0506329855041954	0.243495736680449	0.433753856717245	0.301109455465777	0.0726356496867222	0.471441272924847	0.0512506627476908	0.161478805062704	0.445371147030518	0.116704246610265	0.0983013167921906	0.37678808455945	0.337747416200716	0.242975127815206	0.451827591196788	0.395800665680916	0.282757354942071	0.474109282642126	0.55093737266957	0.449466817041554	0.788833934296567	0.0314389239484744	-0.0282698537841117	0.285019510254176	0.0198647287514653	0.330072860260831	0.349150469376712	0.320823162304735	0.368495962811256	0.509518333859187	0.626461908685181	0.18229962970408	0.0978515837415056	0.489706591980627	0.380059163008986	0.290104971340478	0.391003322425051	0.140869937243038	0.229991732118152	0.369771827829428	0.239877522974282	0.107222616489314	0.147129256632296	0.0778196554570495	0.199205235788071	0.498665985960289	0.316195746067169	0.0470653841778517	0.425008168954827	0.269029430868276	0.528546452059756	0.176613181238205	0.0552900117445149	0.217980937920915	0.137389415815851	0.0945792587568565	0.280981271212262	0.217560878603277	0.157883578337231	0.258024348796629	0.120982720818258
0.190811018635212	0.456654354578002	0.306378251477451	0.301702142920333	0.235587638850223	0.0912590437565176	0.246648030309067	0.105769242107296	0.041868894100811	1	0.456055872458738	0.606388421125133	0.183370473213193	0.211202157220128	0.27075709498647	0.268882769815292	0.149540165722611	0.129803660933219	0.258856524087337	-0.0721491954842723	0.607848409158193	0.388688715518441	0.130816046594725	0.0877226527804707	-0.135537710422076	0.216829656207374	0.0483419783342221	0.169118714318043	0.329790579978025	0.0957295692094612	0.13640134550642	0.280562814729022	0.269721322233692	0.386454393906891	0.122294310322238	0.275812182058461	-0.129070648794581	-0.0553342754197573	0.0664994534740521	0.0951630142864513	0.120799529442583	0.264482327716344	0.128532724116092	0.0927004808958702	0.165991002661559	0.242797432369374	0.177378601592467	0.216291204907994	0.252008214237679	0.484403323656064	0.286757636809766	0.407632793534699	0.361692918966363	0.193824247638252	0.205342105948755	0.282857762761718	0.237347074154042	0.280388988408614	0.238388711087212	0.174759386479942	0.561963207925823	0.552033907515449	0.573568364930179	0.308574490255852	0.440341648641115	0.318459058840746	0.23136423155336	0.0369059612528854	0.311692423779124	-0.0541677266656533	0.454431025202746	0.56184006936958	0.034735245654284	-0.253646519879812	-0.00594921863183008	0.0580777502538445	0.100490233261488	0.388457367572945	0.272355614980605	0.00923653111512921	0.120485136809187	0.341777058436364	0.189056149274366	-0.0881490998687183	0.0886210098837633	0.338518326188054	-0.275912786723226	0.351307993004956	0.170186824159682	-0.0125147924270652	0.13660187888113	0.249130442971535	-0.0541375906766124	0.390130124752814	0.500516002658431	0.155098094025609	0.333389380165474	0.207294653954473	0.233830412431466	0.385195304971363
0.0234807341587296	0.298385221281735	0.216048913655916	0.172701966279792	0.118138053102844	0.102578388843228	0.0773022840917029	0.182288610892449	0.0606457134746236	0.456055872458738	1	0.522462108835957	0.304681140103646	0.248928229927833	0.10373407256548	0.170631001919289	0.360824025680394	0.252368857334849	0.194239149944582	-0.0118875247176871	0.345123333190423	0.309024091836288	0.381713112013842	0.0480652769000352	0.0455699132662728	0.149452971293303	0.171081485698309	0.142249554120502	0.096448346163471	0.0374204301774001	0.143027799688637	0.130638118634648	0.40817233006956	0.179495592707721	-0.0371465512305092	0.162327465204349	-0.0729681117408299	0.0294632708543415	0.0224076787730134	0.0534655746341862	0.0133302272470765	0.24141012336808	-0.0179896967139034	0.0907227521779831	0.0293591708712307	0.164199261211469	0.0906018310427765	0.0163803647707252	0.101341547362786	0.284827994525513	0.105338696902852	0.245451067107816	0.169995861557671	0.0355449615483897	0.0611928243620813	0.128549133885987	0.186940824761971	0.158541535639518	0.131939041522728	0.150032990971199	0.36625533022812	0.34531939984468	0.333965981737977	0.0370993388522588	0.311174070797521	0.220826418161565	0.111198048922652	0.104589294695825	0.19558817720849	0.0763397438115164	0.276518843976386	0.362086629607643	-0.0915494935105496	0.0302922531422209	0.030175101989217	0.100503569417241	0.164749026548356	0.133273591161746	0.124196308333736	0.00402293714150604	0.0052281492274974	0.199865250888971	-0.0453985619958104	-0.0523215054761364	0.162510969556313	0.20628359366912	-0.212895024935138	0.122226987881179	-0.00634686946832668	-0.0525919962094525	-0.00369240173918998	0.0136573730434844	0.076492638654787	0.113795738198005	0.331429859775771	-0.0152252988192972	0.161559611217286	0.0634755562277955	0.201011032751334	0.258046034477032
-0.0224394505853293	0.286442783316256	0.223430748169475	0.180710279699222	0.127087058265478	-0.0641159864184733	0.108233046566775	0.168743677216968	0.0748417110479759	0.606388421125133	0.522462108835957	1	0.465762410360664	0.230941753311834	0.224993575887323	0.198102617235933	0.218418107339916	0.12397821201871	0.276148656758854	0.0499229497694738	0.417236166722901	0.387052915389262	0.40630307470456	0.0990583422531097	0.106241725941138	0.29891971576527	0.256559602352607	0.193075537077014	0.317199820422372	-0.0447649108863313	0.219616622652141	0.00972377868926022	0.415609418245048	0.376844226837107	0.110098807559576	0.160188541843696	-0.0791076620428366	0.142658563553136	0.00437584667170703	0.0681158202637901	-0.0362753187857882	0.016036620779686	0.224842919333527	0.262618959740248	0.231707563647127	0.278753569024899	0.164654544378771	0.025313354812526	0.0787263531762454	0.491245424901039	0.251590568493315	0.37930689763325	0.27943451191748	0.126574600240459	0.0643876645372103	0.0987495063640551	0.12649393508658	0.184542834790306	0.19973033242137	0.104027012789292	0.576293495467283	0.610728062010045	0.482494787094092	0.310083650234576	0.571336449883915	0.309030666024436	0.287703915605067	0.0709823003359128	0.108417982294375	-0.0159592950448657	0.530804148999427	0.568931063179152	0.145605948739754	0.082982890192915	-0.0180897884980532	-0.211268963184672	0.344410022475644	0.250960263312543	0.199966007696142	0.147456369398329	-0.0293028338876544	0.52083968035705	0.0906962758260224	0.118412257604681	-0.00859613119458107	0.253458859595145	-0.251877494141585	0.302548232069558	0.138473946557464	-0.0262432016536917	0.0700845443161263	0.0951361921447679	0.211922072856689	0.154434794916289	0.622403235000534	0.147419290281492	0.281099762412327	0.0731081757519761	0.228437097268536	0.483154618610966
-0.00302645035808756	-0.0206886904428113	0.0978490973281369	0.223112624744958	0.0889305675220486	0.0535131294012241	0.099318302754461	0.347151274097943	0.266086349848071	0.183370473213193	0.304681140103646	0.465762410360664	1	0.0415920847902992	0.0400929894163179	0.196427071791042	0.49819787104555	0.208690172976773	0.263467669365581	0.118476477384373	0.311900218865991	0.229901689894279	0.290058035689489	0.211511361105717	0.0960031127834821	0.305154054700392	0.427672629650731	0.273647074408432	0.162226255711709	-0.0770089099811328	0.144932188970318	-0.0131028073949376	0.509162125838237	0.323872231798125	0.157487477447575	0.224159996715783	-0.143038568516315	0.147652534220071	0.0655447666640522	0.0879556587582773	0.0401479382842999	0.0391880942019675	0.280974832874421	0.354597714881826	0.0940919954018234	0.166869197047617	0.192925275581589	0.104136933242306	0.16624712358105	0.228215442260238	0.127922430146285	0.16740618509073	0.309436782614309	0.24740038575008	0.0859476396818624	0.176676693250869	0.159728597408952	0.140512115372818	0.246930864270184	0.240551550376902	0.245484849746937	0.223323961302332	0.156677214279842	0.269833090997508	0.247544168902552	0.217315646813568	0.170112112547878	0.0917649974702273	0.0877010743279033	0.0598515189134694	0.266324986838478	0.160767603512943	0.139843321774043	0.16450827135412	0.0254988856391305	-0.083391755549184	0.339700311962843	0.13939354184762	0.125613500775308	0.0308872833560356	-0.0743027232715208	0.247300061938375	0.0359778562412904	0.161957028624064	-0.0388152254157416	0.138496690006966	-0.313576265681708	0.289605450482154	0.129326011335312	0.0134576448004479	-0.0124882397220048	-0.0571601566649345	0.247606686689907	0.016201395796651	0.208765936542336	0.0593074057800274	0.186906801934324	0.0539602984562547	0.144007314976794	0.281255650907844
0.553331747808445	0.527155516701453	0.410102852553682	0.34813894416996	0.402522591960097	0.128928805487511	0.319064321271039	0.111181323527018	0.29731966526223	0.211202157220128	0.248928229927833	0.230941753311834	0.0415920847902992	1	0.528302573866316	0.498505375403347	0.1173582760792	0.149295269796684	0.330815039874274	0.233281628400169	0.343480886269115	0.256134674309738	0.0410337418976745	0.338433646303908	0.169816425039537	-0.0204061331569186	0.0478977850115816	0.308240322999171	0.355163847199615	0.187587775563712	0.456799678345225	0.317731310903831	0.146279018956625	0.0449878211837035	0.33928416814782	0.425388412803481	-0.12255552093115	0.0800807867911873	0.175369040270122	0.124354736505128	0.254313871383573	0.387899051114396	0.328422844701296	0.0950717485111535	0.348064320185968	0.213436906217696	0.308735716024481	0.269977750375202	0.336860609964209	0.465340957776982	0.397859159646532	0.442047526871599	0.250974647970029	0.225861654554621	0.154746792775861	0.209284494132024	0.245366467589607	0.421115421068753	0.226905374121373	0.267356875598409	0.348091868868216	0.27795563347106	0.402583394340599	0.170572926768973	0.453733415977885	0.324138153631636	0.475699359361683	0.217685360344011	0.451932157405246	0.112893775359536	0.295473577481812	0.318875856410781	0.123867820118693	0.0482749037517273	0.197243361704965	0.140585002126488	-0.0588903850664776	0.394551084851759	0.40775548029157	0.310002527897301	0.268147022762315	0.320288831692992	0.319013464315891	0.192226280705559	0.298011984997548	0.325100809559195	-0.0346863055678901	0.390341659604151	0.326146747231476	0.153238934222634	0.129341909084486	0.0733792283999694	0.0606666323376429	0.347979143159141	0.309731356165209	0.15722913400436	0.484088509988475	0.328058861031822	0.472125279572581	0.33110451313258
0.353875466221125	0.545592987219703	0.329270102872371	0.555918728364866	0.246355504785564	0.209711549731763	0.474735345682334	0.182827657462287	0.410428560600503	0.27075709498647	0.10373407256548	0.224993575887323	0.0400929894163179	0.528302573866316	1	0.551276857247601	0.158012722003432	0.0816813276682322	0.327372299442174	0.174131221424434	0.382873355820526	0.349687372347385	0.0791839527612451	0.404085552256927	0.168832214150682	0.0904045291349332	0.178824953118558	0.321151947840613	0.280848235625322	0.154031356564995	0.485446743529256	0.297010865618611	0.233295118376235	-0.00959019668430162	0.650131431504609	0.54790108228928	0.0906445717387856	0.235258192495432	0.372052997744505	0.0535014257787416	0.225216068876395	0.360589407266922	0.632503941837671	0.16875141862803	0.493170652873661	0.260067367637913	0.362310610153397	0.478200839316338	0.139028276542984	0.520938167606547	0.242638074478099	0.404996078320601	0.308890838747002	0.186918832591301	0.140623180886172	0.25122108558046	0.296616523990175	0.391577670052489	0.127505073010179	0.319925256915461	0.35471367074923	0.262635280590652	0.442553432176479	0.379663232702512	0.508344736915725	0.525774509748037	0.513954917507669	0.280359169904178	0.50014751515633	0.156883192742799	0.296465983240903	0.475740035954995	0.0805338836287431	0.0489364798221023	0.214469176371287	0.0623060930091636	0.176226160515327	0.442973416187238	0.310873126080343	0.358880711021106	0.157396920875035	0.367204202336626	0.285034813436106	0.346648031421804	0.33287217886902	0.388283429504493	-0.0770784991042171	0.590099347102365	0.467743495353018	0.215297444956495	0.284559994482217	0.125771715907995	0.107002650270986	0.347595049091225	0.426348318447268	0.377389002023164	0.324321884755188	0.413947722264245	0.387448207714755	0.410530981691508
0.591179028557611	0.598674818768901	0.582681815542216	0.607092492077282	0.557343956160663	0.502408055830676	0.612083236797268	0.421791575397367	0.542892778701495	0.268882769815292	0.170631001919289	0.198102617235933	0.196427071791042	0.498505375403347	0.551276857247601	1	0.278160489580581	0.301875389582766	0.564035156261022	0.378560865647661	0.393766503694389	0.255836513833808	0.161590503830351	0.506282634553163	0.367172329987657	0.126782690676795	0.194745304026248	0.23887349310078	0.404083679613668	0.33561326937528	0.782935246046041	0.46227576504543	0.326981922557125	0.174113300885178	0.619090354880112	0.740559686493857	-0.0155464910074536	0.235834772772644	0.449478916883275	0.079238202106354	0.472705187593572	0.551572163574192	0.494738140909602	0.131098519566726	0.560990235383081	0.188839838159455	0.408626810504476	0.602203218981917	0.327687930914494	0.407815263583631	0.595890627557857	0.642885487309228	0.562180364043916	0.565452236587833	0.533034356664678	0.468491038380283	0.576300645309266	0.648537944127455	0.410288778369503	0.535646595024518	0.358548106513447	0.282020114140625	0.519831981532686	0.350150873969739	0.544374344361086	0.498737885437378	0.679753384057151	0.604370027024288	0.710240750378395	0.313844047508545	0.375282781883168	0.37213138944266	0.279547202055851	0.168499216583469	0.530945024008279	0.374607001064334	0.113052475025308	0.326062901496708	0.425519045940787	0.583005608655746	0.367516894341958	0.238332062641656	0.391438826111658	0.30948839007143	0.571951014641344	0.388502567446312	0.0677625627493857	0.726822064749485	0.485196398680508	0.505036601586436	0.290930323645696	0.077779920314909	0.202065228961764	0.388567928664812	0.35867942131739	0.376921087778977	0.453096325185295	0.493023647844745	0.480857412256629	0.360002750287303
0.0229135107977131	0.0717314055704325	-0.0651970715506869	0.150764768649809	0.074523670354822	0.0467814334553748	0.0843277772924711	0.200032721348703	0.226568212841436	0.149540165722611	0.360824025680394	0.218418107339916	0.49819787104555	0.1173582760792	0.158012722003432	0.278160489580581	1	0.365903698605703	0.182365773402816	-0.055503103603839	0.455503740528798	0.0993025249560406	0.28510499413788	0.320689609930727	0.0460804228262431	0.319737356557038	0.49858867338473	0.207476823763195	0.0549921635403493	0.0444413072389749	0.355933761208648	0.0645868711924771	0.40913176481404	0.164506178170353	0.194584750051691	0.16512372332988	0.0163686916524305	0.14743111974851	0.0271186429702863	0.10941159746351	-0.00418296579442194	0.269036840592174	0.298398010124773	0.504516054925285	0.189095111691116	0.19653385032752	0.206693897589056	-0.00567777675723188	0.142290097345799	0.314528000342854	0.0845453748182749	0.160053659240759	0.184115498956248	0.0708635262689102	-0.0232403752060925	0.112278992669716	0.274716229800777	0.0626839524987742	0.288949095731804	0.238179579494734	0.192384607909828	0.15448534590322	0.156390612236625	0.292018469154793	0.17873991942851	0.117216023242121	0.171440731477088	0.261419927116566	0.262661157030381	-0.0421131064614823	0.0917585417409445	0.0395982670497489	0.12213042054554	0.142562412677594	0.182663090074262	0.0280279807880944	0.380875038059769	0.156995378943175	0.0400950241668856	0.207251644935793	0.00287453984330141	0.21948750529059	0.0736682903965199	0.110685492903863	0.058562743225571	0.215313926265949	-0.134844930520383	0.264598922953565	0.195856602838577	-0.0192651369017809	0.00946236471160876	-0.0624316015778274	0.414882781648425	0.0373225768961175	0.188523919172305	-0.0934758091361181	0.24240621198399	0.153887399651948	0.201608931997966	0.152838912763967
0.162281953370004	0.142849479419508	0.155145610786631	0.152701060941089	0.269631402975948	0.199462470980065	0.190217918433087	0.575573371221058	0.335490722991967	0.129803660933219	0.252368857334849	0.12397821201871	0.208690172976773	0.149295269796685	0.0816813276682322	0.301875389582766	0.365903698605703	1	0.305333275908137	0.479928148654328	0.256924810893782	0.0978587871464286	0.0479241324859662	0.402486573285799	0.237434309993058	0.20445276064251	0.339627592722796	0.170063620106146	0.0535446876160295	0.0277679307354756	0.433946982384821	0.110487693136943	0.152565555844681	-0.108100688329315	0.0303337631195741	0.202381257691992	-0.0194381732370747	0.362463487423489	0.000833850918600653	-0.0508789381540671	-0.0289452628044357	0.317368013500764	0.181155892027602	0.109759727148406	0.328779624560733	0.00941495562959407	-0.0203516595230464	0.0977792062487958	-0.0726820851084366	0.193214567733846	0.177484897567246	0.245386471638609	0.117225819003186	0.166435055300866	0.151719181949479	0.145306938879044	0.32006923273937	0.291017405170373	0.264299292025703	0.344427993602937	0.0971732452607987	0.0695388544534589	0.137252394399412	0.0598763085204748	0.216001481233079	0.218555902297537	0.0050934166440249	0.351453107108328	0.388036770569625	0.219959464139977	0.191787396052808	0.0245827947235567	0.255743862419979	0.321532814898702	0.128739894350943	0.352265572406489	0.0451003555371546	0.140121329885283	0.213555294261353	0.108583617542466	-0.0277560685338078	0.124971781282261	0.14355283731396	-0.0385606731189344	0.315023908502214	0.170816801172255	-0.0470376871032534	0.179177285648741	0.274773836962434	0.259772817185505	-0.102053250481195	0.0196473637428676	0.144118205664307	-0.0626074206815877	0.167235327928464	-0.0395163406620457	0.118754451666153	0.125647097800657	0.14789149562339	0.22222302024023
0.335715729808742	0.388931973190148	0.39507773248579	0.478581552589395	0.468807050309693	0.320620345145629	0.444332475781666	0.48598535807245	0.647475069462633	0.258856524087337	0.194239149944582	0.276148656758854	0.263467669365581	0.330815039874274	0.327372299442174	0.564035156261022	0.182365773402816	0.305333275908137	1	0.376016700942416	0.488505047791886	0.214545155319909	0.0904065394785509	0.43987800913768	0.300544366367939	0.274271837693555	0.245270881288443	0.254386561978288	0.389107733837489	0.204657269586864	0.365292056642166	0.475932081283163	0.404873095044253	0.235666850544232	0.344797512078495	0.592767948427716	-0.16592147472887	0.209021099793208	0.251399196162033	0.231485143558775	0.225012378319127	0.315959318398752	0.284312704067227	0.254304484192081	0.449192717355854	0.13804095525532	0.303578576121836	0.43863243681998	0.0739999483798003	0.307153598129652	0.519422389006422	0.529082555932252	0.517158060944271	0.528173435063852	0.464143856279853	0.341510670068999	0.526891414170887	0.630663707988227	0.496045324139411	0.618956172520839	0.260828825174197	0.309066058750141	0.424934881172348	0.239982627501068	0.561322330392581	0.408168896159122	0.496171206885361	0.332015070542578	0.467050480850934	0.418890825504018	0.478316320013985	0.251937779636088	0.230005437470299	0.163003489499135	0.334463552961106	0.351638304880564	0.221817944646688	0.201625380355305	0.470835985939517	0.276264335230099	0.208369559151171	0.26177185793402	0.21768114069377	0.239737072639633	0.448851411908785	0.373323782164555	-0.223914183404392	0.415799289506598	0.262629493859013	0.310083404267925	0.131815222715704	0.19842000265894	0.255599913048548	0.22377243369165	0.261888433814349	0.39768737473595	0.300076100280076	0.268215983983683	0.15603768379304	0.353520044216227
0.274671338649643	0.241966289334459	0.314080470129897	0.195699590085754	0.284372767012418	0.194221376486617	0.206513401965345	0.747311241192321	0.681361000050753	-0.0721491954842724	-0.0118875247176871	0.0499229497694738	0.118476477384373	0.233281628400169	0.174131221424434	0.378560865647661	-0.055503103603839	0.479928148654328	0.376016700942416	1	0.0781440482212811	0.0457900392426182	-0.0890557276652552	0.412879683517846	0.561925413867583	-0.0463251487662737	0.117001489565561	-0.0513368266126604	0.118219431262184	0.0111784026483616	0.361816604023623	0.101706723610438	-0.0267755677606536	-0.143569326253545	0.0379591087275145	0.353716894475078	0.0144031489521644	0.4274967425791	0.110096635438877	-0.153089450124237	0.141633560443359	0.360838961780149	0.0589970634579624	-0.239932136036526	0.382424277168589	-0.0472721871054734	-0.0547872290265012	0.196935739046359	-0.0149094063809963	0.0137519394102922	0.232329971330668	0.250518240348154	0.0927712299000015	0.302563570961307	0.217428347985801	0.141337799692073	0.316705872422689	0.411340936378504	0.199109515390474	0.565213881064781	-0.0170874644918963	-0.152893825441957	0.149769514604114	-0.207457545982521	0.163685134866344	0.201980867256473	0.113936990266255	0.219106185423415	0.335401940904123	0.639611344848598	0.0257878863192113	0.0510083522706602	0.472420568031011	0.530077579653058	0.0608933708885727	0.209654721621034	-0.0631854407160084	0.0869406483493735	0.194137715889328	0.103390282611501	-0.0484658147480235	-0.0549827568557793	-0.00773622693715488	-0.0182377882574154	0.368867205746349	0.0482437190764997	0.134693054061962	0.167659379195694	0.115782244329565	0.464691236353618	0.0462261847132113	-0.112595263437044	-0.0542631126215771	0.0294249204381459	0.045534856256108	0.0496972806355628	0.0237615119253457	0.0724860946001111	0.169255115027934	0.086115795934925
0.19759122280836	0.349333024272862	0.169124075492105	0.436600634433361	0.237330246157079	0.0596640083578815	0.241701900860323	0.242259649771143	0.336998838078109	0.607848409158193	0.345123333190423	0.417236166722901	0.311900218865991	0.343480886269115	0.382873355820526	0.393766503694389	0.455503740528798	0.256924810893782	0.488505047791886	0.0781440482212811	1	0.380530217527046	0.18571859204734	0.355353649675566	0.0321799630684615	0.271399687866079	0.253824219342299	0.226215921138824	0.298719791379135	0.126916632494001	0.353701211718915	0.2851539807038	0.379795787759082	0.321602637719376	0.213908752024713	0.351821741686894	-0.104321079948591	0.0355471478596088	0.0824131933164052	0.0744616814053228	0.0394015200309943	0.261594523702217	0.260296335964806	0.339146509629558	0.29612466094035	0.205473735688848	0.287628276299407	0.198008271858229	0.162724695011138	0.494695874099835	0.267965525263611	0.382537792388793	0.39654104522429	0.205250895680921	0.115601210450858	0.230169147004709	0.300774750230161	0.269146066342985	0.341016531904728	0.318836710632989	0.38706765756727	0.373049926266193	0.460615993425084	0.343672804516163	0.43515717514245	0.369112811859246	0.269282719408607	0.131207185429687	0.374498070480088	0.0748687516751222	0.415376123876481	0.386060960392978	0.137674899355452	-0.0419052909515855	0.0696563387798066	0.16489174191346	0.284324040562654	0.329108831539346	0.234108999813329	0.0881694745355966	0.129472527850316	0.333159362849716	0.0673377837868882	-0.0433697227495799	0.154532336291856	0.356937649592479	-0.298634958825282	0.337057475088105	0.25532625633017	0.0587600605045986	0.12564504501769	0.0706337773562687	0.153187416632557	0.338899477123802	0.42193673582491	0.118511988154497	0.204783261575181	0.111118379012424	0.250199203091391	0.32752012502687
0.00835138881236208	0.247428643093236	0.0611578752056458	0.352141951683765	0.273674603932619	0.160133975745665	0.245321281960197	0.220055170824984	0.165883275201599	0.388688715518441	0.309024091836288	0.387052915389262	0.229901689894279	0.256134674309738	0.349687372347385	0.255836513833808	0.0993025249560406	0.0978587871464286	0.214545155319909	0.0457900392426182	0.380530217527046	1	0.350918953530954	0.0804966306902258	0.107312269519616	0.114624996775021	-0.127693279961876	0.278966121169787	0.223682954330513	0.0202473795873482	0.233901745816023	0.232349458946484	0.379969422328904	0.265721868576817	0.309095312460796	0.330814731913624	-0.0283398807176038	0.155726124656501	0.254813176127289	0.263888243491499	0.264433393128093	0.106684469874754	0.265598109068745	0.156939443427582	0.214715474576305	0.498758303991574	0.416624766573818	0.285426959753501	0.183288034508444	0.419617440097249	0.228809453291669	0.247883598042967	0.288613695631974	0.105506518050397	0.168669152763962	0.179262738763109	0.263699893190759	0.278537721041959	0.0872666624096164	0.133353565381272	0.560533944253963	0.522013700217811	0.44240296843329	0.366212118582698	0.483091842095529	0.422546558016566	0.26322912776142	0.180361283576875	0.178024846891283	0.0661367677373068	0.512819008805266	0.661558587045917	-0.0617029850198797	-0.080568454158303	0.26618072753115	0.198291884345423	0.0220945144262148	0.286503253829655	0.166863704253185	0.0137109397008293	0.249418321680543	0.433919955167473	0.0535441157834235	0.159232076905417	0.276535333777203	0.491757176365237	-0.122441805627575	0.239344485285893	0.238032512434587	0.0632509186848956	0.29458374929302	0.224064074006279	0.0804850925617672	0.497401961567788	0.347315686818633	0.139362622542438	0.235300883613379	0.0833746420291454	0.32551265343968	0.493295522377711
