1	0.56651241794453	0.444070957165492	0.685962314610079	0.685171033801697	0.473260697912083	0.741040365201136	0.461784052647943	0.509679136611339	0.535857843787217	0.477062445941544	0.577031900711273	0.211690013113002	0.731414830979415	0.467118211934212	0.656657487485318	0.404121555860382	0.159176588486005	0.40313910353831	0.4868620969132	0.583501189956565	0.454945052230486	0.487643892501485	0.512225833460825	0.26226735944872	0.434693732172978	0.509424198654483	0.46058515345703	0.396095526205621	0.519277264461969	0.334199652601033	0.319183486835642	0.15123965802531	0.570834151338149	0.637307321471361	0.553374297202535	0.528244194668339	0.235687366411455	0.501765874357626	0.481169270700854	0.458779808747335	0.490097470488889	0.49977602044908	0.516749577322973	0.270148887794309	0.555000157470526	0.601162900434491	0.648474898500322	0.660793101364683	0.544833877076931	0.690735913788138	0.540402847058589	0.681351886447413	0.610473519606291	0.654203743007172	0.658152976561747	0.412164842295018	0.45236948062134	0.426735538704973	0.475642250411023	0.609899954395509	0.365781815847744	0.460676726335281	0.183387099498335	0.615940369345614	0.653786061329542	0.602364511617851	0.369108814315994	0.465151049277128	0.431351649482761	0.496892256776566	0.558491920299369	0.475809841845715	0.4462124196088	0.499737196310827	0.476451192446764	0.580209469510259	0.648477410783161	0.527038242403049	0.516730652431977	0.40044501717398	0.330727884876895	0.532254761928436	0.607120778002078	0.525277007389618	0.442468014380482	0.486084059184168	0.603277938500997	0.511877874472093	0.488283847304956	0.533521819767506	0.552376668619816	0.489771495026575	0.40167910220208	0.375600105730809	0.587004872410937	0.548233665784455	0.680880323977659	0.55410593369462	0.53183346542638
0.56651241794453	1	0.382410913715811	0.469145629556088	0.434120800342492	0.261128475116106	0.533964959222898	0.462715416566809	0.317133256500004	0.266628710796588	0.316088904716789	0.392479323727767	0.181135802808983	0.560431480355585	0.458406481694718	0.484062308173743	0.456941045094412	0.199714083505263	0.378854976045446	0.316769208797292	0.394005872136769	0.343922259484151	0.387359225685021	0.357044308341006	0.0295462788761182	0.138564400009845	0.311305014078075	0.42399076644315	0.259135979821433	0.274348375606448	0.12515545430346	-0.00328956117346215	-0.0126351558151434	0.187754917477062	0.521106646317515	0.359601767530102	0.389980676752625	-0.142926278574774	0.418553992259713	0.368003981574994	0.254277615206605	0.142739275945107	0.173370309579614	0.270328130119331	-0.102614572915148	0.330893138251173	0.345744777005751	0.496174631521299	0.431269115116423	0.3312374252519	0.448922855726033	0.453891509387416	0.415110840673862	0.27666575259001	0.468038963350769	0.440475334047521	0.363750316825653	0.33670771632752	0.396875849839318	0.312683701271014	0.458052610003585	0.345177164692681	0.287601469361395	0.290803284289046	0.355598086624712	0.378907973018216	0.451240808684905	0.404612166489612	0.376149608519405	0.203289778915445	0.511919909034663	0.401575329593658	0.323351184318169	0.266664106854269	0.486325527190932	0.323603841641199	0.369410918010594	0.493832403728316	0.358430115813087	0.380241846538588	0.237187654488538	0.314807551678498	0.349774863299691	0.355931274241257	0.33312110245557	0.189647247009775	0.324503765165744	0.370836855148832	0.323388964683221	0.132005603466399	0.456276618727793	0.438018190424879	0.331105055727736	0.183998893737386	0.121482784515867	0.511832850552544	0.350899707015355	0.505307364892248	0.427324493792274	0.475270761058018
0.444070957165492	0.382410913715811	1	0.470159438509367	0.481273877705873	0.610347120427146	0.475601089899231	0.0174885708051954	0.00363897621485548	0.281005914384345	0.296788489190045	0.349335818949016	-0.0212399322072121	0.321034837231302	0.301439906280272	0.322646118423429	0.182985783377399	0.143565559634446	0.0782203815777655	0.0453675855007049	0.314255065756333	0.274055545194044	0.272937986192387	0.13778583278144	0.0747217694045951	0.0242014133414914	0.313089482368982	-0.0378324591829649	0.0793747411866413	0.440818229928144	0.384546295374069	0.0987933671311911	-0.0127105858013274	0.223319855915411	0.308356994912051	0.330197228736134	0.214353730755072	0.0825120641820211	0.151695078639782	0.188014684353604	-0.0454738070642337	0.103124123538334	0.134784494710579	0.104659861680948	0.0698215035371176	0.155667742798906	0.274081648668161	0.31081222932357	0.126725346257299	0.162097557565064	0.220470081697734	0.359584927527431	0.263466670370167	0.619225593982736	0.264701946298743	0.520402544740606	0.0278777549189597	0.0195631160547572	0.0377468142372954	-0.0394625951469995	0.298332606985712	0.0491266487345283	0.248344015106193	0.00446428236743202	0.313963015095843	0.251052483329975	0.455671308252463	0.135482686196538	0.1110775967994	0.092194851854753	0.179349967313884	0.429739108683484	0.110278619173642	0.0957759346284566	0.482025775305858	0.223932871284195	0.324990379436341	0.185510413617385	0.178838784206769	0.336599215177296	0.403387936764518	0.252277320012915	0.318784062574915	0.447235459418661	0.251190471383696	0.451050554926039	0.244903406787456	0.400440430409848	0.308077264048946	0.282617832658937	0.231466978381651	0.168974362599376	0.177693253481918	0.431609330455462	0.364365201013196	0.115264556102428	0.195846010627694	0.371688957308357	0.273532499564236	0.186479631564157
0.685962314610079	0.469145629556088	0.470159438509367	1	0.655071275785435	0.520718198324371	0.703074493597501	0.274155547629753	0.351243405741185	0.4824094283764	0.345304189682439	0.445166364859481	0.151085832251135	0.546702253703337	0.687470870863225	0.66413480372684	0.357019853814284	0.17779152485202	0.403456569721997	0.281426236650094	0.436697283435746	0.38081112325293	0.347502550798373	0.435789227827179	0.097792659385959	0.319475104898681	0.278113615082917	0.283460492966128	0.34150129768521	0.392785042396636	0.384551869209262	0.200417111664905	0.0282701722421216	0.430793576187833	0.539293527160099	0.466630361738558	0.34817739675288	0.0837864970672826	0.369117141529137	0.325956478039429	0.328760603235725	0.393255371725774	0.380761085786543	0.277857923005546	0.148757766673267	0.331409823769277	0.296865970994247	0.581643704647411	0.551335398352207	0.422105130719847	0.602604087139106	0.36484149665914	0.69284370811838	0.588277982327976	0.66570797199151	0.632902865483758	0.378637300444554	0.323544453576447	0.377163159698877	0.35273192039817	0.52703612196397	0.267468060342499	0.408205161480098	0.194684570080212	0.459361775843354	0.503261547540046	0.516710361926738	0.325422012880968	0.448298378123922	0.324334467873081	0.423836063588023	0.443154524238026	0.371340375314938	0.269935486439212	0.393084238187971	0.276397645301368	0.312994444698688	0.434242293309572	0.326631524413623	0.403821251025545	0.270314598849354	0.317789480494959	0.331689232309716	0.407057732102389	0.329422007535715	0.28204805524142	0.310563127801199	0.479127469115627	0.333754769407825	0.264267388033772	0.368202310612607	0.36952860456211	0.269871678701979	0.245523973934051	0.241753465103823	0.521968548179617	0.511999653695629	0.524635859466151	0.527140790289932	0.4971552539381
0.685171033801697	0.434120800342492	0.481273877705873	0.655071275785435	1	0.728506337915053	0.733519586021415	0.335280168553528	0.429895000915818	0.582307045992129	0.44939182162896	0.620580475657586	0.299667756570598	0.582789829014175	0.562856292686082	0.673607927209099	0.421878760261594	0.277009524851154	0.475444629583579	0.353608500306599	0.537371488160506	0.385596258445081	0.512979753892304	0.392836853217	0.168519395445862	0.446823996266054	0.428274383155559	0.224681788925095	0.274643512348129	0.454785598193056	0.396857602455452	0.291306141758683	0.197440745519783	0.380873257741439	0.511653229792554	0.502019498570878	0.42468422802191	0.276288911678249	0.341328441364431	0.27763321884845	0.281177129863559	0.3244245861283	0.341938847405961	0.300739470217295	0.168250637667442	0.373408469316007	0.38583657847667	0.640497239469244	0.577924770770305	0.477707592144413	0.580234622299845	0.469615555970653	0.644920254358797	0.628450504736815	0.692120356676345	0.65346746480104	0.496329982472908	0.376134317181076	0.437399242770263	0.407075759080028	0.595119126923937	0.317574007364381	0.500157142461691	0.310065419481096	0.56185058021494	0.503874025084593	0.606849395013405	0.432684782039222	0.535992780985711	0.478589355234402	0.479987630833111	0.5562883757234	0.390893811360123	0.349433359871472	0.479793035406948	0.378303616941484	0.447033710750463	0.381109319995375	0.263960297091071	0.520641091098033	0.426660983704897	0.426519658473439	0.295615063786019	0.454916769710866	0.465544067806292	0.355763206090659	0.375620344422082	0.502586278991951	0.396667067023851	0.382117565598641	0.42575921212298	0.289586395863263	0.297565714504021	0.29634549973335	0.325691521629451	0.525863165899898	0.444918006718485	0.586674817681983	0.581095981313757	0.55824375908524
0.473260697912083	0.261128475116106	0.610347120427146	0.520718198324371	0.728506337915053	1	0.669894010028552	0.132533324796308	0.149916348522851	0.384752908559145	0.398256884473027	0.476128664054184	0.223918134483908	0.415479171428974	0.410509983563175	0.461132256375035	0.330267656033166	0.192219326694425	0.271165985509005	0.169702745899965	0.426525835301483	0.311162401586659	0.264298941275625	0.17103062624049	0.164857566530308	0.270227843979671	0.352272585198291	-0.0829906289272609	0.115771568103575	0.427409061569526	0.447536232425618	0.303630719628799	0.121809561455146	0.272009932817154	0.315951943051489	0.348729930483285	0.193360455614641	0.274596100287774	0.0907273585472495	0.0765217285992256	0.0616968734222629	0.189438932239802	0.218458205210958	0.141108903030901	0.187958193996971	0.12652971785007	0.300745777418439	0.41344253583836	0.282359399332771	0.297445786241226	0.314032167676778	0.339851179418902	0.405116632531539	0.7249476435057	0.520119354898478	0.487913571455697	0.246280297124101	0.119614087610477	0.137889036580626	0.0594850458240977	0.4118646742779	0.103476929027959	0.357840150648881	0.222680293476011	0.407304057274363	0.360779218802113	0.410254476784261	0.270199579177793	0.254019382687547	0.288773164913956	0.236919398570514	0.486664368218836	0.158887718100384	0.229033577979437	0.520198241979136	0.298387250492187	0.405833441984943	0.188852230083625	0.116182737226021	0.390310595412047	0.465441744668196	0.518009385396437	0.179839978654253	0.411072607808064	0.407128232445504	0.392823295660046	0.147330112934435	0.310969682245375	0.407543264273525	0.391968023717139	0.130668092855274	0.112220577918075	0.233158985573758	0.350720719296983	0.280355775918529	0.257675403953187	0.244708241695718	0.380457377803485	0.461910922325818	0.322758690833743
0.741040365201136	0.533964959222898	0.475601089899231	0.703074493597501	0.733519586021415	0.669894010028552	1	0.5108658605476	0.565421545432175	0.579730222098749	0.528574159519787	0.630160150490545	0.235734257693019	0.571384803205105	0.459245082529923	0.735844633341991	0.461523095826048	0.189613485730032	0.494516212373835	0.484041300206309	0.600977577550847	0.535860348240621	0.549792981429794	0.534995083757537	0.254488880577963	0.532894706752332	0.52179221854024	0.389520403738499	0.389255265057869	0.38248550996941	0.305311081620769	0.285567551956473	0.0735066543650629	0.548472754778261	0.719399678564328	0.59785185037731	0.545360349198993	0.242001811935619	0.49498541791075	0.427455319784999	0.43355633707212	0.481049288614793	0.432394968470054	0.482836750371279	0.183695985703587	0.561266171925707	0.520492213662736	0.761794810124603	0.635451880491168	0.549282252871249	0.672622755177431	0.39422418473299	0.720657168576291	0.649719679029226	0.801326579945103	0.767192316887134	0.528838179326239	0.554334877843386	0.587127407007366	0.536657375910693	0.701187158109119	0.400036184762475	0.58255871512545	0.285859262176489	0.53830542791312	0.643823135208508	0.651079726065318	0.430128302746771	0.64297416080925	0.475246564713458	0.590840053905014	0.674439591280777	0.576250761066401	0.478697881070813	0.544355365046886	0.518232179423089	0.55941428951754	0.569751703100961	0.489550545394565	0.549825910277139	0.482635507938373	0.44160783389701	0.494929451121342	0.54714719021868	0.505547565327053	0.378943367694874	0.512339265030235	0.643100076557061	0.505811104926857	0.392132998760957	0.530393580213247	0.521750060859752	0.464166337010541	0.379528263756278	0.337986101439269	0.715997886019259	0.485244109782311	0.71114174946684	0.648697608611896	0.601182171621571
0.461784052647943	0.462715416566809	0.0174885708051954	0.274155547629753	0.335280168553528	0.132533324796308	0.5108658605476	1	0.765894412759036	0.360656562077581	0.413010220237453	0.423517641519563	0.238628663994903	0.338268883254628	0.131552011128719	0.560432346310136	0.457746862454112	0.202255881760711	0.731069863688464	0.608951234314221	0.404524252855327	0.464811084347431	0.39149880856002	0.551323956358425	0.256235540823135	0.441628411273684	0.395565349852601	0.511567188494536	0.369206729723709	0.0635916006887428	0.0249146612596288	0.0982961036101483	-0.0545253440732711	0.258025025949891	0.596505131355362	0.440590879934372	0.557018628852824	0.0140178461195155	0.567574347862714	0.440162769236422	0.551244534532978	0.337902732060309	0.403699490698591	0.480959836192975	0.0534245446312132	0.491778115860952	0.386680026471176	0.617286662758911	0.401078559905687	0.513083092238666	0.549382200422714	0.185627653183846	0.451783950873489	0.221267804668555	0.474945777672005	0.440287674561852	0.589913286456021	0.749076491277062	0.693805822854841	0.69766163662164	0.53894719360567	0.453886690888762	0.363449272421167	0.394695601952717	0.287063079078589	0.463310057181878	0.391996723828463	0.563050983341197	0.681053527400688	0.446838368370621	0.609548401086738	0.460112060350346	0.630316045703037	0.515574928173641	0.25347024103075	0.29529185337733	0.377889661785211	0.443169149818831	0.443747872189221	0.499876149188718	0.137853502745908	0.231168718200322	0.359866903477975	0.321901176221874	0.294485540720566	-0.0368637627467458	0.499421640960187	0.451518812114575	0.273212053041441	0.133399165707915	0.545784740739105	0.478160097814099	0.436747676998584	0.153822713957937	0.279063063560052	0.589238152522381	0.345646515169264	0.536765188727449	0.365628926168638	0.629187800181359
0.509679136611339	0.317133256500004	0.00363897621485548	0.351243405741185	0.429895000915818	0.149916348522851	0.565421545432175	0.765894412759036	1	0.565785363662771	0.483216939087713	0.570202355134361	0.297690228215688	0.283516057626654	0.138213068302918	0.641415872013836	0.401990178412145	0.0214005350354677	0.677388020041208	0.582094849352053	0.464252184251795	0.608107146596781	0.526519536799771	0.794614810976756	0.331422681134947	0.620910719762861	0.522602278115959	0.67012166817487	0.480558593078571	0.116586350842146	-0.000275118864622273	0.112786609917322	-0.0229137634797142	0.517977217591549	0.755657007968308	0.642062873260603	0.768774027921599	0.188728118633551	0.738202448541662	0.647980166939888	0.709526021787221	0.519286576560763	0.603684668316854	0.660031813388746	0.114905050190169	0.708843192423021	0.488168409793967	0.773253721670109	0.61748041709004	0.676655357911042	0.587647078426507	0.140013296595648	0.605082008173147	0.268551283775466	0.630901279601241	0.529887295385743	0.564710350033875	0.831743581843532	0.819900086216353	0.921406092519782	0.740061012953545	0.586563579919561	0.544660016282922	0.394986811777748	0.274634562638494	0.642668292606765	0.410405023962555	0.529833170052883	0.855742465735881	0.48273119703109	0.755627656465985	0.555614053126449	0.83732941680641	0.65687547407267	0.149544508445747	0.450221824708061	0.504742789818824	0.558171182742605	0.546004090285737	0.392505505175774	0.0570909863023825	0.139546226352132	0.458834225228162	0.334250347534374	0.26890487466812	-0.0717308614000195	0.712849876934895	0.68767037569809	0.223308291514747	0.16644733344555	0.718237763640871	0.654463557083975	0.524891027794946	0.202615208715698	0.353011678220443	0.763397673314755	0.402817816123266	0.677243415882	0.504343048898471	0.738720337177192
0.535857843787217	0.266628710796588	0.281005914384345	0.4824094283764	0.582307045992129	0.384752908559145	0.579730222098749	0.360656562077581	0.565785363662771	1	0.488432900219632	0.703683401010377	0.347648506413423	0.414942364560859	0.364233810246729	0.640710437728715	0.472353724364701	0.127090711004271	0.435730720259614	0.3880461233829	0.629946582940243	0.602016857145299	0.565143401394138	0.544894343921529	0.458964831167446	0.604267469731502	0.541351673884642	0.426532179546671	0.261950075067461	0.304111264599591	0.345613285468499	0.258320629716851	0.0932652936855488	0.588418437109015	0.593342079329821	0.615686807584734	0.492100500190737	0.234869468476323	0.538677401158779	0.514128224038365	0.540391764177423	0.584500530273887	0.547831174415565	0.463397768717709	0.229039014160024	0.473932389700727	0.533395123037527	0.655732942214247	0.487506197044795	0.680623417295871	0.445021023035465	0.250065252336656	0.57714452300951	0.391694946459164	0.525705967315447	0.45421464574955	0.426391919463122	0.456963985214047	0.448363546082742	0.471123135936277	0.74406445132929	0.39348057092644	0.623224253925139	0.402220745877692	0.426490206235049	0.662988865211208	0.491559950901931	0.518121402231246	0.586056192795249	0.392877696674115	0.640949396883639	0.625470167805413	0.538855080787471	0.552643354289107	0.33911911370596	0.548890453140382	0.502240468092031	0.435858174730794	0.42243815744432	0.445294384743805	0.317660061598933	0.344771726269491	0.443601350917992	0.426659420034409	0.346734225830611	0.282758272208723	0.525150292867221	0.588006094346431	0.37888148085184	0.326747669114806	0.527875448489273	0.533322627122464	0.43241097305816	0.422857423319309	0.421033683699685	0.553084154729481	0.41949806731467	0.724182999418232	0.608564651577409	0.616772761955271
0.477062445941544	0.316088904716789	0.296788489190045	0.345304189682439	0.44939182162896	0.398256884473027	0.528574159519787	0.413010220237453	0.483216939087713	0.488432900219632	1	0.584647210371914	0.206764876626053	0.304337996474964	0.160543372698979	0.387065033430226	0.204732972971211	-0.0904524849462416	0.344426677068706	0.29755875234728	0.344241035807228	0.502581995614519	0.371798648007964	0.406924826103122	0.238575551554597	0.306865126236366	0.339230558735496	0.290860952981368	0.223797157969851	0.101552340981464	0.00713688455628254	-0.0744996906711177	-0.0816697314652924	0.331908216403713	0.524457261724072	0.394176912220592	0.417292523968242	0.089787576613263	0.455217284525793	0.368292184330146	0.271629545923387	0.284213334709396	0.296408778222795	0.328941850035084	-0.0297421681489431	0.314092324723155	0.241332377448625	0.511497930351851	0.350048923758047	0.370509005364579	0.441843452804641	0.147551334889308	0.421465865813255	0.417865015868807	0.492307584472013	0.464522610512406	0.342941881385427	0.501549196524073	0.465764124226444	0.49987471584429	0.610498862748625	0.562273316515775	0.489206197257036	0.340046714849065	0.27187978724609	0.419241935758292	0.346396580264437	0.462202072505919	0.443444122235392	0.255402250719451	0.604486161320649	0.523853726404682	0.499460733127286	0.376043526826558	0.236836174918605	0.2684221682605	0.357399162574494	0.274440949140352	0.305001755016175	0.306439981303704	0.123592905416015	0.156451988093101	0.27884907040708	0.248854516702375	0.0998736199296	0.0660901261121524	0.451354112239081	0.503826862840187	0.151932293741443	0.124562072711136	0.507513728425459	0.366204573910957	0.275100813941622	0.210000835005852	0.374029865892012	0.483549643385873	0.239736344828209	0.460436013921233	0.471595223159279	0.459199407672278
0.577031900711274	0.392479323727767	0.349335818949016	0.445166364859481	0.620580475657586	0.476128664054184	0.630160150490545	0.423517641519563	0.570202355134361	0.703683401010377	0.584647210371914	1	0.440855383758116	0.516237756792442	0.322367248246718	0.590518315548206	0.499189384691959	0.0726385323880519	0.452373570164307	0.524387241297077	0.71120381424996	0.678577063393486	0.667859381626597	0.506731794140878	0.363253982377445	0.574137023852063	0.634862850345912	0.382248395277564	0.208760536472405	0.366162287493384	0.257697248154518	0.252668612133468	0.234048597701719	0.519527587867708	0.588676443876509	0.565741577687083	0.554613627607966	0.283486546761864	0.471424486861315	0.483042097229709	0.415765976685954	0.411213919886285	0.415316061664932	0.466924407607486	0.140019216603693	0.539167524037693	0.513264190228283	0.639302100530196	0.522537557084884	0.484355424111834	0.520359575897732	0.340075562642156	0.462289555292468	0.494554030803993	0.537209738169627	0.582917737788858	0.377029210116913	0.460914869465831	0.436003938477802	0.463564708184895	0.769615309527408	0.45271096912438	0.702103324694776	0.392714058187442	0.417208966654306	0.533127638051153	0.559473176372011	0.512480863640211	0.537792956983937	0.408026923536631	0.676319562613374	0.700510037908213	0.533681560741934	0.609992782022264	0.51239144547482	0.488478690030321	0.594307265405031	0.437083228955615	0.369295339204311	0.522689647821241	0.367264401124959	0.304852661844182	0.501411619785197	0.481737740174487	0.322747582737885	0.326375315622619	0.58167738148387	0.640051959677208	0.419528632486959	0.288065130304089	0.526466043754536	0.506554988941159	0.378992055571501	0.520205676966031	0.457561683795932	0.539146098172379	0.336358907762321	0.666553727078008	0.598364672505644	0.658854414414124
0.211690013113002	0.181135802808983	-0.0212399322072121	0.151085832251135	0.299667756570598	0.223918134483908	0.235734257693019	0.238628663994903	0.297690228215688	0.347648506413423	0.206764876626053	0.440855383758116	1	0.185455273796149	0.195792640414639	0.218239216091487	0.376449552133562	0.0379553467696702	0.224619554987391	0.0972737650922548	0.306723372565448	0.209285122641127	0.227547865372142	0.158818063847991	0.150264573982765	0.284165099607646	0.0699377926315595	0.26042285545598	0.0421422876515366	-0.0227896259227529	-0.0345015429006645	0.00877162583289293	0.206115539771217	0.16993465299817	0.254988421477011	0.146199496033332	0.132653338171519	0.00833072756580221	0.199356848255557	0.201642581272729	0.218879734306331	0.204198299561851	0.0918984629781051	0.0849669610927667	-0.119563870781083	0.156771502418955	0.118740717484093	0.285327959493557	0.233849419444818	0.221937568842042	0.138818325022853	0.0532600393531057	0.252299681118355	0.0580346538173242	0.266933424107023	0.251392363461095	0.315993868937877	0.187603572779881	0.184195543606323	0.184116704930197	0.413019918129161	0.403977952211674	0.462193202696709	0.636303224660756	0.0487079547156788	0.108742618439495	0.00212499538918634	0.472119104561771	0.235623414833788	-0.0605094733946864	0.384730886487935	0.123156862384706	0.169651861164787	0.199066041548057	0.0869336266487864	0.273486214826093	0.0578723782790133	0.161289026170145	0.136927222718088	0.0277317990726601	-0.0604179194637525	-0.00987315707848539	0.0539554878952985	-0.049154926626409	-0.0854583016438955	-0.0792204156869857	0.0898571569210993	0.100041674342462	0.0882386589998952	-0.264746572909995	0.158362633276893	0.218162030628133	0.0649082166250472	-0.0237983041072841	-0.0256709699713089	0.256788112221164	0.127186258119883	0.305767915638532	0.395757664939422	0.39456988979309
0.731414830979415	0.560431480355585	0.321034837231302	0.546702253703337	0.582789829014175	0.415479171428974	0.571384803205105	0.338268883254629	0.283516057626654	0.414942364560859	0.304337996474964	0.516237756792442	0.185455273796149	1	0.591184371403959	0.603405883094936	0.517496657682218	0.385700506068898	0.322728837059418	0.401975221262697	0.51171591583305	0.273811479964036	0.429102601849705	0.334936200048875	0.213113298545692	0.300647727592553	0.467954930482745	0.29636529083116	0.0947080245903608	0.634885322393928	0.453070728053689	0.364125926776858	0.198222353174144	0.425175006971423	0.400701214809976	0.459518931465302	0.324043552837521	0.177733104160878	0.312918956085314	0.2775893956124	0.266294856400742	0.302836928829571	0.325393719948553	0.274760916206856	0.203203620009953	0.392193361690101	0.462301066136942	0.448303783907207	0.546633340484224	0.463784835889097	0.492466858388222	0.600269948025502	0.427136121849181	0.346427832244181	0.38339294427912	0.383755119309835	0.237677631353321	0.229631523679924	0.229744881523387	0.23258168499811	0.466913547708628	0.230320336352012	0.314093298217468	0.135422516446573	0.60970767860801	0.479108084975858	0.606666913385904	0.318144784272233	0.303016666583222	0.325961731021275	0.342446218281337	0.466703614763348	0.242828231289765	0.409659534421726	0.515609893870982	0.442219399958271	0.488689319005229	0.418003093740071	0.296686937644756	0.523656057894604	0.476362093642779	0.369718048788867	0.376206016404421	0.569601310925118	0.471905168699886	0.489265306035268	0.275774580323705	0.402425878502297	0.455076067007078	0.40263205078623	0.336827050546593	0.373450963744345	0.270520186766352	0.375220890964985	0.24117366212915	0.415124193063427	0.481071059916734	0.531379314870496	0.464188877692881	0.442140414099813
0.467118211934212	0.458406481694718	0.301439906280272	0.687470870863225	0.562856292686082	0.410509983563175	0.459245082529923	0.131552011128719	0.138213068302918	0.364233810246729	0.160543372698979	0.322367248246718	0.195792640414639	0.591184371403959	1	0.590710249725548	0.470592783787127	0.324718244899238	0.328281825781803	0.151857967565503	0.373127396780927	0.212635248296918	0.309215682388549	0.250016380725091	0.064156517478852	0.266564417790545	0.204833163883012	0.183746095755307	0.200391355859	0.352021954652248	0.42137925968759	0.187242300880316	0.125208218362508	0.185140026372666	0.295664951211069	0.327311300223708	0.224822712874481	0.00109247970187016	0.183157312665272	0.151898586359489	0.13346495982209	0.12549427682782	0.224050146009699	0.130622894085331	0.0827682776599529	0.250325440343135	0.126730982522542	0.379068841703752	0.440676038707181	0.366752582245357	0.312192662324479	0.362692810483855	0.485856474570496	0.324961582629663	0.426093269759422	0.384167738795166	0.284092030026594	0.0947273450226793	0.165345371362883	0.0937812151720711	0.375905783231198	0.213433577338375	0.261693310291979	0.243557256835239	0.382537791943221	0.342452987415211	0.422956058890926	0.281844662130144	0.32829027180516	0.174954260227575	0.285260050318343	0.291585232556092	0.123098592990595	0.194406661480358	0.346095785262646	0.255042143649186	0.194372183712473	0.373910967493261	0.166044324573667	0.345465715340887	0.324425846144188	0.299227056806296	0.147666424349254	0.308667395390337	0.248414522299693	0.346260247611185	0.173747265267114	0.221521237696413	0.302300566816271	0.18331074537665	0.203816189516976	0.203368742277885	0.183325338243052	0.187264001209	0.0622277245662004	0.330123950434651	0.411592974867618	0.310364859725398	0.405194497921174	0.353357879717338
0.656657487485318	0.484062308173743	0.322646118423429	0.66413480372684	0.673607927209099	0.461132256375035	0.735844633341991	0.560432346310136	0.641415872013836	0.640710437728715	0.387065033430226	0.590518315548206	0.218239216091487	0.603405883094936	0.590710249725548	1	0.675363269889226	0.42928716694975	0.703512491216065	0.49948874788672	0.661159698808829	0.536683381758328	0.597604023745234	0.67563670127003	0.400024513797411	0.645958351496915	0.653129725573889	0.455085686226258	0.425789084906509	0.512365396347431	0.581597192742341	0.42297168836376	0.16677097863785	0.551331658548596	0.668595207684066	0.771065279317148	0.625328691435387	0.311299159807547	0.541137343135723	0.460492907669596	0.530811279285658	0.435806428443551	0.621243624529212	0.526197979037437	0.279251145543574	0.582604150415923	0.560131707608868	0.74008311836454	0.643399226501607	0.71054614569425	0.610576384519702	0.440166326313967	0.661289078641112	0.467716212260499	0.653488204476778	0.617601923404491	0.553719294447052	0.508137142691189	0.546433497307665	0.585914280151061	0.683690808899064	0.367412951977794	0.572449146177861	0.349129927028686	0.585849368151677	0.685863690561777	0.69599832227471	0.48246567712346	0.753247234448935	0.53535458993353	0.6342373385787	0.672248479235198	0.598268138388197	0.618739456069202	0.49490126004786	0.611555112323803	0.564605081972766	0.535536140668409	0.490146737522714	0.606213374704211	0.421318075791988	0.503064271180112	0.464301304342843	0.568219271193844	0.462589978440408	0.339887504059774	0.560793763292443	0.648769629189559	0.500789683725823	0.420376969683201	0.54545167607833	0.546627812744643	0.516689934587723	0.437227535455523	0.365574546237417	0.629257386642994	0.502047806804638	0.748868037229161	0.60071214087093	0.684939082511914
0.404121555860382	0.456941045094412	0.182985783377399	0.357019853814284	0.421878760261594	0.330267656033166	0.461523095826048	0.457746862454112	0.401990178412145	0.472353724364701	0.204732972971211	0.499189384691959	0.376449552133562	0.517496657682218	0.470592783787127	0.675363269889226	1	0.435431949265644	0.581044007389941	0.410281321243225	0.612750902909794	0.417012421660574	0.41329465014676	0.408080240569217	0.343579215810059	0.487345930051162	0.494630013633678	0.285789207758973	0.233536802669414	0.372909557485379	0.526257315358391	0.457772492795214	0.225498644819585	0.336215842285578	0.397003038899328	0.532532426586824	0.359490457456848	0.151440897588934	0.305198110535061	0.250547259210425	0.302933181211833	0.228328360686616	0.388431497852499	0.295606562225915	0.268688787026238	0.371295846152244	0.429440378884887	0.459867426001912	0.502700799844247	0.556314913569075	0.276462550540084	0.29543847516991	0.308343318011266	0.134901590890607	0.286824969265735	0.228204712214626	0.451048911621878	0.241024790643471	0.264966733099259	0.247877019100203	0.481529310569642	0.242408910587237	0.422863550331407	0.363348112348663	0.330277012970332	0.448374181565192	0.441107395886084	0.481023775834727	0.495360475274723	0.315920843666677	0.492912584233868	0.51541178640044	0.295722319171956	0.481478028441432	0.581853171234474	0.520745768876899	0.362474878104422	0.297462810862687	0.333567895125627	0.516646430424043	0.386505141378363	0.493534260895935	0.289151939222897	0.39313618164302	0.352943848032506	0.263956977192611	0.305317845867627	0.306412069831684	0.507582378227721	0.251032731212649	0.269608432978688	0.346061353519993	0.370137763989016	0.315667958508253	0.164501323871648	0.343405664110313	0.326474516246621	0.510559979122496	0.457588954887784	0.568368984906081
0.159176588486005	0.199714083505263	0.143565559634446	0.17779152485202	0.277009524851154	0.192219326694425	0.189613485730032	0.202255881760711	0.0214005350354677	0.127090711004271	-0.0904524849462416	0.0726385323880519	0.0379553467696702	0.385700506068898	0.324718244899238	0.42928716694975	0.435431949265644	1	0.413865952123095	0.157000512372055	0.198713664678858	-0.0768619597010548	0.186256409901955	0.0935445486214296	0.260938474767526	0.121035536986489	0.112292614744027	-0.140998012373186	-0.137832360756741	0.340174912826058	0.599753780457905	0.347204442362327	0.289809135089728	-0.0400491081356026	-0.00988760805683125	0.275761624420906	-0.0514180661551799	0.14110396790545	-0.0927068519570912	-0.180183904527717	0.0149732099501556	0.0371518395403065	0.0342332951965129	-0.0587010787231668	0.201168624243084	0.0272366199358961	0.164466048712227	0.0523257731336039	0.132900426713688	0.141674789834718	0.00872394385314983	0.154935317506383	0.0509343755640686	0.0247455082457394	-0.00710388351288515	0.0824320294587985	0.288579222334647	0.0109992694501482	0.0393911559945003	-0.0363549835915654	0.0183752206023996	-0.131666008009457	0.0164284769258837	0.221456832331398	0.173325105401002	0.0711215640300671	0.308640326172015	0.268594237063191	0.225584187014599	0.241874295735952	-0.0104783769830658	0.0762889947688991	-0.0558062400216265	0.151854865940695	0.329777410738148	0.187291453185007	0.0342713990913734	-0.051372601706513	-0.0863857365038649	0.461687689515107	0.320680321674842	0.413621263518536	-0.058629971874127	0.214630255025425	0.260067788874091	0.192532285416667	-0.139152625405354	-0.0453254534571966	0.279667727182211	0.21022197139339	-0.0818639373499204	-0.097212503685193	-0.00538282244988593	0.0925559949266073	-0.0539871435907863	-0.0335406548253391	0.0336961624147353	0.138017479838695	0.117527912391848	0.0867080856653227
0.40313910353831	0.378854976045446	0.0782203815777655	0.403456569721997	0.475444629583579	0.271165985509005	0.494516212373835	0.731069863688464	0.677388020041208	0.435730720259614	0.344426677068706	0.452373570164307	0.224619554987391	0.322728837059418	0.328281825781803	0.703512491216065	0.581044007389941	0.413865952123095	1	0.496871727073298	0.438602969731551	0.43286796184954	0.49223087446463	0.584005588596675	0.266414329924079	0.517129856239759	0.387977577508459	0.298096051882564	0.322425718377834	0.220931416993325	0.32539236269407	0.222204795300573	0.0917645273513917	0.296779106270089	0.481148514677526	0.557145129873606	0.444497888505661	0.183224167278906	0.407820939082757	0.30682804615506	0.455986366001352	0.266218471619322	0.372565171080784	0.369295953363278	0.195149170006184	0.48715685830557	0.337473796439283	0.569889014391264	0.466496160684056	0.481883679659923	0.541335028278417	0.213444899539303	0.460190416020703	0.241612590401499	0.485188013801005	0.467832197294459	0.676434117292238	0.634650258805622	0.630931182229904	0.601729779405973	0.513753575327348	0.319069258939001	0.448750364070641	0.442686684583954	0.40876271219262	0.424902801256922	0.511017885570693	0.497911541939049	0.757352478073683	0.496296903345739	0.542961667111437	0.490386999031062	0.529963534956072	0.529857664461687	0.335621403843884	0.279677989694113	0.4011143419109	0.349463566023757	0.272453321245386	0.614990499182904	0.225448991488219	0.413550583546751	0.299090789456259	0.326437153348136	0.354281344701321	0.0501656437173804	0.398705625184656	0.438490421422047	0.329022776597761	0.213858060841861	0.442927216390987	0.352145935479312	0.363298609600517	0.192821720987143	0.311661144480191	0.474305926692266	0.359498948375181	0.503609908359507	0.467402979119987	0.640793263354387
0.4868620969132	0.316769208797292	0.0453675855007049	0.281426236650094	0.353608500306599	0.169702745899965	0.484041300206309	0.608951234314221	0.582094849352053	0.3880461233829	0.29755875234728	0.524387241297077	0.0972737650922548	0.401975221262697	0.151857967565503	0.49948874788672	0.410281321243225	0.157000512372055	0.496871727073297	1	0.473087110192714	0.476111527852407	0.515818673766244	0.457685300970385	0.37434693058719	0.499377755340522	0.516085075852513	0.405079904013969	0.290211295775987	0.241720157695334	0.160129424390691	0.339102829531568	0.342568333051466	0.354359279942479	0.450326924971447	0.377055348579521	0.469486336058251	0.358475590026133	0.36458462071585	0.308127184526881	0.406490219343448	0.376417883419383	0.301288645029026	0.392865089859183	0.257737707840836	0.595072204172593	0.419849153491341	0.489446094732018	0.441873314225819	0.361005562508037	0.486037987034062	0.233902993380208	0.348778130390018	0.267647812091844	0.384375803823369	0.443501622653389	0.455739863106397	0.551569440341793	0.474031811257269	0.530526993092543	0.484160270488564	0.399762358942254	0.416331820581253	0.15426986521094	0.32266606388448	0.371789335882444	0.470100994561254	0.292814103107575	0.524401212539853	0.615454690951803	0.474392685169999	0.488359199456522	0.529606893280637	0.611858420878176	0.279156718872443	0.327210466200466	0.452723789169207	0.36537866589508	0.394111944827794	0.510072762311809	0.271423891684326	0.315613349623725	0.365753659433889	0.337291233846615	0.344511975405956	0.136708357977954	0.537953820756174	0.459630040952794	0.260636493250306	0.296788395999164	0.432593675572167	0.385038058483469	0.250924703844035	0.302178795905341	0.297238996647187	0.502360127835844	0.284942751359159	0.533980882904225	0.308471796723024	0.525633525790716
0.583501189956565	0.394005872136769	0.314255065756333	0.436697283435746	0.537371488160506	0.426525835301483	0.600977577550848	0.404524252855327	0.464252184251795	0.629946582940243	0.344241035807227	0.711203814249959	0.306723372565448	0.51171591583305	0.373127396780927	0.661159698808829	0.612750902909793	0.198713664678858	0.438602969731551	0.473087110192714	1	0.493934259757276	0.460775883579427	0.520252134171325	0.412557603196492	0.588551262761769	0.617673144376823	0.367401046042435	0.194409691742636	0.357737881232699	0.520504640274888	0.452761887659755	0.255026041218326	0.491422002252993	0.486316258158631	0.585049556541178	0.459921316589514	0.387110225870587	0.383283087952627	0.372699431725365	0.424264087812187	0.479202249423803	0.605453576984631	0.465461254628161	0.361375748908299	0.495966024986119	0.587646959214601	0.591908525620543	0.516831586558995	0.619801579396283	0.4138535705644	0.368941485036591	0.482584348155245	0.456225245829202	0.458822626887675	0.478466574879028	0.424480805495404	0.362573004731698	0.321988023951976	0.35663856376991	0.640267110735128	0.271416505917501	0.608165010640347	0.346188347690322	0.424305936475364	0.627977060802972	0.570890892010896	0.378136882749097	0.45747313537931	0.397617178293611	0.571411969601242	0.699502991146981	0.467037798301599	0.571349627723459	0.611864077280522	0.536444967641112	0.567502697048119	0.450645575235109	0.447850057787013	0.572341306017077	0.458302211213778	0.559905975085646	0.518547880083244	0.558661436704364	0.474840844198636	0.386642980088047	0.468433767842907	0.526114898751343	0.598673704900253	0.439711765046432	0.40198583807981	0.474074252735481	0.441593528928363	0.511635683977305	0.445060007307648	0.462152133315848	0.3189746366597	0.638374607400043	0.569460617779329	0.619997456369517
0.454945052230486	0.343922259484151	0.274055545194044	0.38081112325293	0.385596258445081	0.311162401586659	0.535860348240621	0.464811084347431	0.608107146596781	0.602016857145299	0.502581995614519	0.678577063393485	0.209285122641127	0.273811479964036	0.212635248296918	0.536683381758328	0.417012421660574	-0.0768619597010548	0.43286796184954	0.476111527852407	0.493934259757276	1	0.605438419738254	0.559837034315375	0.422931112667029	0.560976747200719	0.637207470377653	0.489536985192214	0.348278192053258	0.206007419488128	0.123342641487927	0.161712885431142	0.034838405039372	0.482337358084262	0.665721539839709	0.530487457344131	0.609143054743368	0.320978503366866	0.55964126043143	0.58535974311011	0.549950524128801	0.478386092128534	0.457746494224322	0.59617443658342	0.205761083989145	0.605445857579067	0.548512971849427	0.644962149824969	0.418545287049097	0.441553207573523	0.459532030549211	0.229379712356528	0.428990182528148	0.37087383648619	0.513160995324933	0.446876165835993	0.362283709343481	0.519032286167389	0.53232882694105	0.531325125448979	0.703795534296623	0.430281467484981	0.586161243959924	0.30333119870419	0.285072862507711	0.570655789678232	0.428486906405005	0.374980820381066	0.608287701971791	0.450635243344291	0.601650166978114	0.649462983547896	0.529463788149926	0.623564519226153	0.376742655383529	0.440862689979525	0.584687380337491	0.374789722473352	0.453931269236248	0.395896905799281	0.198271799810765	0.274892310765651	0.532439147538717	0.391739789424656	0.312145666774503	0.167107142009337	0.602022152203573	0.645469078545346	0.286338507794933	0.313650564348799	0.565176877432273	0.583410266510549	0.536516876769237	0.439491204276854	0.457394991788485	0.577044202608384	0.351446184313751	0.708785176627842	0.559879812680529	0.582314988831463
