1	0.714227884778433	0.747798694170347	0.696161878425574	0.732126417959724	0.602618288888338	0.57258643628478	0.38668691255587	0.468965621544363	0.373549692818563	0.323371416073492	0.42445724295734	0.197924791414501	0.682626881718893	0.268310251007427	0.683144883786051	0.341332181648424	0.363529581217431	0.47053934491374	0.421196533782194	0.303327176392476	0.158136490011567	0.214117009883104	0.247856720055901	0.403414208333301	0.353133634806783	0.551315596297677	0.346460381111033	-0.0528748376127305	0.394156801464119	0.494224564367164	0.504694712403597	0.288438618358663	0.406384235041346	0.498806993659015	0.565006128905779	0.259383358190939	0.263455086395109	0.409520602333388	0.512126212761161	0.174000787357118	0.384736180781505	0.493856123258507	0.474203422153425	0.543142295164659	0.276644854074069	0.304087115132526	0.513666593874079	0.418480274706806	0.341551928131884	0.591068922018651	0.642287112150996	0.646642934987204	0.711518463977387	0.563873362907865	0.679086095108127	0.376032215515936	0.492092293272981	0.353623041098276	0.346796072735224	0.374655963043449	0.320925210649518	0.26673352249229	0.42530554191488	0.527722931951627	0.492867713107312	0.662905026677997	0.493086462790769	0.631354676950599	0.492426329451573	0.45735800815561	0.102995935694156	0.223612172545127	0.528299685527205	0.49650941790934	0.475465391056719	0.431043448429795	0.609497812682566	-0.210373120921406	0.44577504143085	0.263821821016585	0.42304304436766	0.191420348982231	0.416452237499231	0.602049700848236	0.523997933750422	0.150725996728225	0.609402871542856	0.389906030197203	0.454747343836793	0.147678521843086	0.500306670069842	0.264999609971983	-0.0136610127022632	-0.00925539884182647	0.514322934611596	0.331079712636931	-0.0123604698587242	0.384620092744874	0.312754432646318
0.714227884778433	1	0.678681303994165	0.703511836076167	0.649731984724092	0.569813227981004	0.482873417773085	0.544932174335995	0.622081061891108	0.461425254056329	0.244996069247459	0.432193052684691	0.208946778188734	0.707825755738413	0.498515271923823	0.717206509602756	0.51550582762105	0.487171045915326	0.598195469211502	0.547796775185791	0.388071181558812	0.264543483814899	0.284773610096694	0.416617782907614	0.556650265643475	0.461117255417582	0.545473508970192	0.369315813100138	-0.123583174470849	0.428920374665513	0.484067851552102	0.50301971295311	0.382172164103476	0.516045938912024	0.450872252809997	0.586387330906879	0.280589636813957	0.290569357295101	0.293591188812093	0.509993961246506	0.24619837116824	0.455423359385419	0.463986759807366	0.458705276864735	0.580401069041495	0.326732588005812	0.265241679108626	0.425495722316328	0.476459570082518	0.425233356517841	0.452880163439082	0.75060992978906	0.601681114177413	0.628558968535647	0.466351443623846	0.644692732007262	0.449884988931282	0.634959622367031	0.536854449804133	0.490178876711699	0.387513490039042	0.379842241606842	0.341212907677481	0.417037674428518	0.52825440403761	0.400116081497606	0.606802374346405	0.51458136064772	0.711852419659251	0.719252806868015	0.5059826726006	0.19308084084818	0.336226120470688	0.595218539360284	0.478812368752292	0.587936742430581	0.450992699721832	0.478586909106929	-0.141312300156988	0.401773123078521	0.238887921804483	0.49772389433594	0.242921611362218	0.279457780802165	0.532467927383617	0.531710179746629	0.292606240331853	0.58109100871461	0.336889198438841	0.472023409251288	0.175544435861236	0.404643883077234	0.355941762062307	0.0619468154013275	0.152219040043174	0.394871028681272	0.286967218953584	-0.0567078719690068	0.363428010798559	0.351283525670911
0.747798694170347	0.678681303994165	1	0.724726858104698	0.711011584207188	0.699311059216958	0.651851304761194	0.454127452914067	0.540185706327044	0.373378206814626	0.344008560571003	0.474453551276955	0.287205411560319	0.691748361521706	0.402670995863156	0.691485761805214	0.449891607679147	0.390822920690917	0.527685440399537	0.476700579075837	0.36846616642511	0.215911020285163	0.225370086515236	0.332560102517228	0.538945737968193	0.46801665664543	0.504071729308137	0.289830336439375	-0.063985555775104	0.429968278903289	0.56048901178986	0.593509374753428	0.367992357817564	0.494734006617539	0.562102926326614	0.581672308115318	0.2835570617186	0.292131035531419	0.40149756612934	0.463878367433173	0.186952776318835	0.325764650908908	0.53289887843441	0.543897105417383	0.521378405248996	0.367768868144812	0.369090439636515	0.524976587307212	0.382955390619328	0.477448230624851	0.582461339486302	0.663097906254513	0.678636280246178	0.799406767953628	0.584607086175131	0.712870190142426	0.462971101738426	0.509198850195582	0.463953128001467	0.447890896377267	0.411504600853922	0.326516520625784	0.33812316153159	0.436743959309037	0.526029513222217	0.585640857647635	0.700153336284025	0.545179222629248	0.682468228465785	0.561165686085531	0.479901080499307	0.180761340052574	0.233593730348907	0.581498141192058	0.479915333100337	0.537752928148726	0.517015645143564	0.620872363330591	-0.0757596315173421	0.499297985264997	0.327262458585443	0.496825615311725	0.279691261431987	0.409807115984466	0.610370972239358	0.571173753511921	0.296273747076803	0.657430560335028	0.437911658339047	0.500441002009315	0.268420212489379	0.475243230224178	0.325521151883194	0.0941393513448643	0.105808526968342	0.555110774356332	0.387474564782118	-0.00830793631671968	0.329317039298415	0.272100931145292
0.696161878425574	0.703511836076167	0.724726858104697	1	0.731242949119989	0.823418786367177	0.797929250946787	0.552035058026343	0.574280682658825	0.51025463700621	0.407042359089926	0.571402919491441	0.39754725363762	0.636646651639337	0.532488907399309	0.731573691280979	0.486241085481129	0.401243208318993	0.496501368989213	0.539390768929074	0.526049367143637	0.2918177531542	0.367708456535563	0.429916018520581	0.511371130557337	0.385365122826308	0.541042643247344	0.281323513068586	-0.108337661091152	0.271608501993681	0.534920700046044	0.544508502860981	0.425719683253458	0.431215811161191	0.585099225143411	0.526233055523257	0.392534805637868	0.262930701928256	0.547601964292557	0.569087782517252	0.235920211842831	0.498397736989621	0.627154855809583	0.560714038764064	0.47013173422614	0.410167678957271	0.470261173740655	0.720321290794314	0.349368752286821	0.545506019311713	0.603551466334784	0.578826454182237	0.789128178224721	0.759706224337211	0.718900952804677	0.85372436848204	0.495709406940546	0.553898707662871	0.485471978193384	0.521883243572587	0.519285072726394	0.513533854896388	0.523639287074727	0.530945630002744	0.469062396399826	0.568482871224625	0.699354538608049	0.517464028457998	0.66050307473023	0.650566295067099	0.596269291548699	0.286560702218473	0.321643818181348	0.597497176100038	0.524499882377815	0.54785974769568	0.428764143779036	0.46228733943315	-0.000477722356393876	0.482697848012604	0.323552897080552	0.522716327881351	0.308789981833736	0.394430403665841	0.577260541821616	0.570082627348667	0.38275338159588	0.741745285104473	0.469577049306462	0.575164530265278	0.435187337822135	0.557727321248919	0.377794355651835	0.1143041508446	0.152789945420721	0.657035297444049	0.365364764844927	0.0383271626027384	0.535443465632087	0.399176235719424
0.732126417959724	0.649731984724092	0.711011584207188	0.73124294911999	1	0.681053575944963	0.614368000091875	0.39008007396639	0.559573820169531	0.480557334303734	0.377862247703528	0.631734791792617	0.411848049393763	0.586953060969664	0.384071308795836	0.670850017129929	0.477681612395832	0.375338704701765	0.478638171723374	0.410030207266529	0.546124608006866	0.269299143071718	0.362941160967406	0.427400727542741	0.456632072264249	0.318994329887216	0.561689996228086	0.193137720308384	0.0424351667652819	0.282459326268199	0.492085956865446	0.521055454674552	0.419763675775385	0.322185423858708	0.524556477969746	0.495251702681482	0.281446521003134	0.162284746825767	0.586965365740762	0.496685862235666	0.111877229029654	0.412690730444486	0.60837379870125	0.553779172542308	0.4416395563259	0.374287850113453	0.366897083251872	0.571941795104407	0.491606779506318	0.457538630139577	0.533592984904969	0.615650927453233	0.69902959412626	0.699936184352836	0.691963459828472	0.715746238148314	0.442023777810942	0.400590494936937	0.35491258363764	0.449085784756731	0.439203598515984	0.489415925793769	0.483755473185747	0.481033246451257	0.398983420414046	0.470350460389178	0.644075688120998	0.489188404449292	0.59441144219524	0.51898305790438	0.522572639973788	0.292311275564653	0.297409238957161	0.520191408198726	0.437188923238948	0.48246458858577	0.408871898699006	0.556311785966587	-0.0293092156531822	0.48831884726803	0.302949760125567	0.47380903473224	0.243950031990392	0.398038579962065	0.524020908459268	0.519682382258899	0.220146110155434	0.734848951463239	0.420081447073765	0.397057343855143	0.378894652091016	0.476120738201974	0.28907545765595	0.168391040987728	0.114991020479802	0.632737183701731	0.329617490084326	0.14280011275365	0.423158874712617	0.339823577566867
0.602618288888338	0.569813227981004	0.699311059216958	0.823418786367177	0.681053575944962	1	0.847182977415177	0.496582143321148	0.557480522465511	0.503611236367781	0.453541079773197	0.591218811019135	0.298860164667399	0.575459566770825	0.501389166819069	0.676737002845023	0.397343857448076	0.3768288906797	0.514945749264992	0.542176099278923	0.457428278945383	0.264266915098344	0.333448724881428	0.432553457781178	0.533792966991314	0.339051212448741	0.556419876829092	0.150844722078853	-0.0463189883230109	0.270799622571809	0.482288861982343	0.482805282451309	0.334297433933149	0.495084618685213	0.632683159369976	0.526414220142175	0.356334646519154	0.239927480263882	0.573384593685946	0.463387545666898	0.201460083242964	0.374295109947972	0.576649831216413	0.533718679034469	0.354160819425317	0.376834381648524	0.49105846206002	0.801134470870208	0.327534174355547	0.497237979572361	0.574554714981248	0.462353743792265	0.75832700712241	0.787929548663739	0.777180127056693	0.781990825863283	0.45049426106568	0.494927054192789	0.477001880935685	0.558195250691331	0.479280197589548	0.554073091158741	0.512421334355071	0.519020222021791	0.478884178463023	0.604567911554737	0.677292350084587	0.513460034139075	0.62059319710706	0.556916435793043	0.531389920004776	0.348365634846939	0.355384029000825	0.562314849565474	0.446572072607469	0.544660060536891	0.43340280674611	0.456075777479544	0.0671713166761758	0.487016561056808	0.347318765847313	0.515171300658118	0.338946326509754	0.364659732038107	0.535021771115513	0.585766319306402	0.278742689216466	0.773007448696362	0.450332688809701	0.516802198202163	0.490474648326272	0.51584551835627	0.352624612960852	0.288091388713969	0.218753532097617	0.722711073911694	0.432621972292633	0.0845158007039115	0.513608122468412	0.393151482663493
0.572586436284779	0.482873417773085	0.651851304761194	0.797929250946787	0.614368000091875	0.847182977415177	1	0.494822340244367	0.588978189044164	0.492742940527794	0.533144335975322	0.591883541776802	0.365894617494483	0.52065597445307	0.330313259924046	0.616473273848262	0.39539259614405	0.305120478590898	0.46681066792664	0.515240205166077	0.532787605941461	0.300256476800554	0.379722530344827	0.416455556552631	0.483412963719421	0.258786893214678	0.554149014122179	0.195969959220473	0.0248282875532257	0.27038497247315	0.457342398610292	0.471905002515967	0.35165755320963	0.49063350848923	0.773528712734303	0.554596714186379	0.458465616091928	0.217068965165492	0.647393070943855	0.486973652828259	0.298590167762589	0.386740477733023	0.583210834623274	0.537716824631785	0.305668060653527	0.466661938825309	0.547464298349984	0.856181192571819	0.366480064743034	0.55853173677709	0.525341833874217	0.367126238006581	0.672646577894663	0.739050726479561	0.721512412494041	0.737619909827636	0.405037277743102	0.491185204459427	0.435654668412081	0.631354055715771	0.525547194581784	0.608039258245086	0.563685747241039	0.512149706291502	0.394583270086532	0.643799135605774	0.648948152658601	0.614110040246365	0.592639563692814	0.546731015957519	0.611855976224883	0.375773935972726	0.33127913940588	0.528245268836416	0.467067606146237	0.500668882553311	0.450451412189374	0.394962954082531	0.214960594374209	0.498556715410895	0.511004781327398	0.537201250864312	0.383270543572196	0.392872730048839	0.477080994404918	0.479922342679864	0.350908436185255	0.791064086594002	0.590193973101877	0.528157603876417	0.594087794803819	0.529533651898607	0.396139242796508	0.336348512759875	0.252514629195979	0.757864448791485	0.491692270253237	0.111329524267367	0.514676190536736	0.546183280679908
0.38668691255587	0.544932174335995	0.454127452914067	0.552035058026343	0.39008007396639	0.496582143321148	0.494822340244367	1	0.731014105985605	0.356492936204521	0.432075513615686	0.529072163018246	0.317086840516061	0.291791822053327	0.328492764211485	0.523083002793216	0.556164007668692	0.655379031547963	0.638475843142146	0.699925044273486	0.43464514823059	0.21953009455601	0.374127550536982	0.651575705932961	0.674188602775231	0.386614129561342	0.540056416156393	0.191429739023983	-0.0944682719132536	0.160598162070256	0.464543081175288	0.445734493027651	0.420704852281755	0.394094859501195	0.451412581324824	0.442114660539392	0.4986420867524	0.371215374790204	0.446286194837454	0.474073225066648	0.113825817016511	0.13183332496249	0.402258233347597	0.51289552056565	0.416592978220355	0.323154291968302	0.282206863978363	0.498417451285276	0.286538747636563	0.349628716978421	0.325050004073198	0.408128621886964	0.545845319039913	0.444879185792232	0.349605037836997	0.501604087392098	0.485706380701356	0.666799334564715	0.569700210533113	0.637112694854731	0.423212191421051	0.439024334866879	0.449300525149623	0.486009867429666	0.348524995533003	0.483540089376258	0.4752589969065	0.612539858369277	0.665546211529899	0.714646822980235	0.545802158970246	0.369849301970708	0.489465824313379	0.66464714769723	0.498588817184581	0.402896911527043	0.475269059260938	0.28060479447087	0.0466152514614879	0.496180845502684	0.322037803514895	0.503292574918997	0.3241410503742	0.301026911554737	0.536734676864113	0.390715301673431	0.416426878012455	0.539007537161612	0.464112004794511	0.448221153877411	0.425204749843394	0.417951314406934	0.416836212627198	0.120913444797783	0.218839677944665	0.39097182570706	0.222392688580376	0.0276138473150211	0.232083763423033	0.288689527118433
0.468965621544363	0.622081061891108	0.540185706327044	0.574280682658825	0.559573820169531	0.557480522465511	0.588978189044164	0.731014105985605	1	0.561291961640323	0.55522704494141	0.661594437660767	0.419499902267521	0.451547919617814	0.342743295083673	0.552028543656994	0.503517480414392	0.488422638457458	0.762799779042401	0.722231409298361	0.583312034555397	0.557932171342807	0.589674144504761	0.745104856160915	0.826357091525877	0.496543749889976	0.687087805730183	0.271546449377955	0.122571137438927	0.313344148957153	0.406653889189682	0.471195763099892	0.404880998593972	0.565760558453032	0.560698572049675	0.53130820633519	0.518793868485044	0.33770939672716	0.505796174282447	0.546415506118187	0.291786743864337	0.305969189707742	0.490274364433627	0.655977944301654	0.375365632059843	0.624841905326077	0.502592366519618	0.530983539119505	0.425367874584484	0.526741669067169	0.337266727213173	0.509345545009982	0.554129252350112	0.575320215217275	0.524942043840678	0.497997371285392	0.496971763608247	0.715844732139232	0.62218143125449	0.881000504627593	0.517104843007094	0.577771317801164	0.577448965050986	0.592064938073733	0.42307645328654	0.523313086523593	0.559164803092137	0.699823591498653	0.782200991118325	0.724613444318491	0.64789504303716	0.570507322301512	0.637852676296454	0.804600878692957	0.466960503710523	0.574101092364015	0.615565164742632	0.377556769111377	0.255634429384943	0.519348937252231	0.458179326976986	0.59970694301314	0.406968827797011	0.390677063943739	0.564042150310805	0.497837675610417	0.397491127647902	0.631455208614552	0.519122042514903	0.557382974295445	0.545331970706357	0.475244836282444	0.562400294428551	0.435965175557355	0.384054772532221	0.571528951831005	0.329550803685848	0.176054815000237	0.509878938204853	0.572924313355925
0.373549692818563	0.461425254056329	0.373378206814626	0.51025463700621	0.480557334303734	0.503611236367781	0.492742940527794	0.356492936204521	0.561291961640323	1	0.562412468477963	0.74257092987314	0.505854437063967	0.425668754498707	0.349721081036306	0.419789173142149	0.329287240667122	0.185195870194321	0.402805140896899	0.378473887123622	0.577915602732037	0.581616853422688	0.460654502845843	0.419493899280736	0.437665681037112	0.404913458383158	0.550328766238504	0.225176876183219	0.18202043305729	0.17588461733292	0.257648924979893	0.273439674959512	0.438559695533737	0.451920223181569	0.442137876968488	0.318862923398387	0.412404244329806	0.10991024162853	0.488179087992873	0.492122327786506	0.392563434463317	0.515050909520814	0.353547094718405	0.408201729130368	0.146074639010144	0.491276046084629	0.5388122865456	0.511896081732646	0.349306053814653	0.633501761127394	0.352700770757804	0.418312069732402	0.543665746751674	0.48355602914714	0.522977599670727	0.397682561906016	0.452756635476544	0.32095524012541	0.132390697120731	0.541239941581473	0.654203548106947	0.628908596410718	0.594694910075863	0.571859451141213	0.243261345895286	0.529101981069455	0.345344511000393	0.399547057420246	0.366709347370314	0.489594899268653	0.578556614139256	0.466698557617096	0.47078742141077	0.513850380739336	0.185784342257736	0.437729400193826	0.470691118524197	0.241065313236877	0.330442041464747	0.225647757468798	0.459700698706685	0.511606396208112	0.342330761429856	0.100755090820893	0.2724165102547	0.391885371346711	0.191560438305625	0.541413450733405	0.404345769672368	0.236947272490581	0.48767441708748	0.481446682257339	0.351041637334	0.384343605893894	0.441296254434791	0.548421527003218	0.356900208409788	0.211147634324329	0.492615874571412	0.53187643810167
0.323371416073492	0.244996069247459	0.344008560571003	0.407042359089926	0.377862247703528	0.453541079773197	0.533144335975322	0.432075513615686	0.55522704494141	0.562412468477964	1	0.626220186299066	0.379916299079413	0.277842883530457	0.161352774408339	0.416509399688014	0.254443170830825	0.324494238277693	0.455810282917427	0.415630165579321	0.487607394080856	0.464446032031721	0.526643566667143	0.463854343733862	0.52473715551945	0.333987813184143	0.54095677614321	0.141299332003744	0.145065825682861	-0.0641879145473414	0.359424976221273	0.324406060339755	0.520390483234885	0.333881445135933	0.41847896719031	0.294068965367376	0.355277212445764	0.219702186371972	0.424217397230628	0.345971430292523	0.277507119964849	0.210591369196764	0.304793747307951	0.465574054590208	0.225589336431979	0.459636331860607	0.45402047602809	0.473723517492599	0.0943802337887238	0.37628591665573	0.397669139433774	0.271809050762662	0.44466041505612	0.472546499426337	0.48618728652677	0.383389923523962	0.348924034335711	0.321448659353772	0.303415737547431	0.48177909465576	0.551605616614322	0.501285184079054	0.519715590672438	0.422763098085269	0.199169969929972	0.415816537268295	0.334215949089361	0.509691838136793	0.380510363717471	0.359046664299488	0.566918672912946	0.457076004578104	0.474426034263742	0.486509261228788	0.309050215961653	0.44197728776658	0.458639570848126	0.222549283432765	0.306720233667799	0.372023412165452	0.476566741042009	0.474881487919636	0.346776585669226	0.234482900608684	0.372892220635094	0.290307944005632	0.273200478687064	0.458480341182619	0.348002782082011	0.452267392622959	0.385898760029246	0.383234276193494	0.38409815274796	0.425991823878421	0.311192998590856	0.514024671315222	0.323832234786829	0.107483919096786	0.233586093557464	0.348892164408579
0.42445724295734	0.432193052684691	0.474453551276955	0.571402919491441	0.631734791792616	0.591218811019135	0.591883541776802	0.529072163018246	0.661594437660767	0.74257092987314	0.626220186299066	1	0.672971783523765	0.325229767142698	0.329092017366919	0.46936849695423	0.589243182836493	0.34268180730388	0.531276008770683	0.516335270509718	0.700923699090183	0.53948154074245	0.630186449879109	0.54547721400993	0.56069476386364	0.401127308076567	0.653666744524562	0.197599217647842	0.202245482978541	0.215969515433803	0.32290997262158	0.46115319293368	0.581713802897932	0.380265781195659	0.463643159189877	0.345379916764749	0.405628665772508	0.171982317904758	0.574358376339273	0.512308208225167	0.260860933494753	0.469452398638796	0.479338849061655	0.539487845637254	0.225693809752155	0.526767092127203	0.565083923923725	0.606708276849089	0.373366050437913	0.564751278004814	0.448061805344452	0.464422171471061	0.617026838996911	0.585325211661441	0.58794995053905	0.531511596030462	0.505072343425647	0.455525078086039	0.294229416386543	0.588252991268096	0.713201114502707	0.745309178528753	0.727832256312105	0.648343696327091	0.302794915457962	0.512256735515823	0.388428245152595	0.517309590961327	0.463344921303681	0.491814911472342	0.667442809621406	0.631004775023692	0.504980201181561	0.594600428714642	0.316323171268547	0.504043367663731	0.503388456910705	0.322544360293674	0.400092044202188	0.369280556443088	0.513149720688551	0.543513162757948	0.39662457204142	0.182301582207857	0.398092102398067	0.42853784430595	0.260485432585919	0.59957760297302	0.485458251180273	0.317913235101826	0.545042825126446	0.501170677489526	0.401384975850822	0.448196451580827	0.454787381373702	0.58433313778994	0.44115138324288	0.259836464444733	0.538512202658699	0.594088103477756
0.197924791414501	0.208946778188734	0.287205411560319	0.39754725363762	0.411848049393763	0.298860164667399	0.365894617494483	0.317086840516061	0.419499902267521	0.505854437063967	0.379916299079413	0.672971783523765	1	0.203647079134592	0.241376751406395	0.184654772455188	0.538625801294446	0.113125011664423	0.168399189213765	0.2535399482574	0.617469051381943	0.378078771517734	0.514195761695654	0.423575283581155	0.295644705440403	0.24115342076554	0.35291948807837	0.14000511577797	0.34498631018794	0.0966063528553135	0.0617155354988481	0.262006270951183	0.549628563252605	0.106944943820902	0.30246306387937	0.218096277421467	0.382423719458082	-0.0211451384479593	0.488940419241241	0.418885303690259	0.22365503675292	0.390212466765979	0.310945795641224	0.307676241748702	0.0946907536531897	0.40183014304713	0.44058479275453	0.369471545306569	0.249009166063888	0.416127510692541	0.258419555193017	0.209519238938089	0.301765272503309	0.316185477357178	0.390572054432195	0.351037736472529	0.494046011133363	0.254002836104595	0.0175060675675871	0.38859075504361	0.602866111017864	0.601688971877806	0.622901126643041	0.515184722042876	0.0917370836439803	0.339258321338919	0.166665403330791	0.213348398611581	0.226280793972247	0.393434234280412	0.529723775320115	0.445830323995734	0.361693843933166	0.301514960876085	0.103618155840311	0.253147010954717	0.225047788405595	0.185933511208036	0.371134473172488	0.131088625691475	0.494615216210985	0.365164955410597	0.208629651161704	0.0941508433234564	0.186640353764087	0.252939050851646	0.260766591432708	0.404337956747781	0.4229584524073	0.0892729372855035	0.456407602128123	0.408394582546884	0.243211329809566	0.287336225049061	0.414796936055757	0.466229225532118	0.379677112891776	0.260909907584811	0.442565152710371	0.454653218048037
0.682626881718893	0.707825755738413	0.691748361521706	0.636646651639337	0.586953060969664	0.575459566770825	0.52065597445307	0.291791822053327	0.451547919617814	0.425668754498707	0.277842883530457	0.325229767142698	0.203647079134592	1	0.540966886428835	0.699901404627341	0.317342000563282	0.313406976908288	0.473705085807093	0.453595381716643	0.28584316369695	0.239575240225654	0.2373708160705	0.177477436957322	0.437335560231846	0.388165365022438	0.395962064232207	0.224862012733352	-0.0750261045044796	0.500009303084823	0.500490781834174	0.482023817619977	0.346542484578216	0.489765488430426	0.397832516292424	0.522638312631839	0.147425310350186	0.239951247886095	0.293950780166583	0.34976265826103	0.178208253334978	0.421242512478523	0.463203643866885	0.396890004871895	0.485756594676473	0.321950317515078	0.314495709429927	0.433565810629755	0.461096498674799	0.376517334312681	0.502911183897977	0.63299687529031	0.581419953243694	0.578651942898951	0.452455636747563	0.569015241331947	0.390680672947501	0.423735734442736	0.414339557963535	0.411279477026717	0.386257994275609	0.346929226610766	0.3062872163206	0.390254098177999	0.478861833835514	0.363940030901156	0.579404834849885	0.404084001548899	0.586246720266553	0.554643209294998	0.367648183517627	0.0980355608809156	0.149312353287437	0.525402125711515	0.324277287626918	0.585191192587054	0.341283592336445	0.433842469157724	-0.0219470421214203	0.337594624080307	0.244759140191321	0.468477689231526	0.224873678403704	0.240110156271665	0.518603924233805	0.464326382847687	0.105456724366468	0.491565889323272	0.281088429659305	0.353167281988172	0.073960976761246	0.336231652056122	0.304326968719807	0.0527584043754444	-0.0101232884863112	0.423527176334122	0.3802394367438	-0.00225715841874493	0.379101930629996	0.320994765265143
0.268310251007427	0.498515271923823	0.402670995863156	0.532488907399309	0.384071308795836	0.501389166819069	0.330313259924046	0.328492764211485	0.342743295083673	0.349721081036306	0.161352774408339	0.329092017366919	0.241376751406395	0.540966886428835	1	0.514748494961137	0.323762381175823	0.290800753888318	0.356598635386165	0.31901073352005	0.23479432773486	0.194079562659617	0.211751315981554	0.175660890191198	0.315102379491569	0.292458368422955	0.218798010880255	0.278982233274466	-0.0333468591123272	0.25735811867767	0.315053327858949	0.34550087355246	0.275430273363785	0.309700986727746	0.172841508841139	0.334411388755668	0.0486448230296778	0.20504511835456	0.211755769880953	0.224502192568274	0.0403807470748522	0.292249512197271	0.408936467246887	0.186658952615233	0.276936822528758	0.178768420399388	0.203925761224087	0.288553125940033	0.228987702432847	0.319710435929585	0.311550721067887	0.489368654269741	0.490122838448322	0.41858224481578	0.304376913961112	0.392951115971202	0.319201468617102	0.361982859927125	0.326237952338287	0.290233316932448	0.391226279986903	0.393285813774213	0.299111839368017	0.264444015100285	0.419896658725344	0.320449667305064	0.353334372276003	0.25156848923119	0.401985732140546	0.487818551925931	0.375548630678834	0.284132203547094	0.147536808495537	0.350849154422665	0.154649897444995	0.400979004321496	0.0953512553340113	0.172864733328917	-0.0277950204156451	0.0926989888614082	0.11200446526097	0.346935315909831	0.225289624442264	-0.0816940084725935	0.232781223110358	0.316102215750504	0.159482963328003	0.283063743663782	0.117266393002417	0.26577761892364	0.168435774440646	0.183343770998601	0.19132327869466	0.042831601836111	0.209951274300695	0.209190528748068	0.215144100247586	-0.0347793531772307	0.32697411290137	0.172474184530104
0.683144883786051	0.717206509602756	0.691485761805214	0.731573691280979	0.670850017129929	0.676737002845023	0.616473273848262	0.523083002793216	0.552028543656994	0.419789173142149	0.416509399688014	0.46936849695423	0.184654772455188	0.699901404627341	0.514748494961137	1	0.586379408670179	0.690870891273696	0.732994389757813	0.595458929841513	0.444651892010326	0.173943780884378	0.290942522871731	0.322408245917103	0.570872019920492	0.475326830423997	0.532417476095793	0.356216670048487	-0.239977814181697	0.411311798688977	0.851736179879285	0.671897854954102	0.513024024681768	0.613918259063599	0.58491169158356	0.784159452682172	0.245787934627586	0.471733275242049	0.534636592240889	0.399149738549316	0.123655123209092	0.422245758175118	0.688138841604882	0.486881546489211	0.726049598254697	0.301863909650512	0.336360218836464	0.547842648571466	0.321764676637001	0.331975978518355	0.485299083817496	0.674162859559647	0.736439447423764	0.662216580117495	0.496271759526416	0.719603291175872	0.47486736339755	0.59236926323711	0.580481934464952	0.428955676410082	0.349659500826647	0.361689109315108	0.34954875002882	0.412156912423913	0.471790396852575	0.51637228115794	0.834282146086301	0.593403417139973	0.756990549733793	0.693189958406457	0.424811381394946	0.059307662194961	0.315480950279943	0.60240476222491	0.486539555198283	0.655918133020025	0.48778951049371	0.521587199767493	-0.203985988721388	0.583842474861297	0.310339532947985	0.59476774568603	0.24712282646144	0.382045657066368	0.660418373575321	0.586696846530874	0.288462451811339	0.718908361980766	0.269719694225442	0.577124359910042	0.221670664534093	0.344273934566603	0.230645648461001	0.0125341957184896	-0.0657968934540602	0.468615305016672	0.197480831588306	-0.0563289410079332	0.327542944149878	0.131729536975303
0.341332181648424	0.51550582762105	0.449891607679147	0.486241085481129	0.477681612395832	0.397343857448076	0.39539259614405	0.556164007668692	0.503517480414392	0.329287240667122	0.254443170830825	0.589243182836493	0.538625801294446	0.317342000563282	0.323762381175823	0.586379408670179	1	0.658647945550549	0.537497895897732	0.495008517918575	0.666971770546843	0.268883863929189	0.421773470097825	0.460194682371056	0.500467820097756	0.441530509707495	0.44285859313195	0.314220951117843	-0.112899273395657	0.326771454844584	0.584522141565054	0.518756900754112	0.563382025864864	0.389834664865528	0.478264587957561	0.563950977685678	0.295693373058689	0.33077049885399	0.541800934911191	0.397144132440802	0.0685459995178503	0.505018048209234	0.615729178910515	0.445463204395686	0.53253936244138	0.35999020708425	0.285050890172756	0.441641244764336	0.341299874940475	0.397352025419654	0.301705969796894	0.470444752748087	0.525970996289102	0.359161933332607	0.268970883087828	0.449937365163151	0.478767542160564	0.497168498848257	0.406820974266418	0.370296531641993	0.418111558860526	0.375430053564104	0.445664110430991	0.421237455597774	0.255284891772501	0.454527428025208	0.549072188828742	0.476630690912017	0.568155420614312	0.586723259018687	0.539553092934394	0.272583366368413	0.36530987171007	0.449234401750341	0.448390514733278	0.490808301840825	0.356989768220938	0.359774673624353	-0.0399150285170727	0.430402859473553	0.431229527149908	0.494733337268227	0.287942955617727	0.317767720070269	0.479793343534806	0.464194428130927	0.377664743236729	0.619311140708034	0.451479218635081	0.408209679962401	0.374183606609348	0.3163027947957	0.266720649098807	0.141445265342037	0.238999055468385	0.313598639070397	0.242017778240485	0.0298896866382434	0.265796413911138	0.218677118029743
0.363529581217431	0.487171045915326	0.390822920690917	0.401243208318993	0.375338704701765	0.3768288906797	0.305120478590898	0.655379031547963	0.488422638457458	0.185195870194321	0.324494238277693	0.34268180730388	0.113125011664423	0.313406976908288	0.290800753888318	0.690870891273696	0.658647945550549	1	0.644398194345655	0.441053316575678	0.356155650049272	0.0860147390127299	0.343676724399517	0.438783400790561	0.545541167080285	0.449778733200669	0.397068197777818	0.130670282246825	-0.291981226097521	0.208791224210374	0.795348509764862	0.5439899613868	0.40364482189546	0.446392033914331	0.378261282717796	0.563145549310414	0.233398855935235	0.477701248594712	0.43685179766419	0.259102259952078	-0.0476343701333885	0.219727073768585	0.531179284996357	0.483003870016143	0.560590232590085	0.233485927521961	0.191647569228746	0.285128415528451	0.0935666414279963	0.183001842645823	0.273410039855357	0.472512660461548	0.462233190970088	0.283213935231613	0.178388404450727	0.35888855925837	0.406936679652898	0.527871971797635	0.532143170251819	0.351875777114837	0.203428280541799	0.215252778151372	0.225191787911062	0.287541645101524	0.256940450339058	0.351816413749836	0.579138743984219	0.565860050924978	0.599155347530892	0.597131531725036	0.351978749146554	0.0751766826782373	0.40774386299171	0.482322701203769	0.539650149006586	0.465351659007567	0.450840441150948	0.309396258608866	-0.182285585693384	0.56505564968813	0.253747376326094	0.478068495890029	0.233366532378851	0.326729356152846	0.555687849970881	0.398183094944347	0.28851313438167	0.515419378582322	0.223875879118833	0.46747680989315	0.141711340613585	0.179882586838983	0.285572853338439	-0.0201980106786021	-0.00626277860800865	0.186612451308864	0.0773877183727389	0.0371319592727939	0.0764885127757562	0.00699372184259061
0.47053934491374	0.598195469211503	0.527685440399537	0.496501368989213	0.478638171723374	0.514945749264992	0.46681066792664	0.638475843142146	0.762799779042401	0.402805140896899	0.455810282917427	0.531276008770683	0.168399189213765	0.473705085807093	0.356598635386165	0.732994389757813	0.537497895897732	0.644398194345655	1	0.705334605474917	0.401213924228924	0.311438570275813	0.418681685666098	0.439048740968171	0.767065298721306	0.54346544817768	0.60423504048739	0.357356324925328	-0.117109643257134	0.372501442916766	0.597303760356723	0.601432231190222	0.471435878364395	0.619427048034216	0.455165868086606	0.587955850178647	0.251324781569229	0.440753377335462	0.395624733393828	0.43182147128174	0.157200377429128	0.237750051682138	0.477831179839367	0.548818639194038	0.555374418040245	0.427509239418543	0.326569783825463	0.405160182994983	0.381218553145625	0.306733680330024	0.267717733116271	0.590411636963702	0.552495194330631	0.515535128095691	0.372519078336412	0.446863296953897	0.414535767327213	0.652947700457172	0.650567033521193	0.631446568150382	0.345679590176388	0.385098277147925	0.373477598849759	0.421473901625644	0.432971913275846	0.460677580511211	0.644318240093763	0.663256860634441	0.779833253848462	0.653140233774936	0.461165791521283	0.280749665115506	0.401912000353535	0.732715589873348	0.451706988252149	0.645362636024189	0.588570681669044	0.438595208468128	0.0459000055164012	0.580773565383617	0.314121891856949	0.590308655130891	0.227949259025886	0.295684592255036	0.665663153360092	0.540746618748452	0.221239159210078	0.537901620268201	0.307165421402383	0.577141470795498	0.310739046252029	0.376688590603981	0.421262796060221	0.188633744483008	0.155235651650432	0.329870316431251	0.198108870052601	-0.0370235077224589	0.2754905627161	0.229369290834822
0.421196533782194	0.547796775185791	0.476700579075837	0.539390768929074	0.410030207266529	0.542176099278923	0.515240205166077	0.699925044273486	0.722231409298362	0.378473887123622	0.415630165579321	0.516335270509718	0.2535399482574	0.453595381716643	0.31901073352005	0.595458929841513	0.495008517918575	0.441053316575678	0.705334605474917	1	0.451403949506427	0.3682333893591	0.388197337786746	0.480476001904549	0.777286210411067	0.452674938083983	0.537420900899355	0.152562236593264	-0.0897363817581107	0.410709578275878	0.444983003749598	0.505693926227583	0.391679526452991	0.494549816320819	0.463969983691952	0.47522586608624	0.395710396021958	0.423098418894731	0.409018130610305	0.453192459290151	0.135608716942897	0.314868541178724	0.482749780288793	0.548913341767444	0.445739188006032	0.407912792427655	0.414977597753992	0.548741999367226	0.372045276801153	0.353277908993177	0.246420069418792	0.497614360683806	0.577884023923832	0.57753895814297	0.436173484121369	0.513943499221198	0.399282854300758	0.623154375065576	0.553379240472578	0.688531998937727	0.428629661227468	0.332177813976254	0.4490560537974	0.422184881074891	0.387917769798839	0.492835709138916	0.551135432876975	0.515264791167877	0.705864091694751	0.646556501031449	0.446767126244613	0.382984044728011	0.474919803816371	0.703862680106166	0.373868207786319	0.551535234827309	0.472195634942615	0.423450460484554	0.00271192568806511	0.482369049476347	0.409140342185037	0.453275154709219	0.234405011419477	0.312320807098379	0.579341142831338	0.525460552051648	0.390006922036336	0.53675749001302	0.396548622726943	0.499945342386409	0.449732233240376	0.470448170984952	0.431779475687863	0.228028057528512	0.234040016672058	0.450691930835867	0.212554914100888	-0.0441702751548279	0.398671849238205	0.30396508159414
0.303327176392476	0.388071181558812	0.36846616642511	0.526049367143637	0.546124608006866	0.457428278945383	0.532787605941461	0.43464514823059	0.583312034555397	0.577915602732037	0.487607394080856	0.700923699090183	0.617469051381943	0.28584316369695	0.23479432773486	0.444651892010326	0.666971770546843	0.356155650049272	0.401213924228924	0.451403949506427	1	0.41482703637933	0.461545103658592	0.485024792678413	0.52151791939909	0.458877832857136	0.468444122013957	0.255960005777391	0.088703411159293	0.219289852101979	0.443775697057406	0.445948067624075	0.54065779803537	0.357203082843137	0.513772098828447	0.423288961030676	0.330343862218122	0.258348166093032	0.611235666628366	0.464823740259369	0.23373153105689	0.509936433918358	0.589094933022335	0.588356065899057	0.318338503915419	0.475780446592427	0.493932457721465	0.567894257531555	0.308573935619914	0.562534767647043	0.325105521997555	0.368145467987701	0.557155362141404	0.44974601739065	0.479221820555256	0.494070581684526	0.420785989829558	0.472420666444582	0.303921527020453	0.551141007956556	0.557077238551587	0.526284810453062	0.617962206398047	0.511185634682783	0.181511094123089	0.52880867736603	0.483614575132089	0.489476487019376	0.497014822400321	0.51638596142939	0.629464179768985	0.374372678407624	0.43720255337319	0.486912561139102	0.419890702341754	0.488735605436226	0.349365865133769	0.36317059076072	0.283404651054201	0.381412762800935	0.538280864008567	0.557907024077557	0.338134454952375	0.4140294872446	0.413091662957266	0.407075584890788	0.303336508145451	0.638404166218397	0.587464180104976	0.370721312440076	0.518103129814331	0.476334055707725	0.381302520428837	0.330057996347985	0.3738477741205	0.562319680567671	0.31239414962863	0.164592774368439	0.443669284993507	0.488386306312785
0.158136490011567	0.264543483814899	0.215911020285163	0.2918177531542	0.269299143071718	0.264266915098344	0.300256476800554	0.21953009455601	0.557932171342807	0.581616853422688	0.464446032031721	0.53948154074245	0.378078771517734	0.239575240225654	0.194079562659617	0.173943780884378	0.268883863929189	0.0860147390127299	0.311438570275813	0.3682333893591	0.41482703637933	1	0.609940617675665	0.436861373833245	0.516434271176238	0.390593939037473	0.456998375166071	0.151749745280921	0.378107506039055	0.170530168147567	0.0838792473522671	0.220146658215624	0.304562838663393	0.363370617249283	0.273665929348743	0.118003981381836	0.398844876618138	0.155178492641392	0.266512214214557	0.327470195817584	0.381658171066014	0.47091431588011	0.271407572259967	0.443589466928076	0.0758983148269155	0.550106446225427	0.555529057589229	0.27079367270897	0.271503604751283	0.413381410802383	0.273060324769002	0.26136133968719	0.284891066659189	0.350667913008708	0.331602926372343	0.198407037555894	0.306694816678631	0.272732793954375	0.165469603193666	0.52729866510624	0.564094155664366	0.435536772618419	0.574449472175484	0.33297695215564	0.176917144531963	0.262586602518588	0.166358639218898	0.321156197488093	0.300422946048654	0.360748890478794	0.544231427130401	0.604139984633846	0.429699870606996	0.513749358974604	0.218921706634489	0.424359181205048	0.417384725426868	0.158473580181216	0.487446760891173	0.243713002545075	0.400778325710606	0.470486813775284	0.423627973401465	0.22104156009056	0.200762081660829	0.352098247956133	0.31841991160258	0.297544634175774	0.358113212149603	0.28032375109102	0.492291168119123	0.378879875317711	0.543087975716012	0.548849209873275	0.495243005343247	0.314038822926862	0.319431760414218	0.306231892445521	0.473048568677192	0.489191302363055
