1	0.466094213412283	0.595504133212006	0.502314998688035	0.660979864048783	0.435489322110059	0.508464370088714	0.204794445342185	0.227418877042843	0.437137674328523	0.0854004525100188	0.30492311112297	0.230153128151981	0.638333406345904	0.317210130069904	0.591846943777124	0.106202606100045	0.187000329600053	0.352807095674931	0.233110095919988	0.43722422619043	0.253385818463978	0.227472918487688	0.211089876697906	0.377803152261343	0.338198381841279	0.228864997127703	-0.0338597085199699	0.0336434582432549	0.495498582038436	0.482460154606062	0.483176598120512	0.327064651728937	0.50088128363305	0.382020749936597	0.56008899239902	0.23874700245718	0.462163841903563	0.358460825236429	0.248790819291505	0.235614573355411	0.628147584794405	0.388402302653879	0.430051246311977	0.53076096051436	0.239494574903371	0.570168779835006	0.475428962531713	0.207777549789563	0.422623349755456	0.541721535558042	0.420822155979228	0.373858841424217	0.524417396602387	0.422871719938647	0.367821917246893	-0.0703766548818318	0.141288064572996	0.232005260421837	0.175573143072355	0.246013133635511	0.0875184493080627	0.00606832164477163	0.0444064851291754	0.652046291369438	0.390694588565308	0.559094768664722	0.157381278677164	0.171282306613833	0.429317735504056	0.0614232078630536	0.248904968958497	-0.0965024293024664	0.327602165067371	-0.188046322366236	0.436886459414502	0.354925672808932	0.287262920658515	0.172263281086646	0.433206727818114	0.467179873800473	0.414002026150153	0.619830745569052	0.561417909800099	0.575056665077891	0.495811731172253	0.200798567528375	0.401546959834091	0.302108982329293	0.552775124870534	0.34623937391273	0.239707581755079	0.516848635610439	0.298711745786258	0.564078656620029	0.390151562679366	0.475869991768988	0.17329996859098	0.271634764925854	0.281534793401278
0.466094213412283	1	0.631737995244596	0.757346586999275	0.185512742716305	0.40356929452562	0.578388355400314	0.357059514270457	0.229334893737039	0.305596695017584	0.126041127280089	0.379708183453006	0.153274618603617	0.474045819268499	0.222940376322622	0.4405668861265	0.17392052908301	0.21878254953262	0.228351118364389	0.304234455967019	0.0816624996445127	0.327688075218584	0.254981106763587	0.0591459900311711	0.278480694972931	0.129673995594146	0.267439030262285	0.35172258165383	0.0183612190668612	0.250676719477678	0.239286998400084	0.150603299460297	0.129671809573687	0.123371033945707	0.488879723001184	0.291672187721334	0.0155174020084844	0.349940147101822	0.162530431193192	0.276891319850546	0.351346494473425	0.417543890929412	0.302875108834642	0.202830722442129	0.371948156157969	0.318210440068388	0.326880831062471	0.441926481486046	0.148748723804051	0.277725242838927	0.166241787258695	0.587672271205536	0.429283266805187	0.478151253471232	0.245857369816098	0.504714334266358	0.238394248335852	0.299512736875587	0.332228091887927	0.260536054781563	0.363420460994001	0.291032627178563	0.295976194376025	0.232424169970343	0.357126021097199	0.265678432138691	0.264336157305778	0.400428954326402	0.367559821762838	0.132090101101933	0.138392471856997	0.292489611864869	0.280601810282909	0.200521809745656	0.15660223514927	0.0802053014475831	0.210412264257877	0.292568277247213	0.173867557922835	0.214350278249404	0.248961736129632	0.194076559679952	0.27222566605931	0.166231575255225	0.176565496426944	-0.0321959244642916	0.0692439658418593	0.315946366691892	0.0232828787102259	0.1781498954248	0.370131465291921	0.237736117253647	0.127103941962193	0.198426171583449	0.191220671172664	0.272243260495147	0.253722441100416	0.409746390843589	0.18450878429147	0.275149195373516
0.595504133212006	0.631737995244596	1	0.828892233630101	0.41689636004924	0.622282767982353	0.788345947359683	0.271516157640422	0.153308002744448	0.283232325075021	0.0270797920964023	0.30830465364076	0.0397441890225929	0.443353454695472	0.156052961862759	0.426430840396115	0.0209988936618654	0.131170739364201	0.228682876851058	0.293756667268241	0.166110982741119	0.344243406699034	0.274822462837068	0.152668551959722	0.222203216061201	0.275188221887065	0.191518813813539	0.330494232222694	0.0659238384330325	0.168269768152415	0.0822411990711472	0.132651748950348	0.0702932613294638	0.187439085543159	0.681926050817585	0.434089693612279	0.117535456606441	0.327869074690703	0.455636066951217	0.383570354940352	0.41248586813923	0.307503450196552	0.313033109878339	0.333301499900422	0.298251242697844	0.398859094851049	0.351776664248115	0.662381973065919	0.214261277008297	0.339165628295214	0.347250863592405	0.60977411414001	0.370983490635377	0.796554556357272	0.382266827403349	0.660700348345522	0.0548711789644663	0.302354577303391	0.343125583111206	0.228016397854821	0.332835944326367	0.169187530730023	0.178967954447096	0.16623616174829	0.370636692388196	0.253869850997818	0.142477705754293	0.304206889812564	0.366288543980689	0.0491876212398578	0.128669154150562	0.2739217044119	0.253448855896564	0.176451294856382	0.121022942619251	0.170375362453274	0.274976893769769	0.394981261183315	0.233803238416009	0.196504438231382	0.306418768877498	0.263634726517557	0.260303556190797	0.144495295719151	0.166429315687671	-0.0394536525551519	0.0762082904518497	0.368217620543703	0.192861754934475	0.19079420801706	0.411857611923731	0.310080792448334	0.281694519448659	0.188635532765909	0.33298047541312	0.387176721442647	0.281836780352938	0.405171196181131	0.162111628524812	0.3487413564659
0.502314998688035	0.757346586999275	0.828892233630101	1	0.323385602561928	0.623812104653809	0.817002027868541	0.398459422130698	0.262572808673503	0.356144999254196	0.0564669296939053	0.41241486723945	0.18045829267644	0.492884333902269	0.406427770861055	0.465607169032574	0.0840639946771694	0.157746659502694	0.249913891612807	0.4248741311772	0.122049049489247	0.352004929982049	0.361979453325957	0.137755042452907	0.311280962096532	0.220600540074147	0.279487956332806	0.377185925108139	0.0342534219222821	0.167551608638023	0.100583890170835	0.111820933213903	0.21717393156416	0.0831360694568863	0.677874142124584	0.331036268656393	0.0517591547479852	0.245603339710266	0.268461263735274	0.351894043488781	0.326929983345261	0.301753583334821	0.283867600370786	0.248220073327278	0.294933366366413	0.355073742655383	0.332105546881349	0.625303107346064	0.225153150765546	0.305923964125021	0.272599928945681	0.684246957461033	0.439170257697738	0.688438163600475	0.327986462684658	0.723819121230492	0.32154126974221	0.498620186214443	0.486371988247079	0.373174048039801	0.454710890796488	0.286362752704595	0.353956213567186	0.29929549897155	0.304457561907324	0.19701973543491	0.155712465219909	0.403447513432601	0.487360075226624	0.112111177460806	0.226462875737548	0.377205706266332	0.392801750279383	0.280002138370767	0.263418281677821	0.172485364164235	0.243583939850264	0.257772553578302	0.209053153507016	0.241289768531798	0.259266643267782	0.234321778637156	0.143848565472402	0.103765808470565	0.175913263355541	-0.121569828269098	0.124200562855808	0.317934586153098	0.158954049694609	0.155332102772777	0.324495375241874	0.215266138965116	0.181436411705812	0.120328882836664	0.264275198864854	0.352404796802148	0.238828946796978	0.429458367122716	0.274439372672071	0.326074710169521
0.660979864048783	0.185512742716305	0.41689636004924	0.323385602561928	1	0.61546871891718	0.356786609860993	0.239327345306902	0.246307127391665	0.32220684887809	0.142695454684892	0.2733412142707	0.23798628934054	0.471851735826883	0.238176163876857	0.481467034930136	0.118451120409954	0.142457528536613	0.342927547509462	0.111255061298713	0.389960851815749	0.369307179805326	0.338444460979029	0.248428256577616	0.273132156953548	0.325391567641962	0.177217420360967	-0.0685403092834986	0.0776470818724478	0.326862413631274	0.349127778065012	0.373631668601828	0.412211320887568	0.453686566681999	0.355622817765153	0.472983711384715	0.224495691650912	0.242918057293756	0.393472618147111	0.180855900731281	0.192599766787986	0.309103883236553	0.321744508386157	0.323890779311349	0.370153085730643	0.337396395557315	0.473542116517908	0.462534356542114	0.580301598054271	0.273654351148066	0.729484773982283	0.345001923168134	0.448181132505069	0.600975168383334	0.790454085791612	0.438168940313212	0.0883096882434548	0.28764397158371	0.358295703464005	0.297349424525783	0.295326115967065	0.186234310933056	0.201031354927784	0.0532359885658916	0.467832770248956	0.422274424556519	0.437611942398679	0.0496508806190858	0.189018056065575	0.35332537465444	0.160835815617093	0.403763413284255	-0.0669685974776356	0.317799486424978	-0.0667537528931913	0.428190975827473	0.289237356007466	0.238571834213032	0.250699878066949	0.367735018319419	0.296307206499137	0.391458551093657	0.388938855267514	0.515399520943459	0.475700789816466	0.376560365197278	0.273887283818028	0.486414704282506	0.349337171412357	0.442019346763893	0.227237722895109	0.198344211580989	0.351853090724991	0.293091919850666	0.462093997504236	0.487885406996334	0.474039954291953	0.167207602320906	0.24053775830069	0.312043492267258
0.435489322110059	0.40356929452562	0.622282767982353	0.623812104653809	0.61546871891718	1	0.671185234870595	0.26220669017148	0.195666005708778	0.356109519290025	0.160183837253321	0.365252486363951	0.0554187761717209	0.448097820811465	0.440922883679704	0.418679542544594	-0.0174104816144118	0.116726494417928	0.260093411617729	0.354426213397773	0.185148626394668	0.436321706666465	0.383613810299615	0.184205587047031	0.281966957145235	0.214556093044597	0.306904065687245	0.206362626632998	0.119517292067238	0.152389773700316	0.0852240794265515	0.0375551766651504	0.239047842826	0.120501763145873	0.602386664071117	0.281528468100761	0.0989235577650195	0.111168612276599	0.355447288125805	0.217421395670511	0.316512377674171	0.179607936503929	0.275806719726996	0.193109019228576	0.198536449003277	0.409836376093845	0.406059408144984	0.772906401612935	0.4624930472492	0.291862331782527	0.465286257384724	0.466232714541242	0.556412594729165	0.794927850625584	0.621459673824118	0.659797312562317	0.344822038176068	0.500477809513402	0.453785966576144	0.359447473646656	0.433197520422858	0.355739749706901	0.382339563150027	0.290493934183375	0.383886566156351	0.333164111649995	0.209978304058812	0.281775101057644	0.442989724208977	0.157116483670268	0.244798511141266	0.478046492687651	0.347802155971814	0.303230710900254	0.190488307811887	0.267069304964325	0.293367735200605	0.275418012037533	0.307905120535461	0.185151740362872	0.116960722890621	0.193553699653408	0.150808968076636	0.123486211875291	0.147166504397419	-0.0535324817012844	0.265532683474678	0.423859903671063	0.340201755186133	0.146001939321455	0.265428942111534	0.194246499664946	0.128203422185009	0.192615188150964	0.25234347223993	0.552823445420611	0.355199295513082	0.338738517287042	0.288606747729318	0.404304738633334
0.508464370088714	0.578388355400314	0.788345947359683	0.817002027868541	0.356786609860993	0.671185234870595	1	0.256216915409388	0.198813850897372	0.287770282464096	0.0408185817970561	0.334114957824168	0.132831334864224	0.3481047170598	0.190270047916307	0.338897406274266	-0.0494100153750158	0.0361319100026126	0.185289147629747	0.307445801898385	0.130705683099905	0.210799867057128	0.350232511096505	0.108994103364289	0.19344385175901	0.0971638922791668	0.0518176327935709	0.285643726599263	0.00788450376997347	0.0489187353566137	0.0182148429261896	0.0411423867374047	0.180614532030064	0.179050669978518	0.778323600641728	0.255318559531976	0.0785094028890589	0.180765065915078	0.383024997438626	0.323195027678651	0.318256496310643	0.16681761724258	0.217496681708809	0.236904821313736	0.146018088430562	0.291868188123109	0.313264804649681	0.646879418905557	0.159540362453179	0.194844767925576	0.29468671603066	0.537545482106689	0.3081309283698	0.696298882205098	0.35806493758047	0.725890414709131	0.183804244836685	0.31874708935282	0.321763512913196	0.264109275521675	0.320352495339764	0.287538522095947	0.258583226103799	0.302302230831662	0.180208254133065	0.190683913697003	0.0845473402946321	0.253580901009199	0.341287644318094	-0.0235390922968368	0.0785950832740202	0.292790415861478	0.216476310584455	0.0725586825230531	0.0391644534038757	0.130730769537409	0.104727904166215	0.182812475979265	0.154611097097714	0.091986104695237	0.187782403646916	0.0742938722006058	0.130853189604853	0.113350355236634	0.113517929312174	-0.0200906690888408	0.118609754814779	0.338536963575153	0.16510910406519	0.125414785643386	0.340718020869818	0.241901786452911	0.195484015303748	0.14462399083128	0.252601744902758	0.357054986788126	0.185990827760238	0.273524285792973	0.164110729537786	0.182970762022114
0.204794445342185	0.357059514270457	0.271516157640422	0.398459422130698	0.239327345306902	0.26220669017148	0.256216915409388	1	0.705637112010572	0.537654305452228	0.510366611383954	0.723047628138165	0.70663935797523	0.46412245081674	0.406188477480578	0.583756854493897	0.473936271045738	0.717511859030324	0.72384050536363	0.696903147675017	0.429288442752603	0.388964681020414	0.661951843713404	0.380868608380744	0.669606778984706	0.428448097869091	0.341212586889982	0.238872269272999	0.023600451250483	0.141345899556666	0.413586779425715	0.338321856389379	0.465422043118207	0.148446880743773	0.353661379619699	0.555294588618091	0.266920334651594	0.384234421156791	0.326030523726019	0.260844541373412	0.0998576546755605	0.276167525324754	0.459563532468028	0.269080814708831	0.456890879331258	0.387963346565609	0.433609413341811	0.273286192866036	0.276777774952864	0.291884485887839	0.377510032445444	0.551146646793243	0.47524163121029	0.290456207674008	0.32562749699781	0.396524996995116	0.280094892830722	0.458280090245302	0.557616664455542	0.598626726603715	0.660286060172522	0.585069211343099	0.398457723258189	0.310770944657685	0.391060319126574	0.268526449498827	0.413297628773025	0.719382026319105	0.611378230463261	0.442290162564449	0.525393159733111	0.524409995265795	0.433698168149321	0.574829053189497	0.426619515549885	0.434541432873153	0.207427002938982	0.284850861837386	0.147860467517156	0.655508153430744	0.315074983932499	0.447781673620157	0.273700757555809	0.335549211068845	0.386745155030705	0.0310142041923795	0.359244655877882	0.45766289965004	0.420112924272693	0.446179947586028	0.230216475891293	0.198584456992344	0.366658391359086	0.205559460769619	0.418259185313877	0.294716334658129	0.247578602504575	0.38433130086065	0.377310392704082	0.467667647399219
0.227418877042843	0.229334893737039	0.153308002744448	0.262572808673503	0.246307127391665	0.195666005708778	0.198813850897372	0.705637112010572	1	0.610974364436966	0.405270774959718	0.664022004888958	0.579223398705194	0.50050952114404	0.337508506816626	0.652591290802697	0.455011128730031	0.493933677330958	0.716862823135614	0.618177797182427	0.459971883158113	0.319091390385626	0.560123668853723	0.439469524610323	0.67381129894908	0.441559309855828	0.476044290219877	0.121346633540987	-0.0768744490868201	0.155422521342503	0.472543362977109	0.444571592246156	0.549507779051182	0.384454571002972	0.363447077064798	0.5536149391681	0.251130168463918	0.401991771157756	0.212339279061018	0.314516465260638	-0.00124428400166701	0.336599952168928	0.456169641523492	0.397057234917433	0.494729322313416	0.296268031246861	0.43681526005487	0.175439559015169	0.241437902738791	0.281425034798688	0.290591231024738	0.391438098938894	0.387381541037442	0.238900806288366	0.25048423642722	0.325625170831516	0.299950740028856	0.441740568273664	0.671351002882127	0.793161615196857	0.637909081535565	0.503835533537343	0.459355080203958	0.283591875236858	0.387798890590833	0.181599976166379	0.463602758116107	0.501386539629841	0.675259855834736	0.440134609048356	0.517401626054676	0.496407980478712	0.358900427297344	0.521853389336031	0.281670286559674	0.46232872970682	0.38056397441887	0.119354369373404	0.0822876226987713	0.573235303828114	0.320567422798782	0.454458500812969	0.272449196095807	0.399971790762871	0.36540447298117	0.15772072670323	0.300929216317258	0.406315750445205	0.412975505767058	0.472063321033865	0.0523311482898157	0.12879085564923	0.379362563881732	0.23315884552878	0.393154203681187	0.144973301199037	0.277963752479677	0.200231844765841	0.426969231198718	0.370112723620777
0.437137674328523	0.305596695017584	0.283232325075021	0.356144999254196	0.32220684887809	0.356109519290025	0.287770282464096	0.537654305452228	0.610974364436966	1	0.400998118439973	0.822027456510682	0.564325907876462	0.493954702613583	0.451341280630043	0.621731340607313	0.430721026236445	0.391758895475404	0.554385473717321	0.537131777300058	0.663454146566146	0.579245599534596	0.646640187556392	0.271981888328912	0.641214146644377	0.570835356757996	0.603727580742339	0.235586900816426	0.211909518115462	0.381753325869175	0.488469437839679	0.612647349871555	0.558337371312516	0.466225212404045	0.321005176488099	0.479542318490113	0.129819394302784	0.481606883919168	0.221070956913467	0.442365915053103	0.328132714270407	0.641210565692718	0.6016776247024	0.555048502549386	0.596572359045822	0.455532850601223	0.754624397095511	0.360833637161584	0.176073426047128	0.601819499798	0.372283524183443	0.477541287959003	0.443048607502687	0.297892069495723	0.250849971618283	0.308040790851433	0.275829427224245	0.397522899613424	0.484387381040598	0.503003670090407	0.684658310194528	0.469433299218773	0.435001013454609	0.436725973760939	0.545759121919953	0.323343404445984	0.545250833370002	0.519468418839054	0.528335553139858	0.631304655831051	0.53329273951934	0.662455017136209	0.314295656808042	0.684616827077211	0.157150282604669	0.61009490581216	0.502812188567247	0.412276018455364	0.303409155700643	0.572428090661504	0.466645135715309	0.54190118798189	0.485177897556368	0.454295203409302	0.564878949780131	0.354994744023447	0.1583529776404	0.40385971717133	0.580068267671737	0.581394359141478	0.0938063327341096	0.268717168943081	0.555402253111329	0.389038769842719	0.647747567258068	0.194913601331489	0.37386186363441	0.360661214958847	0.654374225302119	0.581781313719366
0.0854004525100188	0.126041127280089	0.0270797920964023	0.0564669296939053	0.142695454684892	0.160183837253321	0.0408185817970562	0.510366611383954	0.405270774959718	0.400998118439973	1	0.555636650806678	0.504106262862526	0.265588068630453	0.361878137425501	0.392287303236354	0.304451990884114	0.356726999936328	0.401832590562943	0.272463235740898	0.400115171516188	0.364678356601197	0.593249729275295	0.233302217533603	0.440400756171112	0.207777638951793	0.32122631077985	0.0713459638241051	0.0682863688568422	0.116692468296187	0.295724357692219	0.210143644305715	0.398797274138437	0.206295275043856	0.170667443579069	0.213051964339255	0.156002226489762	0.236632025545766	0.206523737357491	0.16388708563157	0.0010446343097765	0.16567167284251	0.451212394194834	0.105312114628668	0.256825106651277	0.278376297273019	0.443333422327916	0.225329323992652	0.234752395694272	0.287484038536999	0.30231525540359	0.214689586244291	0.293710773800073	0.198092271340462	0.218807844176682	0.270285262042768	0.265084888708434	0.2873265714984	0.348207597887622	0.303461487683637	0.526433407935416	0.461395595875362	0.42467067867042	0.388182531410134	0.29905536612497	0.182465088620748	0.337736556107819	0.359331865882054	0.332638746682386	0.353101283317384	0.336070824450693	0.484373384827319	0.355547774617874	0.304408509502484	0.105081916868447	0.305492571047055	0.140382973668793	0.0946114324330023	0.10557676716878	0.36990368240417	0.173315465092336	0.29513711972266	0.181319999693336	0.253061476134778	0.203756231585159	0.0743760512880869	0.259687109234412	0.399248419068883	0.405920520841865	0.249235785543092	0.201927006973781	0.215717915729131	0.159317454939923	0.132766430575436	0.358477269697682	0.212007244235947	0.0499237395743565	0.206866015367982	0.304187824624337	0.269830108680881
0.30492311112297	0.379708183453006	0.30830465364076	0.41241486723945	0.2733412142707	0.365252486363951	0.334114957824168	0.723047628138165	0.664022004888958	0.822027456510682	0.555636650806678	1	0.691279186891338	0.479951129192215	0.432489097572069	0.635175413954374	0.504018309229062	0.518056764238737	0.660584386138765	0.606559848850089	0.557948572510296	0.559408811134615	0.750506545647987	0.227084441699465	0.646732802737967	0.452115971182352	0.539209435291864	0.288663267339428	0.123226743428448	0.296790407289728	0.449336084410561	0.455940146110898	0.59334821431163	0.341166973691984	0.309768987857931	0.39966094894313	0.0272644364293616	0.338949024184234	0.114888939926359	0.333078103493953	0.182195040897113	0.428875307172423	0.458572123042564	0.315962660777457	0.448395011845122	0.435056814526355	0.652543149164569	0.310485992267428	0.152175954699398	0.416716312362091	0.369015456970047	0.526477482888243	0.443013788187112	0.332133923043093	0.282271667121341	0.340921231194363	0.372684292772716	0.480852431752381	0.557049127088663	0.572918454478546	0.784800988919429	0.612244686322372	0.504018093561889	0.502285434520327	0.50686173921671	0.240960678474781	0.503297354127424	0.648083654939181	0.604157176372252	0.55939896415008	0.58294874016388	0.696400370099296	0.387106934081042	0.605175185226106	0.24141778761619	0.514020345121721	0.418753570783538	0.379869752231121	0.221323662731533	0.590098591053219	0.382567905704714	0.535845939357338	0.353686865164172	0.369127996907122	0.437730765285159	0.233363759605256	0.0905562026731961	0.393591151261833	0.494939444418029	0.430725046613845	0.0695642725900601	0.224412566097578	0.364813949699984	0.232450272141438	0.524318071107701	0.15927625004498	0.271328520796689	0.344909402299878	0.568399552644203	0.530886950388191
0.230153128151981	0.153274618603617	0.0397441890225929	0.18045829267644	0.23798628934054	0.055418776171721	0.132831334864224	0.70663935797523	0.579223398705194	0.564325907876462	0.504106262862526	0.691279186891338	1	0.388301184590195	0.355551429988619	0.537039177700366	0.570039844918378	0.595657226165391	0.608705499961345	0.520796692091669	0.543548616920859	0.335025576739103	0.540474923918663	0.311012351515016	0.544204034812329	0.378948111617699	0.359428745986909	0.0212284915938029	0.0495256849270461	0.307961010909541	0.513122267937086	0.470181300929231	0.687517705042128	0.307139564179153	0.16145441299827	0.38675928596881	0.111088522063079	0.312618153209822	0.132016456382075	0.236690735845215	-0.0562442479738317	0.347180416465144	0.392375651049092	0.288547854960353	0.366562001113638	0.221845372357731	0.451694696074047	0.0502527960184972	0.129878889198496	0.246148524804623	0.295858980096156	0.287093632299319	0.242238316797291	0.0778885521701474	0.188743213772396	0.194193301493528	0.141837221627593	0.311100012973828	0.411255819480923	0.457034999665193	0.580933502978663	0.406989601233286	0.310323010648704	0.348926203496805	0.392288600819361	0.205838718470203	0.485753917341347	0.524012742770555	0.397467977964881	0.524611266932233	0.568133296957513	0.43077344185031	0.188188522597921	0.399174196744132	0.185506531078548	0.529181916205253	0.29909605297183	0.180632917943499	0.112740906571055	0.618380818972006	0.327787315498685	0.44793649743619	0.30117390031917	0.445165234514666	0.463119108916815	0.306540682160437	0.189271950113528	0.350369857912628	0.423087404954211	0.464134889624029	0.0803576414250935	0.242680755958174	0.401726193929254	0.215615807271874	0.487434642196915	0.0963448280371593	0.194299988233116	0.169090409976263	0.441633436233627	0.350840091253175
0.638333406345904	0.474045819268499	0.443353454695472	0.492884333902269	0.471851735826883	0.448097820811465	0.3481047170598	0.46412245081674	0.50050952114404	0.493954702613583	0.265588068630453	0.479951129192215	0.388301184590195	1	0.594107453307383	0.742358074303993	0.316752026219665	0.333669373812225	0.482872779579327	0.434874192725327	0.388068223536552	0.410198719199545	0.398882254113309	0.277880485273668	0.552327383208501	0.405699646326672	0.488726765360064	-0.0368134639216951	-0.00636020127959087	0.584391279845022	0.52689900534135	0.411586161154647	0.377490193245184	0.327900793672615	0.352686571036472	0.503649325807861	0.294653265470512	0.41499224640054	0.208968116285114	0.239508522368836	0.127756450403079	0.535619756652012	0.395558984740458	0.379501226368008	0.558952947086576	0.313659544519329	0.521458524975281	0.371082340936883	0.35328159158263	0.31613703722872	0.457253930668355	0.472038167776963	0.594269121959846	0.459450212122889	0.393835733399012	0.428975610447514	0.283077996933896	0.424200602539723	0.488287413624267	0.461438695054322	0.518495726514207	0.301545624598654	0.2484096599543	0.270970777977925	0.658147699763762	0.360601040483029	0.623120110181107	0.459429652243411	0.464226519246635	0.562646352330003	0.371849477693767	0.482941461537512	0.212571880445861	0.509866770244347	0.185888296659687	0.500969016599285	0.497741798940388	0.359977578407239	0.152852605943023	0.602753468265158	0.468915619060611	0.528730821877764	0.453718194141684	0.517451336821023	0.535169493080147	0.343847314597464	0.311883020372249	0.494653090428908	0.389847602401496	0.50832941013976	0.255780176985959	0.231221740515729	0.417022559453318	0.369368949310462	0.495906016341339	0.374025047111759	0.428198341822333	0.243986083549645	0.338220588396164	0.495748355521081
0.317210130069904	0.222940376322622	0.156052961862759	0.406427770861055	0.238176163876857	0.440922883679704	0.190270047916307	0.406188477480578	0.337508506816626	0.451341280630043	0.361878137425501	0.432489097572069	0.355551429988619	0.594107453307383	1	0.506477126782964	0.235713430797023	0.250341984784763	0.372304943736564	0.494707882995338	0.302290656534263	0.288720939530189	0.401863028261035	0.170854613176168	0.503920638497333	0.265785537609366	0.534986890340518	-0.0156113986576406	0.0531837344676918	0.34985360467742	0.323773829936091	0.2309229418809	0.437942226180819	0.0948356070932308	0.218013088450028	0.258107059404126	0.156558704276982	0.201553787110421	0.0944728371386477	0.135777532299393	0.100863533197188	0.352720638043752	0.368524308609315	0.138666157441559	0.408979464723723	0.157176296862256	0.439755127797623	0.409427741351335	0.275493427228296	0.352886450709902	0.291531146083324	0.350336714150231	0.57652679988511	0.331447314133943	0.29842384650329	0.357872393552071	0.419242366588695	0.462112342215569	0.487574754056373	0.408270728847254	0.554617813459742	0.335399696355882	0.417033189742055	0.374570432516329	0.489197574554939	0.196840435641329	0.381941589766414	0.410028706916621	0.438831981792072	0.509017323495156	0.477198369230317	0.570228601256864	0.434482628735795	0.513806526183199	0.282246073616115	0.434864357633202	0.360389252463836	0.119194037512988	0.185871619536157	0.455021699973145	0.263285565846833	0.403187819173924	0.212805327097944	0.201899272458333	0.310549900879209	0.0529615431295087	0.337878887931577	0.303412314684848	0.443665738932862	0.233931567071759	0.112858808150059	0.0307711951565538	0.148897215443726	0.0785973420867399	0.324692092588427	0.352994615325594	0.264953705383997	0.306420333935072	0.427590701905824	0.498205261604296
0.591846943777124	0.4405668861265	0.426430840396115	0.465607169032574	0.481467034930136	0.418679542544594	0.338897406274266	0.583756854493897	0.652591290802697	0.621731340607313	0.392287303236354	0.635175413954374	0.537039177700366	0.742358074303993	0.506477126782964	1	0.485065823061467	0.557255580094416	0.742596580608103	0.602950958691103	0.586217776987781	0.37771614151097	0.494478054410217	0.412939121009968	0.679432410799945	0.562806082496203	0.529032517916031	-0.0152219497230859	0.00862045367065395	0.554537975618629	0.761157145331664	0.576012909033646	0.5305503274074	0.486140101318121	0.451822734794214	0.702598389405318	0.361813940179257	0.538044384484111	0.266308964992336	0.2456719554216	0.0457473824605459	0.577631854672315	0.547826465438879	0.457312973515528	0.634650704816351	0.36838468592702	0.626712525885737	0.358446604652215	0.282602756853982	0.390498582093683	0.444099711102627	0.473323447742961	0.632673166769532	0.465392373030432	0.457954943356679	0.364810818057841	0.29389662431891	0.450661856239916	0.574853768956845	0.60569270200095	0.575051081306679	0.403539925732522	0.328075308308065	0.3251667396152	0.669436778452663	0.40794607904514	0.813468990367081	0.553165305481261	0.619490766006833	0.662979837838997	0.514586538703866	0.51814900089358	0.200812453059862	0.567047238525597	0.246674965587305	0.689521446552671	0.481528715146254	0.250800908264611	0.126657394358022	0.762099972989877	0.497173091967669	0.696027894725459	0.48325630008798	0.67264626990606	0.636317354007125	0.416259093587119	0.344095238011187	0.660361481195121	0.555004230903619	0.659908383209627	0.22130761973149	0.188796243816782	0.459398417845733	0.33835554807312	0.521759042202093	0.396856482541956	0.369586001373574	0.176305921761057	0.443955770661171	0.550317084447842
0.106202606100045	0.173920529083011	0.0209988936618654	0.0840639946771694	0.118451120409954	-0.0174104816144118	-0.0494100153750158	0.473936271045738	0.455011128730031	0.430721026236445	0.304451990884114	0.504018309229062	0.570039844918378	0.316752026219665	0.235713430797023	0.485065823061467	1	0.640515490011544	0.53265630618738	0.363786219218218	0.444967175344361	0.263219456259429	0.442820214472312	0.277338410535894	0.444238872271678	0.377810761770187	0.534452283817733	-0.172956399156558	-0.0156316104796904	0.333198733796061	0.563001092087933	0.428801409289624	0.458413929849906	0.27770016784461	-0.0239696805288664	0.26125552686578	-0.0152254870774043	0.350898622782902	-0.0617826832010684	-0.0227810191663651	-0.170874953132649	0.262913808766453	0.347839063674085	0.179140483021023	0.301105701870254	0.126004066761558	0.312259150889255	-0.127559884090514	0.00607972521404909	0.188242267515146	0.0441069424848419	0.140060931761824	0.17208027145121	-0.0482913267527397	0.0493344882537726	-0.00908267113683225	0.045619343639958	0.149057454650742	0.341810312333233	0.34002332143181	0.432666233693234	0.316125905190927	0.276739249063392	0.235210631032873	0.319960425466738	0.109322073898514	0.465699589558474	0.432993286557341	0.427107458076005	0.47071503436308	0.522451872840599	0.320942090659239	0.0781638940697047	0.412274760310526	0.351186499219605	0.531950752919759	0.398424501170272	0.0361606299528569	0.0992290537587921	0.631478466815321	0.347044614752727	0.504088086094618	0.234176771176628	0.428844917165965	0.387372817069801	0.278327627422038	0.0882700659061748	0.28181068699887	0.423413237138279	0.416801377651225	-0.0765841581594038	0.0732710174203965	0.209929766089161	0.185553276459874	0.323258370103087	0.00106325936479738	0.0435405992133911	-0.0215186037363899	0.377005790107569	0.409336790454716
0.187000329600053	0.21878254953262	0.131170739364201	0.157746659502694	0.142457528536613	0.116726494417928	0.0361319100026126	0.717511859030324	0.493933677330958	0.391758895475404	0.356726999936328	0.518056764238737	0.595657226165391	0.333669373812225	0.250341984784763	0.557255580094416	0.640515490011544	1	0.73434262269062	0.481253508128618	0.429549102832129	0.27330948383568	0.430086313031102	0.419844261281631	0.518266198299341	0.394190736725756	0.307119640108958	-0.119217597887404	-0.0644132699783699	0.28553946840735	0.597832936314594	0.332109721932334	0.392072671321026	0.144537812578788	0.0853666881203336	0.549500553652147	0.172420137869633	0.35482733556432	0.163679166402489	0.140841750749537	-0.140961929751713	0.253120196595472	0.275621270880981	0.182276176239322	0.30163825766828	0.18662324568855	0.305234288058934	0.0737954812567627	0.0639285749095565	0.198525193607253	0.10427496342597	0.233356376954989	0.22168009838058	0.0909418611529631	0.178566843196348	0.0627675403742264	-0.00500271505334599	0.131562558968095	0.298645184945163	0.351197165406419	0.402653175596806	0.407690311738169	0.17885049631947	0.141321938104919	0.391490968787769	0.168592896135889	0.470073058808819	0.590503801616559	0.342466593371368	0.426427023237996	0.451248151142184	0.328326419926264	0.150546192768776	0.406866389544341	0.252744991830485	0.46595840985932	0.307127650973973	0.181500979783684	0.0119038774311219	0.683149285093147	0.200668612432362	0.442400186604787	0.265642143624308	0.395591941535718	0.365837634268885	0.167029481851056	0.215276817546772	0.323215271905178	0.379621871241468	0.422369052236048	0.0174559520336416	0.168966269302097	0.268210733231632	0.234054052599095	0.316965131519045	0.146644135842091	0.0988705060397595	0.0563641675833297	0.209766717793885	0.393487923299382
0.352807095674931	0.228351118364389	0.228682876851058	0.249913891612807	0.342927547509463	0.260093411617729	0.185289147629747	0.72384050536363	0.716862823135614	0.554385473717321	0.401832590562943	0.660584386138765	0.608705499961345	0.482872779579327	0.372304943736564	0.742596580608103	0.53265630618738	0.73434262269062	1	0.629834775557801	0.546804483894682	0.312887454169155	0.513047414424634	0.432962120162617	0.695428921872998	0.498850577108099	0.409939257267257	0.000729165032027685	-0.0041542147493601	0.277959055615369	0.6063212425705	0.44668905683687	0.460466763258985	0.368121883768609	0.304335871919312	0.647052821131878	0.332164497818253	0.422629305629744	0.264367360967046	0.22241946880743	-0.0638372134026816	0.408670312543084	0.462006776001512	0.397036583797897	0.487750740140121	0.292247531693744	0.511852312926408	0.176365754785355	0.167564380373024	0.289749551698988	0.306047525334652	0.305709201676904	0.399597788912207	0.253107219038875	0.298636712673852	0.234057271908419	0.190904974050759	0.280636389436649	0.512661780556883	0.564367136548304	0.542445328490417	0.385117474681822	0.247788525410788	0.260843188243246	0.441984181643753	0.20851093995988	0.582182886694255	0.572555825367666	0.583784586210347	0.502344148337351	0.463157822995919	0.45394175535458	0.22215347796467	0.56374470132556	0.256511794987982	0.556201743951857	0.435061044051368	0.207855641756986	0.084152853290517	0.748258817045516	0.330387574862895	0.540342694820722	0.381284749682788	0.499936861408081	0.459237969666373	0.285307347454333	0.356524014563474	0.484265688017276	0.460254042841364	0.524554286217996	0.150906014741951	0.228176317782527	0.397281851222586	0.307522960775104	0.43987847587895	0.194819581057793	0.257916328201195	0.16286939215354	0.325295185365501	0.403526012995318
0.233110095919988	0.304234455967019	0.293756667268241	0.4248741311772	0.111255061298713	0.354426213397773	0.307445801898385	0.696903147675017	0.618177797182427	0.537131777300058	0.272463235740897	0.606559848850089	0.520796692091669	0.434874192725327	0.494707882995338	0.602950958691104	0.363786219218218	0.481253508128618	0.6298347755578	1	0.425318228895252	0.300841073522746	0.46138480780771	0.244985560073554	0.718085296249569	0.49856423072021	0.482516175721645	0.20202940505205	0.103182240989245	0.104762568474269	0.302197485584509	0.330115065406964	0.43469468118236	0.125454664223429	0.32518622178587	0.512586722299132	0.12324469999792	0.401725514690412	0.184709410357147	0.198745787382357	0.118602501162811	0.36423023179861	0.461047878066386	0.310419856656977	0.473536313229821	0.340265428815026	0.429038745898824	0.357986581101119	0.175421439462496	0.349503195816032	0.237042438587077	0.518650154505095	0.545120389343089	0.268431997038475	0.176281947149951	0.337546677608962	0.394073823538757	0.456055969548654	0.542745114378381	0.632862100105549	0.605208442812232	0.451318134220429	0.336154885638406	0.415644724030468	0.375738285783573	0.244899386177865	0.341661674887993	0.713029396046455	0.645300218890192	0.484796210735184	0.572566354286612	0.470575177704049	0.401861711179668	0.564873426512749	0.528971032850168	0.463581186378709	0.289240109272185	0.215038132438442	0.220305284748027	0.543229601868848	0.303612397606374	0.472734367085243	0.259603016368541	0.220490642859385	0.36379201906091	0.0260898994177818	0.283477115017277	0.40172722799197	0.454418050958762	0.375800565784867	0.154013208607267	0.122619863240551	0.346153515687045	0.249680821518294	0.384763962633	0.295581593381868	0.219087799902984	0.397376201497277	0.492573157177474	0.53167220855795
0.43722422619043	0.0816624996445127	0.166110982741119	0.122049049489247	0.389960851815749	0.185148626394668	0.130705683099905	0.429288442752603	0.459971883158113	0.663454146566146	0.400115171516188	0.557948572510296	0.543548616920859	0.388068223536552	0.302290656534263	0.586217776987781	0.444967175344361	0.429549102832129	0.546804483894681	0.425318228895252	1	0.500174458430268	0.49877791873264	0.477440337210246	0.546832201844496	0.622766987760973	0.442637662861028	0.0879235294637718	0.200899543923281	0.283492500331185	0.611701155151615	0.71659014459737	0.452647970055576	0.504011902702929	0.25637735903487	0.634170763120905	0.301510535157012	0.622456441204788	0.40745461497968	0.396429492254653	0.235069941369083	0.631237328027618	0.735401320266738	0.610686809591785	0.632443665864022	0.425288039446856	0.708394266407335	0.302671821242823	0.236029262678384	0.64222225201022	0.424334147034474	0.322115404663505	0.360297448189853	0.15051594496718	0.310231594243638	0.22958884189451	0.168451344721355	0.291004985222462	0.371743429629335	0.337776926755215	0.432593144063595	0.348165248353286	0.215109268696114	0.253573049120791	0.553311375259535	0.45888555625075	0.61344354862033	0.429735748835731	0.346881225573382	0.672140601181035	0.474042757998868	0.48477164197942	0.144480753902087	0.538714000231821	0.0816667375018045	0.643169332599545	0.420836157744604	0.337743149111102	0.301907972561562	0.625320429838169	0.422716681307915	0.605959077730858	0.492299205216635	0.630448580095781	0.685950994220742	0.409905069521662	0.238630910925992	0.448833400278836	0.69517571908649	0.652325858612395	0.219405402741761	0.348806119689538	0.667282951020163	0.414788128446582	0.708789085489932	0.22249638563572	0.461278053259317	0.177787439589729	0.47999259662497	0.4739379269262
0.253385818463978	0.327688075218584	0.344243406699034	0.352004929982049	0.369307179805326	0.436321706666465	0.210799867057128	0.388964681020414	0.319091390385626	0.579245599534596	0.364678356601197	0.559408811134615	0.335025576739102	0.410198719199545	0.288720939530189	0.37771614151097	0.263219456259429	0.27330948383568	0.312887454169155	0.300841073522746	0.500174458430268	1	0.573463964171847	0.207271876010949	0.35271385367045	0.441629784799103	0.526154595804593	0.293137418024072	0.356981358680773	0.118548788331795	0.189614461478787	0.429429338198839	0.258347374026579	0.257505909092499	0.302135759585241	0.355113762618181	-0.0669066623396554	0.369209305430742	0.255538096208676	0.414849974900659	0.458771531946493	0.406729244775092	0.45012955935614	0.456839298842494	0.443628391844445	0.575006627086291	0.55939335578195	0.423450189188148	0.377829901181427	0.513554874418981	0.401149000390142	0.493238506986793	0.433911340828728	0.323184258285374	0.394124777852981	0.420999844157006	0.308693948692531	0.427766771988984	0.360216208450906	0.3649102096399	0.512654221498019	0.302941278110868	0.307229471946467	0.280326639409188	0.443048142580892	0.454544334149436	0.332626974014825	0.454461233054046	0.345367674936245	0.465780256450844	0.355973425595267	0.589637751216322	0.355446204311573	0.538405854814531	0.224385401666884	0.365379680568394	0.509689932240151	0.539901077839434	0.378301029932969	0.347735551136589	0.305067006733919	0.388377661950851	0.273411533638343	0.23483174787255	0.353213912461291	0.0757173775773519	-0.0152522145804029	0.323209300820738	0.42106445084428	0.398943371726766	0.216392661646872	0.345205692467162	0.435803633651021	0.464055081101597	0.50694212680912	0.355040610807404	0.382137036852169	0.484941696456223	0.465387346273894	0.555754325882499
