1	0.532752915454506	0.367018484048593	0.378848321184208	0.558483657361993	-0.0583154148788664	0.188876961663304	0.0489121300438951	-0.0419227117770416	-0.137352123203677	-0.260534019845224	-0.212870360166317	-0.10960372526373	0.6295786242723	-0.0256099926185525	0.0597316088768618	-0.0585758147816085	-0.166818231096367	-0.21075780445691	-0.105758778172377	-0.0980863844519682	-0.302775802786107	-0.329137803240154	0.0327477490526386	-0.0275475409182283	0.0434787373720867	-0.147099763541539	0.00655352593620844	-0.0701651239331238	0.14690394784302	-0.0488393595306424	0.124968476388934	-0.0853892231864952	0.136563162858516	0.0736826981581767	-0.0166195092148673	0.178201747277622	0.0351444192545316	-0.0280150790042852	-0.236572492694823	0.0676663918529708	0.073627261130436	-0.170074798372804	-0.0485849709148294	0.315755295259032	-0.129630016042401	-0.293237115239256	-0.193851285520674	0.0942468292742247	-0.19031716013445	0.0114705471495807	0.21851543323304	0.265988399813324	0.0135710142666	0.0840632114449949	0.318396432723861	0.112340888519047	0.186377877640074	0.0183039197839987	-0.0898091877722724	0.0482033477758643	-0.178352081754507	0.0964977348295317	-0.166123752109785	-0.0614273976520388	0.0300727252470806	-0.0240135210334003	0.0791158806012917	-0.221637290329974	0.0894079450236431	-0.155310478369693	-0.105235247583737	0.0433037103951533	-0.0523352580982546	0.115120996835444	0.111032974535806	-0.154751341339956	0.0671352207529764	0.0535306724356352	-0.0225216121960025	-0.00807091338461511	0.126077756397259	0.104842896818769	-0.0160886521782538	0.23802468051744	0.0376747054323124	0.164841639548187	0.125657900918891	-0.144623480541592	0.171984141727694	-0.084618074480593	-0.201242626237091	0.0109302651484264	-0.231256267812919	-0.261117487083387	-0.0509963272069664	0.0576971065790669	0.312315083482433	0.346311324664704	0.0105418690404724
0.532752915454506	1	0.565499273179437	0.70226722986172	0.343971688285054	0.300967351033588	0.508077099284418	-0.0179439491425399	0.068843577930406	0.219010538558121	-0.027038561195534	-0.000430181753179728	-0.0563175435085423	0.58742899493844	0.50006912004294	0.343537545400577	-0.052370978033289	-0.0346186922172192	0.0880132466058163	0.044894023711496	0.2262740388156	0.0659743667228971	-0.0545897436847424	0.0312408839754102	0.246589622446604	0.296924783694034	0.205926318880758	0.387549981842077	0.393634733432318	0.49294312814764	0.169617884411802	0.330698668269443	0.168353164738706	0.289025033077644	0.326429112106326	0.18917256655246	0.247002508993012	0.30317111763128	0.208480996057821	0.0905724160854623	0.537322095312609	0.349574602273467	0.217109080152068	0.148679957588729	0.361300854032435	0.0866402142955718	-0.0288471959969805	0.0543962987985454	0.24670027311811	0.279199674962135	0.253983068518902	0.642953769274971	0.699465933426685	0.397671540741239	0.462533751300203	0.638422285510117	0.117543071481977	0.10001762206115	0.104866142823979	0.0406620892280058	0.328605097675644	0.181359929580352	0.107802986979345	-0.0880354417192314	0.447197494726763	0.353130555927996	0.295838168040494	0.035401134263903	0.0477838012845126	0.212476213449918	0.0791874708587102	0.192104127614649	0.0837763193222813	0.291753256284337	0.0545778751948687	0.286679719526631	0.226519468126026	0.471358014507168	0.480758962566068	0.105969120179657	0.128075846681383	0.143377688315188	0.43147854478991	0.0937131950987784	0.179391393110662	0.200937363356058	0.0111382097506668	0.342088304107739	0.133443279081832	0.258927030040534	0.046386311285056	0.134018929483538	0.234245273716082	0.181304241141568	0.209247803902942	0.130948177529915	0.532884764643066	0.453630505261125	0.367996513175136	0.252889430651867
0.367018484048593	0.565499273179437	1	0.626118096986926	0.428766530035411	0.470093246696362	0.579766536450327	-0.110767642845441	0.0375180209452573	0.369814061662539	0.265618053819824	0.22367687143226	0.0563976707723877	0.518828167087509	0.389083378983601	0.198168829292644	0.14405061987315	-0.0412229545869675	0.0316164463980071	0.0896058665554351	0.349740844662122	0.231699266993402	0.261092518291955	0.0182345903215557	0.234469968478619	0.162994623235915	0.0974440924698741	0.297269734048993	0.279537195853004	0.401832893313806	0.181794572609428	0.405501337494338	0.196843540772371	0.331609546951917	0.352562480025953	0.299003314409267	0.277045635810295	0.181528565504077	0.294535741616397	0.204122820856281	0.389336519793046	0.364647873330926	0.181351520080681	0.168548472649259	0.279446235057896	0.255279211175497	0.288661960913288	0.302332269565754	0.455479466903277	0.312132316528817	0.443579962511203	0.479737627813818	0.554933631110872	0.551228206114888	0.466290005446806	0.467408017648987	0.035789363391455	0.068692468691813	0.0388446796976237	0.040169149125374	0.326157927626605	0.335903535487115	0.240231806399636	-0.126662343191802	0.497560644544855	0.380702341316069	0.232241000884757	-0.0614627102205088	0.0436299025125203	0.159734949021366	0.156786190503959	0.368094104076082	0.00190351507802013	0.17744882152839	-0.00777764399279389	0.194250952503599	0.103295175721352	0.339766440124213	0.26786175095035	0.106242559420736	0.203363052348952	0.248077858123709	0.366807586958087	0.0728109946746038	0.12846076225298	0.336160635285001	0.0929261375066364	0.281013841222908	0.0765902257794395	0.217690628371128	0.190295762470868	0.245873714628951	0.249660742322343	0.277334982561306	0.240693304946753	0.268613547325225	0.433696703957758	0.343861664510855	0.256189901345996	0.122831604043806
0.378848321184208	0.70226722986172	0.626118096986926	1	0.330437349371371	0.521545042369888	0.754735211477913	0.186817038937744	0.295256572090579	0.351243941775789	0.214128936137944	0.238557322573364	0.10568321397584	0.47933885564921	0.666696709044273	0.485413966891853	0.0676079125865994	0.13843945572091	0.266908403958408	0.231892730315516	0.412477316074372	0.0626574456595344	0.0342153227314323	0.39541136968088	0.281628311261588	0.348139927237233	0.172221259247411	0.29282373684065	0.269545191191201	0.395211131463005	0.271238613406764	0.321173590413617	0.231313298807132	0.350729755567449	0.411803568695784	0.428285195892232	0.369086005197937	0.291217065010619	0.357476057787714	0.131208497900823	0.335151154472968	0.340455219455337	0.3579800250868	0.239710006379065	0.402655236418485	0.0761279513219687	0.136151924025668	0.241233792912521	0.255158019227638	0.410399423989798	0.187449554085068	0.440971336396423	0.765381350551484	0.533595198947348	0.365535795970736	0.756285961076527	0.213659954207269	0.218427916419283	0.188680030475148	0.140320135509004	0.386459777896675	0.361940244114173	0.200840373197913	0.0401456657948165	0.480520474290433	0.521621703368569	0.432216968622147	0.0760184968966909	0.179125547625352	0.284615105659897	0.232329108115298	0.303857402109708	0.209426190899058	0.29044041306832	0.117527835750772	0.29533388158251	0.101577959586086	0.298114681177343	0.228466384373985	0.239542808702095	0.302026456274561	0.230025434155589	0.298072038024744	0.140313310196169	0.181648769202577	0.191184439766593	0.211403807187067	0.425090807160977	0.235509232380673	0.218367845245671	0.20870305691784	0.0995643958804695	0.316922035274646	0.146781232407331	0.215710813522618	0.121235588557072	0.421574232748326	0.429864202859175	0.291672158064761	0.269040143094594
0.558483657361993	0.343971688285054	0.428766530035411	0.330437349371372	1	0.377002905979012	0.187755939785648	0.0750638730874343	-0.0872620959469822	0.111430851122016	0.0158276246469464	0.0179531878013186	-0.0309749722460085	0.366984146391999	0.00712530805294594	-0.0218052150474429	0.0773548918841363	0.0367650360683063	-0.172243376086104	-0.0413821108659388	0.0943248397586906	-0.02690758375217	-0.0714845416345879	0.0584179909175577	-0.0501869224227467	-0.0504824094685688	-0.0611585471768488	0.0661556426175407	-0.0262930139506693	-0.0305233993836998	-0.068489678609039	-0.00128269553974032	-0.07056276924024	0.108085051361551	-0.0564730583021938	-0.0697802905786666	0.00792059667930476	-0.0632914736198336	-0.0218653066031737	-0.0451725507561496	0.0512606803161478	-0.0311331332112486	-0.138214251257103	-0.00149698472772605	0.174974526398321	0.114292047502988	-0.0356745442087059	0.108727322741978	0.296141127379994	-0.137959260240825	0.235948100804296	0.121684776703423	0.0831137013805205	0.221879307778017	0.20090900013071	0.10013862770906	0.141024568894393	0.0946788036795017	-0.10357677289998	-0.151658567623025	0.149291123500283	0.038289187097418	0.146256724622948	0.000660688586084909	-0.131106435780543	-0.0295419148891592	-0.120291898324665	0.0283130684750659	-0.188027346987555	0.0378046661841024	0.0173828484469064	0.0134171038535053	0.0105364923725185	-0.0482324130996104	0.066223852949845	-0.00789891347550568	-0.078330141826061	0.0377631607907314	-0.00472837203814082	-0.0770513913299313	-0.058226065154463	0.0143568519625614	-0.0562214444391268	-0.170043391213274	0.0541234785611954	-0.0289495171733301	-0.0428971077896929	-0.0803827491916773	-0.16500224644957	-0.0131592491590742	-0.105714740065223	-0.0257498191874283	-0.0518389494860366	-0.0653260518827186	-0.0341346871430923	-0.0422877055600858	0.0308362689199932	0.316677733869499	0.189470490406696	-0.0512355859580851
-0.0583154148788664	0.300967351033588	0.470093246696362	0.521545042369888	0.377002905979012	1	0.53588878345926	0.159384321609821	0.259668772219581	0.521195724846138	0.42862026365023	0.445358382138594	0.26276370518369	0.0238698374377501	0.559566780286479	0.31426314300427	0.220051745427686	0.281691264835339	0.297832765929992	0.28624448930537	0.573106071809575	0.319262911412394	0.263245466641274	0.465137121333502	0.270376240774499	0.0175452860969826	0.196890450040375	0.310780984428089	0.334593678781104	0.14314767613299	0.282840910042898	0.0829763741498854	0.139591893096015	0.21084654139657	0.216889756345478	0.314132999139624	0.335630375763406	0.101281483371628	0.320941064680944	0.264326050375212	0.144572387388682	0.0915818345110716	0.342832589726397	0.20439829895871	0.163403047405724	0.348911103338505	0.416265452794178	0.642520591998782	0.355615768445895	0.470595676332462	0.450125366143107	0.308116112306455	0.283886164751489	0.752109635076166	0.466494835029805	0.320945529029894	0.220856390842706	0.140301439921551	0.0923872053984423	0.16720855637892	0.428776366556707	0.366849039625018	0.17166680485408	0.250003367657961	0.382534195004166	0.310380703921205	0.34136577147363	0.0496125583481967	0.23748799589312	0.183897408823082	0.244879075123518	0.312940003910533	0.249729315495897	0.273894191862703	0.0656003277631047	0.168745833018977	0.187955182955397	0.151071088737044	0.197768469012487	0.290810896548246	0.182655310639013	0.143508092480666	0.0461700571342836	0.100142397726388	0.0573472806862837	0.118031722062193	0.0419812363978685	0.283068742273391	0.312925065651696	0.0859817173599305	0.248657425855754	0.13996949265037	0.194416342151725	0.338181867503286	0.373672287228072	0.180175435828465	0.318467952613934	0.220449192815559	0.0336483257312299	0.273450791858337
0.188876961663304	0.508077099284417	0.579766536450327	0.754735211477913	0.187755939785648	0.53588878345926	1	-0.020926260309765	0.279812381607301	0.556689429319372	0.294665710211079	0.413398702129366	0.067616972013855	0.323746655643839	0.51723590358298	0.602297732400326	-0.00418842539030898	-0.0127809084522252	0.407834103024236	0.137677069137706	0.584539862995158	0.246207788468445	0.187669821322086	0.431753995671572	0.379534811627517	0.321359518107192	0.416400533926506	0.427200933209773	0.427776666813302	0.488878121379197	0.429758416911509	0.359954620326948	0.259856402040603	0.406956289266425	0.759612198459779	0.725948784035893	0.562253579725308	0.432560451449692	0.589767304704449	0.291757417407574	0.415575241003092	0.404474885259623	0.593584294186377	0.294680670351363	0.379930362649441	0.143328143692453	0.34657786461351	0.325849199160021	0.304404192582074	0.592370481610681	0.182295388486799	0.446528448718896	0.681588648304607	0.51946101926845	0.550471280695862	0.79888331391175	0.0293849879412579	0.0230431988547461	0.100242658873558	0.144399941087952	0.451553174273818	0.388495795358531	0.309123301455959	-0.0134715175551834	0.506148760174258	0.713630593673031	0.608440036016347	-0.112928784407041	0.351350766445449	0.169902606153087	0.100577028694653	0.317359318228544	0.102864356678671	0.407204085830471	0.0554886713329166	0.216929697141524	0.329305297613848	0.369759679494387	0.433436329194498	0.244163519750125	0.247615015828034	0.198593986403164	0.370045711908455	0.383018561398984	0.0977367478319034	0.219774589060129	0.187338766720365	0.68829529211686	0.433640583342679	0.173481413062976	0.511846677341225	0.216982197545659	0.31389783714903	0.24067999511383	0.328165127492546	0.464215340514307	0.41657072812055	0.329895841426547	0.366830838639431	0.374208748467141
0.0489121300438951	-0.0179439491425399	-0.110767642845441	0.186817038937744	0.0750638730874343	0.159384321609821	-0.020926260309765	1	0.640143903475781	-0.00485744755489638	0.0592371316289546	0.0598813191229422	0.507419712380849	-0.0227227867094087	0.20105364525916	0.157189363783569	0.374001833269647	0.701020838499929	0.399504128377715	0.647722986410494	0.106746255692218	-0.26501226626744	-0.185455729836006	0.324924813786292	0.0373742765011855	-0.103571468520655	-0.269628206770405	-0.114335905597105	-0.157451490138169	-0.2474565082271	0.15902076635618	-0.175907187411317	-0.0741481519800037	-0.236295914974739	-0.130713657301734	-0.0155175947006164	-0.137620219359141	-0.195798145208001	-0.139796969665398	-0.329355450164944	-0.35786811071733	-0.307601952698957	-0.0566993844370627	0.00947037888399959	0.178010829580285	-0.268451306510761	-0.247805377352612	-0.00252388603432918	0.0470370307899069	-0.0984810785174981	-0.201595443749141	-0.0567743259529363	-0.0261454841839805	0.21175122566598	-0.205642178375377	0.00415455254501089	0.565264467149673	0.685544248242665	0.610299941079181	0.51541856462033	0.18698047700618	0.114086131117432	0.0899406671811732	0.47347018831483	-0.145313950838674	-0.133826182689322	0.0592459034973728	0.61814154574958	0.206793902978049	0.543986434079993	0.364984666258312	0.0305576118980991	0.396336029116726	0.0563575274538335	0.472135778184193	0.277887280140073	-0.217753855391176	-0.347719112225497	-0.242788219655343	0.407248808397156	0.0772890026285187	0.0634684817765586	-0.306040468100928	0.0167293967423486	0.290021723604563	-0.255116072978223	0.0808652151360365	-0.0534892908939643	0.104437592178795	0.166580902379015	-0.149662111119051	-0.428689574584629	0.132674819749971	-0.299556488213126	-0.0584970929386964	-0.354830680691174	-0.203031858925144	0.0590928825693805	-0.211883276282036	0.204739594786124
-0.0419227117770416	0.068843577930406	0.0375180209452573	0.295256572090579	-0.0872620959469822	0.259668772219581	0.279812381607301	0.640143903475781	1	0.20542137530509	0.121328782581238	0.236792541892997	0.211083136818788	-0.0477640160647925	0.260558729603424	0.435541070470617	0.234312241881402	0.515282067355424	0.721543436356084	0.813458227380581	0.373925098975565	-0.0863902725741596	-0.0994378163511573	0.42434519070096	0.554050579023241	0.167822896783604	0.0423737318370436	0.128098833648744	0.182403975176648	-0.00959414087385603	0.389863753354421	-0.0946445276642276	-0.116936988555575	-0.0587437925259616	0.187331036697116	0.360667889626732	0.100338723886601	0.275847966309509	0.067054248443445	-0.0912283884268891	-0.243920058369006	-0.183162075342067	0.164957071268269	0.342451713640617	0.280550585042076	-0.126921562621711	-0.107033031464305	-0.0166842258906201	0.095734519876953	0.160072205923968	-0.10280659674385	0.161884984579458	0.147262738625635	0.359128778541011	-0.015342917559232	0.232074682830455	0.381308080372836	0.554108620090662	0.831838462924601	0.900853758766752	0.284013712482758	0.19516657760776	0.150024654004528	0.368200932509707	-0.00746384707428077	0.168927462279359	0.456383566760081	0.496518125656072	0.671867012849384	0.691163319941268	0.214212911828698	0.098541775000331	0.596051560843269	0.449654468730034	0.405328354277551	0.372817559033046	0.0823334662308725	-0.239196642854351	0.0246208978331683	0.63128437840613	0.150319037596275	0.126842039748815	-0.110475762938764	0.310007635203273	0.29560099928606	-0.111634324471528	0.130967565349747	0.314532390757283	0.380134249545981	0.410393596302842	0.118956189968863	-0.240151059374626	0.435511753801042	-0.167465845198672	0.145659107792627	-0.092027195992739	0.0318374841606891	0.114135116907675	-0.110264498510827	0.292015713050203
-0.137352123203677	0.219010538558121	0.369814061662539	0.351243941775789	0.111430851122016	0.521195724846138	0.556689429319372	-0.00485744755489638	0.20542137530509	1	0.624019223325473	0.779994096024133	0.27901187803024	0.0558985965164634	0.446412876300939	0.432968593535581	0.0586228816590566	0.0496097366552518	0.399411665304148	0.239999327061212	0.781105785445425	0.569245167517512	0.479904710451922	0.215080699611334	0.241196344734179	0.0480745625286192	0.461511262459966	0.316713294385877	0.406017723317446	0.387977586284572	0.382401626063693	0.286364899152716	0.319702966568745	0.438523918723815	0.468441556330606	0.502159800781216	0.288986235248343	0.228509847371656	0.305161845610162	0.411831008932229	0.30952223528974	0.345011678611666	0.603038858721178	0.0584535190463492	0.151530109167989	0.42323214156634	0.625237637731172	0.375530329823892	0.349670033359876	0.633419297139581	0.274789165625992	0.312535623267562	0.290592240575313	0.413149193614874	0.498963418699488	0.333968622273567	0.0866202818451933	-0.00409973332366481	0.0257809883373689	0.146180648986645	0.499683940339529	0.44041000031822	0.465689632619976	0.159010727242579	0.326334146944509	0.519280736251638	0.37043684034313	-0.215418083453722	0.305714738430303	0.12845515096097	0.184133211682537	0.431033713919016	0.0992864574394792	0.301612907072095	-0.100621597045525	0.126647575279772	0.437265591583008	0.232936919681736	0.369857571050071	0.0577825955640585	0.327393636417735	0.265345790449202	0.21073692552135	0.349628410935964	0.0870871500408917	0.198532367611725	0.025364379635676	0.364470821116703	0.410325921557803	-0.0427688814896556	0.309725076150145	0.378096510753088	0.118356152937404	0.386864158002551	0.459784544917702	0.389630519541529	0.428703577872759	0.154456935536938	0.330090285230626	0.390477813607697
-0.260534019845224	-0.027038561195534	0.265618053819824	0.214128936137944	0.0158276246469464	0.42862026365023	0.294665710211079	0.0592371316289546	0.121328782581238	0.624019223325473	1	0.645313023103603	0.316120750523369	-0.0933632563007562	0.247862106464919	0.131651627077065	0.0842972327987228	0.133560411301089	0.226689462987607	0.13038719572694	0.43928772514635	0.462624067306995	0.450611410863506	0.201467961304586	0.0308008802093602	-0.129791749418606	0.173906628838871	0.118732002523043	0.190591699004519	0.0771373408891443	0.124442678938288	0.176244480404854	0.189742900295076	0.159156653977137	0.183901134451661	0.265042024143467	0.107322690188819	-0.0860559407594269	0.226732124958965	0.361342643791003	0.0823452796192153	0.0698867677709471	0.369307734683515	-0.0422336018277837	0.0782873443885283	0.308417328617747	0.518395909864371	0.359856303004073	0.314109740887828	0.327378351258787	0.0503950659645405	-0.0214562928850653	0.0353497808044892	0.323076412989549	0.292463070276133	0.0130409700695645	0.0856969770494591	0.0782226887661242	0.0384861681816644	0.0409031575521375	0.236338557067829	0.372913126499174	0.243135010448229	0.172800293754538	0.116442909833707	0.240850279892232	0.0404907181038746	-0.0906334947746113	0.0742284607014728	-0.0268124852774831	0.245897271316302	0.285859762074195	0.0509104568516023	0.0513954742631467	-0.0671403524991124	0.00943935399147018	0.168282024353419	0.0129766284148174	0.0571051522770096	0.00508569963782315	0.202553047820029	0.147515266414615	-0.0602620962326777	0.0934498810709589	0.010107467234582	0.0756944770625041	-0.0180177516455895	0.0359882480112017	0.190322301045554	-0.22135299364482	0.149810974063265	0.257678075770107	-0.0217194814816633	0.250119315661291	0.229839075549114	0.149834313476394	0.110168434296655	-0.00509075479225267	0.101140976985036	0.247520050459299
-0.212870360166317	-0.000430181753179728	0.22367687143226	0.238557322573364	0.0179531878013186	0.445358382138594	0.413398702129366	0.0598813191229422	0.236792541892997	0.779994096024133	0.645313023103603	1	0.344888436509656	-0.00295659970464803	0.296142059167901	0.278568122340922	0.0175595102812906	0.0996827889366133	0.361764471446226	0.262390673565166	0.672955192318796	0.541091619350783	0.540278162000555	0.222940146908096	0.234988225283909	0.0353984289185694	0.38829536010687	0.175032021187598	0.269551814916683	0.244473288364758	0.197743692634789	0.213689762482537	0.312072336226707	0.35359711823745	0.2898044332325	0.392343465673909	0.173786935071611	0.224592499691463	0.193922824408665	0.42550181042293	0.17918066186595	0.249215496424702	0.502365593104891	0.138939548767582	0.201313045019988	0.268521819466405	0.602956489567544	0.39438714289369	0.332874043153689	0.576011037331539	0.158688435286588	0.122345010557378	0.101407731140378	0.290460510748367	0.284541373253829	0.101015677671839	0.100360801029027	0.0585215515077434	-0.00464800883816623	0.120923590668289	0.427688994675638	0.354428375601793	0.447758073609268	0.204964118906749	0.193806720616338	0.399156085860602	0.240185975158345	-0.21144849592941	0.259009453331863	0.0931145350681134	0.198151185953089	0.371953159980824	0.117003984017364	0.233429745886971	-0.112065483347536	0.0797896575715791	0.329971095813537	0.0969912248772184	0.145600286166397	-0.0132151967845325	0.238458340643426	0.146631380240633	0.0312700654444993	0.2572630879159	0.0946465397775621	0.0621856644397575	0.0498132447082215	0.168894952756837	0.325102679710039	-0.0992653782127792	0.274404693840781	0.319883839317664	0.120563082182799	0.274760439318282	0.334340697413803	0.295543347628377	0.28790090541726	0.0662298898445824	0.20776650931349	0.304465738257735
-0.109603725263731	-0.0563175435085423	0.0563976707723877	0.10568321397584	-0.0309749722460085	0.26276370518369	0.067616972013855	0.507419712380849	0.211083136818788	0.27901187803024	0.316120750523369	0.344888436509656	1	0.0144055339104905	0.235489046783685	0.110030915793054	0.494571970927576	0.502580621632032	0.219235068455836	0.26608444064842	0.305863524389845	0.122100727039553	0.191346468451735	0.192607686755384	-0.0493882639672468	0.0291081840912368	0.0697208103567628	-0.0109513297587445	-0.0462939700924119	-0.108071025150894	0.153870270780899	0.178761349467978	0.373443862614263	0.156835418832686	0.0342279168492422	0.0798405275295474	-0.0368447146333059	-0.176744600361555	0.0548274778318297	0.167049035156518	-0.0710627426489073	-0.0346755390275914	0.206697322663998	0.162829783634853	0.137549307053013	0.162464497082608	0.231471870919053	0.116215232236102	0.187791414831084	0.189462475075708	-0.12306428392181	-0.0370965405928246	0.0115642391878972	0.217767836022992	-0.00664374981804006	-0.0172091001455513	0.46491581966137	0.445739317221185	0.140738594912726	0.129956692430244	0.328546497146527	0.331324943617719	0.317026069214353	0.45594091578954	0.10971880116103	0.133542418445043	0.0884911324431019	0.372413377022043	0.0916599303428115	0.235794016939064	0.436964981119913	0.259291611433682	0.201652733849793	0.0614004735537696	0.330570963726996	0.424870472141885	0.158776959508752	-0.055755265191798	-0.10009556088031	0.186944004283363	0.405064573294875	0.27320311287845	-0.0798472548579748	0.12319615034547	0.238836490174148	0.213478487977864	-0.0274219476463187	0.0514745524356753	0.314952897827107	0.0468094667509098	-0.0382445761023094	0.106702832038153	0.224094781083479	0.0841090128662612	0.166653724220588	-0.0891321385597697	0.0344389345234653	-0.061683666998756	-0.0251217471749136	0.394601901240718
0.6295786242723	0.58742899493844	0.518828167087509	0.47933885564921	0.366984146391999	0.0238698374377501	0.323746655643839	-0.0227227867094087	-0.0477640160647925	0.0558985965164634	-0.0933632563007562	-0.00295659970464803	0.0144055339104905	1	0.292483791814466	0.152571702049983	-0.0396568923708217	-0.136326154589773	-0.0853028119722791	-0.0978090951942071	0.1461889036396	-0.110495791954132	-0.0388002147312744	-0.0394733977436593	0.0999311459135166	0.168614682217526	0.0167189349366996	0.177953591087383	0.0679586035022824	0.545867970346088	-0.000726360697688708	0.380956820570007	0.181736948589607	0.327826934365063	0.156874928633855	0.139765638460069	0.2128377723128	0.113058240166301	0.0986115878970223	0.0134891421308407	0.345595557847668	0.377822997903154	0.044676078198125	0.0148974055102576	0.308538500754867	0.0048146305578545	0.0225047095022774	-0.12393291987902	0.348775346063829	0.21747726403159	0.168420853179299	0.346486440511495	0.492423615834041	0.121410497975395	0.199287287481413	0.406072106437966	0.0890173901451598	0.151327140844108	-0.0353482929197251	-0.0926357624762086	0.202958364949746	0.0906426561457843	0.197690870262517	-0.194801188649468	0.266603804327825	0.290793354146497	0.105952194817751	-0.0463143504624498	-0.0945377658862228	0.185125728648	-0.0630980054659223	0.111274554160087	0.0196680903418912	0.106599867476427	0.0722730053990399	0.169593751211588	0.0281628613560609	0.330230443123345	0.190625937786782	-0.0662269853784707	0.101204549900749	0.119370184898494	0.343145292856712	0.0817625380503256	0.198404549494979	0.185283279564685	0.133998714298128	0.233174790630284	-0.0562074338304424	0.134115535661082	0.0871332707689794	0.0653689999292639	0.0908383556502699	0.00364966085308483	-0.0351727628902483	0.176794069980642	0.376381305270464	0.364134459202686	0.487303406083794	0.149612551781818
-0.0256099926185525	0.50006912004294	0.389083378983601	0.666696709044273	0.00712530805294594	0.559566780286479	0.517235903582981	0.20105364525916	0.260558729603424	0.446412876300939	0.247862106464919	0.296142059167901	0.235489046783685	0.292483791814466	1	0.484161863169141	0.208909964774164	0.230389835033617	0.429589210681475	0.246696853738499	0.475164713051919	0.19771011618407	0.107994544012452	0.334666881393545	0.343888918344303	0.260686352061157	0.227727746572314	0.336656635302269	0.372129280593241	0.38275920073306	0.326447301944652	0.218218917310699	0.249244042848321	0.223945823531072	0.314643269690245	0.392466590259487	0.223115992175294	0.245002507581816	0.278525699364397	0.189492595611887	0.352079309703668	0.2920984963024	0.430486022188091	0.168551007059209	0.16260059701053	0.215246422619451	0.206165253634366	0.303148862251587	0.211463308118375	0.586592603505084	0.319820063076801	0.391568565146742	0.638398312418464	0.619613174953274	0.44747280716757	0.554727743747213	0.220172278695416	0.151179518956158	0.16971270259406	0.18173931332554	0.507871654247768	0.475856643468412	0.201112401281015	0.118579535531579	0.655452217780274	0.488921098705804	0.505323995216267	0.0908238020758535	0.383888131282253	0.250934059885354	0.383437669968603	0.418313530158176	0.210204128418593	0.390134042010105	0.16237843903479	0.275267392481959	0.183439386000035	0.359699371661127	0.332110154153332	0.297065839579087	0.296085545572135	0.166701527996906	0.277423698694831	0.11994819334098	0.0723667786342041	0.165391469042238	0.0697452751104556	0.455479126184561	0.355950150322938	0.157277094001406	0.153107315678361	0.142000164401448	0.288360535185092	0.329486979680165	0.327684805379511	0.189926217127799	0.465146275874699	0.302515169549386	0.190845161674685	0.44096120391776
0.0597316088768618	0.343537545400577	0.198168829292644	0.485413966891853	-0.0218052150474429	0.31426314300427	0.602297732400326	0.157189363783569	0.435541070470617	0.432968593535581	0.131651627077065	0.278568122340922	0.110030915793054	0.152571702049983	0.484161863169141	1	0.0256033883428805	0.239904363724751	0.728409148281933	0.337248364831089	0.614230021848177	-0.0167551707300219	-0.0788310824778098	0.322329466353543	0.473056083518452	0.318043521232532	0.456209839131029	0.117254942807256	0.332742981062304	0.377500355286575	0.834822259706649	0.226421013358594	0.126831087625807	0.135020776511857	0.65745971122638	0.785730081676635	0.185560827418153	0.523343185666325	0.194451327690931	-0.0300670587939228	0.0900345570999869	0.174573182107696	0.729947264326956	0.212552452564238	0.317793888382182	-0.0398724074425641	0.192879551462682	0.186381414546923	-0.0226612145458129	0.454847220499487	0.0393217800415455	0.26069153619455	0.491668055458977	0.393261532928517	0.346002627373455	0.677104235447421	0.11753559524597	0.110044781608543	0.280747769544587	0.370399521470655	0.375283160905126	0.256258848094737	0.311802977859191	0.232586824821986	0.330548643770024	0.559265423667463	0.838354811518244	0.01578836576507	0.658242148644584	0.386603422347688	0.058453745514644	0.189393841354794	0.339006111688231	0.532609233831525	0.126404953687624	0.30619021802343	0.413526738326793	0.0373829821987045	0.255763263419922	0.486638011220469	0.340401631117634	0.386228086610091	0.23434656886677	0.690685880941068	0.21048369129146	0.0637338111955102	0.0276902553051295	0.783629440063831	0.633186133604952	0.3295377928337	0.20903633077871	-0.148196117058815	0.295299521694144	0.0628478727265642	0.262747614993522	0.307863970811728	0.237378758698099	0.144380026856402	0.207490068650955	0.464103829961855
-0.0585758147816085	-0.052370978033289	0.14405061987315	0.0676079125865995	0.0773548918841363	0.220051745427686	-0.00418842539030898	0.374001833269647	0.234312241881402	0.0586228816590566	0.0842972327987228	0.0175595102812906	0.494571970927576	-0.0396568923708217	0.208909964774164	0.0256033883428805	1	0.570787781414015	0.166940842286862	0.315215406120664	0.0555559071319007	0.00729085167302863	-0.0230354201284692	0.218313665319797	0.0983292485792736	0.0601006147176388	-0.139875194031045	-0.0654255789342837	-0.182783652316237	-0.178256381388268	0.254567428626464	0.0337156682039151	0.0191777929094653	-0.0812704584698638	-0.0694729386733167	-0.0360630995800186	0.0428099454897409	-0.142128708895469	0.101114185228216	-0.0447130054369284	-0.197779019681399	-0.239470085228792	-0.0821458363481555	0.137509120143747	0.0605609622184255	0.0533062210581357	0.00381214767927449	0.077666707118479	0.0655544618265691	-0.198206902677434	-0.106733042401328	-0.155973324853466	-0.030959691882177	0.209721936333204	-0.0218488090376803	-0.0401304910392393	0.396052421706782	0.38442812326981	0.233635386420842	0.208084448265823	0.189421028425159	0.338686674663535	0.245309755025533	0.294394639895409	0.0506658076967356	-0.121475676360417	-0.0470086339929706	0.465382721576064	0.128731051337762	0.350237543431537	0.525303006025981	0.334810478715466	0.196115700142623	0.0792113036731611	0.47106108302724	0.278404637413787	-0.177302864044701	-0.118344656411799	-0.330112327730806	0.37169613982506	0.346232893416404	0.312001932653923	-0.238011708193547	-0.06688416169369	0.162014500769445	0.166259143299129	-0.0691252307360249	0.000563956515744406	0.045522937605498	0.178664969630295	-0.105086401587502	-0.0890413862293708	0.128771888913232	0.0515248759654091	0.178172868773117	-0.223061343187673	-0.127118189190178	-0.022580160622524	-0.307287457038737	0.0574275967999185
-0.166818231096367	-0.0346186922172192	-0.0412229545869675	0.13843945572091	0.0367650360683063	0.281691264835339	-0.0127809084522252	0.701020838499929	0.515282067355424	0.0496097366552518	0.133560411301089	0.0996827889366134	0.502580621632032	-0.136326154589773	0.230389835033617	0.239904363724751	0.570787781414015	1	0.470831793702201	0.524869607294289	0.16004742151813	-0.126643369643187	-0.146312928797091	0.320603773401225	0.130830078157553	-0.059176082488114	-0.118656792667006	-0.038818967556691	-0.133486973579617	-0.181790833037949	0.388641691432716	-0.168435109359285	-0.0754843887521922	-0.254258637513261	-0.102004679383578	0.0547496914876368	-0.155767142282482	-0.127079994670937	-0.0774584748062579	-0.189701792024087	-0.286130856289666	-0.283608206862063	0.0571441342918313	0.0289298543143061	-0.0369100598514788	-0.110350471842999	-0.113563287732694	0.0861006338028922	-0.0215264305405042	-0.116579494793386	-0.137562823608713	-0.117606815032849	-0.00581266102145236	0.281102360333644	-0.0843620608006736	-0.00495366341274892	0.46082286152561	0.547876438712498	0.50114902150318	0.451609795116358	0.0356343374910414	0.14417943903211	0.023431454053747	0.465605732565551	-0.0925696572334804	-0.122619165138359	0.152961007929958	0.539260190959087	0.322671581160858	0.509654285491758	0.369457319540798	0.0108181128296812	0.338796912244749	0.132425940147193	0.463668963770126	0.289299713843057	-0.120787780251403	-0.264584613593568	-0.327457438278162	0.417156716161826	0.250044297115504	0.166836253885826	-0.298416707203105	0.0525750167733253	0.116301629170697	-0.0974661364595613	-0.122644260937777	0.0165233884659918	0.104477195977986	0.123858440041574	-0.157001926056903	-0.321455377108793	0.0781463997201099	-0.173777408783547	0.0148918516563499	-0.295225009993028	-0.138599286639476	-0.169767641482638	-0.345994296574647	0.0512792873371495
-0.21075780445691	0.0880132466058163	0.0316164463980071	0.266908403958408	-0.172243376086104	0.297832765929992	0.407834103024236	0.399504128377715	0.721543436356084	0.399411665304148	0.226689462987607	0.361764471446226	0.219235068455836	-0.0853028119722791	0.429589210681475	0.728409148281933	0.166940842286862	0.470831793702201	1	0.606558421435864	0.516073429971269	0.127689985669139	0.0180262296490444	0.346725321402076	0.560306970669207	0.163747412866767	0.295244418276422	0.150866686139579	0.385453981894893	0.190264493093169	0.631987217357143	-0.0310148706510307	-0.0307962601424521	-0.0747232008261159	0.416709701988204	0.661061932666292	0.0237241307301902	0.355225728757471	0.191302842365378	0.0267904062611763	0.00677397171482557	-0.0368007468306979	0.489494101985288	0.186024290158155	0.0920168035564777	-0.0138379948024487	0.0888628168014052	0.149875363548221	0.0380468580239088	0.375154964617662	0.00872626882233028	0.170431933336166	0.284715974772042	0.390932910943371	0.229938072486222	0.39427067542378	0.169589292250036	0.251286130785572	0.561165606823914	0.629411616070603	0.306284187853899	0.189887435370442	0.204997698264906	0.27562728873868	0.242639244371623	0.450020287117079	0.71688914832803	0.174618008033408	0.882451806336957	0.456405646998756	0.181903793183975	0.181650032826271	0.440049432299858	0.531911706847053	0.183598965584142	0.260059725472947	0.282719120266213	-0.0538736794521891	0.223643314133886	0.538685781015611	0.223205495770079	0.182653266315698	0.115161153966569	0.478747867198314	0.0760539598005798	-0.122562607377568	-0.040387597147496	0.585891460685235	0.526099151224729	0.249441199268026	0.250549614111263	-0.14391327670386	0.282899880244527	0.0647964371943938	0.262054132324631	0.201662040381311	0.224170202634983	0.0385400633060404	0.073075216413453	0.441060434592615
-0.105758778172377	0.044894023711496	0.0896058665554351	0.231892730315516	-0.0413821108659388	0.28624448930537	0.137677069137706	0.647722986410494	0.813458227380581	0.239999327061212	0.13038719572694	0.262390673565166	0.26608444064842	-0.0978090951942071	0.246696853738499	0.337248364831089	0.315215406120664	0.524869607294289	0.606558421435864	1	0.333326332270571	0.0841297020614184	0.0676621164304361	0.302488042077239	0.536323037302046	0.119469032097371	0.0423977272750032	0.15374378817785	0.198583387887369	-0.0761894477711994	0.361921143637421	0.0203148634076846	0.0304688033035737	-0.0130028402895101	0.0770368300430356	0.28218858840144	0.0115675442091569	0.281268313671784	-0.03312631741308	-0.0380721599395637	-0.158286122563216	-0.0423033048221475	0.103526049763161	0.360037974376161	0.314197394702166	0.0275287034274588	0.0680017707971047	0.0278260605472303	0.136768639988299	0.15427125883319	0.0345416130094313	0.182072892060658	0.117590669855316	0.369991591092827	0.0227045985466152	0.139302787749594	0.369132799372968	0.483926116356731	0.727667804640443	0.784191666510849	0.27886734960409	0.177944005583703	0.122634281534552	0.324800151589485	0.0582624752937743	0.0392193679316108	0.323524718199592	0.446208494339201	0.537784715260982	0.668043415328993	0.292049860365434	0.181556926301812	0.505051122923573	0.438644638542242	0.216906594729174	0.342679161073168	0.144119560644163	-0.119954408230171	0.0149747850256968	0.516125810785676	0.238893731760788	0.189031686121836	-0.0885836054175754	0.191817245405947	0.207281688528299	0.0068670299853202	0.106247324556075	0.139278109583946	0.235136443906465	0.420771430773238	0.0227174002529109	-0.108991082453985	0.463360271982847	0.0348964443145855	0.255376532842961	-0.148264848987627	0.13134444680094	0.133683140769553	-0.162710854965317	0.174384828031663
-0.0980863844519682	0.2262740388156	0.349740844662122	0.412477316074372	0.0943248397586905	0.573106071809575	0.584539862995158	0.106746255692218	0.373925098975565	0.781105785445425	0.43928772514635	0.672955192318796	0.305863524389845	0.1461889036396	0.475164713051918	0.614230021848177	0.0555559071319007	0.16004742151813	0.516073429971269	0.333326332270571	1	0.294838235430206	0.349190942981707	0.353706388032689	0.373282519381686	0.131938785988204	0.507461815231523	0.229749162106746	0.421416156155607	0.381653230004829	0.505287306146824	0.265792404354298	0.254348749346442	0.320855520913038	0.464791636341944	0.594576410593172	0.258632109530237	0.319983280681394	0.186710875713138	0.291236351437588	0.137775646211338	0.267455453987182	0.716317883795368	0.165119306243114	0.235727422674984	0.212051653432331	0.508363441897995	0.336561543946101	0.273149431250125	0.684324779692623	0.304438264399116	0.360348308121935	0.348981919054976	0.485971360837498	0.435159380155418	0.409268417121704	0.0999653038607422	0.0455780917118027	0.0684638308836614	0.284188880596057	0.474233393068208	0.389896544702864	0.43108923302657	0.201678480061055	0.344871584234681	0.578236783539844	0.541865432481733	-0.211189958613803	0.464793547922001	0.25529660305326	0.0684245628525277	0.302240164557426	0.367146605138641	0.419553949562262	-0.0957601055709226	0.191217326255293	0.449093895621413	0.091965697072708	0.322307772320489	0.18268351773085	0.233316351427913	0.191735977742685	0.159722279773761	0.439480447928773	0.0758025246154098	0.0796200486532255	0.150481706522536	0.494865191682115	0.595822299830338	0.075569562518567	0.361983797484236	0.17067188275256	0.223912124409307	0.210119353761974	0.388227383670602	0.448130403131369	0.441225350088288	0.0599021203121938	0.272923411836755	0.524300808453291
