1	0.46459413779464	0.588980348705847	0.41144056390821	0.653054932373823	0.549521133978605	0.588138971057457	0.0034216982104737	0.388959889822917	0.516791869619921	0.401579231911247	0.506025489012599	0.155999287373618	0.17471759045732	0.201426085534007	0.377404886533496	0.221922802925243	0.0307702993953148	0.114555441582999	0.0974750031711418	0.190482538125135	0.350241727660926	0.121490448589205	0.343692858815141	0.458211109006872	0.0228994502998794	0.470336104169419	0.29311380189214	0.169937212504302	0.241019520948439	0.173581355135652	0.131797066788228	0.0147653661201193	0.128116727571893	0.535285871173917	0.388869722845427	0.425089412150598	0.305494488791156	0.244379771304551	0.374464865394082	0.244366756504568	0.308593132731484	0.223390556340137	0.326723221185831	0.117499062959851	0.305931297148924	0.0613705231186353	0.233138544494671	0.381196617048049	0.21616434191397	0.631125312448185	0.463583315130912	0.304904394454146	0.653780285951998	0.378638504112968	0.652691346725123	0.420207093021298	0.400686469357632	0.245425921583977	0.474275970973443	0.617010856347393	0.57568726118429	0.566020183721541	0.4916275717464	0.260860253826366	0.383196269224099	0.517744212293424	0.350650878063966	0.385270652515292	0.169005721101576	0.446398038023806	0.393266342559987	0.379156050909316	0.326996796262105	0.451181136352746	0.347741432491367	0.334186116530248	0.294340268817655	0.464438439257177	0.40739571827453	0.441993281289908	0.552557249052454	0.560562719094255	0.65328968303042	0.445697697759513	0.293501039445854	0.307570211594997	0.687200876082394	0.516502690010813	0.555282236757468	0.367320964209038	0.195656141901136	0.486877382251214	0.165477810644394	0.338963841408958	0.245986682930596	0.412695489578333	0.495176677923812	0.462787879477266	0.343943179893208
0.46459413779464	1	0.773701386193828	0.717259050085269	0.489195787464411	0.634155197417996	0.737995146845808	0.267680495481658	0.428660268162503	0.314659702176151	0.117645668537054	0.272358769776919	0.171255930280557	0.405224601126959	0.406458674204439	0.719825354379992	0.263977796838681	0.301053452377502	0.508999902313288	0.139834164050553	0.156301552222905	0.197130112662916	0.0850022522545297	0.248424283196276	0.446935700789921	0.3167642591986	0.306241041832128	0.237377898708521	0.0780244271029711	0.3037904956053	0.504769169764555	0.275495622312627	-0.0281379342830382	0.38456227892236	0.412065385450126	0.661379697094535	0.145322003509453	0.207242857136142	0.150465331225342	0.117570863561623	0.0473769263364984	0.139594291171997	0.14875305167472	0.37903596758573	0.173055028743837	0.29510686312306	0.228821994273709	0.071674825435359	-0.136586007619769	0.128254408258085	0.365387823338109	0.738901243439801	0.575554870272888	0.682412259955551	0.338182529156917	0.610312045380155	0.295700237550554	0.500930508404946	0.391411077946733	0.415482752710908	0.298150750546491	0.18555435492932	0.148255742392716	0.223924276304075	0.51855169569	0.07056744992835	0.601859439823563	0.314201095648911	0.531592208386689	0.352589493560838	0.214636875753995	0.171144287312434	0.108184161390537	0.170241416055838	0.32732007943972	0.536350002736433	0.419152516208267	0.329735863925556	0.270947016970004	0.504034214973455	0.458915525996912	0.241645211763201	0.390943405270936	0.458095959667242	0.404037581527514	0.561481025777023	-0.0642649373892752	0.38924482388952	0.218425736762719	0.246089455456246	0.120984864149908	0.328182374393732	0.45208256158436	0.390431707083704	0.307456010059366	0.0858553690267424	0.119603410396605	0.277891005311812	0.338022550312691	0.182103109096278
0.588980348705847	0.773701386193828	1	0.676469380226548	0.631655908879699	0.778241308825271	0.828363413658982	0.172375566290445	0.457976896080793	0.437995804309844	0.178799955362066	0.369727633046059	0.17915479491471	0.368917115564894	0.267859817339119	0.720460588382088	0.311554340562331	0.255409228804519	0.462438893122049	0.0782002038044267	0.282816831987826	0.321468586041785	0.152698043128441	0.310192200123905	0.528553431935396	0.292164640226263	0.520202184976255	0.393896934595073	0.170914899594746	0.34680818761101	0.447544212772468	0.311464241648061	0.0182573558886935	0.344653459211511	0.489631013631417	0.652935522281319	0.250472837346297	0.386988979334788	0.172594383175355	0.274248231494997	0.127505010463186	0.21458556521439	0.207075111063566	0.456080622891956	0.167461746545999	0.43374944654376	0.258394123371064	0.171237141699746	0.125605352977295	0.227085995269399	0.442378740344039	0.725314928275301	0.495124090256226	0.785518560528174	0.361064971665749	0.690606359214808	0.381314332907597	0.619719892989002	0.445697671345099	0.494626874320062	0.462765338852337	0.279518545441294	0.314921087022918	0.318593127899921	0.475521060092395	0.25357054117733	0.674553456168173	0.382302298852311	0.551166835370157	0.375681428223163	0.39139982242656	0.217529363157275	0.196245606690969	0.229799306130374	0.495977421093402	0.597335421400942	0.487542081891572	0.461816858423563	0.412365692120834	0.528050875164136	0.520706671772884	0.408171520762126	0.499286024929536	0.545648221685908	0.510079008328055	0.597217672175215	0.0545784412328745	0.539337540806161	0.427622149033912	0.380600971090739	0.210921619251791	0.343995180661282	0.545272216770984	0.391688529144688	0.401461159419066	0.22926722471067	0.334850803383332	0.44457363131986	0.518026394994586	0.270593646793295
0.41144056390821	0.717259050085269	0.676469380226548	1	0.515294437358138	0.637526636101755	0.779043830856318	0.18616715992272	0.378568932152112	0.336741822379053	0.087741737080833	0.257536881249608	0.155737937296499	0.420688541298724	0.526838134439981	0.707070004173531	0.16011623479858	0.183244500843076	0.437342992800521	0.0117027207690899	0.0685941923284931	0.072328200668041	-0.0444488644190965	0.212167257832936	0.378460207192661	0.281146415346308	0.257159488473326	0.298869649985766	0.099206924846741	0.250115022347237	0.373933884376132	0.176826345054439	-0.142699101488976	0.341930483398833	0.422301516487315	0.660759992151619	0.0780237827622006	0.15663130247848	0.239866190979786	0.109180685281328	-0.104696244774065	0.144502046898305	0.251201649930076	0.340511371926827	-0.00322964497053137	0.103151940952379	0.0941072497486338	0.20015290168009	0.00186673161261796	0.199914087465513	0.345204847986684	0.575089746748724	0.535913376084388	0.574094361793946	0.416032457624525	0.641132381428462	0.273579503299507	0.446316077101533	0.335861415945044	0.433922166295783	0.306231812158272	0.240233757241256	0.282032929549384	0.299833562482792	0.495980387222548	0.105694180268729	0.442599364270326	0.276468678349609	0.447700168813433	0.27473360869464	0.255844845389519	0.161548052163229	0.0223483310100686	0.104326598686763	0.261172170545967	0.39603458082809	0.345250455608894	0.31200255274739	0.221416579387821	0.315265297912111	0.370192210134583	0.193073562137261	0.226705018309846	0.272814163551701	0.190422781196658	0.437520664526842	-0.0856791975567174	0.385584316856929	0.128230283800762	0.0548859766175288	0.180098265638371	0.237104558723916	0.364703066309934	0.351363481385355	0.317009321764163	0.137254324029662	0.146744643123502	0.137084150695612	0.273488828613197	0.0742233384740271
0.653054932373823	0.489195787464411	0.631655908879699	0.515294437358138	1	0.642310670119251	0.664421200986493	0.0964832647860893	0.428374315177539	0.354656209548776	0.122026569675858	0.218971251336508	0.0480361678117139	0.338772425313508	0.161601276405699	0.577694615063435	0.289577780443646	0.231835144029162	0.334989186216664	0.0990257778708188	0.223275317142099	0.293359377275036	0.133570037721851	0.301865803820684	0.362629979220832	0.16900149930086	0.397649650039961	0.290503863697064	0.0821798493210459	0.264840246903975	0.377536367792923	0.2234939613159	-0.056595953847205	0.157202348381343	0.446701082459975	0.459488444435257	0.294001755511538	0.359974945879064	0.11923797046974	0.212595477247264	0.0445038544368226	0.216744966516469	0.244360230744426	0.334332678233864	0.135508222522147	0.347220017912244	0.189334799341553	0.177111042504534	0.192230121317282	0.184404879374139	0.458571103991806	0.440425570795334	0.318959883758951	0.666976469310563	0.514909305942224	0.582589053768872	0.347408709563007	0.418168159400831	0.262649986638215	0.430966591300088	0.454723071785662	0.420145212349486	0.398761496894555	0.263658612431588	0.310899610422994	0.316863162550332	0.616538552810102	0.309020740925574	0.442732646963024	0.325398181877911	0.304984293920151	0.310984868211954	0.24817998192572	0.249963799950764	0.531511728262512	0.492302711621131	0.403360000544064	0.345523214865974	0.310820155517284	0.543931687350413	0.491784877434976	0.426786513561536	0.472036404439124	0.583896479761167	0.450456180487847	0.400132024050527	0.13768332856191	0.523536403264834	0.470214845400071	0.470635835870258	0.17799296167677	0.178954310518646	0.488059864405736	0.285598327857894	0.329013675202708	0.198516698375631	0.246236757350304	0.442849801029803	0.4084140493243	0.271094961354722
0.549521133978604	0.634155197417996	0.778241308825271	0.637526636101755	0.642310670119251	1	0.765229358488761	0.0941230275574456	0.431253372778982	0.490657109049286	0.207904690512777	0.359563892361584	0.149914008913279	0.270170277505446	0.318257053414738	0.637332917634732	0.308426816985804	0.223863643383486	0.358038798776332	0.109506457445396	0.263845503383083	0.423370257742385	0.243939194074433	0.351856389269227	0.460899878416368	0.341670253921383	0.49477284440766	0.38427982029698	0.303994706664227	0.264187143769893	0.373531815199405	0.2483534653017	-0.0184690839155778	0.414328083509518	0.408495620041899	0.598310773492768	0.242314886536153	0.304879222358365	0.248119113811163	0.36273454734907	0.167260337645722	0.179920946042144	0.223358893170218	0.480159949892925	0.181423568290668	0.392261856159679	0.369738188602851	0.302457391938525	0.222246557581572	0.325553088350717	0.504391468177633	0.55055247190341	0.496816823126751	0.80781598186037	0.601044038658751	0.642331476522897	0.325089345807707	0.539180504349745	0.341134988908259	0.508808084225632	0.494777813690919	0.345173281826712	0.418554520462437	0.323315556176524	0.429370640663159	0.424996449422053	0.623461641788674	0.340880569915121	0.548009704001589	0.315995595875788	0.371497600271304	0.306852465775931	0.188238892068537	0.261910640962054	0.523421299361524	0.499058905614207	0.512748342095476	0.300404296057938	0.326628743483471	0.494859040374271	0.395100777771236	0.363074461693906	0.436738165423235	0.533762872889562	0.415980066556031	0.456496826493666	0.0448722229341625	0.576997058395037	0.436139080155394	0.375324213871183	0.317555946503475	0.355908465750057	0.485632845020381	0.297192767601282	0.396563859644778	0.406112750440704	0.310780134909963	0.38217357612324	0.390610894675644	0.395845957856043
0.588138971057457	0.737995146845808	0.828363413658982	0.779043830856318	0.664421200986493	0.765229358488761	1	0.181260134023173	0.468187629521576	0.425560288373809	0.180205870497111	0.355676957933345	0.138553629874159	0.319167368660847	0.398798539726175	0.750625492590877	0.226074742099088	0.185579825967543	0.506627969267355	0.0518860759295694	0.135531368839122	0.259822015095796	0.109952039445228	0.293306501768563	0.539941358163812	0.26215944344306	0.402927952905653	0.359341309757184	0.156371321438395	0.264639443063593	0.375159044663617	0.207232916650486	-0.171179852764261	0.321407430055277	0.696441866387564	0.773059204969693	0.222861637956878	0.250714185916353	0.316200564339033	0.325949735231997	0.0342690340682007	0.183958452940127	0.276917142880545	0.400417514748758	0.0230018367514544	0.212543846711932	0.13897312846128	0.321035092453256	0.0500046188687335	0.209708614793573	0.481547783778342	0.718930373421476	0.544383170100927	0.711386507219944	0.488901813102769	0.814745746542047	0.386867750023517	0.471816479828057	0.315020199541168	0.487197953321207	0.512834130358	0.371878506456335	0.381299392507417	0.318443653285782	0.55767290086415	0.274757682484858	0.616509863371767	0.33448125817666	0.569846575297685	0.270684514274608	0.3648974928577	0.176873261330229	0.146439743140595	0.242210153983597	0.450783273827017	0.52326665543254	0.428592630421611	0.353581788268508	0.381744676054064	0.506521664476651	0.492548110308888	0.294814093332363	0.428156149832648	0.548560549052143	0.365078184910709	0.579184974919744	0.00834419910883233	0.630310508577175	0.322599750976814	0.358927606785291	0.360895192390417	0.312808484835588	0.550715873260297	0.206136820992075	0.334688202510675	0.358520662419311	0.244331789758527	0.327480088443263	0.386617961689851	0.211704759502692
0.0034216982104737	0.267680495481658	0.172375566290445	0.18616715992272	0.0964832647860893	0.0941230275574456	0.181260134023173	1	0.553501496786982	0.257882845817041	-0.0672857557114335	0.292152864464984	0.363365739390653	0.353595754076766	0.263259068984784	0.262873679356837	0.294891742061823	0.357981626376249	0.446522100088147	0.46034771676277	0.194847936762638	0.114395765700687	0.272507388185492	0.124081651472627	0.427391556327041	0.29943322742705	0.16482851022701	0.0539743803166845	0.189054299632221	0.244937732061825	0.325724177263023	0.170874906920273	0.237465998550879	0.335126363179783	0.156026654609171	0.246465873773178	0.0259372870004466	0.206714894394957	0.199662140503962	0.0737005856907829	0.0634843192485405	0.190027789742553	0.119410069304798	0.128391298537375	0.29956675899264	0.31108256036094	0.333351810124911	0.141262498777083	-0.13111407863341	0.301066197997039	0.101224989875448	0.256887563575203	0.322404467458487	0.159672857347315	0.140581624372063	0.167121310089717	0.288802822397335	0.522449921549531	0.40913017573079	0.490062186412442	0.131264025292268	0.032289086398935	0.108378018251209	0.141611538599609	0.212128493108227	0.0701719454084049	0.251155682631926	0.315434843986201	0.324576523802301	0.523130241184006	0.22051345357399	0.16297221194242	0.192884160674428	0.467974443052031	0.0741615664485834	0.223263934178252	0.0790788900660255	-0.0138706889420896	0.166573423794963	0.228730898744507	0.167755130862958	0.00430883037016751	-0.0155480041304267	0.00200675768120769	0.0343859779676037	0.20619395412518	-0.0393902231102497	0.141870800254013	-0.0209905608160633	0.10601417162823	0.114387812483493	0.135480999376002	0.0208777374652173	0.228647682666098	0.142328342837904	0.0724639967706247	0.0577232745415533	0.139201191335246	0.159920753789329	0.131251502346247
0.388959889822917	0.428660268162503	0.457976896080793	0.378568932152112	0.428374315177539	0.431253372778982	0.468187629521576	0.553501496786982	1	0.414617858415511	0.12415784019014	0.394083563405064	0.301148586851809	0.349292556818267	0.317992611783282	0.426159944940247	0.298472921893155	0.342956677229369	0.589129310793773	0.493759426460962	0.257818322990098	0.384390236025324	0.330959270748137	0.562476587568508	0.56040244179382	0.433573629759976	0.367480811226055	0.304651302064494	0.224902723660918	0.206060957689136	0.36958336069646	0.22214517916398	0.178599584778875	0.489386113172649	0.470388869953571	0.555797045499619	0.441626881528338	0.453443600440416	0.41457401713926	0.43392005861299	0.159058809494503	0.102408692255981	0.258563125030328	0.390491345062928	0.393522563577642	0.370129842198969	0.320620940958895	0.388233832398115	0.17778148321503	0.39067017423609	0.434093482328062	0.464696377314432	0.558285605098391	0.506438813462298	0.460169408514561	0.54654916710272	0.482735917697125	0.634522920826322	0.603114500461131	0.814832327541085	0.450875558294238	0.373529702660738	0.329642172534138	0.257018435023353	0.338600420727864	0.354646629709039	0.462255078331267	0.375191912492259	0.592853572591858	0.614780937683537	0.330165932250505	0.390344400045126	0.569032292653469	0.606369720968639	0.377753170570828	0.428058587221744	0.262803373662509	0.164303666340264	0.260040344924825	0.394809984160535	0.309311778402366	0.266836675307857	0.312629918109611	0.338129119118356	0.377942070986893	0.345430964451509	0.323248936098473	0.561908455006023	0.321710961126968	0.359840705922945	0.424758550836467	0.33511016497409	0.339682292418571	0.328692470425943	0.340862528056907	0.461116379891109	0.235875586512568	0.495582183593919	0.341825648408333	0.344771789926702
0.516791869619921	0.314659702176151	0.437995804309844	0.336741822379053	0.354656209548776	0.490657109049286	0.425560288373809	0.257882845817041	0.414617858415511	1	0.525339228217971	0.778725754894086	0.175004836847786	0.263428952907873	0.388207178602241	0.39124534880644	0.23447765673255	0.132535562366681	0.254453613701794	0.334494483882325	0.314643244260254	0.474690487546284	0.211455111251732	0.102387589529438	0.629822078551191	-0.0508448515438092	0.45621595373087	0.314009695401714	0.132661682322344	0.340538196700061	0.354288593231885	0.0522179239168313	0.234792632777926	0.199076649481965	0.284482211626145	0.420057114587485	0.1674665513243	0.196312291208872	0.126582384897407	0.321988892840888	0.181310003046634	0.211123896509985	0.100147241574239	0.280864945558281	0.138479535929799	0.151255959459066	0.134014993608641	0.196202806386149	0.328890895037638	0.509858303215065	0.395258309941402	0.4374182715902	0.271796173728264	0.470458694266837	0.314521704316394	0.387547528185061	0.378162548093521	0.47314161421658	0.275849375204873	0.576030232212279	0.74238130017093	0.544115966781141	0.646408772173917	0.483135180433312	0.501619967124927	0.298074858838362	0.48995705808371	0.431968186051633	0.566435061366082	0.284797702761559	0.773211583890523	0.596037622777885	0.298700557747331	0.399646010138402	0.578671249290473	0.295724497836627	0.414429004107886	0.45217846437666	0.473417557715204	0.544160579032418	0.509605569148919	0.555040855057342	0.521411049025371	0.529060588068952	0.446210316364569	0.440325236338657	0.0811781301504148	0.555953812925326	0.312782881579115	0.465482541033285	0.247939948695374	0.166998128650248	0.391633446435854	0.241850068695008	0.547922166096722	0.311602360764893	0.360445109848433	0.502616410252645	0.582355971856204	0.488765949573745
0.401579231911247	0.117645668537054	0.178799955362066	0.087741737080833	0.122026569675858	0.207904690512777	0.180205870497111	-0.0672857557114335	0.12415784019014	0.525339228217971	1	0.490625771566121	-0.0176867406862995	-0.0545769921699315	0.0121098659473192	0.0316513245837948	0.153983715265639	0.0274246304092525	-0.0999327972789034	0.0682802890120091	0.157030930405004	0.382668149192482	0.158662500608033	0.082576731333939	0.266203624992129	-0.222731787575986	0.191183237823049	0.0789122178294527	0.0538789839497091	0.0428351815035646	0.0852303526201065	-0.0273919359706852	0.125654314145654	-0.0432056239278948	0.199183389493499	0.0819567713963885	0.262467615976444	-0.11452519801728	0.011460999297346	0.121237380350104	-0.000605516485082359	-0.0904227449225548	0.0093360177029321	0.0291729963315812	0.00517919877376612	0.0825516461942396	-0.0722524980141128	0.00672996496745778	0.222384752832115	0.195584464852586	0.317783486139996	0.113378650599316	0.0972093086579241	0.277360223340857	0.187437155034897	0.270837575501412	0.131141567799096	0.220575972697965	-0.0312315693667968	0.239598361660824	0.540126102364265	0.341890760864211	0.445655730234774	0.272252619188937	0.17552666581831	0.262589161790143	0.264640257909924	0.281972404274446	0.190147875500168	0.0350674245459476	0.450269141588143	0.397780401377099	0.196494588738628	0.138098577298942	0.377833361735284	-0.0241962217827665	0.201048023612238	0.121041810119271	0.361972984476119	0.373049269419085	0.4203090216045	0.493226401675249	0.361386171207342	0.488764495317868	0.370598635674246	0.0955832559963136	0.120753662280278	0.475453875984092	0.242329743885546	0.328968515748466	0.166380815706345	-0.0885480817833815	0.200420142692894	-0.0246581614009162	0.321096890157883	0.0945861985063231	0.190145392668974	0.286386947205207	0.377787723314795	0.32992063185576
0.506025489012599	0.272358769776919	0.369727633046059	0.257536881249608	0.218971251336508	0.359563892361584	0.355676957933345	0.292152864464984	0.394083563405064	0.778725754894086	0.490625771566121	1	0.375764476612789	0.212110042063687	0.339565002918006	0.27420358589695	0.289155304894857	0.0961827728712844	0.169367629790564	0.330229216897482	0.221018250445178	0.477895299719157	0.316605111797035	0.0960609894604668	0.626512617998162	-0.142163510172715	0.439557835691527	0.148618945344678	0.156482083925239	0.21539321363087	0.236353525734336	0.114505093962352	0.319540608970331	0.170272808988572	0.29450977822796	0.287920396652235	0.204340611092887	0.0981136773238674	0.155295492940744	0.30499626132857	0.171125308456308	0.123230770675026	0.0064723286855521	0.142440988574584	0.0642738468549409	0.215965321392749	0.151086344038548	0.227436419352384	0.29112073096499	0.406839469658443	0.391290093590647	0.436488293824625	0.360227674072449	0.390622937235496	0.247793743264839	0.463060270291844	0.377527919673564	0.491783292035436	0.3065149106911	0.533133842977606	0.705654528251704	0.64643151516571	0.65404378505443	0.568552372511033	0.414130638490038	0.297370064268156	0.385005625420241	0.501733107938851	0.462801081800247	0.158583955170446	0.737753635890406	0.551110430265888	0.237424147546908	0.313403921115458	0.396930737462858	0.120254339880769	0.286693515088419	0.216088947843358	0.356749163631216	0.327353679949544	0.397935082410034	0.453760489052508	0.31533212914696	0.345409757085689	0.253825646904598	0.207083808631536	0.149299101562963	0.530777147623536	0.225291200266896	0.279799378501881	0.385661092252899	0.0511269141526331	0.25282921662903	0.187607994522473	0.403605501084041	0.271062169403984	0.399346613738649	0.37915716707605	0.403532565018671	0.342033232385711
0.155999287373618	0.171255930280557	0.17915479491471	0.155737937296499	0.0480361678117139	0.149914008913279	0.138553629874159	0.363365739390653	0.301148586851809	0.175004836847786	-0.0176867406862995	0.375764476612789	1	0.321220222277067	0.145167006644086	0.235824475054598	0.423392255365095	0.344125026290929	0.155846246058923	0.155355490353883	0.262114320761673	0.109483562972425	0.0795335990407506	0.226168767571799	0.240703816584287	0.279283998579151	0.195833403881902	0.0659282131600405	0.367331313905135	0.123378555929502	0.271602176224511	0.395790050126461	0.34489508812178	0.33107479677121	0.0705017000925149	0.176835953365724	0.059811997542545	0.269985185199865	0.183092422398127	0.166466073775952	0.298036996073718	0.0786889533188216	0.0870191932633498	0.137648517970798	0.161117448652025	0.293038219443049	0.360813830177178	0.0668943960912271	0.308302713138994	0.0872507935458254	0.22183034985747	0.220321393745011	0.416599352607415	0.184740175665283	0.139931883458028	0.243672298670447	0.439648632018369	0.390130772250922	0.307753817969949	0.358772286567397	0.182392262265878	0.285011879652331	0.200064299612365	0.510703037889435	0.238771394442398	0.119072781418077	0.264801891454397	0.443766040509807	0.255257409884095	0.139282350265746	0.350362187614508	0.0735705478652848	0.119298162709654	0.239728008038925	0.0716558067646778	0.147093150952054	0.137647479726807	-0.0852470256025173	0.0869506475701778	0.080410813267564	0.0801762101638452	0.0732250894556283	-0.0736899961424095	-0.0650610546777142	0.0491606988344963	0.0662608557608367	0.0177950168827922	0.172856439317656	0.0838417570465866	0.0489048965570758	0.152665997927232	0.109629999792292	0.0218363297565577	0.118302692980337	0.0129344031966895	0.147667075620625	0.395623983924787	0.0560944971274381	-0.00319079675750446	0.160810377460844
0.17471759045732	0.405224601126959	0.368917115564894	0.420688541298724	0.338772425313508	0.270170277505446	0.319167368660847	0.353595754076766	0.349292556818267	0.263428952907873	-0.0545769921699315	0.212110042063687	0.321220222277067	1	0.444255331612491	0.608069883895348	0.295912975922912	0.384321239705569	0.392942449437193	0.237625944061432	0.300411521583041	0.189943593521699	0.131122649370304	0.146194802451992	0.222610229063145	0.260191838112932	0.331865911526492	0.229137888916782	-0.014748712744683	0.388582888922426	0.551413654998762	0.378810576009037	0.183014570708562	0.278464983786199	0.131463758947198	0.349278438850465	-0.0243744251587014	0.292605810200643	0.0875694388495459	0.112037352329916	0.0629947169505738	0.252181934849272	0.225461566982798	0.169702488572204	0.219004232443568	0.190597517381924	0.246904150280788	0.230255133771418	0.00265522467330521	0.219597865688762	0.157707914706917	0.348849445501633	0.376351301718704	0.286931341045792	0.195166134948937	0.260304784209307	0.216294680253117	0.361773420418491	0.387900369098338	0.401642345037503	0.2147558085557	0.210981693428861	0.0677947875256506	0.269405994886446	0.477574479221368	0.119476621364265	0.469167783733352	0.33732560682626	0.374623302863886	0.337279989398585	0.309923506155922	0.199850344474706	0.0783587273938268	0.286758163021135	0.259509489395237	0.397726269884386	0.401396157293896	0.310649531860115	0.12308412315005	0.306023370875754	0.36328582532824	0.247215172350376	0.210058092956296	0.127203291744244	0.30119425878667	0.399512142318445	-0.131669362568947	0.00315402122432806	0.173022724011587	0.145744642783404	-0.0240562140858388	0.299949496776989	0.186952169024583	0.474381721811554	0.198926456966144	-0.00941258688857741	0.17940114215231	0.259040292968173	0.209430482485873	0.202122444495599
0.201426085534007	0.406458674204439	0.267859817339119	0.526838134439981	0.161601276405699	0.318257053414738	0.398798539726175	0.263259068984784	0.317992611783282	0.388207178602241	0.0121098659473192	0.339565002918006	0.145167006644086	0.444255331612491	1	0.382355211064817	0.0582478488421247	0.0521823811703251	0.231583083501223	0.143289888303298	0.114620208442606	-0.000901345751614083	0.0336173959287142	0.0998628163816911	0.316744104451106	0.241661457024838	0.196050458362323	0.345368710184233	-0.038144952444166	0.311662854369551	0.256941063741993	0.0209758205792878	-0.0292395330705411	0.419345410942477	0.297631958078272	0.503657312479126	0.0783436558872456	0.0864426702514011	0.407262379025681	0.361301267234748	0.0424031203075652	0.239507839992591	0.39260295215145	0.310889802768641	0.0334556576145439	-0.0898425928466672	-0.0121642140693241	0.39994160317798	0.0305779742627424	0.443736137485237	0.181034724926697	0.338767067590801	0.336746658946886	0.251035236951092	0.245850342176198	0.329176133229598	0.341681591776732	0.267201279686983	0.147049616322551	0.367179537453331	0.279068751912894	0.215706633911168	0.25710098065104	0.269395396603433	0.40653172968468	0.113138696615771	0.200150529051894	0.100614548457985	0.2355699903752	0.182941364943476	0.177708098118257	0.0552198914714275	0.00207682965571022	0.172603194625485	0.134153033444998	0.191615728280947	0.185962348913704	0.376624240921079	0.197155336337838	0.0823145246667197	0.287900314842334	0.17812446816222	0.272093135286459	0.178184580648417	0.102311783172886	0.34940526324128	0.0461457567502997	0.239399544488054	0.0521533790700571	0.0879315931159491	0.363384082590033	0.396653908290255	0.257049896819675	0.270760152961683	0.266273421992844	0.272421555610249	0.0718746647838648	0.0415549063356365	0.196917236036485	0.196943506789395
0.377404886533496	0.719825354379992	0.720460588382088	0.707070004173531	0.577694615063434	0.637332917634732	0.750625492590877	0.262873679356837	0.426159944940247	0.39124534880644	0.0316513245837948	0.27420358589695	0.235824475054598	0.608069883895348	0.382355211064817	1	0.404735714516411	0.479201589425042	0.65239642738151	0.1974170532046	0.3073668423138	0.326805102930488	0.10333056489998	0.217754820556879	0.49041127246512	0.325615848669509	0.382487610056241	0.235203638425538	0.0943784029405021	0.380263907268407	0.757807080466159	0.446689092086842	0.124830787126636	0.308318216670108	0.402728074979198	0.697609372802407	-0.0617287357849901	0.351453567419834	0.096538925659962	0.0371467322729685	-0.00803955767508521	0.131732222576781	0.212480528898361	0.265726526207697	0.237762828093752	0.257215385376856	0.329322443633436	0.161391259006078	0.0219952022684884	0.247768449039531	0.397475728761045	0.67521082665683	0.501425408756353	0.63137939677142	0.426474871790377	0.579395738127642	0.343635538433474	0.50708408436167	0.499462240015025	0.44488547184001	0.296960992870178	0.223022185907432	0.185834394362481	0.235423258775907	0.661884846843187	0.176691716248965	0.757019652210807	0.423886396650291	0.711846701331794	0.405980620460224	0.384977802317303	0.297246284635869	0.100381650652394	0.208431699190435	0.502152527603151	0.670094735637317	0.486163545134128	0.336450447708211	0.224493543853413	0.639014188433646	0.614234284582302	0.398481839204806	0.320613212244457	0.435357495873326	0.444670408162186	0.62029852093718	-0.213634566814618	0.383512440039867	0.302760577602271	0.289267237047639	0.0896404126595256	0.221836808463414	0.40762604499488	0.358126621205404	0.438235695633926	0.158153608293668	0.239614485998744	0.325976229043398	0.369156023068847	0.256271347615302
0.221922802925243	0.26397779683868	0.311554340562331	0.16011623479858	0.289577780443646	0.308426816985804	0.226074742099088	0.294891742061823	0.298472921893155	0.23447765673255	0.153983715265639	0.289155304894857	0.423392255365095	0.295912975922912	0.0582478488421247	0.404735714516411	1	0.669993155815416	0.263967684876071	0.328414584451336	0.678722157734529	0.309386786201646	0.361981911372323	0.236222881652193	0.341033470236534	0.279137002405517	0.587822310427053	0.0751290692138786	0.333238792285293	0.189004765242834	0.62055199553491	0.529375933820046	0.408253830440142	0.274465955856671	0.0670608441965262	0.129241013501432	0.140602340755894	0.400875049511463	-0.0346531486540079	0.124323477654128	0.134748495418529	0.0658936362804514	0.0442805345031874	0.227591794372644	0.471338190850062	0.48476680283638	0.49499918508879	0.0614706184720193	0.212313145454398	0.316747783738023	0.225468771952165	0.33318069991393	0.260555092745013	0.403182209004115	0.215636979124507	0.240715937710038	0.171017342661869	0.460104075967436	0.316109166742121	0.251579890525614	0.119746646345136	0.11190358913843	0.115974226110678	0.04770643994306	0.374404858547572	0.447280494076028	0.568908292441712	0.538060967497066	0.405469174624658	0.455300178062177	0.428293620359402	0.351576538490909	0.264404678500221	0.320776153373426	0.583842379966483	0.496402056286739	0.475065188147487	0.0517597434428471	0.199591417660765	0.580915334067367	0.452433970019553	0.470185013106185	0.220246854388484	0.35028884429935	0.477730410775091	0.312672478130651	0.0948580734341379	0.271305047445777	0.478349266238736	0.278569063157559	-0.0271796175096755	0.205506207057896	0.355381511324049	0.312987989758641	0.400604457750914	0.109770044498237	0.259628427752267	0.392400984069041	0.391172606041782	0.548171617404428
0.0307702993953148	0.301053452377502	0.255409228804518	0.183244500843076	0.231835144029162	0.223863643383486	0.185579825967543	0.357981626376249	0.342956677229369	0.132535562366681	0.0274246304092525	0.0961827728712844	0.344125026290929	0.384321239705569	0.0521823811703251	0.479201589425042	0.669993155815416	1	0.540812937716834	0.393410172609362	0.567692755821337	0.196946391297012	0.231323474434121	0.337207985692716	0.350705216264651	0.367503440973595	0.33807574862588	0.0858548802141072	0.13094517109859	0.272559543827123	0.724648529370977	0.570242132303481	0.327155386963715	0.292102187635535	0.108796560482844	0.271039667976611	0.00375069618838659	0.427630151146098	0.0205385311726792	0.0218489771924291	0.0820394507057564	0.0616944582021383	0.0717711758409181	0.133501073303408	0.462809204966052	0.299091250655811	0.402774063498912	0.130406043691737	0.064557140651999	0.272573556482638	0.161387655057422	0.242918032518726	0.250987913015678	0.31227935279713	0.23532867886089	0.13891355794721	0.169977753729844	0.35892851955211	0.412744250253524	0.281739550895575	0.013520223730103	0.0204632308271548	0.0179777902476717	-0.0473048687111141	0.39529403979033	0.247269928183263	0.466589826154373	0.441778235395037	0.502148129887049	0.521733992446612	0.345694680143436	0.318383995244295	0.227536114721867	0.390866855535647	0.474151616650687	0.560863468291777	0.361062575452491	0.0608387411344745	0.0550994195701988	0.50521358979959	0.401132538774648	0.295765151942529	0.0436391181029732	0.185739100462576	0.464758013676474	0.306925062892055	-0.0423567557553271	0.102492945139426	0.333097867610284	0.236883598224975	-0.0889561639261682	0.171344705730153	0.244351096525996	0.281198476284288	0.305215178190119	0.0567298859643964	0.151754646417117	0.287937517123174	0.248808111694977	0.435491540386191
0.114555441582999	0.508999902313288	0.462438893122049	0.437342992800521	0.334989186216664	0.358038798776332	0.506627969267355	0.446522100088147	0.589129310793773	0.254453613701794	-0.0999327972789034	0.169367629790564	0.155846246058923	0.392942449437193	0.231583083501223	0.65239642738151	0.263967684876071	0.540812937716834	1	0.452363540146179	0.232082297446494	0.224968725415541	0.212282408622367	0.27944376661129	0.475416624431122	0.344675879915512	0.127403882118807	0.0425838385853132	-0.0492827826173313	0.0888324255829829	0.575941045119911	0.307156400309696	0.114299964001916	0.219384108095273	0.300663854131742	0.594150181499821	-0.0931581282328041	0.337840635070847	0.0547059079032414	0.0187390880835364	-0.052538627093046	0.0158705271211269	0.0458799789964635	0.139606615609579	0.31546044869342	0.137710550927258	0.253064007710269	0.171509621408859	-0.170305191590059	0.1800153102702	0.166788600889284	0.414491473224122	0.452075566802187	0.328564226517191	0.306590001937607	0.376269687155462	0.256346696727126	0.513279450699707	0.595664861846353	0.449115707989152	0.215323565639906	0.203606337499502	0.194892751984818	0.0879243174269709	0.431533118608396	0.0866284880417444	0.484976339396704	0.322169512174944	0.724305213456381	0.577940103360357	0.254543103666555	0.221812571780197	0.155131112985793	0.284542374711572	0.336201939446	0.549594815980967	0.172272356770593	0.163845281698165	0.0339129536262518	0.502350330566602	0.351316897835802	0.0933820842738812	0.110963396862288	0.134050819608945	0.342147921916221	0.462661644421868	-0.191331191213698	0.198556273105913	0.0592604461290723	0.281238102215854	0.0548041176462583	0.112881193354234	0.235850588186536	0.180752312398955	0.24824566318418	0.170218471196652	0.0410976818830141	0.330675734191001	0.241773957060211	0.165804665419052
0.0974750031711418	0.139834164050553	0.0782002038044267	0.0117027207690899	0.0990257778708188	0.109506457445396	0.0518860759295694	0.46034771676277	0.493759426460962	0.334494483882325	0.0682802890120091	0.330229216897482	0.155355490353883	0.237625944061432	0.143289888303298	0.1974170532046	0.328414584451336	0.393410172609362	0.452363540146179	1	0.248015698406061	0.273890970624009	0.337698385577487	0.186116917664437	0.552179313542248	0.143078711797626	0.29263238716309	0.0450307944855131	-0.00474065334113375	0.129269957702976	0.32701642639651	0.0838274099247838	0.34382578956698	0.281473167511768	0.0502642045023479	0.196578743853931	0.0244890306667692	0.351472186023144	0.0410228932683001	0.23919519192888	0.131279353944977	0.124048450604836	-0.0237207947145825	0.122571512706017	0.461493185106325	0.214533438693838	0.26517118135101	0.0848802033084409	0.0463891161529315	0.273575881102759	0.152355679807303	0.138291551957267	0.157903288296441	0.202858133646037	0.104396815551345	0.102926946456527	0.220280736260723	0.436890140497156	0.426655293885794	0.48349726803484	0.238255560225643	0.131364187393098	0.318482739148945	0.0522967706924117	0.185624444609467	0.18754730485163	0.30223295988629	0.293030936398838	0.391730954331804	0.507769644631574	0.27132518123499	0.416671429369441	0.309006702453973	0.518831812405216	0.303330846631036	0.352400549665698	0.180854654488076	0.14985484051477	0.129788899800857	0.3591463963601	0.239335880146487	0.222084034131224	0.183869223178811	0.161413242365969	0.25996118230604	0.21723153192029	-0.021941289528213	0.121961215950265	0.0705252215959636	0.314040675503623	0.0365780100678257	0.211398419008144	0.205900104890354	0.139286754389611	0.233678169054573	0.0811001507009933	0.0847004806512637	0.360728603650971	0.216259289650319	0.264742849998332
0.190482538125135	0.156301552222905	0.282816831987826	0.0685941923284931	0.223275317142099	0.263845503383083	0.135531368839122	0.194847936762638	0.257818322990098	0.314643244260254	0.157030930405004	0.221018250445178	0.262114320761673	0.300411521583041	0.114620208442606	0.3073668423138	0.678722157734529	0.567692755821337	0.232082297446494	0.248015698406061	1	0.225067258418727	0.353317486121576	0.225975370624676	0.255561745857721	0.339328801476244	0.507343309579638	0.179338585227152	0.276686018408504	0.386014964587588	0.558726421076858	0.514612351015011	0.412189273082344	0.253082446858071	-0.0381467169687263	0.0618232725464354	0.114263650024602	0.470278542474945	0.00572018409069448	0.121404832844298	0.156291480862978	0.180132167015576	0.137261668530458	0.384183677147317	0.345582031559981	0.326386242110495	0.483337608570066	0.106574027307816	0.280123455243044	0.498895016911571	0.122981151303472	0.193225069685981	0.166658444734229	0.31456819014586	0.0939495052335008	0.131765218500592	0.198262271538361	0.337119476475573	0.272642121239892	0.224253002638867	0.128557488532205	0.136086404715137	0.120925129086965	0.130467849959132	0.390504139413721	0.461854320544016	0.511328207208965	0.469029446173397	0.361615999988648	0.414091791696353	0.509877406563415	0.343118849003695	0.259413930406166	0.289020373112373	0.62570594695704	0.430078728334028	0.531142300171331	0.197353527163445	0.30418002915061	0.495881686008275	0.44780001209564	0.559678487491146	0.294477268535266	0.377781052040565	0.558014461377785	0.383660636582986	0.0433228457538109	0.178807190944562	0.579398392885427	0.250986291748891	-0.0453231137896212	0.269016261626733	0.360603689508304	0.308223569481934	0.439829047300986	0.0522209920922702	0.27719595570211	0.424099084248608	0.436597118206645	0.657384067356857
0.350241727660926	0.197130112662916	0.321468586041785	0.072328200668041	0.293359377275036	0.423370257742385	0.259822015095796	0.114395765700687	0.384390236025324	0.474690487546284	0.382668149192482	0.477895299719157	0.109483562972425	0.189943593521699	-0.000901345751614083	0.326805102930488	0.309386786201646	0.196946391297012	0.224968725415541	0.273890970624009	0.225067258418727	1	0.514736367902573	0.211406416434917	0.4036846746716	0.0904499846130523	0.460398589599486	0.14307995661832	0.379884809357092	0.139222433639173	0.339672152302127	0.269356248930353	0.353739747321922	0.232602590620917	0.222598917934145	0.208856659858804	0.199289815794138	0.229305142061699	0.0828034533854683	0.268049637887252	0.25412453736955	-0.0788686665281089	0.00365172035670988	0.247167874232412	0.33435185003093	0.416125786897627	0.490637479218907	0.183693448262322	0.316188899201126	0.307170664945757	0.400211906290061	0.357706959048876	0.279624544256855	0.508861246759376	0.3792771337781	0.341198481636068	0.297045618914134	0.412052300866698	0.289159777851159	0.294507312100535	0.50352296908891	0.381184927961538	0.324216040413929	0.180476333399937	0.308485540626797	0.383837508406555	0.459204950167103	0.329494694079986	0.428511815905424	0.261789717083006	0.385185505469718	0.503585683818827	0.209214077151012	0.222971841955211	0.516042627294859	0.361620845998422	0.415114219355335	0.129738190794662	0.250934927570109	0.461242926033495	0.405358963652678	0.450936190550867	0.323986487627004	0.417529507977776	0.496993113044336	0.21533940226545	0.0284958072629597	0.378863839339566	0.354119996430038	0.389506419371793	0.205676312452349	0.165267235078771	0.319667893302132	0.250502336310749	0.395115671749276	0.319903415602714	0.234237640891514	0.519162537520905	0.376655338690298	0.494103885160416
