1	0.44493664268034	0.372267836392989	0.363443662258611	0.364600712991416	0.0216078391057569	0.165223042010423	0.147205664807065	0.246618639272404	0.164697941556376	-0.150215925138168	0.122736822818179	0.0362129582177024	0.534223779228174	-0.0142486372702097	0.142784027416072	0.0800770284972732	0.0159493913618046	0.1628982767396	0.190880787053446	0.132845767302806	-0.0724480368103027	0.0399514385003261	-0.00884320762281349	0.133522568150582	-0.0964953542796916	0.000100315268964983	0.038914189224937	-0.0264833966411283	0.223044490704329	0.0530491696797104	-0.00569851021010667	0.0645598415168399	-0.170800800745541	0.0537956206442528	0.0245963247176623	0.146128800302321	0.21247207694002	0.0754348097451311	0.161005154858084	0.105387743267527	0.137287960280839	0.161192721246156	0.0541119773708806	0.0571373342142257	0.00707346282217569	0.177952236135041	-0.0481546012480158	0.220898008700003	0.0511415975838296	0.15156150639331	0.337273238555792	0.154679411425587	0.0728113990861734	0.0975719354480661	0.306179220883448	0.231520034209458	0.309425086244392	0.267893559165403	0.17512153727696	0.0985222927620917	0.0526629979467783	0.137680039192725	0.213990980904907	0.123010743924492	-0.0110904879190796	-0.0611951197401178	0.0517869536084721	0.112526790697926	0.265600766597092	0.0789447765370525	0.125224624433782	0.0184347871358874	0.107126274855503	0.0250761247512991	-0.270691882220678	0.0915426017742543	0.231126030122754	0.0765813543661095	0.0850809572128512	0.152593108103588	0.140815026134088	0.00574300686925388	0.00571314562612444	0.193602834544541	-0.179461489943441	0.0443655290856283	-0.195061269492462	-0.215890462728008	0.114821142696871	-0.0185943957677563	-0.0631076420135311	0.0692788882715168	0.232681870817908	0.250941776346922	0.141062438906034	-0.0388293377377264	0.0709821583316284	0.082570917134069	-0.0209844113296829
0.44493664268034	1	0.681966064307106	0.570686894736908	0.141846402187843	0.368133340981299	0.269043779337293	0.14151950110438	0.162103232184345	0.240896352407842	-0.100951306430794	0.149098052643459	0.00592275680738813	0.44931226709982	0.283618825964025	0.319286686411077	0.10693091963091	0.00328733983605711	0.0357121209379605	0.133327907517967	0.219799234628643	0.00529802715340657	0.00243751305875036	0.212232552742706	0.0436242320849127	0.216743959652132	0.0821213149569753	0.391977037377971	0.277449388677635	0.39938684596633	0.144374940543125	0.005006965045419	0.064706302282867	-0.0502179076571849	0.253088075795321	0.484711140674052	0.171760586516494	0.137052764911212	0.29680636387344	0.278639992420038	0.278990743115861	0.248181630741367	0.332329412148571	0.268587046243351	0.0552157246028724	0.102938851341483	0.209314536499244	0.325986058479086	0.0252779593393929	0.278232041729448	0.316801476221891	0.664898530213626	0.201437034107471	0.357276541169266	0.24909869095235	0.162862425232874	0.0651840225037401	0.28799841735194	0.176390659691488	0.154704754264302	0.171730778674017	0.0348611415726411	0.0920724201075247	-0.0158812074134248	0.21105689635044	0.128651839274554	0.205741118325612	0.17631189577503	0.0487877318183899	0.167886390056986	-0.0311366494939065	-0.0564839991803566	-0.0370707721708234	0.126890341014849	0.012986792315362	0.184842269151774	0.209466971066015	0.461647050633927	0.059006574194902	0.175766128830331	0.301694850588359	0.165188923434929	0.00677609260099857	0.121250527076795	0.340725461871639	-0.0526831432594832	-0.0929873388765422	0.0786213891691451	-0.101471219121921	0.233698987558093	0.00880510657490277	0.191756232316204	0.296145151252883	0.136181227028505	0.110598570194704	0.252466952939007	0.171937375063131	0.00107652403046417	0.199256590969318	0.101310820877123
0.372267836392989	0.681966064307106	1	0.638528773455351	0.390079546633113	0.633700244640695	0.577000869653235	0.0108075420979712	0.108638754243843	0.205320943560763	-0.0446134244899434	0.174604301778102	-0.0236045999054216	0.498638692202047	0.364930171334551	0.381464007633377	0.112691417216164	-0.038176648278615	-0.13083902174543	-0.145064101198533	0.333727446595005	0.138369109337613	0.0459526394698531	0.336447646674458	-0.0843106091363085	0.179281587456369	0.156985786570378	0.246652084842978	0.181304281024528	0.329837762756084	0.131123668808758	0.109132714570101	0.144905821836413	0.000654094268179211	0.565380898484167	0.535726038334411	0.368855347953446	-0.0419248357262543	0.433697227919583	0.267695219497152	0.14957649803961	0.208341508842382	0.431538048838934	0.135019170233735	0.0640493154231952	0.244564919027317	0.294072442440109	0.486675696768692	0.324062660228085	0.28700931497206	0.517262094194186	0.701889008356693	0.443031494191692	0.52952022095997	0.453788102680119	0.463115186804954	0.109293232162082	0.299510250220936	0.11450389473707	0.072224120645292	0.379637836487575	0.180163430374659	0.214149252532774	0.206753772392882	0.209237202840423	0.440808161206372	0.26487099904793	0.169219304065353	-0.0340279965388122	0.0893238551431475	0.0980816426508091	0.118289331830156	0.0710592447354777	0.0124966859118362	0.127134716696369	0.245362343081766	0.282428445459869	0.332486265170338	0.112532404309271	0.177789547180848	0.440230169457234	0.305214349161237	0.216879378291415	0.224650044239885	0.336486516414628	0.0294582974865496	0.0859673754477965	0.145237860027062	-0.0216637599123765	0.165125319472588	0.108866285333327	0.311291197958813	0.169346560814499	0.227809874308259	0.384923006272456	0.161239330391996	0.249277050189	0.235886325179339	0.358087202014164	0.31300392329827
0.363443662258611	0.570686894736908	0.638528773455351	1	0.327853837749173	0.512172544007556	0.782280053645377	0.185298002784642	0.31819230128256	0.314594925428754	0.0407435708843661	0.231819678629869	0.177181772226767	0.252785028911528	0.500001046951456	0.664031472251947	0.189237592557119	0.0757306606272965	0.128753354056777	0.0421911936497767	0.213606684461826	0.145123466188454	0.102751986066971	0.199219923817961	0.0808225388728717	0.0170933507008045	0.0760063076168446	0.21929157408582	-0.0681479162024557	-0.00881309243847254	0.261152089815398	-0.00176801588619933	0.0917635848928256	-0.126934560677681	0.518907763433884	0.454272295352867	0.21223872578844	0.162382583429603	0.278746032199272	0.245839036885027	-0.174878672258658	0.279500103287331	0.404019480290977	0.168432582997353	0.206983671469244	0.196058540283979	0.326014983004876	0.345880754039007	0.223829833785025	0.461626337012864	0.174926247714292	0.517858148582692	0.617759797739573	0.551006594210038	0.407994162003521	0.714936301714965	0.15814898219312	0.390989915142325	0.330449361732079	0.316686553245916	0.281227090216246	0.153292747310258	0.271286519794979	0.18188763411292	0.0515955205258191	0.17021540055247	0.23148534232719	0.304423610833843	0.179167343808854	0.310352637418868	0.11750303705437	0.306358695387533	0.105353092180918	0.139478453692794	0.157956941361765	0.128188348485698	0.331365768917126	0.379399054570377	-0.264944436084358	0.143673567559465	0.397541749096234	0.40482187552413	-0.187247279123599	0.0255032114921434	0.370441984692591	0.155223972091589	0.101224540855514	0.158263464275462	-0.0188402481451971	0.302458654121231	0.131706839549663	0.21838509618307	0.182707967278138	0.248098563879776	0.401195324430307	0.259264318248133	-0.0981292887741216	-0.0252847746598339	0.258204958466357	0.128960730709751
0.364600712991416	0.141846402187843	0.390079546633113	0.327853837749173	1	0.303884482084038	0.257171009914893	-0.197620449604938	0.0727735968186633	-0.0317292022364406	-0.196615445430844	0.0123256880806968	0.210634781102273	0.33499432925424	0.0745222119626424	0.0379286083279189	0.282420946501064	0.00310320561483749	-0.221080657115542	-0.0865041246342343	0.17380038355266	0.0961557451457479	-0.0944345356011287	0.176773718684819	0.0125593655936091	0.0374962361617293	-0.0197523295148509	0.0953520235185392	-0.00348991806109535	-0.00703013723949945	0.0855983951707425	0.115047512197702	0.169010323771917	-0.16313771173082	0.207162141886646	0.169724051986309	0.143397551765579	-0.0314807207460951	0.217227852167747	0.078505320387716	-0.144568354119873	0.00721559098574405	0.174002951989804	-0.112825155450596	-0.0322132617116704	0.199959614985007	0.0641803985510543	0.0608328418646881	0.58583643616703	0.157527095760192	0.16232247235679	0.22723052406704	0.280277303526216	0.32031588178274	0.162202547691144	0.388862959995862	0.118244856728647	0.0581286899517016	0.0189103543918632	0.022230993740048	0.138726981646885	0.0927078232227369	-0.0636338009420882	0.231923076365855	-0.0287377517639078	0.0101240171156044	-0.0744564442745724	0.112604269864607	-0.025782154908761	0.0593886194143395	0.161539648761951	0.0983171312226147	0.0296201703402712	0.0023104866649139	0.154412792981103	0.00138235842699462	0.106612055702606	0.154300895488202	-0.0346094619616099	0.00760309208602875	0.201099227237449	0.241973409584582	-0.0392947228820089	0.129224607317163	0.168471388699682	-0.177184695583804	0.00942769246461561	0.040143726329894	-0.0465294561176453	-0.0595128156715121	0.0892562381914578	-0.00747509284896869	-0.126088452494693	0.195138741459816	0.188766790457709	-0.0544894890905944	0.0226339593226063	0.268749957348973	-0.0516072630094822	-0.0090393386376818
0.0216078391057569	0.368133340981299	0.633700244640695	0.512172544007556	0.303884482084038	1	0.585956309049278	-0.0435556332232277	0.139744335016411	0.19880363016885	0.0362732690766091	0.0682068845438232	0.133211982128936	0.131335901174933	0.593797968899091	0.505758443256554	0.180578310477636	0.171553843978048	-0.15688079594663	-0.209341036493062	0.354876048746424	0.229181680321858	0.0625232857134117	0.418493256019232	-0.0106688827322156	0.235845201766598	0.153808726445412	0.177555238018644	0.039912236807567	-0.0109682178170513	0.483571048972195	0.072192170058654	0.159449502066338	0.0845279072874618	0.487190153683913	0.615726410312708	0.202720310174236	0.0781471404311508	0.419815498212507	0.231748361206518	0.0399940794108925	0.162617451135185	0.506911410371131	0.236294424979865	0.142702723748681	0.270321465728919	0.252658804900013	0.661884515557622	0.183136427392023	0.216231846435765	0.341100889636025	0.473434012084915	0.485831125290821	0.644670419071425	0.561637047638537	0.416737389026104	0.040363617973434	0.158242743509667	0.0796246314143147	0.100633425562515	0.302032110232127	-0.00634011238986486	0.100692484896413	0.195446981229812	-0.0471815844415243	0.158822478187455	0.330912602671856	0.201103914060878	-0.0411536493292033	0.0379644000014594	0.153374724647739	0.136210783777723	0.21720792908392	0.0815924520215312	0.185861651291728	0.478684993590381	0.220737960364235	0.341899581215884	-0.0685209811317347	0.237153775050839	0.422311483153295	0.377465013328395	0.145566546824868	0.320818495174165	0.513447360698103	0.12481962700915	-0.0531937418014547	0.311176648364924	-0.0745126286139798	0.292842262199269	0.0397612362364809	0.225072266558741	0.187056420933838	0.285559054667652	0.271170868607951	0.235764084132873	0.0796087763272908	0.00756290128468578	0.0569523842421035	0.105326161704858
0.165223042010423	0.269043779337293	0.577000869653235	0.782280053645377	0.257171009914893	0.585956309049278	1	-0.0878859472022064	0.109740827770501	0.162460417993584	0.162147245862926	0.085331268691266	0.00946919191499204	0.0179443630846869	0.340409836430967	0.551170104567346	0.0356458115451076	-0.0978108799091003	-0.0386593577596132	-0.220773804322018	0.150529188289827	0.0180126962706664	0.0848557758316978	0.177786202276144	-0.111042905936321	-0.0585262854537967	-0.0523289588236063	0.0137588906753522	-0.212206633348172	-0.122041898387346	0.140236586703878	-0.0310945355265352	0.0814850174586312	-0.0450994598157624	0.6641842165781	0.40151856021099	0.27297709670537	-0.0127190502118882	0.324583882046505	0.205641238264861	-0.243444887506559	0.190420451422312	0.37034284712779	0.0757690574710377	0.0273273654406693	0.168720325657019	0.273736323994997	0.501550122214273	0.202029249037142	0.154530661985266	0.130645029262042	0.398994508577592	0.586954261454083	0.487435282630341	0.415124405584649	0.80191647363449	0.0741521752192273	0.259187434103608	0.211243020342783	0.152881518615712	0.245174595468825	0.165448983358927	0.315885644025119	0.241658181761115	-0.155710769960048	0.228420525553429	0.158406367170847	0.159466645020841	0.0677865325315229	0.0803943428182899	0.079983612488891	0.377171207812432	0.0687660027765922	-0.0555897457187791	0.109181211490114	0.188923276584893	0.206415149927119	0.221183370389701	-0.179781396480296	0.0258744014402298	0.408344663150235	0.307591111021349	-0.0981992412929658	0.0391841106287991	0.229834834361255	0.243745069237305	0.142790348777077	0.134660136638669	-0.0476117668033232	0.235054010398267	0.143379841844153	0.289647946792171	0.0930870693751935	0.210329495047192	0.458424601654682	0.113555047419776	-0.101790275209099	-0.0367435458112643	0.215160460806644	0.17701691755042
0.147205664807065	0.14151950110438	0.0108075420979712	0.185298002784642	-0.197620449604938	-0.0435556332232277	-0.0878859472022064	1	0.457485943685303	0.306578425191382	0.18453746722497	0.277819854814723	0.197366014596735	0.105550035602926	0.247283830157042	0.327831603597128	0.167509824209416	0.427187053974076	0.649205480238558	0.443999935116219	0.0245872414405037	0.261695949788717	0.293964705384594	0.0118953097152519	0.191521434782601	0.117213766414636	0.258816641482705	0.123756071703408	-0.0222097164815923	0.0649747101338628	0.133446987423154	0.0299931315374706	0.129438514147058	0.178995219228429	-0.0873759622856732	0.0935052721927271	-0.125823963772649	0.457932518354901	-0.112964844256524	-0.0316851701895743	0.00873447836611031	0.148096854048568	0.035415760079083	0.185271927719664	0.388544893112558	0.148032207645493	0.288184487083706	-0.12821738630919	-0.141150111017285	0.421348609225814	0.12882854961925	0.0329464577703687	0.28362935562413	0.105288503150632	0.184026056585528	-0.0388802137676568	0.209588417615644	0.291963840276727	0.324974811341073	0.201228993381877	0.235474557063459	0.0556783219106594	0.200495332522827	0.0330088672249158	0.353847441308033	0.103799814673416	0.339377071722411	0.254060956367505	0.394804252843623	0.349123516894363	0.184973285219587	0.170845450419211	0.139832659030196	0.299743911783009	0.0212779995347876	0.0403137397225002	0.264612448155139	0.0804927352389731	-0.144695470339993	0.290826719981433	-0.00586075826182019	0.200140916460897	-0.0105522852140623	-0.0226721366518135	0.0750351106486102	0.235166462424003	-0.186845828077533	0.108109582146448	0.0868257653677147	0.280649412311698	-0.0401056301170758	-0.045429391440914	0.256794980952622	-0.020901145505337	0.100112178849588	0.21428340288807	-0.0264198584259815	-0.0453109124649246	0.202684723861671	0.145881650568695
0.246618639272404	0.162103232184345	0.108638754243843	0.31819230128256	0.0727735968186633	0.139744335016411	0.109740827770501	0.457485943685303	1	0.3023351201543	0.224036028270367	0.408200136242502	0.282479646988407	0.104526525830325	0.380751650138202	0.492305661162236	0.277217639401919	0.310547483405511	0.649308737717079	0.599416582334871	0.122477851482374	0.304293024261915	0.242494377080862	0.284492227558104	0.637056205223313	0.117517025253985	0.320784161956363	0.142207194345252	-0.0456718825786128	-0.0855638231662871	0.193059936848274	0.165991232197249	0.216522646419826	0.263932599151604	0.119100639685274	0.181004338428365	0.0828579175935547	0.466577597648089	-0.0599295265150381	0.196792559219974	0.0368606329606508	0.0397051764853999	0.102122655627534	0.399470454033048	0.337922405987922	0.277286253959581	0.505955014407585	-0.0512055056700065	0.0547869997091811	0.432725116044317	0.199369671748694	0.141135676422025	0.388190770721955	0.187261987650121	0.287691164449876	0.174026056721151	0.325839855645064	0.518291462560885	0.634600295386706	0.811338640310631	0.383078200753209	0.195102698103697	0.261406140510109	0.122350445949427	0.235879619111231	0.221598831878039	0.394021002656634	0.350307714125486	0.650991872855063	0.604386638302184	0.300268338880497	0.31813156503548	0.34761790406021	0.626342018409192	0.156218659055056	0.0817183250836487	0.419886046329881	0.233904423394918	-0.290734461910456	0.354334773625889	0.0980995083151128	0.313444912096121	0.0824745630825749	0.11472400149357	0.120803732507454	0.332922026618952	-0.0714482752008262	0.32922932741357	0.142226277809226	0.485678435974879	-0.110184299060278	0.0834295990313286	0.329882451295879	0.36978027334003	0.375833061784538	0.10251087420361	-0.0783276831089481	0.030129674032855	0.312085730856874	0.256229534835793
0.164697941556376	0.240896352407842	0.205320943560763	0.314594925428754	-0.0317292022364407	0.19880363016885	0.162460417993584	0.306578425191382	0.3023351201543	1	0.240009646881042	0.575266255024069	0.287700748859065	0.25906592369984	0.382794034217397	0.295593937892118	0.169572474678342	0.0146309814157348	0.209423829062405	0.14817752051909	0.372205850025309	0.339789114435235	0.447832566921991	0.0431533448302058	0.122653582947427	0.0481766919079874	0.194282680585331	0.130849481781802	0.00109276533565471	0.152392661284067	0.0278629895456614	-0.0478253843903231	0.105580213676746	0.335280691623634	0.186943549459888	-0.0326407267572863	0.0842708143836931	0.291332297480737	0.00789203969085821	0.0804051297240348	0.194492933825957	0.331400531781685	0.174314831839995	0.236117741495583	0.149134935034061	0.229805441417715	0.344464857036312	0.0845062663990163	-0.00619013367039727	0.357710124255598	0.238639978588085	0.256102970062153	0.26194742046716	0.353489121200381	0.332749448030457	0.198068006159095	0.138688024947064	0.311664075862248	0.224705707980678	0.226565056186559	0.33182559851841	0.2230465518076	0.354477429191351	0.0502781561237903	0.261284284488438	0.261696435437113	0.118235892802236	0.136360261283498	0.148635636647819	0.24351505269313	0.110710727327182	0.164330084356507	0.0399301214985628	0.246584487137497	0.0881231784493488	0.074787497516402	0.297289534103783	0.111782233233766	-0.109451999515829	0.105362883585069	0.165802824122158	0.1683011195351	-0.0651332060732534	0.00203935322688551	0.161267934216364	0.181517321430448	0.0939199108736582	0.0530345532691106	0.0755575803988941	0.176473361423067	0.0689988315172039	0.162559359940005	0.222033119342014	0.0999587628400336	0.139145384796585	0.235049290225648	0.145096765027511	-0.0398750105851437	0.253537967920512	0.29877887464364
-0.150215925138168	-0.100951306430794	-0.0446134244899434	0.0407435708843661	-0.196615445430844	0.0362732690766091	0.162147245862926	0.18453746722497	0.224036028270367	0.240009646881042	1	0.27217192506094	0.0630764135242107	-0.152605104746338	0.102608131076743	0.228652471391154	-0.0545479074326918	0.17854160576547	0.252057291582795	0.176840999935652	-0.228851559482578	0.0615946878441474	0.17986918960743	-0.0734092216411307	0.154880891018455	-0.00506875357899182	0.0426367727576745	0.0470766766797891	0.0851331674438901	-0.00171179373951984	-0.0724147710565605	-0.0790409958310172	-0.0127521711373858	0.274509219898532	0.140745586867392	0.0199004594871208	-0.177660404668963	-0.0412086374541211	-0.0601308503252777	0.0607932295567457	0.0771770316542323	0.051606578131117	0.0469175328519731	0.11842706979219	0.192697972307481	0.124240726194645	0.237019195144674	0.101492458187918	-0.0744342361558948	-0.0298095388259625	0.0342149811339086	-0.0209586996642675	0.198214767153298	0.167710685305646	0.25137804897643	0.134030337341153	0.16600466162104	0.161358801725298	0.162916028892234	0.222273468282384	0.260812148620713	0.168070595744043	0.429559045473952	0.0392094253503465	0.0579969274459603	0.290141029735729	0.0780479512014084	0.138294546014666	0.201465936816446	0.238617016016508	0.185215365749607	0.263030910429434	-0.109545940222985	0.216520413782917	-0.042647081793068	0.127346877504769	0.0816113356531168	-0.103729756708358	-0.0065738941206316	0.0731976697496596	0.00751979592753779	0.0646091346448031	0.0895310622641575	-0.167592499680279	0.00242248675973953	0.327560769236899	-0.105734003644822	0.100536530276215	0.117792959742281	0.291006662523626	0.0512053539959489	-0.0100993246228221	0.108526635965568	0.0160628589655438	0.235990513932246	0.127340137193219	-0.126704652412546	-0.0899343222806027	0.277255176011092	0.397317243827249
0.122736822818179	0.149098052643459	0.174604301778102	0.231819678629869	0.0123256880806968	0.0682068845438232	0.085331268691266	0.277819854814723	0.408200136242502	0.575266255024069	0.27217192506094	1	0.399449909616404	0.232793879411657	0.378404668281836	0.319276870983109	0.29247971201475	0.106447523062706	0.289113374961588	0.299897669078967	0.155916744853016	0.45581154746028	0.555706646725846	0.0336426574885884	0.274286739621406	0.178864801902535	0.180663226301337	0.193356966222744	0.12268835035808	0.126588438569541	0.0186762156120043	0.199509850354417	0.29835412391623	0.282581049133365	0.0635685299009663	-0.0843472198398557	-0.00112721032561704	0.236105778210056	-0.143201683576151	0.0751108311302972	0.194371901760657	0.185571392530753	0.0210669207281736	0.213914371756543	0.297180679739768	0.457871856578369	0.475896937207918	-0.146258283164113	-0.02785610854391	0.273889414143291	0.289476597618913	0.193313002330732	0.261263404743827	0.219196448434138	0.248663139963524	0.0810936509742904	0.174608378899577	0.153339459102677	0.253819811735163	0.258333037327091	0.466974449798762	0.309234140691124	0.324346926281416	0.0945238424659246	0.443147835875658	0.423247188678938	0.173778468703252	0.193283360977498	0.229046457637491	0.230186546108809	0.242473648235189	0.275610660929679	0.00381169426307529	0.268662051221283	0.142229252599847	0.13284718021301	0.423160693637581	0.00132584511062499	-0.101248107333414	0.150471530692054	0.126695960366707	0.259574586279431	0.0812285927736664	-0.044589310561098	0.158936064116727	0.39298799264006	-0.0408444831045001	0.0913244829638833	0.30079838008963	0.0558485390089466	-0.0270965590195591	0.136936499287558	0.26945918619891	0.191598182335799	0.172672464757108	0.0831217414441121	0.111971131027762	0.019181938025591	0.307293465475077	0.506937418521155
0.0362129582177024	0.00592275680738813	-0.0236045999054216	0.177181772226767	0.210634781102273	0.133211982128936	0.00946919191499204	0.197366014596735	0.282479646988407	0.287700748859065	0.0630764135242107	0.399449909616404	1	-0.0450822122309722	0.303344008163865	0.297532346550305	0.608519159195345	0.382462138859308	0.0660455551075231	0.204960351987813	0.2298730391216	0.215132345275192	0.420966629173735	0.149336970455381	0.356754392129572	0.300249312093204	0.00305452643921539	-0.0695566139076612	-0.2005842510957	-0.172667965345648	0.310463583975927	0.443653524460721	0.519236430981982	0.16746072581147	0.0721990846009113	0.000911634931477324	-0.0836947768395967	0.317417072735131	-0.0787096493487197	0.106746141063953	-0.0711025634558846	0.0867628892966403	0.00997049454544843	0.0464961985802655	0.411383258833398	0.325282778330159	0.428747526264944	-0.0888428986712229	0.0617412441765016	0.263685412987319	-0.0339201096804135	0.069194804671565	0.201962977819884	0.129878197969307	0.0717000208065174	0.0994770135426981	0.21259095890796	0.12654940364508	0.169477863324371	0.233078971509377	0.246713246105951	0.258937031397402	0.203008684014043	0.452066711481814	0.169724593797272	0.0636821604288718	0.105647933282781	0.429470719747002	0.143567278080983	0.236991228488274	0.487268344777354	0.328118522959229	0.0466825373847319	0.215582889003789	0.367581976505079	0.204966335690431	0.330425822530724	-0.111243758232281	-0.167471685113678	0.172499645823902	0.331273492152887	0.529271853229957	-0.0661346866936906	0.0965818209908871	0.290151635136039	0.166864520821197	-0.127092544974518	0.133760083763114	0.353536349200057	0.039688581440457	-0.149980616023785	0.0753607902811517	0.0998215913795037	0.147925561303634	0.200380904042332	-0.0898571247186707	-0.0807121910260743	0.0105208782696227	0.0246340367054785	0.0838110927814359
0.534223779228174	0.44931226709982	0.498638692202047	0.252785028911528	0.33499432925424	0.131335901174933	0.0179443630846869	0.105550035602926	0.104526525830325	0.25906592369984	-0.152605104746338	0.232793879411657	-0.0450822122309722	1	0.181263319353275	0.0633814632750695	-0.0425500198565356	-0.059063369275037	0.087681923003622	0.0745574788955002	0.10226934772947	0.0601002979855155	0.0390292626779631	0.125112134142891	0.00522595056251019	-0.0628047298911639	0.137559540712892	0.305415155341555	0.377433307872666	0.533323994846683	0.0205464728741472	0.0548038112153126	0.027085767864962	-0.139850189940932	0.109038883964361	0.143405059959475	0.253182908469041	-0.047791327930945	0.0928087346200929	0.0350970520325349	0.36542990028378	0.172263732173271	0.158614365468598	0.00735320909016436	-0.030572266555037	-0.00423758864046789	0.146035102103035	0.0308663886003312	0.279404628442597	0.261361208449657	0.29794058642307	0.378322065478153	0.145203674954471	0.154136500684686	0.0445696129140774	0.0513993997447917	0.0729753640164854	0.226508089497925	0.166576079892708	0.0658781236874129	0.241610395046611	0.0761794807532853	0.0787533502345019	0.0627310946827354	0.223391060184697	0.264090944206668	0.0908626516492083	-0.0187864324866882	0.0476118533389471	0.127848033026284	0.00132274908286059	-0.0222884243199469	-0.00725622118325971	0.102358936226397	0.0734631949679997	-0.0953280058410015	0.121593310035654	0.215176761875106	0.296399019590145	0.126764556376451	0.116116241762649	0.0438005109138538	0.0604752066754409	0.12779448502892	0.157525215651964	-0.191080686381532	0.135280710429324	-0.0818861328415102	-0.106967913564049	0.0394655821782678	0.0602306942933693	0.026004001124163	0.0765271732290487	-0.0113621194979769	0.132121726153163	0.0353456399255153	0.0168167361084662	0.250938777118476	0.167337804507758	0.0901395867308916
-0.0142486372702097	0.283618825964025	0.364930171334551	0.500001046951456	0.0745222119626424	0.593797968899091	0.340409836430967	0.247283830157042	0.380751650138202	0.382794034217397	0.102608131076743	0.378404668281836	0.303344008163865	0.181263319353275	1	0.509783332610805	0.352012642104122	0.26492137140677	0.186977480240327	0.121889907442564	0.265675003899561	0.534529145534709	0.129548171929864	0.264652371805228	0.207577523998292	0.129139064081476	0.231194701955976	0.236226038493273	0.0780013063863764	-0.139607099166796	0.411293430294055	0.0826994933939885	0.169930516464124	0.0955855586683707	0.190647302556386	0.287811495253671	0.0162984407545883	0.275267557576401	-0.0103745724678954	0.105782054034981	-0.0181216247383682	0.17513013101102	0.21611798799708	0.259503528891156	0.324663381158111	0.308851217641144	0.308189802909774	0.200839358057285	-0.0135217014685711	0.483758611258223	0.234893383624912	0.29306258158142	0.502117956106935	0.637799155792238	0.424165292275661	0.307538314828132	0.0255937279817714	0.267164529215419	0.262074248455836	0.357901253210222	0.320399860646956	-0.0210540131930622	0.176073678642851	0.130415331365993	0.263424099703721	0.131567266257472	0.341503889571434	0.369732988775643	0.212469515501039	0.266881503527493	0.248019969740129	0.209092616872907	0.289511460805432	0.251735060195568	0.158729554776654	0.2730481471847	0.352460366667993	0.17454133299363	-0.311926395211879	0.369759879780738	0.313266944055185	0.412999406487537	0.0647684949935807	0.106365842343483	0.33388350459519	0.195460387041443	-0.0586483840863137	0.29625219738176	0.0372416075667362	0.287184933249155	0.020722652243513	0.0669092954638772	0.249281664710143	0.134038627834066	0.231887258927951	0.302061205768816	-0.0955212091988459	-0.105190158456592	-0.00201596310539286	0.104334489297663
0.142784027416072	0.319286686411077	0.381464007633377	0.664031472251948	0.0379286083279189	0.505758443256554	0.551170104567346	0.327831603597128	0.492305661162236	0.295593937892118	0.228652471391154	0.319276870983109	0.297532346550305	0.0633814632750695	0.509783332610805	1	0.292054409777164	0.349780423604213	0.360615770747308	0.164141124235773	0.194626167557017	0.173326690418696	0.148437259148533	0.312218341998495	0.262093321348537	0.137221749949711	0.225532921687951	0.117186818195294	0.0404512531247773	0.0411310854764194	0.540365948905712	0.140469664973706	0.276132671731551	0.10093840459333	0.514884252793951	0.484232071787315	0.19981348617751	0.267752116480973	0.22800111487624	0.195730438137481	-0.0685586394266022	0.218534255297853	0.449827606797628	0.376670302524743	0.262528561016797	0.271734746888275	0.426102859625113	0.315248000728863	0.0725127873054165	0.446388666023834	0.116808653346938	0.380636344294663	0.52036010998208	0.368036741893493	0.349651984369553	0.476729087954103	0.138960803896076	0.37496198618827	0.507506754925766	0.440531507877861	0.320656741689394	0.156797131959603	0.410363738410803	0.24192481214175	0.130229872236088	0.2897217475286	0.559016140538571	0.373301381148226	0.387439671604992	0.358990416005671	0.30562605068822	0.323516860553825	0.22479866521245	0.326964460336144	0.227918439182744	0.321435227008601	0.446049432454041	0.274199699774501	-0.164339101741633	0.365269251997127	0.392239620222485	0.476905469477502	-0.0312572943936872	0.228842886199381	0.425846768434916	0.404869168138951	0.0860462904699451	0.383441808908489	0.261443633037395	0.397711611009164	0.181272569007573	0.182555928269827	0.341889605931073	0.253078223498469	0.351627000859303	0.233852335534799	-0.0588167376014615	-0.149133336205675	0.267953411830292	0.289585584621297
0.0800770284972731	0.10693091963091	0.112691417216164	0.189237592557119	0.282420946501064	0.180578310477636	0.0356458115451076	0.167509824209416	0.277217639401919	0.169572474678342	-0.0545479074326918	0.29247971201475	0.608519159195345	-0.0425500198565356	0.352012642104122	0.292054409777164	1	0.526496580295752	0.0996401797991466	0.0700067569482521	0.382172359800983	0.284620743854498	0.231405165691325	0.226132410039118	0.273194367793299	0.344520240155762	0.255768705150983	-0.12673246674425	-0.109480218942572	-0.177592612059367	0.357428591132311	0.298621218437885	0.348999299818555	0.0650081512482411	0.0455397160890617	0.0650746906598453	-0.0846920163104208	0.249275096585305	-0.230278797544522	0.0504090104712385	-0.0550352551762242	0.179448495897051	-0.129592610676838	0.0323253769866915	0.275591984719547	0.29148732240041	0.244582147578827	-0.286256490604897	0.0937761826351175	0.373348124784626	-0.0166845982634739	0.254744199052551	0.20586889394851	0.277606044746115	0.0711602472054207	0.131337576043778	0.244308640925679	0.161919041412244	0.159519352501096	0.148436308768462	0.381631088221065	0.271096952522968	0.229688085850836	0.372003283623709	0.358912658749761	-0.00518728034086286	0.183883352168123	0.526959214436023	0.192995253948769	0.176623135817672	0.479565970011649	0.409790440353794	0.138319199616471	0.41422752885814	0.43993687883172	0.133444768103868	0.488951225235764	-0.108704276510323	-0.18494403515155	0.518397566778449	0.255539898190478	0.48954982576013	0.00549873786619518	0.192723216145358	0.323518827278683	0.0314740628456582	-0.203936682717282	0.121103683854096	0.485563821819442	-0.110290739349695	-0.211433544803992	-0.0244030806028503	0.113122928053777	0.230778925111526	0.24395973706673	-0.0769416910323233	0.0592339549788419	0.0980609550929329	-0.0877119954398983	0.0877187308032032
0.0159493913618046	0.00328733983605711	-0.038176648278615	0.0757306606272965	0.00310320561483749	0.171553843978048	-0.0978108799091003	0.427187053974076	0.310547483405511	0.0146309814157348	0.17854160576547	0.106447523062706	0.382462138859308	-0.059063369275037	0.26492137140677	0.349780423604213	0.526496580295752	1	0.279804833757787	0.168679435757933	0.0632940634721356	0.203090620840929	0.163529900823131	0.227895639761154	0.155779446885743	0.280103682530215	0.195792839450423	-0.122213899422326	-0.0432002229663451	-0.123021123102114	0.534009909536233	0.19539806430191	0.316760144756029	0.0900198916048439	-0.12321879043168	0.232848088594581	-0.244724244297374	0.172984736658346	-0.189924902980244	-0.118083825681368	-0.125215123315633	-0.044355023036822	-0.052059625455278	0.0555067013918732	0.42473557011014	0.213133152100109	0.208478628518468	-0.133706345468135	-0.0630508387309999	0.20930482261446	-0.0274082826995359	0.0304083329123853	0.19103076861583	0.149155997908716	0.237932875393264	-0.0656425483724258	0.388992771251266	0.189023214000309	0.228492022922546	0.237264391504236	0.249550809865761	0.143804392915264	0.0822725999608294	0.258300800783629	0.104283869998201	-0.0858171714808972	0.403122954259271	0.464514939546272	0.318905438081611	0.294317762739686	0.342783983475973	0.25421926824578	0.244270540453522	0.381253108351831	0.325950748677204	0.11433412614674	0.313898778143772	-0.0359834422114023	-0.166382502122996	0.505918640305094	0.137539866578423	0.423478421735829	-0.136880820542215	0.133416368537817	0.312346209557313	0.0894632009540422	-0.311351929662978	0.267761692957598	0.306605683852932	0.0415831962171729	-0.163029788012713	-0.23901081338973	0.0105104089514694	0.178100534412331	0.174094505572304	0.125929614790244	-0.018343483548241	-0.0456218302443739	0.0166465489191267	0.0425610420719441
0.1628982767396	0.0357121209379605	-0.13083902174543	0.128753354056777	-0.221080657115542	-0.15688079594663	-0.0386593577596132	0.649205480238558	0.649308737717079	0.209423829062405	0.252057291582795	0.289113374961588	0.0660455551075231	0.087681923003622	0.186977480240327	0.360615770747308	0.0996401797991466	0.279804833757787	1	0.466362288283778	-0.11124687516471	0.133910291853365	0.201298322554344	-0.0031354822512852	0.38329274099892	-0.0860654702583181	0.221110901737995	0.115244713315192	0.00912528336876796	-0.0113767556729016	0.00434259336624411	-0.079696629526978	0.017351571429451	0.147007927540992	-0.117169225450644	-0.0219190895209105	-0.0984772294938365	0.445620192009378	-0.23202390821737	-0.0327363099896649	-0.0146601744564877	0.179447093786489	-0.0791708571125475	0.248519766965113	0.199480630816694	-0.014757567742143	0.279394692167764	-0.229492877430012	-0.195295109544183	0.329596614133525	-0.0253112307573909	-0.0546732134020679	0.259270183025398	0.0210785037643938	0.0719830543525214	0.00281456826535913	0.20765253711418	0.307785430217125	0.598402294344186	0.501234592680864	0.163967678001942	0.0379930753388342	0.143266560367131	-0.100773636052793	0.266718489285522	0.0761218501018993	0.266978086061431	0.102777665429304	0.674471390845062	0.419972020589603	0.0875812607093274	0.152316181299828	0.115467284094277	0.465762577153598	-0.0496736430843271	-0.180684240517059	0.253087831535137	-0.0120274465147879	-0.228300716966819	0.189177383917161	-0.206835839591313	0.0463095625385116	-0.105499171332716	-0.148531248537651	-0.10043963858338	0.209870497672499	-0.0850290092314446	0.155586068606348	-0.0366872260452822	0.297835376345964	0.0378564331637835	-0.122542984550817	0.162232325809325	8.04007947074044e-05	0.0478110631956583	0.147235287661142	-0.164225385933783	-0.125714293261792	0.198775374906556	0.0889070056367223
0.190880787053446	0.133327907517967	-0.145064101198533	0.0421911936497767	-0.0865041246342343	-0.209341036493063	-0.220773804322018	0.443999935116219	0.599416582334871	0.14817752051909	0.176840999935652	0.299897669078967	0.204960351987813	0.0745574788955003	0.121889907442564	0.164141124235773	0.0700067569482521	0.168679435757933	0.466362288283778	1	-0.132790242431352	0.197338180248412	0.297196185983817	-0.0202310319107327	0.636755625447292	0.083208059725772	0.0586677487209211	0.188118242052374	0.142016271157683	0.0723812991512946	0.030403522135128	0.139112031707595	0.200698101889628	0.171461519093509	-0.269609250670064	-0.145388865112019	-0.210040993973062	0.39555895266424	-0.245224146670942	0.100350679344239	0.210632848362948	-0.0353147058696429	-0.0886809212626892	0.369505885733121	0.247550946796027	0.0631393030400142	0.302625338063922	-0.305576971187439	-0.135064134361662	0.237288599513136	0.0126240248235569	-0.0660080422764691	-0.0190120502520044	0.0493172476963675	0.0214774639007538	-0.205565089956173	0.239461884079995	0.349591910129391	0.496599622306218	0.602055074836679	0.101480297706533	0.131188178014237	0.144909458800392	-0.0147395989332243	0.182977083447527	-0.0750506338904203	0.0405680658345216	0.252926013569766	0.479394319136253	0.487640387935892	0.13787559900963	0.0988841684439987	0.0642363150309702	0.358903492103042	-0.0488888167586824	-0.137538531394808	0.0737892169546228	0.167362544160504	-0.227161896884686	0.0970745643909145	-0.168464125346025	-0.00270412604127667	-0.0482772048011136	-0.200542613808334	-0.0992108434119117	0.135984942338792	-0.280401324436613	-0.0902744762683408	-0.0483516242155841	0.389606031575739	-0.220768980282521	-0.11459689774774	0.279190046842463	0.134013082352349	0.049172394117346	0.155984908681054	-0.206625943296044	-0.136058899494411	0.127336204938403	0.0741458646974588
0.132845767302806	0.219799234628643	0.333727446595005	0.213606684461826	0.17380038355266	0.354876048746424	0.150529188289827	0.0245872414405037	0.122477851482374	0.372205850025309	-0.228851559482578	0.155916744853016	0.2298730391216	0.10226934772947	0.265675003899561	0.194626167557017	0.382172359800984	0.0632940634721357	-0.11124687516471	-0.132790242431352	1	0.20871083896183	0.19659584552153	0.24618195713491	-0.00492018120545127	0.345749963670176	0.117922479940847	0.160944347126979	-0.0225595615883195	0.078112675422107	0.26877943591933	0.115785660218079	0.076502577116165	0.317229219183405	0.316384197451313	0.201179202705515	0.188599992957064	0.113301837036709	0.290236623520348	0.21411476325984	0.203599908251415	0.276084385663626	0.328379247339627	0.268324626579683	0.165373850910127	0.163843000230341	0.157495185157423	0.193396182914997	0.0938270865191507	0.31492365941531	0.265212990112836	0.327210890187154	0.0864076745263674	0.338103380408174	0.313785027627559	0.14028754873044	-0.0100774188990386	0.0403992465850121	-0.127584957109289	0.0415166642774725	0.190853517966355	0.133441853441423	0.0626882413877243	0.0217140576084951	0.141838855156327	0.190369127180454	0.181893234936377	0.0905893714690153	-0.133039161478951	-0.0296081230884789	0.0210710815025907	0.133091029746846	0.025106139229785	0.156220681371197	0.100850823442376	0.171867934558167	0.294740903279131	0.177630672169863	0.0182717099735143	0.203639128916203	0.282875588430016	0.245793605879023	0.170241808764039	0.397430710520803	0.441965662447686	0.0765201682955981	-0.0632330258025321	0.212566076719869	0.158710103503725	0.0209048108560479	0.00152860909890676	0.349681155890079	0.314249852956905	0.258369506355052	0.0703270079240144	0.0930262823049835	0.324623828672382	0.133229716373345	0.0901863676588758	0.0630952691419845
