1	0.614219434496495	0.671413768266761	0.50562600159012	0.5176536257496	0.318814524355543	0.269438612264996	0.158449255343264	0.244737116160656	0.132221738271206	-0.0442619952496008	-0.0856502975896346	0.177073944273416	0.518556953763019	0.161033840404189	0.598936668519526	0.130852529646041	0.340241692328978	0.160651091594042	0.241928089857435	0.16039483046859	-0.0822965124945881	-0.00411138415069666	0.178017431448001	0.0844363491661837	0.177469953215875	0.227694518707061	0.285221680179435	-0.281953645367866	0.134179696173929	0.498618718212868	0.424523636213691	0.442854781045641	0.184850897245278	0.203876168707248	0.142646392649708	0.13576921131123	0.141326664220896	-0.0469570614668958	0.0819068422049018	0.134344930891896	0.381263967009577	0.224730846569169	0.28435884580164	0.287321311650207	0.0509022072057959	0.150162922481037	0.0828733690477508	-0.0806285060336871	0.267654230818514	0.524202381342147	0.566464097160519	0.427994348116777	0.565966045934789	0.139471905207693	0.459733467350175	-0.129812373245931	-0.0152093097858609	0.1230074679209	0.224053993109986	0.280201640106315	0.0897329977754245	0.033345199410008	-0.0691295485846274	0.272273152892228	0.0573157348140766	0.527827876979145	0.0318022997631179	0.26037648872003	0.117959525327422	0.113685769418163	-0.0836444597369374	0.19920299757465	-0.0406475931382278	0.372070296646019	0.377486414678698	0.354436645379918	0.206261798521045	0.0511845929057857	0.441205490405117	0.435250234208852	0.23539192730208	0.162665714568944	0.216383365976217	0.359465018127469	0.41638976809343	-0.0242591755306369	0.286574591176667	0.107563414444213	0.360719132703515	-0.0985565444941059	0.0946445590934196	0.312878246831633	0.132989831020509	0.0960237827104606	0.108335395419572	0.169917623318304	0.138268688076012	0.134209284182951	0.102634577368308
0.614219434496495	1	0.47274068478759	0.399939536547697	0.394419929782367	0.194448740272372	0.216956917687362	-0.0284406930210701	0.0234424797000457	-0.0289124947338507	-0.14208281017088	-0.17391489972388	0.118589025190945	0.438983501254036	0.205175773093207	0.439758836143126	0.109464167607596	0.290764108966531	0.107798933198634	-0.00806458730125068	0.0940673188544567	-0.155799418267072	-0.173247178648524	-0.0130669802006692	-0.113378397676028	-0.0118599473915411	0.063829955426165	0.208572516397448	-0.254529702249236	0.154530369670447	0.437314588208291	0.286908847121027	0.233588379489777	0.222406380686069	0.192645123182647	0.274030173499292	0.00291274169733599	0.150277017552159	-0.109567842252637	0.152894260308311	0.189967544684386	0.275184667580355	0.207228971809928	0.250129011401714	0.322109906901328	-0.113679080100027	0.0890649075153606	0.0746826933791514	-0.00453953312053784	0.0971756632181529	0.336645165473835	0.430549601513865	0.280908835676766	0.469750653958767	0.0163901600882039	0.332379782402637	-0.0363104942969396	-0.0212054025116452	0.0469545819041467	0.149246157672452	0.0467949180115392	-0.0636205171625464	-0.136585347088543	-0.0500236108946557	0.310288621522171	0.0189260913427216	0.344070487184491	-0.0244564909340584	0.228316710484517	-0.0675341478576776	-0.0658736732701045	-0.264058489226275	0.0222353721097388	-0.168590059377303	0.089895112446809	0.16484221239442	0.205036777168123	0.250904759293653	0.0314000467522408	0.273156921480285	0.265919579514532	0.171518799050368	0.0618453526145645	0.0764860574054118	0.206732856156201	0.259241806941387	-0.133332963245334	0.272757489578994	0.10979893667582	0.222430184769139	-0.0340732712946651	0.0242802976990767	0.227865676736379	0.0194370600070253	-0.102861745636934	0.0932182317856841	0.376465785253056	0.000736642102446767	-0.0609506546652099	0.0289520064582034
0.671413768266761	0.47274068478759	1	0.454861054531946	0.368343984799108	0.527520530459856	0.3804794712964	0.233273648976782	0.274469267931549	0.115411254165772	-0.0421956551039289	-0.117913500187998	0.147107573173838	0.273131297750434	0.165189085418012	0.46646673218506	0.0664744115719527	0.193177200248734	0.0481831993213975	0.285394270069714	0.126063747925469	0.0190059397000617	-0.0909702971932266	0.0755722971983166	0.182153107626519	-0.0422942021056012	0.0281817645558855	0.179595883666009	-0.224717192815038	0.137691312280125	0.434444902838667	0.42408784800691	0.372592692555821	0.140403761570316	0.241743040747123	0.008704567731858	0.089964880966999	0.103390142345216	-0.0317199112215039	-0.0349998417646263	0.132901135763482	0.274120536074494	0.243803034779084	0.0999802940364557	0.27602417876718	0.0476677546087063	0.304116563053928	0.103061319796267	0.0186650920987091	0.206907359010885	0.197900743541675	0.434224224514715	0.293172993001193	0.684253104726014	0.087745290058191	0.522199946333438	0.0105873622641054	0.150709841607338	0.00395866408472351	0.282827675049717	0.184440129636531	0.0165607348743777	0.0314045169299401	0.0538406234170237	0.0596484725477911	0.103110586216487	0.361332634360165	0.100677142324823	0.0552615613958148	0.275232449528955	-0.0731712767202189	-0.162413680493078	0.239522170591551	0.0221602925999672	0.231899670282389	0.210501295205431	0.100635199635208	0.0753413301917377	-0.0666410373082128	0.209493266840308	0.165384896922347	0.131127620810036	0.0169108659239751	0.0524710661261957	0.179714970453216	0.287358072948262	0.178115606883692	0.197203288197604	-0.111076136963591	0.274024736967931	-0.0849743371084163	-0.0130533435585468	0.183856464809162	0.0414482444281329	-0.0743417535068231	-0.0575618226326424	-0.00945267483793349	0.13282021097192	0.113262219844592	-0.0112669606088707
0.50562600159012	0.399939536547698	0.454861054531946	1	0.284701527407775	0.478463418483936	0.740956808189264	0.186009867610699	0.222535032560247	0.233122008524696	0.0907459870792627	0.0283934826579686	0.11074265139225	0.354943781855167	0.361529705579151	0.593316461632968	0.131120593002745	0.268253799480133	0.35078137587679	0.325182379910603	0.497889455450567	0.21019970938372	0.246994743974778	0.223944651822454	0.0380864584007929	0.370179849138379	0.221200355217721	0.314519810711492	0.0952562001167463	0.304414517999097	0.561899491111886	0.433655832025944	0.406938133212066	0.387136293513035	0.485818117985565	0.406281808431454	0.214640903058587	0.441273660577742	0.378448422642137	0.27488133481489	0.189982939582968	0.36649663821872	0.477851736375693	0.389913451412412	0.361017438865811	0.402297775349965	0.359241338240144	0.352254192521835	0.0957190919212388	0.496543295500092	0.451483396271473	0.495533658255661	0.571138966977659	0.542815401578423	0.357394186182217	0.673317204814445	-0.210927752018894	0.0290248400337329	0.144887985212925	0.17289267133792	0.122741823617423	0.023656564977182	-0.0207957158858904	-0.167512669867251	0.348408328024941	0.450613529571716	0.564367724956973	0.0091701904696096	0.470838302449726	0.25777816125274	0.0264197873986891	0.110986344153789	0.0804422331830388	-0.155197652403447	0.106761017834989	0.3125539663266	0.374334736457295	0.125558495308913	0.160583658780111	0.364519655285409	0.366019550303586	0.0758612063979625	0.103965398934946	0.32592712525554	0.366046658125842	0.413065595880738	0.0895550311756599	0.56289822090246	0.230840113048666	0.347011796344873	0.424709561703218	0.236609012841078	0.459119806617554	0.305171935111446	0.131788393712984	0.357521984551735	0.193376848077039	0.169538130074554	0.0446563288514754	0.266973159078458
0.5176536257496	0.394419929782367	0.368343984799108	0.284701527407775	1	0.456417047371156	0.167816870971076	0.0657784739680294	0.0814997943257919	0.205234344626133	-0.132067988436889	0.0210641539644709	-0.0707451001431112	0.242985200833987	0.116193713686658	0.259590290192962	0.0502635253981401	0.200695538228198	0.112904768710537	0.11048625499143	0.0127096097085992	0.0862773710492328	-0.035177776380806	0.201337786113172	0.0304292437162572	0.0928659548150994	0.134973601240158	0.065969240907244	-0.149909628412368	-0.0664028598922826	0.226107054538491	0.143425506673971	0.107657463750643	0.0621722496295859	0.0847542459133759	0.256590951807793	-0.0685660846321465	-0.0436404735094586	0.00111267771263228	0.101891656864882	0.0471652224830356	0.265410616701592	-0.0211466034374041	0.0414293340625973	0.0492753595527778	0.100740257155682	0.0278987406211551	0.178047461057175	0.212821714190486	0.0922671256715036	0.409799668935154	0.34582321736132	0.301674336005818	0.400520398513196	0.343143456780611	0.21668122767485	-0.09476379070579	-0.0694510985589959	-0.0213944559195073	0.151019330884867	0.29961774456864	0.23798014722989	0.064478164838139	-0.0473550476633181	0.166288562969743	0.0506720660031998	0.252415546377264	-0.0592072509957111	0.280983782610502	0.0450876432097958	0.112782894766953	-0.0349593566482066	0.178039154815578	-0.0819011082933056	0.206869025509611	0.183616162579532	0.0880013707842433	0.289270040555972	0.130610484943396	0.194786678795939	0.176701641197504	-0.0033048536461527	0.194727842319223	0.0803696352716059	0.161705562166324	0.173039402028943	0.00234136035027883	0.213279169379161	-0.051600657496162	0.140257466381375	0.0520222349932137	0.145532208919337	0.0774155002822363	0.207294773784421	0.0635820276526882	0.137998149013082	0.328940574729776	0.206107246343987	0.157414619188045	0.106357753170531
0.318814524355543	0.194448740272372	0.527520530459856	0.478463418483936	0.456417047371156	1	0.594020085902712	0.237407166402173	0.178588832985104	0.147811951413563	-0.0864467720905695	-0.00840600648880539	0.0318071271156788	0.190963885139513	0.369527922168154	0.430849740234864	0.0166396403737478	0.264727361848669	0.0757612193342282	0.344639722879589	0.202138647302792	0.143435962877182	0.0610834305074217	0.0746065859649218	0.221441280346037	0.159033946110584	0.249271196842145	0.191342277017754	-0.0279995421183206	0.240173423207531	0.355465987456951	0.249606953113344	0.236570937826862	0.311020852421317	0.352708095046756	0.332010412363797	0.00448481821025302	0.267300780247165	0.261051853045935	0.24342403773909	0.192833176676204	0.251677407188363	0.344345795188595	0.332480607194763	0.225309681698292	0.240063382304361	0.177921891260738	0.568055919218258	0.119234144960126	0.332755794091519	0.203729883927542	0.18859024252378	0.274646602749279	0.593423512316392	0.559480661589436	0.42109838653136	-0.204332753659714	-0.0548038947806144	-0.142198757401952	0.0630789815080509	0.151531013859875	0.116898374210055	-0.0718286567254156	-0.132945956345747	0.118266525165113	0.395854771604511	0.421577607512593	-0.159018742497974	0.255237301793229	0.330690301304133	-0.0516540803135844	-0.0160752051674789	-0.0199448719675141	-0.0412517936176939	0.154756089768662	0.271046248867745	0.140471627455819	0.13512019130941	0.19885373801692	0.305405092371434	0.196847982761615	0.0802412852535728	0.150897847981446	0.296969265900533	0.342065442269109	0.341330245410923	0.0454627718683944	0.440944562010306	0.0775165877640425	0.425997363595566	0.307941114876576	0.145011661245247	0.372801334258027	0.377001474668803	0.148194821471717	0.402304671102777	0.159180368177931	0.370340117195489	0.188076043674462	0.22350443924868
0.269438612264996	0.216956917687362	0.3804794712964	0.740956808189264	0.167816870971076	0.594020085902712	1	0.0900990617909104	0.205246519044193	0.273365579743214	0.126771954871113	0.103076227338042	-0.0486552110401592	0.175766217559255	0.382956021152888	0.428105059792993	0.0653753854106308	0.196708034512027	0.314903398224627	0.301435090842697	0.424795611431003	0.195253349045243	0.211595626626596	0.213568067068043	0.029559969697561	0.350680706138187	0.275247998879475	0.361619562979074	0.0292951356710216	0.306659547189972	0.393702370964305	0.309960429215327	0.299356225414337	0.362792795482807	0.722060791785581	0.33265046777381	0.336583586394632	0.455298359039541	0.584273949168065	0.409504139897761	0.19115775676408	0.274371918161418	0.509059015222912	0.415865007925036	0.222950125612212	0.340087906197915	0.333300697650977	0.441964010587939	0.102319861984543	0.476198701759048	0.340551010849033	0.255003486505053	0.337935476075771	0.575575300891725	0.45600964284476	0.665743371401588	-0.162720779226953	0.0426048713377488	-0.0313268504540117	0.0734104481829361	0.0422660631351141	-0.056594156441142	-0.0886539366054164	-0.0909926351977581	0.0980666021983483	0.517839632991761	0.427115950674068	-0.0127618293106262	0.262737740376902	0.290544755528369	0.068409568293461	0.100825608008275	0.0521304620816263	-0.148912651290989	0.109069836075084	0.212525497072032	0.224790890849371	0.0447782096982453	0.166626570975577	0.220120525077865	0.262995638690048	0.0541782937975281	-0.0065640300669341	0.301186306913943	0.234654238351686	0.283992598991949	0.192204290389506	0.610733263943284	0.276184765778454	0.320594273805271	0.541540054143686	0.349026148216261	0.470208581506061	0.363459431503548	0.170084580388204	0.455539972114624	0.186772141465553	0.134084280141482	0.0571489961016527	0.277607526767451
0.158449255343264	-0.0284406930210701	0.233273648976782	0.186009867610699	0.0657784739680294	0.237407166402173	0.0900990617909104	1	0.617078556105865	0.210167318710054	0.00997636060119841	-0.0598990231075283	0.341566802418635	0.231446904230742	0.0164621704635215	0.460963300560898	0.174363251350751	0.575300275223439	0.322539227743618	0.636483973803165	0.123831502448502	0.112570036907737	0.106717358640591	0.104962741768546	0.522518589215453	0.0483382047970278	0.221228632291757	0.0224603297381973	0.0822207528179433	0.0951946049616513	0.444065605195114	0.143720527006338	0.192449232926507	0.0775979734050248	0.111956114484313	0.204300636642826	-0.0037269746459212	0.257198930825228	0.0571407905552702	-0.0806861693601295	0.125920894367755	0.087283047335282	0.228698971810311	0.0427875696596073	0.267476900478535	0.171569172317536	0.110314212567965	0.252140908584009	0.0304184685582752	0.257502066187686	0.140165438454131	0.141381323900769	0.0438724453203431	0.0837916150585361	0.0840913869780769	0.0476826758789395	0.15262033613375	0.364003067325454	0.384220807201727	0.443488488492007	0.0703359315012671	0.128383507388678	0.139139351931676	0.164397548718205	0.193598097146081	-0.025648918095473	0.175015988194048	0.273623977385254	0.239812125432978	0.428786826838334	-0.0842145301529301	0.0647647959033349	0.103338503281728	0.482079107446121	0.0926517972828694	0.121404677265562	0.0328141805221315	-0.0146127555687192	-0.0901077443607094	0.210236668607169	0.0542906726737771	0.285307100488831	-0.0702300136622768	0.0105230963922533	0.313174416320887	0.129044638775632	0.0603467579966121	0.166654153926749	-0.0905243663399668	0.292806105411613	0.0399440988948313	-0.0330747352681242	-0.0992273669474077	-0.0948372528729924	0.022849933255131	0.0988813413016156	-0.0142141402519635	-0.00128931506198138	0.172541091641973	0.0583990430689735
0.244737116160656	0.0234424797000457	0.274469267931549	0.222535032560247	0.0814997943257919	0.178588832985104	0.205246519044193	0.617078556105865	1	0.267908401564512	0.113894702969032	0.10622229431378	0.290263541542442	0.253749740423526	-0.0040593073698386	0.393506357787892	0.360226975687915	0.408532545256673	0.336481015265285	0.421949959296733	0.158887522549243	0.0745033376811275	0.164854678261331	0.436285158695475	0.405078991883198	0.252686712367892	0.302820903099241	0.244672861371484	0.216351187806906	0.231226829123378	0.412264658644051	0.318423752949533	0.401751177782111	0.207105044235885	0.166924024333688	0.144984529516177	0.213107761746218	0.366644159443089	0.185261844258226	0.163141698616715	0.264304960628161	0.087922875260808	0.326221215353778	0.262626926059873	0.430008829736264	0.241369530013395	0.301426857208443	0.187224425517731	0.172174441498099	0.1950069591949	0.104827297572848	0.21908071453689	0.0374519111251244	0.196439563000225	0.0749034702931613	0.208468858963346	0.138297903624174	0.483785960898217	0.351199637557109	0.701262314145708	0.155806264976335	0.123913229830436	0.197308263279321	0.112027169577426	-0.00609847837337367	0.119499594382368	0.185287282860005	0.295168379827633	0.219771665899424	0.355278833356148	-0.0941100222868238	0.0512141143050622	0.307097731976391	0.391531714295274	0.185898093086509	0.152101732059613	0.0127487862097442	0.150702786911599	-0.00760002305281129	0.186353221585808	0.0586883440869947	0.270873901048927	0.0181477282106327	0.0547860232453081	0.163579759254954	0.0557073680142402	0.206576736618871	0.21154882069448	0.0686944311148468	0.285042064892018	0.106090023368556	0.20144445193718	0.00179978755066287	-0.023584859632532	-0.0566814434535147	0.0551166224361186	0.0310107078847571	0.0651643020579436	0.14442695522361	0.095319199415586
0.132221738271206	-0.0289124947338507	0.115411254165772	0.233122008524696	0.205234344626133	0.147811951413563	0.273365579743214	0.210167318710054	0.267908401564512	1	0.519402564140642	0.653665570477911	0.137554257111889	0.172239575405998	-0.0193897823305964	0.140566636048765	0.11169083009489	0.131722108729214	0.282441376680484	0.178522438881638	0.489981591289915	0.524847347870461	0.408690355081013	0.120871856905241	0.18870659001236	0.220292744487638	0.24207382602436	0.111826028430731	0.339233105280486	0.0448039932113354	0.219432123012555	0.314162996660012	0.0700569689507776	0.165515094900327	0.167516447785627	-0.0533219678015521	0.0210604313147122	0.103399874092938	0.0873220226907372	0.126690323243042	0.241814176544403	0.262365131017175	0.022105750022905	0.0246063230530698	0.0154504545391124	0.307000826358966	0.224550795732545	0.125037010220001	0.154431244231958	0.365776116056112	0.14807063244462	0.446281593329182	0.251651665703592	0.203999069764722	0.175462128221266	0.169646806287019	0.127212621321075	0.303057082656676	0.340982319330049	0.129930545150614	0.44257625491905	0.435547243700641	0.248127405971746	0.30227147134276	0.354081504128869	0.336586717918004	0.309564589418963	0.287277795334317	0.250138710150258	0.317947160930743	0.351513497475493	0.428203972766189	-0.0155248082013744	0.174398824724379	0.0159465171448272	0.164302680282979	0.15973973923422	0.198598808497256	0.210692423046403	0.0749104126100075	0.11137666603731	0.0310312827024821	-0.00304441979412884	0.0539317978907911	0.0704636137379714	0.138195327243014	-0.0413730048486789	0.168200201223545	0.0986141180330859	0.128217351598182	0.054311394872973	0.211776712701127	0.0541958258618135	0.143933018826621	0.199696999289753	0.144143273997057	0.114875690629295	0.16283312507251	0.340336366202572	0.221329495130894
-0.0442619952496008	-0.14208281017088	-0.0421956551039289	0.0907459870792627	-0.132067988436888	-0.0864467720905695	0.126771954871113	0.00997636060119841	0.113894702969032	0.519402564140642	1	0.520869509118674	0.0437448651770026	0.0163315941494653	-0.0921633176390034	-0.046591365624596	0.192114513346023	-0.0209165559269805	0.160432584391721	0.00048136223021516	0.454067509456855	0.251163262480887	0.365903903949829	0.004927946448293	0.0404097032762657	0.158207609568454	0.18957212528631	-0.02679001984589	0.207554329606926	-0.153204173820945	0.0196817133592088	0.136134802386353	-0.0902895243849563	-0.071523236663323	0.0597257662347007	-0.121664530879497	0.0945565800993245	-0.0405113775162151	0.0329714057788003	0.0233656209678676	-0.0676102597996366	-0.02874356842202	-0.0318325012513673	0.0464445821722695	-0.219543749722505	0.215715152461413	0.280165786920848	0.0548437218348057	0.292129431017107	0.137742342112508	-0.0389843262776836	0.153563888416487	0.230247666900994	-0.035473907480694	-0.0181639725365387	0.115678506868761	0.0877280610861551	0.200355924109194	0.253195364224071	0.0347558778582739	0.215881613479643	0.136064212709483	0.0635821365273315	0.137052520930076	0.201663969867519	0.27843577863247	0.0557507324898648	0.0203335891444966	0.022329701618769	0.0484965352542136	0.0833645375780671	0.310239336706161	-0.0064087002993544	0.142685547758228	-0.0857883500460998	0.102788413326199	0.192708960906327	-0.11019754524059	0.0209846946730433	-0.0703500635807007	0.0333428788447139	-0.102566042102631	-0.19075669096345	-0.000376420948791372	-0.0936865863192535	0.0041451068467626	0.0613157429106818	-0.0714230179464311	0.0134885254518596	-0.122213197470246	-0.0308883268171424	0.101456112747964	-0.0413655465613549	-0.0335084763801988	0.0535605437212227	0.0448741751916043	-0.0481189637991348	0.0484945150430383	0.0991871909688905	0.105384416025067
-0.0856502975896346	-0.17391489972388	-0.117913500187998	0.0283934826579686	0.0210641539644709	-0.00840600648880539	0.103076227338042	-0.0598990231075283	0.10622229431378	0.653665570477911	0.520869509118674	1	0.211803141052018	0.045709619444917	-0.0321615857428541	-0.0929216633806923	0.232434392176299	-0.0431470896049817	0.0910446231987837	-0.10595483007161	0.304078984584299	0.333067867619594	0.265345970760853	0.0694960838699282	0.0770688303347417	0.136068529011794	0.137141357558733	0.113490855933723	0.384331166336327	-0.0638419965140317	0.0108751779465386	0.236626370830653	0.0499798216694351	0.0602139223874657	-0.00367934703776003	-0.159541751759454	-0.0258813544652295	0.0371499949851032	-0.0434858447232329	0.00796056714690768	0.0948021751230478	0.114056607482765	-0.102650777613439	-0.0425154352925178	-0.0746635812297288	0.276126707942015	0.257318395255961	-0.0469835682515993	0.0559308229309191	0.0776096927049032	-0.101970440690145	0.219169231906789	0.129201418432974	0.0395932006406034	0.15543972432092	0.0354377118030583	0.122360955648979	0.136009576792765	0.170535611942468	0.00198450154096226	0.270462877135802	0.238016200316066	0.0725513839957742	0.166478047417226	0.219201582541935	0.245641263143166	0.0804688072163046	0.013515599490269	0.141407672374248	0.142147540091294	0.158856415568235	0.253858039000253	-0.02779939915565	0.0333210649613959	0.0862388397151333	-0.0440724748784642	-0.0287879294146435	0.172198374418035	0.256541859609802	0.0161583575782169	0.0339257117134011	-0.0196316497802639	-0.0621361274843331	0.0439105348283071	0.0259996529230558	0.0421734288377129	-0.00275682453755652	-0.0377188029817693	0.0875747372344343	-0.0347481123069308	0.0178475987675619	0.0330207089645966	-0.0678158472463032	0.157056841615063	0.112648656162666	0.101103348744201	0.00387688485184019	0.145394035091267	0.213242598632374	0.173166483395796
0.177073944273416	0.118589025190945	0.147107573173838	0.11074265139225	-0.0707451001431112	0.0318071271156788	-0.0486552110401592	0.341566802418635	0.290263541542442	0.137554257111889	0.0437448651770026	0.211803141052018	1	0.189924332254324	0.0782276657206377	0.203164544205412	0.434112742416998	0.314715181134117	0.0547883931302982	0.0705310861962441	0.0287337250968927	-0.0630069456332548	-0.0348908267785673	0.0986226904650035	0.119748887546912	0.105429750964697	-0.00404371431609695	-0.0182472288411084	-0.0328383403171018	0.197091097005861	0.218854400362002	0.319788985250243	0.33503811518053	0.125964538168249	-0.0465590912841878	-0.00586728467761398	-0.0441510297488737	0.0813435439449936	-0.194936604167211	-0.259828655383161	0.125135833277563	0.0617098661817279	0.152236335204655	0.0726733978496192	0.42125233045284	-0.0157212280405117	0.211389762900119	-0.0558835998366686	-0.0555523754062003	0.0365882926246787	0.0661093156742659	0.155418513254058	0.27358612032488	0.0448349721720466	-0.108514902115518	0.101306920085333	0.208908805715675	0.2170738764284	0.201803642409668	0.273126262708437	0.160672246567043	0.162704886187643	0.241540477340767	0.131756581573456	0.271242015628375	-0.0675699730252663	0.0832986211528965	0.0127216566544586	0.0257643703511294	0.208475139040513	-0.168702409088387	-0.0571062095956806	0.0997261040619164	0.074946563351508	0.0103117485769952	0.0440127767918861	-0.0543526525673228	0.111078782343087	-0.0311102370578691	0.108335478573512	0.0804474774068643	0.222713218583368	-0.126637614854723	-0.00997686295407411	0.256906278332736	0.132749393428857	0.114837851650249	-0.0143301636821733	-0.00397975694896872	0.12352720440737	-0.0972143561993548	-0.140902326529497	-0.0346061717801875	-0.105430183201599	-0.0856644249351006	-0.125247984891322	0.0219574761036256	-0.0483471384119518	0.148509315952629	0.169003769087235
0.518556953763019	0.438983501254036	0.273131297750434	0.354943781855167	0.242985200833987	0.190963885139513	0.175766217559255	0.231446904230742	0.253749740423526	0.172239575405998	0.0163315941494653	0.045709619444917	0.189924332254324	1	0.249825915462992	0.644485891921907	0.169229502369472	0.466139924870758	0.24435495248916	0.254581111120644	0.238768749023453	-0.056371601067049	0.215327375291652	0.168814390980607	0.104278415497776	0.300511485681591	0.251663424985462	0.214290596913296	-0.020582713145202	0.357729467884232	0.485950927834351	0.402070521637683	0.469681338427809	0.295725527077961	0.149650814355136	0.372372626607813	0.223344711914139	0.341321323076374	-0.0284604295214833	0.163688358023589	0.383341909893495	0.332943623504798	0.215418548266738	0.353047091819744	0.352347645365009	0.206986826616846	0.0830726758938367	0.168137935440778	-0.00849410329869075	0.265795504280692	0.480748329584909	0.534952891582222	0.217589911770207	0.340102642828392	0.181810924000232	0.265760839617999	-0.0396843874791059	0.153615675931172	0.345701952448561	0.343923718196896	0.149041163948025	0.149661171367843	0.0549571925183816	-0.0591554447849375	0.506539895675548	0.113289987521907	0.477611737540661	0.19971031410404	0.334626549272888	0.242150446599367	0.026688027813709	-0.00625471531827846	0.0498216800393433	-0.0227619001822894	0.342258971118064	0.362295875386058	0.412848031691652	0.269425988091034	0.111068047195007	0.4661012135468	0.440035140283997	0.363575032287857	0.164259879813741	0.219502715620588	0.417043794695481	0.366246804139018	0.0184306734476909	0.370306575146676	0.158950738152963	0.421033471226848	-0.0600972811176831	0.126667425945355	0.304187805998232	0.0212628360866154	0.0707468329386245	0.207422978745789	0.311318361043889	-0.0137351923035601	0.151942631871991	0.120830622215513
0.161033840404189	0.205175773093207	0.165189085418012	0.361529705579151	0.116193713686658	0.369527922168154	0.382956021152888	0.0164621704635215	-0.0040593073698386	-0.0193897823305964	-0.0921633176390034	-0.0321615857428541	0.0782276657206377	0.249825915462992	1	0.222763595439975	0.162361785512349	0.208746913056963	0.191195141661581	-0.0612288439496323	0.302567097823476	-0.101680237398795	0.0121464454184238	0.245137526226096	-0.0995831712997473	0.30674431864529	0.0769601319885831	0.389752410792116	0.0404406018762053	0.224691246979814	0.207989336123287	0.270448552564026	0.303019811658285	0.330448618912987	0.420276644646335	0.20542444597775	0.0837426951748364	0.243207060359741	0.414976761451412	0.333695527275231	0.0623103791071602	0.0655817310961213	0.514290344983892	0.414420471243656	0.173305271336219	0.0855280934890416	0.293106367143379	0.374087470532704	0.134393100469766	0.323273426666451	0.125178667424983	0.116860966754782	0.0399375494767577	0.35111145597285	0.301030043882376	0.292342926364955	0.0258253140252132	-0.0127039395945695	0.0188889576258726	0.00734990537124523	0.057390314126162	-0.0719965387602958	-0.104793407150098	-0.0182559365512648	0.209898079146799	0.208801590364163	0.0697903014101091	-0.105397035729559	0.142048315206893	-0.0472119192861159	-0.0444635950297147	-0.060263685733041	-0.019323678202108	-0.214695157380922	0.126493075471179	0.0370233964664934	0.0704386990031234	0.177965034519331	0.0642568676998916	0.142482558902796	0.154959253529573	0.229544850605613	-0.0613541927624294	0.0771985332691777	0.109170293015073	0.107372744692417	0.129911389833842	0.331894331879268	0.235601672849185	-0.0637158872970591	0.280051762523098	0.316190426646146	0.371567836176153	0.222068143566638	0.231308704706926	0.205727589645289	0.108730326433344	0.0724180127653573	-0.129188173304561	-0.0118360291646916
0.598936668519526	0.439758836143126	0.46646673218506	0.593316461632968	0.259590290192962	0.430849740234864	0.428105059792992	0.460963300560898	0.393506357787892	0.140566636048765	-0.046591365624596	-0.0929216633806923	0.203164544205412	0.644485891921907	0.222763595439975	1	0.304344416844399	0.635505931521551	0.288248762658467	0.602094454038641	0.28538061149653	-0.0900385699339254	0.214404200401796	0.183223858183392	0.297867371017913	0.303531776393277	0.387267639862289	0.387036336204836	-0.081469921857182	0.330431186113048	0.832913106400353	0.583505206374034	0.550801493884373	0.353535983393003	0.338477191130728	0.597842502375298	0.180089472058758	0.519802491706561	0.0750880288049796	0.0992084232914519	0.245728471082223	0.468467523631172	0.454434239011128	0.426683641237184	0.567118927030274	0.30270047001873	0.297640125253628	0.292552516432278	-0.107662271180157	0.416577421585586	0.521180341570175	0.483715120608515	0.379783173951246	0.541635256554555	0.323636284225366	0.415428011145593	-0.0413655705882109	0.185610369732461	0.313006560643444	0.379318944998972	0.0995154691235451	-0.00459566083522037	-0.108813927960668	-0.0463633059928129	0.334837740799553	0.226741326096638	0.742151356106871	0.203171518161259	0.462613800187612	0.485885673425824	-0.0558765449855207	-0.0566742142729779	0.0549014806407287	0.127908726742405	0.365271259815784	0.52465268716033	0.513701815008135	0.198824635737572	0.0342857014505642	0.649190332298742	0.550911052347799	0.457601568083252	0.111286424212682	0.340851868134714	0.641710782446339	0.566672156146197	-0.00728016376106316	0.549966620595215	0.210904383433284	0.655631898484938	0.043937262070772	0.202336846520137	0.416926526064461	0.201973543951281	0.133242809962168	0.251734432258077	0.174177475965497	0.00815810823978936	0.18368240464535	0.193458974981729
0.130852529646041	0.109464167607596	0.0664744115719527	0.131120593002745	0.0502635253981401	0.0166396403737478	0.0653753854106308	0.17436325135075	0.360226975687915	0.11169083009489	0.192114513346023	0.232434392176299	0.434112742416998	0.169229502369472	0.162361785512349	0.304344416844399	1	0.442944841235452	0.329228281111462	-0.0733253347118152	0.333049701723977	-0.0963313737715354	0.0531458165695493	0.346392700728702	-0.00931168801928589	0.246333642544455	0.261902114828264	0.15408227936233	0.120629471380014	0.102402894935335	0.306868344238146	0.400077440845963	0.298918937844823	0.141569550525408	0.0381098029488358	0.198793220372317	0.0541837636943789	0.166651571071957	0.00692820143300192	0.0107971964720552	0.0686141474996933	-0.0427024719226051	0.111997828858141	0.251358353371194	0.262966937817833	0.124563352569377	0.214364159795764	0.0310195166478335	0.155521929694815	0.0809245311490182	0.177694083928076	0.271076820445125	0.225832468251133	0.131627772152505	0.0373625308800259	0.193420741825086	0.139747673074325	0.235449266226846	0.389852445948339	0.343730179610887	0.0317064408174698	-0.0353109611141467	0.0808800043919631	0.0145910893315337	0.197539390367384	-0.00436681217989784	0.147967502409685	0.0763515737547859	0.265373140757567	0.197318181415674	-0.181782367207528	-0.0798986325443946	0.232206667907779	0.0449792094352206	0.0980319660785542	0.0866677045524551	0.158028970507728	0.0643257296497478	-0.105476529791688	0.195758272655935	0.142558437632479	0.229610537291369	-0.0777506405111081	-0.00254378277734973	0.129771700728458	0.131855323320977	0.0459692558888617	0.175771778764338	0.0883944976503962	0.0292420072841465	-0.0584502483479052	0.130890650045193	0.0679801779140491	0.00967321477195591	-0.0318635086412599	0.00155082649162624	0.133104579350658	-0.0992939363284592	-0.0130320157126825	-0.00472922156197128
0.340241692328978	0.290764108966531	0.193177200248734	0.268253799480133	0.200695538228198	0.264727361848669	0.196708034512027	0.575300275223439	0.408532545256673	0.131722108729214	-0.0209165559269805	-0.0431470896049817	0.314715181134117	0.466139924870758	0.208746913056963	0.635505931521551	0.442944841235452	1	0.43144152508767	0.343589237049342	0.290153607644611	-0.0817377355724594	0.0364457308924514	0.259027121215833	0.177307231081616	0.174475124738686	0.320984659965763	0.271609610563155	-0.0164850204761874	0.267506031971169	0.683072889129399	0.353277783663832	0.277280867945819	0.244540415682972	0.212881296426868	0.451519529895042	0.173568562458531	0.202227701934548	0.0777813016800862	0.112701218797887	0.230943621750822	0.250403274895788	0.391391246428216	0.305356815647905	0.394951143860992	0.14177481588779	0.0865433991843119	0.273513939829378	0.0201908834073313	0.210944731839782	0.440333318301955	0.358791464422769	0.155314824477141	0.21868067551666	0.226145475416263	0.177500739766643	0.0405633773129707	0.308490098781952	0.457619746003716	0.356181926650748	0.0348792980803416	0.085035435604439	-0.00819075695217975	0.109167514294882	0.354916718558696	0.0680019508992206	0.404007905418856	0.311633415368001	0.359119868232706	0.312993389004892	-0.0563438839011776	-0.0831390336424396	0.124978504603895	0.189718112330226	0.267206428231317	0.334889415340124	0.303109956229785	0.110747823785686	-0.0576759906028599	0.546914280012959	0.398992012383973	0.410402855769396	-0.0125260321730331	0.23756483067322	0.471193843548447	0.317872525067367	0.00319142240742755	0.297831143260023	0.147696393507496	0.464113743490004	0.0508768835516641	0.104550147701532	0.213407921005466	0.08569667173894	0.015011670752423	0.250769559914729	0.264566488710043	-0.0115644755271328	0.131176949954252	0.10018294159749
0.160651091594042	0.107798933198634	0.0481831993213975	0.35078137587679	0.112904768710537	0.0757612193342282	0.314903398224627	0.322539227743618	0.336481015265285	0.282441376680483	0.160432584391721	0.0910446231987837	0.0547883931302982	0.24435495248916	0.191195141661581	0.288248762658467	0.329228281111462	0.43144152508767	1	0.107093155509334	0.374661118769983	0.167704364822537	0.212120591638166	0.291271529270296	0.0829588415665132	0.342317868852472	0.340787234496998	0.139615582712331	0.322061942157547	0.0308414453267073	0.372610401275397	0.247422478795698	0.17997979089643	0.112592943217791	0.10686223790173	0.355844531517275	0.142753971328429	0.231081779132044	0.22947026638287	0.148504486528828	0.258615258508471	-0.035269810344957	0.23900662963288	0.187338646810709	0.109373141697264	0.162431726959524	0.134543915886435	0.173555671797588	0.199919728449691	0.151623203250907	0.236265923395036	0.317267882716892	0.195316520601328	0.119919820852309	0.129355407283115	0.325412399456712	0.1215959294847	0.193553130492123	0.433399240386802	0.233100963386078	0.206020899822378	0.099217623327928	0.0684440761898304	0.0245053597766848	0.288104859257949	0.0821916595820515	0.27350285763882	0.249392021232059	0.565075650623824	0.178833694079362	0.191873100598287	0.0624959373424561	0.203907521897903	0.0614564601123183	0.0555887827128825	0.167523777039728	0.164639820015376	0.111370172540758	0.0998330821706438	0.172975139150541	0.109966492104016	0.290457604506071	0.0617503675656459	0.10333199636137	0.153935077981428	-0.00505926205945943	0.0524532640012712	0.363171610295993	0.124767895810717	0.0405124481769014	0.2740064860106	0.0703434029083184	0.0638902613384939	0.0448569764604562	0.0487569683670763	0.208262550791397	0.219452656842384	-0.000190465397349905	-0.0176703241431663	0.121166230840599
0.241928089857435	-0.00806458730125068	0.285394270069714	0.325182379910603	0.11048625499143	0.344639722879589	0.301435090842697	0.636483973803165	0.421949959296733	0.178522438881638	0.00048136223021516	-0.10595483007161	0.0705310861962441	0.254581111120644	-0.0612288439496323	0.602094454038641	-0.0733253347118152	0.343589237049342	0.107093155509334	1	0.101746221364144	0.198321388993687	0.295672808935154	-0.0110653163071887	0.555965883518507	0.140186083398287	0.273818804335577	0.166046094863629	-0.0302146770411691	0.115869198211099	0.516243493122706	0.199954072290928	0.266863603063388	0.152015521010976	0.23689084371483	0.339909567115671	-0.0422473820669934	0.489251359982068	0.0529476445561921	0.0171579684943742	0.200310112559581	0.336860952557298	0.249553133679186	0.173737412122582	0.309008460163856	0.331128730486461	0.154208267822945	0.26943638151544	-0.0596352652529833	0.352860237648925	0.196120370999185	0.0700805602918237	0.101587525559346	0.191023887857848	0.234125774145134	0.134669176418399	-0.064362488956231	0.169276911162063	0.0411494432881969	0.281496588124571	0.0883390871274896	0.0816817046993691	-0.0213189713986891	-0.036230285936402	0.129475200894545	0.170585463232723	0.466152200991689	0.124126792881659	0.186112898633236	0.477054201974423	0.0923495861066374	-0.000446099014240824	-0.0326474874831657	0.366670329644901	0.192214063583468	0.294404979317567	0.28332258348345	0.0226647780308052	-0.0328163235807548	0.288753843659251	0.197572699459665	0.133927770076944	0.13619519589029	0.250690747708883	0.467615803806271	0.311291589097317	-0.00513202660172398	0.329340735779763	0.0219409177523607	0.597918933855105	0.0705767493005357	0.0578718699551941	0.194794282746253	0.0777479844265633	0.0841468796545428	0.213338507190523	-0.00158543880518699	0.0782626777854439	0.240612973913046	0.20407868141729
0.16039483046859	0.0940673188544567	0.126063747925469	0.497889455450567	0.0127096097085992	0.202138647302792	0.424795611431003	0.123831502448502	0.158887522549243	0.489981591289915	0.454067509456855	0.304078984584299	0.0287337250968927	0.238768749023453	0.302567097823476	0.28538061149653	0.333049701723977	0.290153607644611	0.374661118769983	0.101746221364144	1	0.230468840941783	0.378183040647562	0.274266217943821	-0.0106320937341459	0.325558151909406	0.413927160222683	0.198196271410622	0.252256091696053	0.202279470641042	0.375142919518455	0.414799250753671	0.144286317187882	0.279035660264437	0.366329252796918	0.199174233794168	0.191135962876861	0.273838393782194	0.293023253585826	0.348278624192531	0.0992245536446098	0.14071453313905	0.285538312726427	0.309546181070029	0.0903842003683583	0.359312351611562	0.257570415322479	0.267079615543161	0.163628374015573	0.598778585896966	0.278248476353053	0.408432587408752	0.3640080164596	0.24630936211311	0.166933787262432	0.454082505550875	0.0445258035910056	0.286307110664193	0.332649642716682	0.16705045637661	0.253578507602811	0.169415412653704	0.0782460531097774	0.111167491919441	0.527688987833535	0.47900674636414	0.363550862242663	0.240617008039754	0.418405064806233	0.221736997285822	0.181802860463018	0.248097599740742	0.143812771272583	0.0367006543883128	0.0680098058531293	0.304656769953688	0.441946408649898	-0.113426548260949	0.0729241845286549	0.215750333673502	0.286228473127624	0.0811001617331956	-0.0674843370837269	0.233687643498701	0.169503682742311	0.201183735380479	0.146628218461688	0.416395075489314	0.211792239039458	0.0965301556175675	0.246912075893956	0.303993606906833	0.311015394726268	0.0809612789916043	0.193413480901032	0.278565092535974	0.178287909115444	0.032678903598076	0.0313844340567149	0.185492266397792
