1	0.543350785290841	0.421088785858423	0.609073631958764	0.307125080388089	0.472500218711569	0.601222364548814	0.488012307374029	0.358263329778086	0.531809955090332	0.189007976506065	0.237070359662167	0.38468199254284	0.659043416484023	0.347369522339878	0.649719175919533	0.576471727736444	0.334497655074505	0.477493328184649	0.437838771471943	0.426153210983175	0.528184534356162	-0.105098953398392	0.194085650247616	0.473074235299442	0.0818574566783158	0.33265217178028	0.489460523401886	0.268084799289804	0.610260096804952	0.46873758966031	0.400437414895107	0.08473245009872	-0.00774799123111825	0.508170246567759	0.385771267349336	0.152437461081865	0.353396021931085	0.264740743492938	0.469291843964937	0.545010050721937	0.379290015464656	0.581813809491145	0.183872290521681	0.416015183530953	0.287275346786141	0.291399810810989	0.294231254852802	0.1861421305136	0.630122057585998	0.401871371812736	0.48106340125557	0.28911960498747	0.433997648936423	0.296210254651771	0.445370240185442	0.380275354592752	0.387401736844461	0.0409470449233347	0.236404156628566	0.385156286267934	-0.0493744238321682	0.383375213146409	0.325848135725497	0.431233298041997	0.0764218904367366	0.0540760830818721	0.0756118557586109	0.114924901209848	0.329707760392262	0.352483546616351	0.395281065669719	-0.0202831287322562	0.28640687213398	0.199516007109053	0.0543017413974836	0.177579407023387	0.511461778506992	-0.175687631308809	-0.0630324254853577	0.21066855906722	0.513529035125707	-0.230275281078754	-0.0522763009016013	0.320074454971068	0.163988506993851	0.266284334211034	0.330956207317968	0.0668403262283924	0.0387721396261576	-0.0416569761369927	0.303312705617045	0.142639637279567	0.062090090498399	0.481935506932943	-0.0571541915663898	0.0719307252175772	0.306861031042093	0.32846151267524	0.241104719025243
0.54335078529084	1	0.671158441990756	0.711953962434703	-0.398844739753745	0.067061421344826	0.556085567971274	0.277248015453857	0.448701593987192	0.670597833222849	0.379519128699408	0.452850994932463	0.410372579582047	0.372457975304406	0.159291083582178	0.44756868605521	0.414264497809386	0.206288722900093	0.430208748818902	0.631820940038427	0.692391503970304	0.537115105621004	-0.330036634771003	0.254276087848311	0.687920271512534	-0.186678176870488	0.302103843028671	0.732282563135096	0.642507754883196	0.599422721980844	0.279267504848375	0.102037248656099	-0.0377284912356296	0.0752072448743009	0.402188630426252	0.0730747027257634	0.0521888906256623	0.318503057737482	-0.0682783244196467	0.53669121204909	0.65616938882659	0.235899596490865	0.561420051586392	-0.103233582572636	0.24615089566121	0.10673929423929	0.372503272300254	-0.207634816440806	0.066611486852439	0.577869391395511	0.174650083426922	0.743830331503108	0.19205983943314	0.0192448869915279	0.00457310592744474	0.539064124627995	0.294529271580847	0.221684752095847	0.0742486369313392	0.348260726201861	0.431106528582502	0.052484284033638	0.615889142972672	0.417771240914483	0.396706916899382	0.0584103795418473	-0.224454392815087	-0.0225756057448932	0.0564297332905075	0.498250694108164	0.346127937217761	0.559758009214418	-0.0359687705710592	0.404944412968359	0.279121708497091	-0.0516280507767544	-0.000454071887113791	0.773831979376943	0.0876815160877334	-0.248494960237658	0.231107107317862	0.517201373460612	-0.0168488044780514	-0.317377463960304	0.0826506660008304	0.110626852687821	0.126679905400461	0.0689800717592887	-0.092540740331694	-0.0289090540844418	-0.264550335380481	0.198761075946067	-0.0608986564767534	0.0608727469930435	0.534840977607638	-0.39350522393615	0.115893191991279	0.677316461528143	0.519488480028554	0.098315040208231
0.421088785858423	0.671158441990756	1	0.571959121679552	-0.208883716045995	0.247860779165282	0.531626201457273	0.341379014837092	0.543716126908633	0.398851046920373	0.209970341381589	0.282201852366457	0.293344727902081	0.295107448444946	0.14370381857587	0.34716427104071	0.304404031314767	0.299117990871526	0.457226321782518	0.520346735115155	0.48550627300217	0.324640892693392	-0.166178311217331	0.28891551867767	0.49258288965376	-0.05194309494043	0.359053495786207	0.388954496521986	0.306456426338994	0.454134012270061	0.25544727081276	0.105634686555784	0.0946423431788442	0.16830508225173	0.402088139921139	0.221022324595174	0.0786500771154764	0.0971467287853693	0.0705414728417347	0.35692029980833	0.297322719130822	0.168846683389031	0.352021022204392	-0.157517314150438	0.147219123708454	0.0347181118861429	0.312348131520328	-0.158318255353679	0.15514992059112	0.294694985438888	0.309936639803846	0.68302706247596	0.296955523664621	0.316523946898959	0.146807260023627	0.570641441337018	0.350157050882741	0.132590149908275	0.218328177975955	0.540484423097182	0.299603008933218	0.040791962497817	0.414875150079625	0.33561831397799	0.313085384736574	0.236260366232285	0.0973152117765972	0.146198814579858	0.283998758584482	0.422331488112502	0.191607566179091	0.358422427913695	0.0875837917484841	0.402501714600399	0.259564353986612	-0.0720648720214523	0.150453061847839	0.598720874483835	0.159824643732158	0.11223481982935	0.156751574405394	0.294551622091188	0.0740186371834557	0.0437866012134796	0.0576323597776954	0.152910003206385	0.0826885304982859	0.202592808695074	0.271450249471145	0.0301354138297853	-0.0210011146700278	0.208598057124981	-0.0823293233374131	0.0955099071951359	0.264747105604696	-0.0955071996098577	0.157267653768443	0.468501639172812	0.3213747763099	0.247402856350752
0.609073631958764	0.711953962434703	0.571959121679552	1	-0.158125653039805	0.224067892810835	0.733966459138493	0.361623036100793	0.51187764609572	0.702349221450505	0.200169755199444	0.480722599492883	0.500950931662615	0.557918614804535	0.450556291191927	0.590973934614586	0.542030898583774	0.251639207570537	0.457823140355824	0.536116594450805	0.636662543507188	0.482935942252108	-0.185135872469101	0.246059594465398	0.556660583132593	0.0369578962585543	0.284970734197146	0.600230897177095	0.463543416559671	0.632371269922744	0.297566449583802	0.231278921623988	0.177640876861255	0.214799917360474	0.517894113588933	0.313058432614417	0.0647814557561939	0.316900464649692	-0.0485202598408926	0.589812823522989	0.549888160606615	0.307816801723215	0.602556496082223	-0.00832016079012405	0.267755707011005	0.345273677907766	0.395219423289785	-0.0974380584857795	0.226391371334742	0.571186365308911	0.339915829373263	0.589951170950137	0.419600687559386	0.28355170178596	0.115925255298952	0.681178611270771	0.369027131513218	0.290388724048899	0.220589157578236	0.397139670522563	0.498671271457052	0.0985585785036944	0.573127119608288	0.408375014237084	0.468118813495823	0.286682148126168	0.00943180625610044	0.0876513552283066	0.242280945989499	0.417485527271161	0.263869546899043	0.497346892760716	0.0111384925961258	0.306972044967019	0.175873851483135	0.0104459469774881	0.102044061356483	0.625205381978534	0.0251869754849441	-0.099489903733785	0.261528454052438	0.396589989270769	-0.0846038557282245	-0.176048835342518	0.163540142731904	0.322895095945576	0.149528020931375	0.365667757017314	-0.0723399641943616	-0.0133516139199955	-0.181757517253629	0.404987714227208	-0.00820833200530167	0.152866674395317	0.60363703816191	-0.367243210844098	0.195359556172371	0.52390568545283	0.501244476218857	0.147390936884508
0.307125080388089	-0.398844739753745	-0.208883716045995	-0.158125653039806	1	0.518121060553293	0.0437732403171253	0.316113461537909	-0.109407250293305	-0.195514757517619	-0.0615002348600348	-0.219655331768123	-0.0113288671493306	0.287826530308875	0.0777611918623026	0.129901341638685	0.219762830805372	0.30014541579568	0.157047532974378	-0.146628750614834	-0.201153413651638	-0.0705027572825817	0.221110823358114	0.0298990135532671	-0.212941966158199	0.256399299751077	-0.0113646001934485	-0.257872226269742	-0.292324282825187	-0.0629107110222207	0.212755642139735	0.223781011241527	-0.0533514351481284	-0.00382830351711314	0.123398137675465	0.342855145307053	0.0464815730532993	0.0830520417394005	0.410463793683628	-0.108478946158334	-0.0955852570132836	0.153686012337215	0.0622277956434788	0.300277233544877	0.160695376191668	0.236169431758581	-0.0216887589834034	0.589204179556519	0.296229218048276	-0.00470702248361176	0.372678737334989	-0.236253688704892	0.0473528427543267	0.421081912103709	0.397346673647372	-0.114132312088106	0.0653221588593379	0.157041493067142	0.0086240869045042	-0.108048773031667	-0.177622864462913	-0.141871250078685	-0.398135231088967	-0.206589300906485	-0.00526837325940299	0.158164831768035	0.333781508717828	0.117724899911319	0.138655540244171	-0.0537381384282707	0.0112927810499004	-0.137766161443931	0.000737267652080484	0.0214574501554254	0.0816333974320178	0.179130079131248	0.23638825576455	-0.232083577790356	-0.253629608802133	0.268801269552672	0.0362159333707721	-0.072922078193992	-0.147636132678706	0.400429235568398	0.309421769883263	0.0554234992870627	0.123094638160981	0.210852907563426	0.361958314011739	0.17758193868849	0.268926428775395	0.0792694704717124	0.269469977704473	0.0846269551958064	0.0095284851169335	0.321305072102583	0.0496011214806012	-0.238361155506217	-0.149682640230137	0.331708049111131
0.472500218711569	0.067061421344826	0.247860779165282	0.224067892810835	0.518121060553293	1	0.553654135420719	0.323570172696566	0.152629660072269	0.183202176396686	-0.0978989484653169	-0.0164531477776703	0.110289528967166	0.384107448376292	0.130209037414255	0.244141616479553	0.264270970707416	0.181301512537732	0.370366623306046	0.21286519398431	0.0893157154895317	0.30821654604845	-0.0153141714439647	0.0235589443384176	0.114660599393306	0.0989144026851332	0.194056600206095	0.175758761275607	0.099641786127231	0.199657015795193	0.374289583941487	0.210548609694925	-0.0216517462965734	0.0441591772438539	0.389297105152488	0.279825644266888	0.082600124896214	0.229823674887346	0.432708033936575	0.23543258889196	0.228014908842632	0.303919015984235	0.302869722047043	0.126129486751568	0.314389424407347	0.0917384614056634	0.159800570730836	0.465685405197292	0.260965960939715	0.176671192008692	0.418265661467145	0.213401029982596	0.0548447204776917	0.53313558728035	0.471002045768296	0.302703005702864	0.220378904643588	0.414768404880058	0.149988880823878	0.0828651005239124	0.156326348119119	-0.0631188690996407	0.158503922722785	0.000737425604225694	0.117539350585511	0.172169644666623	0.116679672235183	0.0614663460732453	0.225498441055182	0.160807544186492	0.135708421828297	0.180807571809986	-0.0588348510461113	0.209464677605533	0.115859741651318	0.147042589432877	0.200219829727879	0.219119115242651	-0.234406259191718	0.047837371101386	0.0643957569233201	0.170166924943446	-0.128593950708827	0.117303742000918	0.395631241061022	0.029739030489869	0.245854955717503	0.0706926378276435	0.236977014065888	0.21941794739528	0.29335353252417	0.0471919639086719	0.274850103727153	0.138192017462738	0.291818853302588	0.250280988329073	0.106682491418779	0.169476579115185	0.0748275000783129	0.216252799936815
0.601222364548814	0.556085567971274	0.531626201457273	0.733966459138494	0.0437732403171253	0.553654135420719	1	0.453046761343172	0.481824208764469	0.586422519426869	0.0661575174798602	0.418201259604169	0.517709983316533	0.582614516865775	0.27824052844386	0.537155134979865	0.491088902581119	0.255641387556291	0.549557553841105	0.51982743937563	0.619336859125493	0.57941880491699	-0.212969397313842	0.0985723843148374	0.523160738005312	0.00746649874878906	0.233199549037469	0.58962642421299	0.406075456567849	0.532256531742466	0.440696726977248	0.237449062435018	0.127892683778398	0.222891524053798	0.735711709885652	0.278562290750076	0.0247214724388436	0.299605009745348	0.243212879886307	0.569963859742251	0.539468298277477	0.334312091145922	0.690349838674578	-0.005799580753101	0.369751053345091	0.194384903157673	0.338354456233251	0.207841513426153	0.414571894263399	0.446632879363945	0.351314013796759	0.645618202617739	0.30328290962289	0.400197296369428	0.362839748810026	0.738489368501369	0.241484291905386	0.470744573639351	0.282371314430254	0.35543561919158	0.396532777311343	0.0952152832812885	0.61714640897333	0.362149471146044	0.339813680115418	0.268007720285206	-0.0236425252495524	0.102741581890719	0.245188616253611	0.440213158743369	0.409875582861445	0.495772446798491	0.0161086201115791	0.329627217252074	0.293256471731685	0.0376193142326415	0.0423348003520239	0.648335049530237	-0.164936961552688	-0.0979682616942848	0.234997986849439	0.422977695858666	-0.183376631150871	-0.0872724176934528	0.259830453329517	0.179330404561746	0.276815889473573	0.288180860552238	0.0441129948702923	-0.00767084105149992	0.0903378161711693	0.30241665538954	0.0999163759844886	0.0584608112059759	0.554202686438039	-0.085138435489744	0.171886897147065	0.413979789706973	0.360413593772556	0.181447351785315
0.488012307374029	0.277248015453857	0.341379014837092	0.361623036100793	0.316113461537909	0.323570172696566	0.453046761343172	1	0.462124418931772	0.239155907202479	0.201134210813607	0.201904733029687	0.528377482353432	0.590271955728014	0.391582581738512	0.621667874684539	0.513369702290592	0.625705771986261	0.564196502868714	0.52649855795831	0.504832724262197	0.253763710913814	0.119757561131676	0.279276635825608	0.345831902997144	0.0227990736385806	0.191816158724635	0.23689354871521	0.157302680750269	0.555388951919175	0.543137485230377	0.343082289255621	0.204524628129967	-0.0534784331938461	0.360300345543429	0.55657776387664	0.185032716154161	0.19447602005121	0.205186187190482	0.33111046045613	0.34997916473474	0.209256745833406	0.573805837396751	0.203191739305669	0.403418765017025	0.318754799448648	0.329623879724193	0.251106852538794	0.2180613610969	0.348783096578212	0.446691588304149	0.350321999971769	0.231651382951292	0.377841906235389	0.394365708032401	0.361230545563032	0.204114313933002	0.265020231317109	0.165728251535811	0.314509217214069	0.23282689440449	0.159030497714779	0.185834626454418	0.302321841540602	0.351035499032958	0.378944510394358	0.358814762314395	0.374824890914596	0.372142173341386	0.237042973760802	0.486887540027543	0.353397938052517	0.00525262406815355	0.317639975194653	0.410290924334345	0.183123530107589	0.329318972335644	0.351618652287324	-0.111191090617282	0.245921327109266	0.349835302365643	0.330923999568684	-0.189889727759518	0.240041101121214	0.324055479324273	0.34680693917442	0.252233368432311	0.365435311049257	0.303443765073508	0.105263720839336	0.0136662152935428	0.311980369649006	0.342500894204426	0.181657906232009	0.503973828154515	-0.0790397490296497	0.246329221156405	0.238892155506847	0.186019693020961	0.344877824876277
0.358263329778086	0.448701593987192	0.543716126908633	0.51187764609572	-0.109407250293305	0.152629660072269	0.481824208764468	0.462124418931772	1	0.477704037849679	0.243245001397663	0.475404191038752	0.378176400735539	0.426126574065752	0.466589890253575	0.312393036498423	0.458483169739	0.408401741248502	0.469038658401597	0.505934446914597	0.570159218621512	0.228322380439075	0.0134532721689573	0.528035622183817	0.576907309980114	0.134719079468758	0.490876469036009	0.21647253412527	0.208730325091766	0.527484753439258	0.196252757411437	0.14620738517479	0.140399532277566	0.238611858674749	0.207400522092217	0.35721501755562	0.319080327752611	0.181362953281627	-0.0713893182025621	0.300781840759746	0.313985895727564	0.171241675384464	0.449108742633891	0.127620540207351	0.109118285351122	0.286280838687235	0.418074444489888	-0.209014936047501	-0.0399816031191877	0.361169735406786	0.22302075622063	0.41619255525117	0.405820910456307	0.24180746408342	-0.0252584155130413	0.501355237861164	0.225502332444271	0.277461482086739	0.44451396718009	0.796564297571469	0.49968341789035	0.261200811250784	0.399750568518277	0.356144632935724	0.412464488347485	0.440146037266428	0.261271164745633	0.353644380538017	0.442313819769148	0.527490250374987	0.283073419924394	0.406769517786381	0.385186362547483	0.596923397453462	0.333593335837497	0.11218672838998	0.267192035992317	0.422084371458754	0.298819676711187	0.27685848598711	0.241742194031299	0.242720030860588	0.314708759638473	0.200924856395487	0.214448689005564	0.351099163166782	0.202055372338686	0.31338935702353	0.342742663052454	0.23914399518471	-0.119346627184475	0.335305125546363	0.175292830456589	0.201935614549979	0.312894607836091	-0.224976680191219	0.257881852296879	0.530948957067525	0.411938812962022	0.340430968567516
0.531809955090332	0.670597833222849	0.398851046920373	0.702349221450505	-0.195514757517619	0.183202176396686	0.586422519426869	0.239155907202479	0.477704037849679	1	0.362360649475829	0.66356453070227	0.358686576315992	0.526781842721791	0.425836313144235	0.484910784815631	0.467456767661687	0.125782716955709	0.453898585628557	0.520583269409574	0.616585896119249	0.58319797655557	-0.199453590527919	0.334188723330643	0.668303277245124	0.0247605654098693	0.206353018611755	0.596409434282817	0.49248847413123	0.494144041388775	0.279632755629929	0.196648370115131	0.0430148518488143	0.0507062306005606	0.405316864732139	0.199060769651726	0.0889380859964602	0.445743479407609	-0.0216124299803125	0.553300345994934	0.609552466114681	0.317736537901985	0.608036669744281	-0.0321629169420012	0.153356906580503	0.346698286465011	0.417325640031928	-0.172479701156595	0.0955203939460137	0.683842951942204	0.160283921726972	0.479830101257947	0.199448837268997	0.0820084099952427	0.0396331560446899	0.387159232490367	0.221294641480403	0.278838322185987	0.164222493294535	0.407991849887916	0.625388115756847	0.172945282897492	0.637791702844884	0.375150958814842	0.401329846015475	0.186572796629008	-0.175579505140488	-0.056728541480544	0.127948500609468	0.436261063268429	0.254656273681808	0.5907984341751	0.0861804715712619	0.315763474794238	0.089784086150594	-0.0144233652112637	0.0283996802087401	0.598767468497031	0.101204364742091	-0.196627799967776	0.207110827849963	0.399023040918121	-0.0160177235581283	-0.281752695084259	0.108349209414162	0.188493613882131	0.173901133850328	0.193172912567958	-0.151557697632292	0.0759706121603388	-0.17614954624427	0.29595107955729	0.0293823117669758	0.119221102162431	0.561429524933801	-0.354487078373364	0.0663574526044448	0.613568258941046	0.440105405123154	0.0628449292972954
0.189007976506065	0.379519128699408	0.209970341381589	0.200169755199444	-0.0615002348600348	-0.0978989484653169	0.0661575174798602	0.201134210813607	0.243245001397663	0.362360649475829	1	0.41927431595474	0.323236701081184	0.200432563116384	0.161285807370603	0.213556962852735	0.215669363549677	0.206097320265151	0.094106076468086	0.273305648731887	0.409188398377477	0.254025520003935	-0.00537955286477662	0.331879195919119	0.317552848462648	0.0020905723865321	0.110035277602572	0.225088226962294	0.365414798965747	0.255253561523087	0.0532585396105763	0.11214150676173	-0.0547321607137674	-0.00508853477107805	0.0690154334692592	0.0810156011320407	0.10557105553081	0.113506191201979	-0.0427732805221174	0.247059592021078	0.336582215972133	0.228068168163145	0.245964547406055	0.0249780947121384	0.0806656849184974	0.170318060000557	0.209540879560407	-0.148797063202314	-0.016497380551323	0.352000331569571	0.124535800704161	0.318612870758009	0.12136364584087	-0.0953522355401714	0.0955228229144091	0.184823006235406	0.092371691906557	0.0652833131229083	0.127088123906383	0.220601472359008	0.309022807526737	0.141692750873469	0.177003305696697	0.0893617042575355	0.253212686784454	0.151851413360297	-0.0661899128552671	0.0336169989126063	0.0752009375938854	0.189404432882766	0.269100042404809	0.295252054142117	0.0953647716515322	0.337558590800984	0.0024443197061921	-0.0613090851616184	0.0367565146355231	0.281645144400858	0.167411241680874	-0.0600192900137418	0.125527809929491	0.159812270772221	0.0646460543836504	-0.124164803092349	-0.184268912303216	0.0571344863113052	0.0985060279728866	0.105606954776156	0.0345847541354789	0.0210461519960565	-0.159203352454259	0.187536439109009	-0.0139849544803583	0.033471314836901	0.270199179182633	-0.156535175705313	0.18115826050287	0.362458712338539	0.0995002016871056	0.253623241310868
0.237070359662167	0.452850994932463	0.282201852366457	0.480722599492883	-0.219655331768123	-0.0164531477776703	0.418201259604169	0.201904733029687	0.475404191038752	0.66356453070227	0.41927431595474	1	0.478993592804977	0.356471921621767	0.454339694584834	0.310670701146776	0.439535399464948	0.115560780032418	0.203319547285271	0.407924455620154	0.557032928714147	0.386921774319551	0.0869478682439446	0.316688096037546	0.470694228364043	0.160161509726569	0.180449039298449	0.278344789192053	0.301638625584074	0.409614076484158	0.0510616330879022	0.301208675423752	0.28003476156582	0.192619438726897	0.179453296538557	0.0657095331261927	0.0383283083203589	0.31780847633399	-0.255709803130249	0.574695836907939	0.333488917864709	0.269761613225476	0.393399954634573	0.0441663331048168	0.0119813492909322	0.3390343614588	0.552150245781066	-0.323861696420697	0.0363258308561485	0.442807148568494	-0.0774077203192727	0.361575315818079	0.337097055128724	-0.0265100759598922	-0.108994664193103	0.375999275871353	0.100095194494507	0.126082362697877	0.207999994442839	0.398929107796982	0.607535820834764	0.360600034319368	0.509379076148488	0.330326308651512	0.368729920419371	0.296506790886619	0.0275273279181109	-0.0165568423761288	0.0859791154362346	0.351513948034713	0.239711970269834	0.52663848549801	0.148502546248371	0.244953354120572	0.0368742130670126	0.150646021836431	0.0997103797833933	0.481346485859536	0.289119917182786	-0.0325483369649176	0.167145382128535	0.286715608908374	0.269838546268416	-0.0625057273786391	-0.049314380650986	0.187263242571918	0.0526679915833918	0.11343066134403	-0.0342820519431032	-0.0151811360326956	-0.325985949858986	0.3898995995324	0.0584436267905782	0.332836364836761	0.411704237308569	-0.355249382004847	0.175425941493144	0.548671978819118	0.437821462758739	-0.00179680486407952
0.38468199254284	0.410372579582047	0.293344727902081	0.500950931662615	-0.0113288671493306	0.110289528967166	0.517709983316533	0.528377482353432	0.378176400735539	0.358686576315992	0.323236701081184	0.478993592804977	1	0.405163800438119	0.336542478833178	0.506963118349862	0.585436367317199	0.287675317282048	0.289069432024855	0.400969921342287	0.601718624318773	0.419245548610382	-0.0645803512975457	0.177572480690297	0.29990624604885	0.0396873422200053	0.120874042815114	0.384277202776055	0.262734618744656	0.400835730397916	0.335493298163304	0.267525551577647	0.427541687964195	0.0507383596542206	0.347242255743383	0.27611802808001	-0.0537119195111879	0.0668356240712265	0.0502289981637416	0.482941415157843	0.323188293464266	0.140822533790615	0.508001846327253	0.101635827539983	0.375563943063519	0.219281772043856	0.299174076368306	0.0917298392370504	0.32769716357826	0.321349799009813	0.177574740660543	0.414554501030943	0.321903146862663	0.0876215445288155	0.10929932739137	0.533460987723213	0.268376863857826	0.24527384441171	0.130811151519765	0.287654972759489	0.391319414956582	0.126774171503483	0.465191043453622	0.434473420569945	0.268211830196529	0.279281940166544	0.0977111657114772	0.137295900325264	0.192776911359673	0.182854312519281	0.371958540884	0.317133057032782	0.159313712982355	0.129229880978963	0.113040703885251	0.112445432610541	0.0178744652071042	0.423123594179193	-0.0805976862404499	0.0627951281766161	0.293747524201693	0.480078530846917	-0.163799520562134	0.0451122501457978	0.00212603599080684	0.147191145905359	0.281082268605632	0.246235751602664	0.119186490279525	-0.0798674625428522	-0.124694544323557	0.261146275038919	0.0289218039397652	0.0261041468316614	0.409875341095886	-0.26974472218523	0.112009184265403	0.209834184362959	0.315851770102525	0.124578946781502
0.659043416484023	0.372457975304406	0.295107448444946	0.557918614804535	0.287826530308875	0.384107448376292	0.582614516865775	0.590271955728014	0.426126574065752	0.526781842721791	0.200432563116384	0.356471921621767	0.405163800438119	1	0.591823111062968	0.669458439026165	0.577381427997041	0.444555122422852	0.447124515366139	0.395880478372334	0.490392283526532	0.481488745591968	-0.129583129543757	0.204920961083924	0.408375814533336	0.0775531094397269	0.354974336710741	0.38571270125078	0.395222696774386	0.65148415237829	0.507877035337796	0.35285413438616	0.164664731464958	-0.00479518839837729	0.511964587391638	0.49042147820073	0.138478187720085	0.341363487169102	0.238272173286253	0.425022961816195	0.470209156764809	0.25965958576517	0.572444158678205	0.243881727044515	0.314369141912505	0.363672187698568	0.375380483336497	0.238259029531114	0.259996984967729	0.545073814081188	0.389344068967811	0.388319850987242	0.386669785604863	0.393254101897546	0.273615190531653	0.406118043074406	0.345588599294149	0.302730965552268	0.13456055624345	0.247581061843149	0.51729495154226	0.146836991150289	0.404404067165895	0.433461459280662	0.491448297630336	0.375092100618593	0.230300159844843	0.235234592390059	0.188412792113006	0.295431485068701	0.353325512480623	0.378042420907943	0.0378618713141326	0.211560379303698	0.252730437916255	0.190499286456847	0.276083420474124	0.413911707348666	-0.0859278201988273	0.0958939486929198	0.292412347202945	0.506484821977404	-0.194472673735428	0.155088628681627	0.436009609456405	0.346384647150789	0.327934292610303	0.460255209471087	0.0510959672176432	0.123544688194675	0.0428856138844261	0.469581346554318	0.307045714521309	0.256596667124939	0.60240671915585	-0.168934796495016	0.201826982386243	0.350004574307863	0.415583237053296	0.384661787415856
0.347369522339878	0.159291083582178	0.14370381857587	0.450556291191927	0.0777611918623026	0.130209037414255	0.27824052844386	0.391582581738512	0.466589890253575	0.425836313144235	0.161285807370603	0.454339694584834	0.336542478833178	0.591823111062968	1	0.484901319178072	0.525218438500886	0.284230843748741	0.117017656361234	0.211510852543179	0.439447006930557	0.312385149522405	0.308641935095741	0.220668607174695	0.206013288514346	0.304289541849907	0.346101937306934	-0.00934638899475156	0.0326139938541192	0.452911960530346	0.13095140294664	0.503247514658468	0.25463065880108	0.207953874603754	0.131353164417575	0.408959591325544	0.0214209499650371	0.242647200950354	-0.0794881848824167	0.264247744799573	0.159381814958025	0.303597670722798	0.315577307723367	0.273808659394266	0.0517898486838738	0.417905174613595	0.419529749097606	-0.0589544389800586	-0.022736411822322	0.458830375558273	0.131753611839404	0.188559425670686	0.456466455048107	0.308196515554985	-0.101273616148176	0.272861126730479	0.15528940787126	0.0893401880711473	0.150979434877744	0.292479956862275	0.561089715849172	0.293349451509623	0.251622277963348	0.299925982170524	0.486602931310803	0.439747049437526	0.425344391242506	0.228315289585466	0.262546409263322	0.141606294616461	0.162580584177836	0.40350298983422	0.238065389919441	0.119023167128887	0.0700242208382882	0.397249280054236	0.445763718254709	0.12474398108533	0.229086415731448	0.304621867982477	0.438958796304701	0.194088701091546	0.187434416167187	0.348625738021214	0.27583737751051	0.479525688541242	-0.00354400881077238	0.381673425828953	0.203154799844972	0.180015571309543	-0.181017068841026	0.513181206965119	0.326712373404461	0.428633847293295	0.440683117588245	-0.23666556942866	0.158961907034483	0.243074695598151	0.436162056086024	0.305727997480156
0.649719175919533	0.44756868605521	0.34716427104071	0.590973934614586	0.129901341638685	0.244141616479553	0.537155134979866	0.621667874684539	0.312393036498423	0.484910784815631	0.213556962852735	0.310670701146776	0.506963118349862	0.669458439026165	0.484901319178072	1	0.574374877375383	0.498285371985028	0.54671760635851	0.440636780354649	0.545767999102688	0.410440096630265	-0.0532603518956896	0.125058720524243	0.472901388334453	0.120781560200581	0.228920169116435	0.358718133824492	0.252682631858836	0.629567782532478	0.543857366455391	0.534552423763334	0.187625942281347	-0.0644463589607397	0.557826472121012	0.598902462311341	-0.0144660416633021	0.400118699924521	0.0127219751884401	0.421084139885413	0.444860715837462	0.41935785624441	0.676444599883352	0.22278312447528	0.470412569452362	0.422211523740809	0.392084959155564	0.121428510620574	0.282451354747105	0.663280855408718	0.352888431594761	0.386351964858614	0.465366917130738	0.271277996746593	0.24801821555515	0.41845828178996	0.353885378045579	0.359455551820219	0.0921362839453988	0.279643168555286	0.446700329836309	0.00472599032796598	0.436089064364909	0.486761709998843	0.525827326535452	0.313882563428981	0.350898140572288	0.279501405545304	0.258522397646905	0.325116543888582	0.440913664663528	0.484948116581753	0.0114549738471207	0.248660348453918	0.402719474665565	0.320311788162767	0.228238151928821	0.337065983331292	-0.0972295101794272	0.152632877087413	0.475629072922366	0.547845242993756	-0.260380358105988	0.146313161273385	0.39825594734561	0.38930842213156	0.144264429078731	0.457042794213411	0.0910226251667283	0.202473905621674	-0.247846341602095	0.370285581712054	0.231143629333349	0.263188594969521	0.674528286857455	-0.146586567171151	0.138418952411406	0.270826234776342	0.407714026516154	0.149283653119099
0.576471727736443	0.414264497809386	0.304404031314767	0.542030898583774	0.219762830805371	0.264270970707416	0.491088902581119	0.513369702290592	0.458483169739	0.467456767661687	0.215669363549677	0.439535399464948	0.585436367317199	0.577381427997041	0.525218438500886	0.574374877375383	1	0.443691470240522	0.423366985989783	0.391013630527211	0.520194773707956	0.378108640208794	0.0618350130392967	0.240952841598947	0.42346972522266	0.251013915973561	0.340103643763159	0.200931189109993	0.206078715539265	0.485018956452233	0.321956004416718	0.345179893953208	0.203839815627196	0.118130768941989	0.39056441708011	0.458417289865529	0.104563258669428	0.340647502865815	0.0945133104580567	0.511368752260757	0.347019241209005	0.294945065478654	0.519270469647972	0.336474675525553	0.275167232530473	0.401496055958406	0.482076128451343	0.105144354375134	0.22890668382899	0.547617696075167	0.331213283376375	0.384569981468924	0.331601265017985	0.308536046959294	0.0382218689834968	0.395793912878215	0.324242891503467	0.275634639246332	0.152545760021055	0.357699192158054	0.411754801573827	0.0631474985953616	0.303456480419934	0.363097663775677	0.471664055505996	0.415367585668945	0.303165282092065	0.314546132364403	0.198673342990503	0.32381648901526	0.297364563049534	0.448482639922781	0.142272274400005	0.343899911277331	0.157131744699365	0.272959318567548	0.353724271756778	0.287668767988278	0.0362117906014099	0.169479560171489	0.450494743362933	0.402003883915327	0.0311145687872047	0.196865953426526	0.359586474078461	0.43412685448992	0.217717342583848	0.355587895916763	0.179999443589894	0.164416229016794	-0.120669426648994	0.514592883788856	0.357774635586682	0.309154864844563	0.54282902492451	-0.300982522690373	0.156732770881427	0.388169319483875	0.436075495108811	0.246635891034328
0.334497655074505	0.206288722900093	0.299117990871526	0.251639207570537	0.30014541579568	0.181301512537732	0.255641387556291	0.625705771986261	0.408401741248502	0.125782716955709	0.206097320265151	0.115560780032418	0.287675317282048	0.444555122422852	0.284230843748741	0.498285371985028	0.443691470240522	1	0.500934117702355	0.313443029636152	0.311176383493953	0.0712785337986578	0.132374182940698	0.252684844295133	0.299392447687317	0.0493253894030791	0.222557224078764	0.0143905558709799	0.0218641345610594	0.436884044441118	0.530110291332288	0.293374884245006	0.0586500185870565	-0.0275896133971418	0.213685569449112	0.547997887556717	0.136982685274022	0.245925095568043	-0.000713352619578465	0.161402587226156	0.126917638592456	0.172163114745984	0.321223770542751	0.236314314161114	0.198055875090943	0.318480514948782	0.372636415313191	0.0585671054197593	0.0657313890349162	0.276760613156718	0.460028414846933	0.111508101439416	0.346813935052823	0.387446061228092	0.191743216389892	0.281877520453133	0.105474727372033	0.0713967131430466	0.241496989355124	0.374859941636248	0.127188910212278	0.0671222499344772	0.0355310145838916	0.174829445415166	0.406462390271266	0.453009984487966	0.483500261189898	0.521642459167215	0.382674260614834	0.224340327288783	0.253953669125206	0.236920101872072	0.133949372834001	0.372091419591352	0.54233673146818	0.197662441696402	0.374762705394908	0.103896783667173	0.0250109409680347	0.483112982126518	0.280357830880192	0.224232296197172	-0.075271445916613	0.356971218009034	0.328792911623206	0.408362367884416	0.0774553501596515	0.3159787108844	0.464655523585502	0.355495772421851	-0.0514473019418129	0.256914875869176	0.277047771838076	0.277018355092868	0.343813929921321	0.0570385817428807	0.266748163992598	0.188386909828226	0.23761906546864	0.298238959946369
0.477493328184649	0.430208748818902	0.457226321782518	0.457823140355824	0.157047532974378	0.370366623306046	0.549557553841105	0.564196502868714	0.469038658401597	0.453898585628557	0.094106076468086	0.203319547285271	0.289069432024855	0.447124515366139	0.117017656361234	0.54671760635851	0.423366985989783	0.500934117702355	1	0.638657760283787	0.473803362404472	0.184503062607143	-0.196561474080606	0.339005840840134	0.588866574939711	-0.0669322974114464	0.236829829165631	0.381013896425848	0.27243239592449	0.46671129731943	0.562667677495898	0.168920699573602	-0.00449708562673532	-0.0949847140646163	0.370233000517033	0.511775130580147	0.282526950693497	0.362909963016873	0.0759859843608497	0.279220047343054	0.329623374686133	0.138875873627753	0.625138314304667	0.0600278191699085	0.472165046163334	0.162917411404159	0.351677497788731	0.0809968204458322	0.154138925446092	0.447327790483796	0.357036079926709	0.397813561511879	0.101879829880773	0.212942286800167	0.297890511798234	0.426655664944617	0.317566249388738	0.394185065426303	0.331028628491099	0.502553880411417	0.272059758902907	-0.0676734811194936	0.360560726705225	0.299900118817703	0.252761650025413	0.28709451312489	0.178380082233914	0.227457238338249	0.465566750743858	0.483402692794443	0.487833505115676	0.421367140533745	0.0649193159257333	0.496170755441745	0.583117710964159	0.164123165563688	0.20305635298395	0.449975653200791	-0.211274566515295	0.224903556785993	0.296084318123298	0.334194103511844	-0.32168886835439	0.11491024059147	0.430982634081195	0.21050439406451	0.306700518967429	0.244540091428674	0.2411792340779	0.278986569570782	-0.059534207424433	0.121080505613496	0.200774721624665	0.0369324425779859	0.438943581735709	-0.117502495037061	0.0853091992837092	0.344679449182731	0.227568208682053	0.160531441414171
0.437838771471943	0.631820940038427	0.520346735115155	0.536116594450805	-0.146628750614834	0.21286519398431	0.51982743937563	0.52649855795831	0.505934446914597	0.520583269409574	0.273305648731887	0.407924455620154	0.400969921342287	0.395880478372334	0.211510852543179	0.440636780354649	0.391013630527211	0.313443029636152	0.638657760283787	1	0.567086844123117	0.303436784258103	-0.218796377708114	0.359623613213704	0.615605403452023	-0.16417903251942	0.295378452006727	0.52380143539026	0.460713142530772	0.554014608655515	0.441305272991387	0.213960558662895	0.0883064619587898	-0.00285143758731544	0.26893237839387	0.200624171838859	0.203695743870122	0.39966732358528	-0.0106797475476219	0.464620980489798	0.502772928989506	0.1101541892373	0.555287119440413	0.0808755475458796	0.451539861348247	0.170785356952668	0.418361241066134	-0.111042406111145	0.0736525376259629	0.43568780544488	0.221357781510682	0.563883294450393	0.0318316076425132	0.0885174060897067	0.0807433716886988	0.398205934105139	0.356576345480578	0.180359136066562	0.0681344330675205	0.318740711986402	0.403839838921807	0.127792603696223	0.467839717643881	0.290844777609548	0.321784078357542	0.126774073736677	-0.0241741006382695	0.00263853431057618	0.0581249127670622	0.466395896235303	0.417467123985016	0.496037087134558	-0.0409948710425927	0.468004697942104	0.395945185850527	0.0420489081955096	0.158320676593913	0.600448873600912	0.000190854295393947	-0.0512373130481727	0.196703689763122	0.310449054975117	-0.0654797009652518	-0.150450104641871	0.337779215082408	0.095274490083483	0.161071327757786	0.0455560268392365	-0.00821281933913416	0.14149347768296	-0.190428863830904	0.223477873352925	0.179822139907773	0.124102648016723	0.505708050013146	-0.335420603963794	0.101392112951975	0.51658262575841	0.349641760895521	0.14397056473402
0.426153210983175	0.692391503970304	0.48550627300217	0.636662543507188	-0.201153413651638	0.0893157154895317	0.619336859125493	0.504832724262197	0.570159218621512	0.616585896119249	0.409188398377477	0.557032928714147	0.601718624318773	0.490392283526532	0.439447006930557	0.545767999102688	0.520194773707956	0.311176383493953	0.473803362404472	0.567086844123117	1	0.531190193603941	-0.155259063155674	0.31427103771769	0.64493642011794	-0.121224621066746	0.22533222767972	0.470510515609916	0.461000093470174	0.641817490730785	0.424502299265442	0.209196022065092	0.207532999490155	0.0519407114057872	0.47691715987643	0.310880927555635	0.0561238044151006	0.197661425643614	0.0150848181658261	0.445166762976647	0.527572985816207	0.197958915056337	0.701577010330188	-0.0586724288639398	0.254068974670081	0.153441227337471	0.378555376089037	-0.0773623199992915	0.115230431108013	0.573591246304963	0.123397451298874	0.561402928657863	0.248714368061181	0.0857943701086354	0.0994529956964903	0.561085687321496	0.22019215055784	0.236483891709584	0.188519273783303	0.460582427528164	0.45738624151799	0.158143245179403	0.587401661189861	0.530529180513603	0.392592109611595	0.330901227093563	-0.00182167694292341	0.108758407334575	0.180052171025027	0.414612913597686	0.519217589481625	0.567476444886914	0.140106406588268	0.41570574961163	0.358221462167997	0.0955000413180076	0.0475670350586081	0.615137383791161	0.13015448823298	-0.0263265188408279	0.441866500978982	0.531146296204424	-0.0638618468164436	-0.0515668950054642	0.0655948022420781	0.295409731174685	0.206238776058854	0.253262079867837	0.117418530495946	0.00211050633471987	-0.204251811052848	0.296956823655372	0.100081578063467	0.0569333703809059	0.579012249381072	-0.244228356177166	0.0913333654422778	0.473358530396644	0.468216008367602	0.253656800909937
0.528184534356162	0.537115105621004	0.324640892693392	0.482935942252108	-0.0705027572825817	0.30821654604845	0.57941880491699	0.253763710913814	0.228322380439075	0.58319797655557	0.254025520003935	0.386921774319551	0.419245548610382	0.481488745591968	0.312385149522405	0.410440096630264	0.378108640208794	0.0712785337986578	0.184503062607143	0.303436784258103	0.531190193603941	1	-0.112521263171028	0.0609184191868365	0.427207559856276	0.00128174193992591	0.137057493608126	0.48466008309262	0.471468390377994	0.37751959760523	0.287338321001846	0.241647926289182	0.189280186728048	0.114813847437614	0.513759615288688	0.0955736907772721	-0.0241593785308667	0.12652179501443	0.266194140160912	0.430924798291743	0.53035076287796	0.311075126788295	0.431432162701605	-0.0348666541049095	0.1808238591742	0.103795267706837	0.206109850505551	0.166422085768103	0.194515868014739	0.445926412883513	0.120584328352093	0.46778046301128	0.251292951374726	0.141158361143643	0.160542803768078	0.443902967576227	0.0931674247666007	0.27364614649698	-0.0314224919699911	0.142446789304681	0.414382073054244	0.158365186988634	0.582727108905276	0.474285426079949	0.187086332337921	0.160562215816612	-0.166319933235883	-0.113971630351183	-0.0688720040610668	0.173195636526904	0.308587763931782	0.481865025800514	0.0197444446926059	0.161392154818662	-0.018165570912322	0.0552999729498114	0.00727145745603253	0.554170307781652	-0.0682069985249035	-0.274377209612747	0.208865758557894	0.404648179994898	-0.180283879060647	-0.15856602999544	0.0326355896744588	0.0879675367268035	0.244682827291274	0.176768929761871	-0.0551071632631736	-0.136676712835985	0.0469439088002738	0.217862567196884	0.00453726161171848	0.0420262204334065	0.50238264499303	-0.125548730912107	0.0288570074907682	0.262459151102186	0.247893076910947	0.0158846425981273
