1	0.532832736741116	0.502445176217395	0.433425983860422	0.555819795544599	0.299673183113439	0.318382480552919	0.0784929083033382	0.310544352121106	0.414715063813411	0.132380506108081	0.223835604719469	0.116090979262308	0.645262670548813	0.564998444977503	0.243184018042687	0.124547491931646	0.156279207746328	0.310750333129354	0.102575750559238	0.406692821686321	0.301645902050035	0.130862270198406	0.160093289020338	0.216626287066863	-0.0569384677387597	-0.0981558097156852	0.167360484080056	0.277382170055634	0.37487794438123	0.252771102477915	0.211402797664072	0.169508161527019	-0.118679733169872	0.269120087733192	0.0642591289467255	0.302137034464839	-0.0904226160311016	0.372871564093844	0.186034790443776	0.399853046501084	0.473553146280775	0.439148770036571	0.00602091247336838	0.0620298193834532	0.144894518533898	0.304455780081436	0.173435999912271	0.286461883163043	0.520537031781288	0.481997486141617	0.311015218054361	0.396333311570653	0.425440616672537	0.278733279645727	0.413764128160008	0.0337065186502924	0.091105671276743	0.200398975259893	0.199090166327531	0.310883176746306	0.262347440035998	0.34101636524628	0.300463169648678	0.285487090805369	0.420008787412344	0.0633328388931303	0.205591597720636	0.132359246311975	0.205165504641535	0.331714971695803	0.23844484518957	0.0207716282672751	0.246069530989311	0.295546096834397	-0.264715429077557	-0.166370886240264	0.146264526628359	0.219163156978138	0.103895109336764	0.13990398322295	0.381163288218413	0.165970879141782	0.115836126580411	0.0619599212765143	-0.106191870287543	0.33039137748748	0.115154814373991	0.299206197155039	-0.00428839877032802	0.312914527584052	0.162365161509903	-0.136122888297229	0.0604034099521798	0.299228284471765	0.144661678599442	0.440461255442126	0.133125711333725	0.166305151535146	0.228511634564508
0.532832736741116	1	0.714230950760207	0.627446633116495	0.256853971350905	0.264500610006354	0.410059459563018	0.132221055273492	0.254814357607411	0.398044262685544	0.0901597831546698	0.274468218881202	0.293366830490894	0.433307501839351	0.508904504308345	0.547404252366631	0.128448519574294	0.143090692156941	0.314236556272094	0.14574615061608	0.191223034952693	0.0194096374776033	-0.0694672730132674	0.253470556318041	0.172677189299118	-0.176900114891411	0.000383234913699673	0.396224416803075	0.0272443533436735	0.324570865944297	0.457090677573926	0.213109276334311	0.275425145205203	-0.0723873832078598	0.528928768344007	0.430276519790226	0.313474885537478	-0.126100423337907	0.544863926671742	0.33174162754737	0.267936476687163	0.526648575419669	0.454278078858243	0.0631072791733301	0.0719287665151	0.00986480306860395	0.205135234302822	0.294450051916235	0.193243879324113	0.500181391399391	0.460970194359474	0.70184543709239	0.52717830783008	0.494966045268887	0.303229886976807	0.486464032082373	0.114869807462058	0.392984408719097	0.183216866089324	0.18564252989588	0.175487479699053	0.234143277359907	0.194550488185499	0.120733018578307	0.535683432149024	0.511334256350447	0.441727542616348	0.230856175886182	0.288150058852143	0.237101934080284	0.23873075474949	0.0412851653498326	0.062495293767555	0.20974160459538	0.26489423954746	0.192046272769205	-0.149922214722276	0.261438763467797	0.119548881744763	0.393660888048326	0.330450436287243	0.270423069282153	0.209249672760559	0.473760696328066	0.377386250502765	0.322849838045332	0.347070571894035	0.480055995613002	0.502094094805746	0.334155511397749	0.464660629852995	0.323529085588022	0.0623298575812888	-0.0469421580358202	0.184140205144361	0.262339371708956	0.36350900270374	0.0427221609909847	0.152177087827276	0.451468535006901
0.502445176217395	0.714230950760207	1	0.722439838136459	0.412504087122921	0.494168802521072	0.611089720049187	0.154194685491634	0.412541593121913	0.531198141992793	0.197411170628276	0.259691079473106	0.161301976927161	0.449459702182144	0.593507528244591	0.534444068639267	0.125052959516141	0.12766874848103	0.457331530879945	0.230724225418007	0.241950826587196	0.254286919064824	0.0813589874414595	0.177856383538873	0.319063383338823	0.00460710645124748	-0.00968678270275514	0.504064208695545	0.264768494496242	0.378740875611217	0.421053126664131	0.273858891090404	0.202999173186842	0.128676674454262	0.561335158230961	0.397707291324316	0.276719076792454	-0.0358574501376681	0.525395244100873	0.491877633272806	0.480002410083388	0.548166919859338	0.390795040047235	0.225091522178306	0.188916964615889	0.257928725799806	0.37728078671318	0.459357975762411	0.35103362848437	0.578817136243546	0.585640038350629	0.767100471661654	0.643427494635351	0.71689290292273	0.542268543435222	0.705894562128323	0.0876654883342337	0.407236732434275	0.193741280843939	0.29857825751253	0.485030575437754	0.455369952466027	0.546130186658991	0.236596765372733	0.597582069416502	0.654505024282507	0.444335080985695	0.2216617357334	0.363490733831125	0.239809909597845	0.39826942703446	0.375274583846313	-0.0344011311735953	0.25856836422698	0.26674221789456	0.0340580690554932	-0.126890941547832	0.367071370772272	0.280321743593022	0.277548467807742	0.357806452512086	0.331768724976876	0.273884146475891	0.33788828404837	0.324264533073095	0.247853672226008	0.317626430415788	0.474317713514655	0.424790119504851	0.238115128218472	0.500200511180742	0.41314821743018	0.183132456073444	0.232355338115706	0.405800813793798	0.506292043311464	0.528498474036338	0.210292611090376	0.367159548245334	0.555823785691447
0.433425983860422	0.627446633116495	0.722439838136459	1	0.392024797425976	0.720546132899479	0.830305363389909	0.478659568874609	0.613039370385425	0.641951921009896	0.305346661305802	0.469635452009434	0.419147588933571	0.292072923694253	0.679927907459383	0.693780118085464	0.387697130617513	0.422362224525493	0.594123141652379	0.418775738334194	0.498021226234321	0.2919985596167	0.111725402142862	0.432524316533144	0.529474546768397	-0.0116252350914027	0.0363374945578603	0.479771021120274	0.00902999431879209	0.126394353231525	0.586045116553825	0.239592641620371	0.36665191471071	0.00913901011367319	0.72341930067089	0.443589613603421	0.427728743507823	0.0793784161635716	0.607126071670931	0.313153339252232	0.306913982800312	0.491954178568071	0.555612170460872	0.107328605049262	0.176450299106666	0.292151800052423	0.459066876860723	0.553418237461243	0.215168301814035	0.696916121029905	0.481476657873509	0.527610031551229	0.659010652133526	0.807464948642383	0.670032118694584	0.818930079764964	0.423867804131277	0.59535911510007	0.527347439702992	0.533212209826536	0.401526656430779	0.439351890116861	0.5411841574785	0.473151583243724	0.427378342761054	0.595124507567729	0.366902589691075	0.443657526079099	0.553451287567303	0.577722884269984	0.588133056671127	0.455841007625853	0.185857410302206	0.434438673958777	0.432938377580034	0.197558937585566	-0.0977957736456069	0.381004071263937	0.0570236347774569	0.373039012524899	0.536228825440079	0.549268173424819	0.0894550657349689	0.332209771551437	0.570373277225012	0.305522666868948	0.40736609921507	0.557696038504488	0.361051525482416	0.384124096181381	0.620337895020586	0.350508704898707	0.123957969955189	0.297760414769071	0.529357906973054	0.559005762572108	0.305044373009277	0.0952340174211653	0.234870529345121	0.472246734726132
0.555819795544599	0.256853971350905	0.412504087122921	0.392024797425976	1	0.622945927958341	0.414534838001883	0.126981825874105	0.335295743342888	0.383497750147639	0.129972700816971	0.117267963845335	-0.0516125186454796	0.537294443651167	0.492813264358844	0.179066103878022	0.0821279954322783	0.178801312107588	0.383069865619954	0.178135060499989	0.345956389248478	0.427432632534767	0.173596104978454	0.112120053933704	0.284186707740129	0.0599583725814224	-0.0976160016927884	0.171359522253802	0.339490470372257	0.294930443474566	0.100205592184748	0.146393570631916	0.0532468822398005	0.172574235581019	0.224528357077829	0.195015932244755	0.0692264202679099	0.0898217729367448	0.207848773413539	0.280263255079798	0.38002677997612	0.418300544959308	0.24945152753836	0.0634723641888	0.065769902312697	0.257401416247722	0.338324732959471	0.361027464996285	0.512599859127854	0.375961157492115	0.412065010600207	0.205488673461213	0.340865074515478	0.514509225991718	0.513203277315441	0.541875619766299	-0.000929982166528705	0.0925522806179338	0.124368113263612	0.176363263605399	0.43564923526489	0.314979460498147	0.420598761331118	0.135545885647913	0.221965814332487	0.366371875247458	0.0778204350200198	0.0425508177744909	0.17903077253147	0.174185187190361	0.266259799900823	0.403917759217467	-0.114249803979102	0.226763575714879	0.13204855050664	-0.289260949426893	-0.145880721625112	0.269621415211132	0.276325378704782	-0.0679338396722769	0.00932206298022431	0.132095917681319	0.141100477026431	0.0385474413220651	-0.0513790899011854	-0.0948362526726428	0.089095956892151	0.151014916146138	0.0689565460712594	-0.0831528220950785	0.315746897701053	0.234249726637254	-0.100152562993167	0.314143023388849	0.352453744243948	0.428993537101025	0.315309671108623	0.307208351716033	0.235098157560742	0.147776450471696
0.299673183113439	0.264500610006354	0.494168802521072	0.720546132899479	0.622945927958341	1	0.826318058432343	0.458319356456845	0.60051852538742	0.571229099987168	0.310920655205337	0.369599618629427	0.261746875283064	0.230269399067144	0.565010895530247	0.417204118718573	0.34118924990848	0.44173100890082	0.556632516018916	0.417800684459875	0.40010329878689	0.41257276733704	0.146425599513778	0.469572195511884	0.505782676826	0.0769000142202164	0.115691253341877	0.519020054222902	0.209782305700412	0.0358157355379178	0.303120521156463	0.127909183740692	0.26099173718884	0.119228215654829	0.586628681008412	0.355202451197351	0.333567877917474	0.211228755639282	0.493111586890508	0.417829356350008	0.32701810393196	0.42102661709319	0.323689947764902	0.0815526301592739	0.187106053769726	0.365209411986129	0.388433963658229	0.698769292621378	0.38724944818895	0.456572616996348	0.395039682547044	0.266950902502526	0.45140066256275	0.79647639037011	0.742617294224673	0.759811017324075	0.35076666357102	0.397422465677797	0.400628949200012	0.464579264218594	0.390505084724894	0.354102494451589	0.505232928710551	0.423745734871805	0.197830271571522	0.366842161421736	0.106248535040124	0.307405235239646	0.384548441353353	0.456997333990714	0.44173665298595	0.498488935798897	0.171008285004022	0.449866033720738	0.231830047074592	0.0515471033387359	0.0109619745493752	0.503307624523727	0.115874571538067	0.0844935621726756	0.293796994108353	0.382382654514503	0.0099820315258742	0.107730242691821	0.340045562920818	0.111738123228415	0.292118339128277	0.354417119493822	0.077802293645719	0.167389550973473	0.544613501117389	0.473986477247384	0.068495766869139	0.468097509078835	0.417635679468033	0.741676910954959	0.190894834314756	0.188754765122529	0.140062819241366	0.201330158211499
0.318382480552919	0.410059459563018	0.611089720049187	0.830305363389909	0.414534838001883	0.826318058432343	1	0.437586817963833	0.591143955448146	0.645678683097708	0.348400590641284	0.508937137760075	0.359212001409213	0.124823680276841	0.563517289134236	0.458243601978107	0.331021167270008	0.370586680189078	0.528338436544027	0.395045285619268	0.424136600289154	0.301776633706459	0.131745910750355	0.428252888825504	0.512784968476391	0.0524765300053856	0.0989861065154152	0.515728389762962	0.0950848631790387	0.0299715882523552	0.333934024899546	0.147488366913489	0.277435192292796	0.150879042950397	0.77965280204897	0.35783336234136	0.414272606243309	0.0883483563968879	0.645457499857551	0.423935333947048	0.340754329991931	0.424803707619979	0.412258238025674	0.144621217244162	0.140788677104024	0.336912185618826	0.439977621980066	0.71963879584643	0.279192544584544	0.591132315135879	0.475122698337784	0.443659519552673	0.558509978982869	0.810031155770457	0.736368694891996	0.861499543753442	0.387972601229521	0.442686778533422	0.443563636519045	0.508021970166723	0.386920852199555	0.483637368055178	0.558653008626324	0.473191443265124	0.258802298466209	0.398984956490373	0.17443515952371	0.295971876134479	0.390414388308661	0.533809257688357	0.502490269234578	0.485577712700863	0.135757093250792	0.395649060392508	0.2189787490877	0.154130069891525	-0.0147257909998074	0.512682904494099	0.0615079194536057	0.173919105570317	0.401307304745867	0.507335529557424	-0.0113045243799006	0.236273541195959	0.413739934170976	0.317715207641496	0.413743448625173	0.497146599086583	0.191116957057555	0.218513581463159	0.674574694597171	0.507245286288368	0.156331757376555	0.318648623350107	0.418444035216582	0.717224218599057	0.284609306032129	0.0656991088830585	0.181406497275539	0.312454894363456
0.0784929083033381	0.132221055273492	0.154194685491634	0.478659568874609	0.126981825874105	0.458319356456845	0.437586817963833	1	0.658686942005209	0.395688298517937	0.158340221825549	0.261684198757699	0.348343983153264	0.0707514874565957	0.308422773690781	0.467759643311738	0.734344153686476	0.823557911932934	0.587793569270069	0.874007235379727	0.3947981608124	0.200874969441279	0.0538943706717105	0.328261646032333	0.767676297633151	0.145486038859101	0.304718803648922	0.164628769062328	-0.0982314870314173	-0.0488700051201285	0.401394212535264	0.160813811449871	0.348726499406618	0.0831739771025214	0.369298159590351	0.34494426900301	0.278021117051118	0.5038347175362	0.171015758484353	0.0710937848627558	0.213973151788278	0.0948764096429213	0.09276868525674	0.160523540403089	0.386876427327036	0.228661853408937	0.320827427294075	0.330726851439493	-0.0692268324723388	0.23803254494199	0.0929247553852899	0.0547014933903092	0.335608418125181	0.402001513024607	0.429973659092122	0.394419801940529	0.498845913673808	0.527391808223298	0.64576327978063	0.661470810523798	0.25322464662017	0.12173742473109	0.324158425538073	0.395434018651013	0.107864947878052	0.219016643594257	0.145997413784961	0.302619712953155	0.58554765596928	0.767943705162918	0.402545028463369	0.215036383644874	0.333397880506535	0.760472444630637	0.168442576120773	0.276871021667672	0.29564234100573	0.312327763568011	-0.0414518144350197	0.130324898191553	0.295287963807592	0.185576211510288	0.0890463697187719	0.0462664185149922	0.553991640336226	0.042690073653257	0.16849935637689	0.284134913783753	0.160828934664219	0.410776297371094	0.312958259588236	0.203237870098645	0.175334020905496	0.333958668339577	0.244694123400303	0.369290005769113	0.0940989867671374	0.243519564870982	0.128353277917154	0.019747926910542
0.310544352121106	0.254814357607411	0.412541593121913	0.613039370385425	0.335295743342888	0.600518525387421	0.591143955448146	0.658686942005209	1	0.671191063580249	0.2707737697581	0.382415725175653	0.270538308960123	0.323009810268592	0.575634852944653	0.483975208527268	0.469951074482396	0.596505546517701	0.741165916435399	0.716913997840912	0.592057991713206	0.516447570698502	0.300953605889529	0.560271611701554	0.858233827476243	0.324332684445079	0.402907096856103	0.391620109344284	0.186259113422426	0.198001099195928	0.390783184854035	0.301259589362001	0.372490090769673	0.211125628851681	0.44902615264613	0.476360956498265	0.441494727702628	0.470327056882639	0.312668684631373	0.277053713968149	0.529581346032142	0.501288840725233	0.341777015066023	0.336111656444063	0.476923949993069	0.433128739160593	0.484224330702568	0.438778276324495	0.302112085429935	0.596325271520559	0.340921652450344	0.297285482992499	0.560310893772726	0.527254315720409	0.604908066465856	0.625336369327233	0.46119834446079	0.628133411452532	0.704323052997178	0.916129891098484	0.548734858806894	0.452354247049538	0.622389009771713	0.433013446132243	0.326810893114021	0.488743564765391	0.25438279719559	0.400952989530441	0.614523117644896	0.71822045957799	0.629368012880688	0.540103173917208	0.400352938124201	0.757306610579613	0.392544717982078	0.245758812178216	0.265588945242082	0.497568556826916	0.16957845924925	0.26314073353032	0.301852573034307	0.355418107973918	0.167673514502811	0.17240425093684	0.472302930508211	0.172743442319918	0.400803383347563	0.396546286267209	0.305089559628487	0.438380389404771	0.393291008978804	0.297888136617891	0.315085867125503	0.497702500048127	0.529292699112257	0.501755228430501	0.349073630289953	0.357393863128773	0.299793856959973	0.271576589834615
0.414715063813411	0.398044262685545	0.531198141992793	0.641951921009896	0.383497750147639	0.571229099987168	0.645678683097708	0.395688298517937	0.67119106358025	1	0.514246287772594	0.620061835418534	0.354369512627046	0.361029209470979	0.601490346816471	0.348208245396858	0.373389331342479	0.328673955927506	0.685895695814442	0.45242557232744	0.546936395734722	0.600147338405087	0.374902781113998	0.475263709525083	0.646685902773823	0.260573077682965	0.174001373596775	0.456820076426523	0.31481256744338	0.208929571790089	0.245130500544768	0.200768326153086	0.312930466580147	0.231052236957118	0.488928812079948	0.234847172974072	0.459134171017705	0.217778340757366	0.500983618548266	0.38710200190003	0.654022813616564	0.705163343533254	0.267450311506825	0.306339543799032	0.206722957519468	0.516788205073369	0.439655568542846	0.480024438232856	0.40039839233986	0.756420459085903	0.581498382210625	0.473154676233722	0.571908429573614	0.598457404172162	0.673028754800906	0.683135178431758	0.33030883431846	0.407456759392351	0.357080044950486	0.593970922554545	0.631070459673685	0.724563540614593	0.783212140178034	0.411621960544494	0.369573123764746	0.47603814193273	0.0586642944791036	0.250824705001066	0.406759713440375	0.502201226659697	0.684556227603079	0.623335007828324	0.210556937446545	0.430645541080666	0.182245431892758	0.00950119917621162	-0.0035854915445956	0.456336789866534	0.253830395634409	0.110798821974477	0.319706437102367	0.466985475772873	0.15995911786213	0.0566601024210603	0.341127521189547	0.270912316290096	0.425271318742824	0.345119956544562	0.275126286633072	0.190235633974106	0.51782711112341	0.377149702123718	0.261880149519794	0.402788503446788	0.519855215017257	0.561009526848447	0.492236333557543	0.305047223738878	0.231689883535931	0.314234304976873
0.132380506108081	0.0901597831546698	0.197411170628276	0.305346661305802	0.129972700816971	0.310920655205337	0.348400590641284	0.158340221825549	0.2707737697581	0.514246287772593	1	0.765549548558914	0.537020621778472	-0.116807772121906	0.227013706382165	0.0750623985233871	0.282845843600727	0.0787008571651517	0.248343919922838	0.0774904317334	0.331962678463435	0.168427538939535	0.347784597705095	0.218497115996875	0.219781143299047	-0.00120073221064808	-0.0179874241803509	0.304571719218784	-0.0293067787173765	-0.295942801190258	0.0734419997757867	0.175572029354212	0.231418896810982	-0.0409738129309755	0.310610450272371	-0.038584902151217	0.301277097923195	-0.0330245655350377	0.339417135274061	-0.0286587864213234	0.0505646923142394	0.140909610584906	0.258777726985802	0.00594080360548941	-0.146697539876323	0.269737237031335	0.232829114172616	0.183832144422727	0.187451262616607	0.416406773987997	0.271845119306287	0.0837168073991614	0.0931512498158012	0.412674370011712	0.303570223188475	0.262656729862879	0.0748151219327345	0.119666643539444	0.201977271454536	0.1696706130126	0.0766265024651735	0.302218438464657	0.247723591837677	0.192827023293619	-0.00357340929945471	0.0225407427104944	-0.228936926322691	0.0743376816964216	-0.0180572510606357	0.211721159489917	0.301149610188005	0.0955000914219408	0.0780418874041158	0.142998257272364	-0.0181705735582342	0.112280405103348	-0.115929844478762	0.00115534491018161	-0.181561942606523	-0.0103479097615166	0.293185684858259	0.448203267280531	-0.344800382734301	-0.0629980195919137	0.268198316604203	0.194829411736065	0.225798707659252	-0.0187761246667031	0.141254287496645	0.0779686436903569	0.20952588624071	-0.00426658248752815	0.0346613592736134	-0.116065115756307	0.150062030425502	0.198879527099155	0.0266610114719641	-0.273090825844373	-0.231365645739289	0.127857389164606
0.223835604719469	0.274468218881202	0.259691079473106	0.469635452009434	0.117267963845335	0.369599618629427	0.508937137760074	0.261684198757699	0.382415725175653	0.620061835418533	0.765549548558914	1	0.729582687771488	-0.0496118449889735	0.313021327631073	0.258741517270344	0.394478136406999	0.152221913804191	0.319617900968575	0.176645466990716	0.571314268886166	0.191006304809937	0.379047340438979	0.34925881816465	0.304361123082189	-0.0421858167941167	-0.0179010219005804	0.347115262901987	-0.118721444869398	-0.250669456398351	0.26198370269628	0.260504979432517	0.470153753391473	-0.157691927428374	0.521556538794526	0.0834907266997106	0.423582772203739	-0.0169972130156806	0.471397961531006	-0.0350290957484687	0.129856203622582	0.236504349935314	0.459940202097511	-0.0197617034432263	-0.0988118930973866	0.328806806586198	0.418209511786778	0.183925375917886	0.182880935135673	0.570745171647421	0.306574357400649	0.190629500088075	0.249636927430995	0.469694919030731	0.318322753741195	0.359821430759081	0.301445782289228	0.282979456355039	0.31617533474957	0.294183750900157	0.0940223090595225	0.401077831163017	0.296200737250596	0.382759669425385	-0.0219165119041576	0.0750627836887381	-0.149380715934438	0.279645477793906	0.138414665703341	0.416744491520386	0.457890733347923	0.177164546102315	0.100036729528254	0.199798575362146	0.187499670791337	0.255037231932327	-0.126498804168643	0.0189946680640369	-0.275627872965757	0.18635928834601	0.466822889284217	0.652642375453194	-0.391753758040614	0.122372767649764	0.453574602854537	0.356165985737542	0.35127154405557	0.152321453396283	0.334086884363539	0.216806337511545	0.35526713879958	-0.0169197096987825	0.0277886435125242	-0.101314562676693	0.287569113436574	0.184209802366087	0.022361246373608	-0.300094226216519	-0.225700476915916	0.309057904841519
0.116090979262308	0.293366830490894	0.161301976927161	0.419147588933571	-0.0516125186454796	0.261746875283064	0.359212001409213	0.348343983153264	0.270538308960123	0.354369512627046	0.537020621778472	0.729582687771488	1	-0.100370431544629	0.204841668088414	0.330522193682834	0.513972911215125	0.263141264050107	0.191821405036822	0.229684458397668	0.411314856090627	-0.0990762967858019	0.130131754899608	0.291976636234323	0.244220058271058	-0.063492856913798	0.0830159036692255	0.207479816613812	-0.342199118207964	-0.384039777685649	0.344710800242343	0.275587430437016	0.581269945429557	-0.354671691372173	0.478520196166434	0.153529508790501	0.301720671946285	0.0951710643271456	0.386581893109187	-0.187799924665096	-0.0569108391222659	0.0544596558243477	0.351244972245609	-0.178196696238815	-0.0306032624087644	0.0529696791122437	0.218779945170406	0.133787676793936	-0.0503558994378454	0.392210862111904	0.157929746892002	0.132525565981993	0.13822481202018	0.364704368595063	0.184738491262216	0.215113728892701	0.223478737329626	0.234571080410927	0.289004837315509	0.230180513667776	-0.102880141688067	0.167332719006882	0.0968019751232465	0.332529475112762	-0.0631204068960313	0.023694022979759	-0.0301376468988279	0.257316419929585	0.142403025709655	0.378909346212669	0.315950424641979	-0.0291573033524666	0.151369121174274	0.235678366826092	0.136510561212198	0.412435289657277	0.0760220202840652	-0.13602124532356	-0.433845974120725	0.215069929431879	0.541852282773793	0.680776356529523	-0.462638123052718	0.168044225157719	0.574142310666285	0.305720101841829	0.229518582360621	0.132580477408816	0.325244510124535	0.300292884813282	0.236870573571379	-0.11910200764311	-0.00452460877778517	-0.221404319904162	0.103139376611497	0.0912376781165407	-0.115403395225086	-0.383951826477169	-0.271792072699274	0.316133074031049
0.645262670548813	0.433307501839351	0.449459702182144	0.292072923694253	0.537294443651167	0.230269399067144	0.124823680276841	0.0707514874565957	0.323009810268592	0.361029209470979	-0.116807772121906	-0.0496118449889735	-0.100370431544629	1	0.607309892994265	0.237895105516396	0.133444588819604	0.186587653952306	0.419677266877318	0.184743680049205	0.328733815269839	0.410070611442631	0.175511135813091	0.167470839586707	0.27295191251026	0.179874645970048	0.00909368705424387	0.270385734799393	0.52905012978303	0.725062402260566	0.196537699903013	0.289312930214082	0.0750102624352482	0.204400408249408	0.0870649515947754	0.268031451934424	0.155200881139234	0.124371108522762	0.29997282692961	0.437173742920196	0.602377789050811	0.481004992604131	0.265574953508716	0.143265245939564	0.231651278013921	0.141549872796643	0.291878774278191	0.232589492494285	0.452744599697998	0.391423177910545	0.444447145712434	0.342175161944816	0.484889245146315	0.221520619276775	0.311968732504814	0.315126395236547	-0.0785668712005631	0.0891309600696859	0.136492620960489	0.246118899207307	0.513239449624512	0.307366689709413	0.333380771906734	0.0825778606211526	0.412075374452749	0.45613718661186	0.199342022571223	0.0720990451878578	0.207713803768927	0.169606108460664	0.223409390986831	0.370617364168389	-0.0286364860943244	0.192614727656699	0.177011147514636	-0.33226620114355	-0.0944549795034521	0.332427699764328	0.478975013548075	0.0170951524466661	-0.00989021536976678	0.0518410055804361	0.532464780966627	0.0814784904129849	-0.0728627836971148	-0.111399769085462	0.167286251597168	0.161757389445865	0.269366729905814	-0.0455865897505561	0.318402803747036	0.250665925651042	-0.0592094912680595	0.255303538135818	0.294880160528244	0.278521015360454	0.5365450742873	0.530273258242658	0.478458647549018	0.257407373913194
0.564998444977503	0.508904504308345	0.593507528244591	0.679927907459383	0.492813264358844	0.565010895530247	0.563517289134236	0.308422773690781	0.575634852944653	0.601490346816471	0.227013706382165	0.313021327631073	0.204841668088414	0.607309892994265	1	0.497835034193073	0.338497571889094	0.354681688646096	0.599191515880108	0.335944979884012	0.551711276083227	0.449556950326986	0.137632848215346	0.470625120398994	0.454982257879782	0.244137845332857	0.0891133085022894	0.420475721701956	0.244541180538414	0.382036188598417	0.444756225971224	0.29963849028552	0.208426854880297	0.182682832384813	0.482851406294805	0.494661034188732	0.336482055728513	0.232476253030984	0.574677204403931	0.4542266625908	0.532796894502566	0.482243002975578	0.595967839269464	0.234207031200433	0.36398793756065	0.242628427788585	0.473777266775518	0.450787118522651	0.299534286964234	0.590326034358994	0.505830240557853	0.490990164180741	0.605050883555047	0.590343571272937	0.622776671985998	0.633216399183425	0.24918196248362	0.445399308648862	0.423524453993407	0.464551610173964	0.504285677663107	0.466208591356576	0.516148142163593	0.360216049924546	0.372355888573339	0.596002219913555	0.278323566728038	0.372688692545202	0.42631604436198	0.419119422642106	0.434806252765754	0.42475690885057	0.176734117349078	0.342647800505155	0.37581464682179	-0.00960112329201688	-0.0567228927172316	0.459439997376368	0.207830056021903	0.304006989241021	0.282767334660596	0.348458467473636	0.250131114437407	0.304067097820656	0.328831246705286	0.128739360055348	0.333972309680846	0.457208822054143	0.401350904243928	0.269300180775406	0.57646720237301	0.416842214385431	0.126689611034202	0.314349346379207	0.440752263716693	0.539748063614501	0.39249282949957	0.318569421234206	0.372138610862955	0.382922039218741
0.243184018042687	0.547404252366631	0.534444068639267	0.693780118085464	0.179066103878022	0.417204118718573	0.458243601978107	0.467759643311738	0.483975208527268	0.348208245396858	0.0750623985233871	0.258741517270344	0.330522193682834	0.237895105516396	0.497835034193073	1	0.500013845593558	0.514853364421456	0.516257547944655	0.455641363224491	0.435265251240041	0.126667633119701	-0.0147579800668566	0.420330779869583	0.445937804150988	0.129459215148376	0.0875877502113675	0.314225805413791	-0.126117573979585	0.163463145298866	0.90215387415775	0.52324785506167	0.564104008210898	-0.0611595460967608	0.655101827314307	0.728567900164154	0.317879965063073	0.301899695844877	0.460016271407688	0.159821535112659	0.226978124312964	0.351778888123651	0.604902190789438	0.154260907325435	0.350790553703866	0.119092878972775	0.499617036194331	0.299088299415717	0.0590314247001102	0.449340534776505	0.245332297167813	0.416518327591855	0.473436686227132	0.476847411301127	0.438670309590405	0.485382421451368	0.509140115519615	0.784124692511693	0.507242107060487	0.433770948082649	0.193358430657197	0.169261553967101	0.258784381926771	0.401245835683058	0.537190753147883	0.594076348582701	0.660861447855675	0.672424064966839	0.712891294124275	0.528531466490899	0.419886690224073	0.190082917438865	0.267357712167314	0.463774431748402	0.630855221368755	0.517112962402069	-0.00605312637885868	0.263499832782066	-0.0269185130869475	0.672114197484624	0.736104506232457	0.362822813926226	0.203907395611458	0.55440130154452	0.745724916341484	0.460548715568114	0.31221735906365	0.679816363181569	0.577909949499898	0.700276618821034	0.509500687599979	0.222578070619325	0.283858760192428	0.254115896104662	0.54932695614499	0.288163673304525	0.210989387471282	0.105638477651595	0.250003627911355	0.534114749788334
0.124547491931646	0.128448519574294	0.125052959516141	0.387697130617513	0.0821279954322783	0.34118924990848	0.331021167270008	0.734344153686476	0.469951074482396	0.373389331342479	0.282845843600727	0.394478136406999	0.513972911215125	0.133444588819604	0.338497571889094	0.500013845593558	1	0.778541157000846	0.502858406803022	0.668461815230908	0.614337703744623	0.201788768424113	0.139487055342113	0.343555223969863	0.540877333519905	0.252168288424585	0.300887607262953	0.0779314928155425	-0.0734665701724276	-0.0437279471934729	0.581176264733304	0.422091734157364	0.504600079560865	0.0146634055227254	0.34032145356544	0.34375345699968	0.266981025323983	0.449083516003037	0.209534205480153	0.0453403150208963	0.247460449722053	0.0794461348094995	0.274877221741636	0.218971313615539	0.392739668909999	0.177823971302078	0.38167323669713	0.159183550615698	-0.0113167655894093	0.218287984141752	0.124112560007195	0.0607723099690146	0.277101380764662	0.321798327080727	0.352283807640234	0.333711294260011	0.423007730628504	0.463840834755784	0.452620984792594	0.423551858553713	0.227131859406264	0.217401556431978	0.268714141564325	0.468251351791785	0.116068779596132	0.24560604479641	0.137820219498267	0.446215183325664	0.443098989071857	0.560453470925509	0.372359540357945	0.259790384578412	0.303712804593681	0.55996285296139	0.265532312562647	0.300612890612818	0.301270986471942	0.222080948907235	0.0123486995265746	0.224051118145005	0.442482443417697	0.350169279161443	0.0597421330655781	0.0885742720105659	0.546197560745544	0.109236253800067	0.164361798413065	0.295020002902506	0.374996566355669	0.356200978272088	0.291658352356111	0.113450488495254	0.281994093939518	0.239210896109946	0.322468327605604	0.250392226450657	0.0471478127678308	0.184763305134076	0.0869675367550562	0.129340739105398
0.156279207746328	0.143090692156941	0.12766874848103	0.422362224525493	0.178801312107588	0.44173100890082	0.370586680189078	0.823557911932934	0.596505546517701	0.328673955927506	0.0787008571651517	0.152221913804191	0.263141264050107	0.186587653952306	0.354681688646096	0.514853364421456	0.778541157000846	1	0.587414659534289	0.723775256852765	0.501068029701299	0.261297437224986	0.0521577924234557	0.47742977058276	0.608714478266576	0.222588127965904	0.333117763709983	0.129270626705129	-0.0093881389315457	-0.039120037855184	0.55498451708721	0.23810588483674	0.339707780577353	0.111270752748354	0.314696865081075	0.404157319998243	0.295319478505533	0.524914874820296	0.155039265244977	0.107881449301659	0.218255788234437	0.112069033569517	0.190550767433104	0.197569201439347	0.430238773132946	0.140677356178897	0.287505111239663	0.283060728170904	-0.0932980868128161	0.137830034942909	0.0757878502064532	0.0224444308556444	0.282417276884518	0.333621054025871	0.468661849945829	0.402724369043812	0.474635940181389	0.52488696255561	0.630077456597413	0.574745826730245	0.242916878081488	0.0973258697119808	0.283384074290957	0.455438273019732	0.135805292100837	0.232815471023987	0.218186937435256	0.454860669218332	0.538210864667107	0.634717780835864	0.338821967156993	0.247645776949705	0.500775525415282	0.681496454330852	0.309579139037763	0.29495636056479	0.330711458635229	0.368946949988711	0.109101793895242	0.229740587646064	0.333851713513049	0.186915273756252	0.209358460555013	0.105582653626268	0.500063265053672	0.071729187338136	0.25445408999567	0.334315185781809	0.234787474177798	0.413441386242182	0.351685469701742	0.208380518170064	0.23034416974882	0.391672415790807	0.33224216364726	0.384085349664429	0.0273140357870112	0.337478641058146	0.162044095484877	0.0195545340554139
0.310750333129353	0.314236556272094	0.457331530879945	0.594123141652379	0.383069865619954	0.556632516018916	0.528338436544027	0.587793569270069	0.741165916435399	0.685895695814442	0.248343919922838	0.319617900968575	0.191821405036822	0.419677266877318	0.599191515880108	0.516257547944655	0.502858406803022	0.587414659534289	1	0.582995630565309	0.493957916258849	0.486893589246957	0.228077080021502	0.407158851246095	0.705867397516354	0.395444830562356	0.281621061695254	0.379648619087371	0.225348596787569	0.247432420994292	0.359148951732469	0.231446080120078	0.281707555094354	0.221961405190844	0.374920755326287	0.466086246423622	0.223165522536492	0.366044329678576	0.318559772830526	0.356943429595665	0.571959210222048	0.496740618020617	0.250999380301493	0.294935112974366	0.349865484600123	0.398041017449409	0.372993763080881	0.496918088703181	0.279733538984158	0.49559036400602	0.415088841376806	0.352824677933554	0.617398321695612	0.515842850575271	0.597336652758819	0.577375382928562	0.385355530110449	0.540035765347853	0.578261169938394	0.638187696923866	0.477508628508563	0.459180885463354	0.582287946538261	0.393156634659436	0.453315641851184	0.466420012387325	0.233565021088497	0.341012949076755	0.647372647474616	0.607577775143315	0.583894368933059	0.496379310296162	0.186486497264458	0.564930342371647	0.245684970810122	0.0803260003738359	0.12860945489456	0.480599188869046	0.169582203308727	0.133359085095633	0.27222785724336	0.253209175016019	0.223646028549637	0.0636151847851444	0.423931652140061	0.174054381834667	0.209838588108538	0.289899264155638	0.18289575367828	0.274164973391451	0.452600752753557	0.386095279577436	0.162972867473766	0.383490223509712	0.466295050945663	0.521029608636718	0.424903958482541	0.362603968128004	0.181082278423984	0.195702941588698
0.102575750559238	0.14574615061608	0.230724225418007	0.418775738334194	0.178135060499989	0.417800684459875	0.395045285619268	0.874007235379727	0.716913997840912	0.452425572327439	0.0774904317334	0.176645466990716	0.229684458397668	0.184743680049205	0.335944979884012	0.455641363224491	0.668461815230908	0.723775256852765	0.582995630565309	1	0.444558102873069	0.329898667380785	0.144212835038628	0.334863304633302	0.864651255978696	0.261590267037848	0.425140502943053	0.184169247397614	0.104219223306833	0.153318791120838	0.378880210988433	0.210697287855357	0.374872275121488	0.256798403774106	0.303311890561683	0.393990637648892	0.321951280734862	0.60368356189322	0.135204295683557	0.253542034790852	0.42611712966845	0.207629526033404	0.0258855619397794	0.368793013034803	0.535010292789959	0.271388742051276	0.336154057493914	0.331028757049964	0.0811909275197017	0.244520286131974	0.191714761861122	0.18419716571348	0.42415315779177	0.318789306729255	0.42650792871867	0.437658787952789	0.496364067304627	0.583078848553334	0.553915592381297	0.74817204161666	0.448196347680646	0.232920448957827	0.458906900671643	0.364190146099915	0.263359082906378	0.387051606778381	0.266592819134135	0.303275928937388	0.637727804246392	0.717069867018246	0.483474222959391	0.340867531042937	0.355372673926692	0.793718527562881	0.200819716872208	0.205801960789347	0.387655726134784	0.457848610987699	0.201860873595048	0.146493219417371	0.237615169900106	0.108438156842502	0.292518260794073	0.0641769267136953	0.476893594340435	0.00773350226956581	0.21571675051587	0.365027719394689	0.214617247683204	0.392426292502003	0.298636345447948	0.30770799718775	0.360750242960589	0.455605150588802	0.355899141664472	0.418865825843139	0.283047010445337	0.452860295068599	0.30926003978397	0.0869397390297965
0.406692821686321	0.191223034952693	0.241950826587196	0.498021226234321	0.345956389248478	0.40010329878689	0.424136600289154	0.3947981608124	0.592057991713206	0.546936395734722	0.331962678463435	0.571314268886166	0.411314856090627	0.328733815269839	0.551711276083227	0.435265251240041	0.614337703744623	0.501068029701299	0.493957916258849	0.444558102873069	1	0.416193075170907	0.357279226237786	0.418054722793747	0.508489440408481	0.250861647959753	0.111558111013566	0.125546770273059	0.0762156251882633	0.110771590104113	0.514600853287445	0.493037433502121	0.48009509245835	-0.0156134604211574	0.354475357703028	0.279629129271641	0.386621384885391	0.349558927212099	0.323012911016773	0.0483205551036192	0.382913937295818	0.31712465940481	0.608779381124764	0.196842725348836	0.3054099865336	0.320091514086176	0.574912970426619	0.122821707685739	0.205826540613718	0.588938337322078	0.246410502790986	0.13512849357185	0.400707769512262	0.396539098208515	0.414200531348784	0.483953453265359	0.350246558315581	0.443806565627666	0.453566701815855	0.512404599515154	0.377023489567437	0.429436560105014	0.435647012413778	0.518192923381094	0.123552770141097	0.32319102091057	0.0897365816519644	0.483790162420618	0.370647006888966	0.498101089006866	0.573856981717621	0.432878641631547	0.277187330040213	0.382948881061334	0.496091241150953	0.129528358531185	0.0651071874798188	0.21784347728336	0.0338030947517613	0.280065814783658	0.43489530896636	0.515192109418055	0.0119273055534346	0.160776314606269	0.415042241507774	0.114545181926402	0.345928234786985	0.268391820740521	0.373546623175467	0.247515443395639	0.367656357770168	0.0277486544994067	0.200847466220588	0.281785484157651	0.601340661304234	0.227660833089668	0.173693725155614	0.142224596703822	0.118084103824325	0.269120804700026
0.301645902050035	0.0194096374776033	0.254286919064824	0.2919985596167	0.427432632534767	0.41257276733704	0.301776633706459	0.200874969441279	0.516447570698502	0.600147338405087	0.168427538939535	0.191006304809937	-0.0990762967858019	0.410070611442631	0.449556950326986	0.126667633119701	0.201788768424113	0.261297437224986	0.486893589246956	0.329898667380785	0.416193075170907	1	0.582300389293082	0.327747153954275	0.507445183377868	0.450087170512907	0.3137885577785	0.293428032021263	0.64161008724898	0.369837073902533	0.115009013948536	0.239324261153253	0.107336798005396	0.471947687474854	0.134676181434797	0.140402343841335	0.2845984955484	0.316437886913726	0.0994112541663413	0.418970834063897	0.689746714353114	0.54362314661164	0.0909523396824546	0.427949117193212	0.281700184765384	0.626532838755974	0.452676429766787	0.21702417341133	0.497044486096518	0.412495189388738	0.434015252604587	0.231951786261994	0.459320007388451	0.283114306444431	0.460387355585729	0.442950844726263	0.262908347149454	0.17875253787303	0.132379665265305	0.45090191009387	0.714508727580415	0.581378602108541	0.658973146586219	0.342656650251144	0.249050702305422	0.418439995997764	0.0417690551527558	0.16447860393363	0.225340283944431	0.269445497405891	0.424401389451716	0.677889952615479	0.074820648455634	0.298564603896089	0.146054487504712	-0.228508113141914	0.137160814392713	0.502353723494597	0.56814905022772	-0.0802080868781993	0.0460846925266116	0.153535162410889	0.380592124775937	-0.155759936086438	0.000992346209917601	-0.0365974820275749	0.216382261034645	0.15833503344455	0.151914972917787	-0.0172225404473307	0.201508945722963	0.259741076601044	0.240963504579057	0.632148700277586	0.458862522429914	0.439942431571724	0.429899741981346	0.555495332370025	0.443333648412429	0.136369158633176
