1	0.746718037487656	0.676442294975061	0.452882716710092	0.459583509887064	0.470549997804672	0.335203235313263	0.0294354549207623	0.170704688336227	0.527382293188788	0.23348387189917	0.339435760054117	-0.0581578189593087	0.488756644678177	0.354253544879091	0.34376286619539	-0.111334043780256	-0.159735073193256	0.0243888624680972	0.188145814997462	0.221867424029247	0.137140975159802	-0.0130407876160906	0.193796145426859	-0.06362413562904	0.00269162135355481	0.035937618202813	0.160239235933665	-0.0655065446616101	0.176099378990658	0.207852049073932	0.0675263929769757	0.0748865919532137	0.281303685195436	0.305135100507898	0.277024224222539	0.237484525653072	-0.00864027222753177	0.163843093622898	0.261425493668057	0.14983452857377	0.373503002817048	0.179556993707065	0.0459771120283764	0.197228310108571	0.2303197088086	0.274099529563973	0.142211493215157	0.284606641457388	0.236604879938867	0.434672340745688	0.522722532508475	0.279617042523567	0.498880415495864	0.196977614593014	0.417919086899866	0.0209702433404531	0.100180933728784	0.15064891904081	0.211469924972599	0.244149747236254	0.068588506212222	0.155841090952484	-0.000242522174554123	0.326223718114393	0.176251329646446	0.234862895396319	0.0251648012065189	0.0461874187966181	0.328724656156482	-0.0221151583232828	0.227197233626561	0.123655663122151	-0.13278035362513	-0.0293328943577147	0.190039708478594	0.0760421852008694	0.0829432029016351	0.113111204800675	0.0873213538749914	0.146810129442764	0.233179121837528	0.171067903196251	0.0516310828314347	0.277698477065636	0.229696850947448	0.116944370556048	0.180213673815036	0.0613858906382035	0.118427492158908	0.202716055631516	0.179874247376276	0.059817795972553	0.255139815699483	0.269772878079264	0.136032035274795	0.324529684078804	0.348186165538487	0.257449059988476	0.142688182148356
0.746718037487656	1	0.646116780577969	0.565584102049605	0.405686448247871	0.478973887532371	0.449998667370012	0.0495705705610339	0.275137612623919	0.602668439252785	0.228378466228553	0.447821307563836	0.0958777749756771	0.541326473684959	0.4236716154208	0.370024865520439	0.11754311863988	-0.0462265821987229	0.01205170252939	0.214302653304554	0.309839300781305	0.169633601728843	0.0657269407730364	0.336469767040386	0.0606539679362837	0.244314193594004	0.117269937557493	0.23971528634021	0.122676318786656	0.271484250728453	0.272697736475458	0.2259210876943	0.20268930221115	0.3104359000448	0.354168687098171	0.211701736022776	0.329763002362716	0.0817229301728223	0.142777153297627	0.267408021383513	0.315672060217184	0.37310711311894	0.258261279630215	0.130840484578677	0.302379111100458	0.20517988598985	0.338648643989997	0.246898250626476	0.282927477859325	0.235751774810002	0.333703251016192	0.608599244237863	0.223629623872319	0.426478685241946	0.107826048127769	0.513614625301425	-0.015716515370399	0.137352392221654	0.227077465198555	0.278499063768929	0.318796400517318	0.182479490600173	0.260675526041964	0.0940715235318497	0.336088513891534	0.0444095401723191	0.224977040865854	-0.00133877194008848	0.0563042218861335	0.332516168801046	0.0210337444409176	0.289023245327487	0.168688269403526	0.03100582666896	-0.0519532589773532	0.288027159334535	0.168925104491098	0.26145228117197	0.133253641623156	0.0109088607710661	0.124438233511067	0.311755144444504	0.104688963727185	-0.0629909035521419	0.159494334657837	0.308512847151051	0.206611573706561	0.284313260122853	-0.0180877396635323	0.0986612027268724	0.208764983600484	0.192100955387921	0.0775011786594045	0.119325930701708	0.233980549264201	0.137655300277145	0.380251549220809	0.433449258445605	0.258558442640435	0.114098990070626
0.676442294975061	0.646116780577968	1	0.509903550412068	0.451595058133022	0.501970359176607	0.402919460918672	0.0535113826427573	0.155746773818481	0.490773163632677	0.22498103560536	0.427824046447406	0.186529791225766	0.432815423150311	0.359636089293108	0.301257119755765	0.17384356989413	-0.0436826461113172	0.107829788405896	0.195916304229276	0.206144962137413	0.251598056438454	0.022799769280497	0.366956862749326	-0.0618057876216079	0.0479955700255175	0.0685380697072799	0.258030154196126	-0.0282261358775311	0.142537891091654	0.275736901778211	0.0652706822565372	0.189945090004257	0.174772330652503	0.251124596395491	0.289377581944329	0.237576410928533	-0.0799294810912431	0.102478340507209	0.162824110197056	0.100382359128884	0.311249819210803	0.149992864783086	0.0419626606850801	0.184685505190094	0.101950875700803	0.220048402227381	0.166160396947696	0.183564686992125	0.179514479408204	0.338382545460879	0.604808098432873	0.316690101549911	0.549235134312839	0.17264749399073	0.518138822535231	0.0725425237901693	0.117810325618425	0.12405706398561	0.158639559937026	0.297112267603872	0.0973968778697769	0.260692598704438	0.211643389233109	0.248651353018362	0.00956203385066056	0.121381162775955	0.0440364719528848	0.164137407161055	0.328301579382296	-0.0542773423554142	0.154918517916856	0.186699919763791	-0.108775670604038	-0.0282884528110461	0.161838758268322	0.0284898069179029	0.187828471889495	0.111221557516979	0.0647529165797859	0.111316892185902	0.216721373554471	0.14813919781532	-0.0690251144216385	0.175284602046081	0.155918363614908	0.0799407914190031	0.214941452766072	0.0480994939046472	-0.0396046017365571	0.0317395561219923	-0.00745461371388532	-0.0545660311163876	0.184812139843281	0.184412565810668	0.11812770418585	0.322806665326071	0.2789575080776	0.283872510821076	0.0292900372335203
0.452882716710092	0.565584102049604	0.509903550412068	1	0.508414423441121	0.576634536236758	0.681551525897363	0.129156342005431	0.302777782571186	0.338273744490505	0.21956167039401	0.375020910455109	0.253924112828607	0.38772463456218	0.49851442190607	0.542022080891125	0.202384411809669	0.136344377046663	0.158913241972734	0.193715170630216	0.167033922748836	0.318326467767752	0.200108947847166	0.398809566492383	0.167252262846683	0.341316802035419	0.129516852198909	0.194015330251773	0.0152501619495017	-0.022939024456192	0.304939535231122	0.133456235280235	0.17180566200004	0.0467278266858583	0.369360498851084	0.318496315564796	0.307822541565494	-0.0223242951247171	0.235659341530618	0.130429554949862	0.11393907274301	-0.00757222506201429	0.143212540659926	0.108054336730678	0.186910511794792	0.0922936792367007	0.190538149703752	0.373775378862506	0.450115860137294	0.0988568551651487	0.271721916156462	0.470226244745144	0.413499832117341	0.405726401895135	0.304999813173535	0.757944413006147	0.0558340777395818	0.093456398461663	0.131635376292428	0.232744912022235	0.364833428664566	0.283394517072969	0.365444605629158	0.162050310746545	0.159491143495338	0.0204091627147651	0.11854448579174	0.0465875719886036	0.172244381005074	0.324397335077026	0.143116453565919	0.223136086744506	0.371292993688773	0.0876396569041322	-0.159167457024118	0.201343750140677	0.114288642518625	0.13446136371806	0.0510224331769266	-0.0596422513995735	0.209865701121218	0.110236450479002	-0.0359471734667643	-0.200227846599439	0.0361375999050309	0.137724347431344	0.125265279429015	0.30921130282407	-0.102374239858912	0.0983309316668545	0.159270642132897	-0.0369155391889667	0.00815932461919483	0.104249806563588	0.12301143802065	0.165065273722098	0.161363345219938	0.354522795964837	0.174523414997017	-0.111853482747154
0.459583509887064	0.405686448247871	0.451595058133022	0.508414423441121	1	0.656066894559639	0.556907525350369	0.231729609884923	0.225421260088433	0.303243235688266	0.248197317178326	0.234549658972312	0.193881248697766	0.31119569345117	0.323651992979544	0.346597112393106	0.0723992730071523	0.0756466178712529	0.165447949929928	0.0431222289088166	0.0282738440212761	0.293283246178091	0.127907100904747	0.088523744671987	0.0259031564147286	0.0157677949406038	-0.000443218011235139	0.179315033215724	0.0806042238242947	-0.00940846238470382	0.248294934390944	-0.0331091711286431	0.0603729487801146	-0.0354966916771568	0.379258246944073	0.253315226225008	0.210463173679529	-0.184560431086022	0.316440626616282	0.145496924195818	0.158098697320374	0.114939557230335	0.121797063311188	-0.0205679203236695	0.0337646891223919	0.0907002452062497	0.119346929945615	0.377438904972189	0.311065171760741	0.28390238151911	0.489829061016862	0.439024844337213	0.318256614034169	0.458373614543342	0.354212170479549	0.533646165044185	0.259816659496566	0.289033301126748	0.179316769418262	0.241436263204623	0.295750344996328	0.322973159590567	0.37427190370174	0.230271864937392	0.271877454119192	-0.00347446576742995	0.0277707397632972	0.0332896783634122	0.210952813468557	0.114846752602195	0.0829145862302058	0.286053542794224	0.0827219748256832	-0.0433302656364975	-0.194770950947623	0.116993221296637	-0.0246967387901089	0.140045175442081	0.108874106394314	-0.0759250159051138	0.191627412974	0.128944441146384	0.155055306213194	-0.160206870574328	0.0100977975490545	0.0297899417266069	-0.0469772376798832	0.175903559412798	-0.105470351699095	-0.131740967771525	0.148428217157479	-0.0722922832361189	-0.088654814357189	0.0662652641117075	0.0540980582171239	0.206409060086936	0.18620078545757	0.156026070081458	0.280091244695098	0.177194068659436
0.470549997804672	0.478973887532371	0.501970359176607	0.576634536236758	0.656066894559639	1	0.606966988347716	0.0543155563090853	0.165387526605041	0.483662478946667	0.377284443786629	0.401880686989382	0.0975414939116468	0.338176876100538	0.496606904286491	0.357079082804638	0.136080147427325	0.0839695102599774	0.168129476360904	0.139536030883755	0.22826043103005	0.40931223977948	0.223249658425944	0.210260038071871	0.0113100234286655	0.113008539894524	-0.0108766714693606	0.296217567404086	0.214908765874086	0.139198408598698	0.249572980934488	0.11609622337883	0.143141740426901	-0.0453852712041217	0.368453807501844	0.298639166823817	0.188351867057539	-0.0644334495051048	0.391475020833545	0.245243075113812	0.311647711718748	0.161209357569943	0.288786652025048	0.0951380423710745	0.0342572346158807	0.176369162466566	0.174943385072819	0.56654760759627	0.304124928351176	0.334700938420499	0.299920261729053	0.394873523011992	0.199654715083739	0.67607880970591	0.358366220729402	0.516284813652394	0.0837852515533078	0.10305953112922	0.0796111674381704	0.162965725724587	0.365679795643834	0.249184143160822	0.388050619288981	0.115456758656557	0.064626956966967	0.0994894124647616	-0.0564078437765076	-0.0406668971047205	0.14629867427353	0.167059532381873	0.134337052027081	0.243772108712208	0.118458235246211	-0.010501664355311	-0.159367731433596	0.112540740785689	-0.0115009734258466	0.175460724154011	0.160143285422916	-0.127232566572998	0.211591194286519	0.0573030945393316	0.0203502750527736	-0.195543277961519	0.0490949878506933	0.196572383345593	-0.0128715662214023	0.292468157584437	0.0160640634562549	-0.105649400388787	0.31707684900538	0.153955140795178	-0.042928476657244	0.182520167875797	0.239081214349118	0.233068416988068	0.187634093804057	0.135804782063725	0.217528745834737	0.143903962715674
0.335203235313263	0.449998667370012	0.402919460918672	0.681551525897363	0.556907525350369	0.606966988347716	1	0.0478279450575546	0.277719327424555	0.246530981059986	0.375281847525891	0.403532846734813	0.243757074981279	0.197509057996519	0.354958189702888	0.326874984780056	0.260966916870599	0.101093793218601	0.132480430187493	0.156039125786499	0.150278155624207	0.341162781733703	0.204406120465067	0.256807661405027	0.279746196377175	0.276908925807394	0.215842981078447	0.195816492255103	-0.00318161687054683	-0.0333189331758575	0.158610691509394	0.118343959699944	0.0509205641936781	-0.0481155789195398	0.515795464890423	0.249275077530646	0.314418285104815	-0.00866424943214214	0.365234677424448	0.197774303069972	0.125350805130866	0.0143438054152128	0.113795501065174	0.142275494075243	0.11443809407185	0.0754756206255073	0.0315410559661464	0.560614010360946	0.378043106201498	0.167895524773376	0.152679017784845	0.297641600593714	0.246217931743349	0.449114064856385	0.360140197618948	0.707119232377424	0.0361268990972144	0.00556322809986573	-0.0159552846963001	0.241813536846124	0.351775397297405	0.261949028083044	0.371114047622798	0.182180740043494	0.0316031764137392	-0.0537162275926748	0.0078476424748578	-0.0606920305592594	0.173301259475638	0.133030267734948	0.239746822259739	0.254061434399933	0.297709832220254	0.122888571451446	-0.109040939143613	0.0692707336442074	0.209907536081592	0.166173903583679	0.159209350456635	-0.14117888843012	0.372820254941748	0.00999916245207919	-0.0177584188416413	-0.204884840646633	-0.0626683599675312	0.140954292265913	0.0483592914441229	0.328684375033047	-0.0818449197575558	0.044181286534463	0.29097619240628	0.143853722983824	0.0376088919216087	0.151140876243151	0.0721943390642755	0.313524539069429	0.0421623868817579	0.338414462871112	0.161846454881856	-0.0328453877947862
0.0294354549207623	0.0495705705610339	0.0535113826427573	0.129156342005431	0.231729609884923	0.0543155563090853	0.0478279450575546	1	0.626461680563444	0.142347063121094	0.0884300251489624	0.187030672483639	0.303125144534011	0.153450304742291	0.033144840150608	0.296477594060339	0.435352937860812	0.5218885965118	0.650687937170589	0.669361744393424	-0.00768910897035682	-0.0223736887059573	0.0244760133504801	0.0994214638376936	0.172802949905389	0.0045816230523308	-0.0570818010214934	-0.134287871068407	-0.00398721891837718	0.00959554634811964	0.176733955713655	-0.176631442595976	-0.0602873303313878	-0.070805533028964	-0.103835837002869	0.352023598763018	-0.0825132425193733	-0.0117665002549412	0.027472352118461	-0.110848372168941	-0.112351588847734	-0.022572868872315	-0.0328154364892277	-0.227536755939274	0.216807893406755	-0.148148674702589	0.0471819474544421	0.0772450873106261	0.111346060571954	0.218442999078202	0.177223593478853	0.151981324312182	0.0880577778980133	0.0019768811615329	-0.0236522891813466	0.0215654627482342	0.452207650537099	0.535731603199471	0.586855097789899	0.650681922915367	0.131535132875404	0.221352790981708	0.13109888782619	0.529951822544033	0.279716128506698	0.000487619755599894	0.0832473212157597	0.589983897593993	0.665013328048618	0.573620183425822	0.231981811930482	0.131687596194272	0.2762577890238	0.149270804466973	0.215278392758732	-0.204955717908911	-0.197660759811327	-0.0693639090961573	-0.00980261727568957	0.241966412178625	-0.0511711226005682	0.271110508001045	-0.0823161885100652	-0.207032345770561	0.098188245471596	-0.223763299300661	-0.0552602157541308	-0.180943211084562	-0.207338425570623	-0.0248083946657034	-0.0998325242900688	-0.257656593772214	-0.17598765334652	-0.0304723338235236	-0.107515513033452	0.124686201037179	-0.102083272857686	0.000350094665600737	0.167427553755559	0.0145152749526391
0.170704688336227	0.275137612623919	0.155746773818481	0.302777782571186	0.225421260088433	0.165387526605041	0.277719327424555	0.626461680563444	1	0.298908602078698	0.185295936124377	0.306698696874977	0.195059049427722	0.115151406931043	0.0970042498306388	0.401115332052155	0.370724450894472	0.433981001660399	0.644510148055573	0.632330360628273	0.159254713812112	0.136301874516781	0.0279878254999199	0.488251589005554	0.358284613953607	0.201172252307947	0.0800513979558241	0.0103905666932658	0.0360732907356172	0.00534864703025986	0.213774290739416	0.0317812398241442	-0.160115953597957	0.0239738505274676	0.0987995111146185	0.537605331623283	0.168901368278146	0.171732640145591	0.126470336221578	0.0832746568746522	-0.116239308514998	0.10472796808077	0.0911410381075656	0.0310015395997232	0.194907377182959	-0.0889131552048401	0.189732395556024	0.152736520120457	0.293230532651389	0.234126651250101	0.0724029215520035	0.293844360297785	0.14625190758874	0.14328501235313	0.153641838297078	0.233889484219842	0.177211502555894	0.257520678953071	0.426561632285991	0.871447989786665	0.288238318125381	0.324887370689605	0.269957614777937	0.385829303102059	0.182272251086818	0.0875458938120232	0.238229832654342	0.364480421328932	0.718801147919222	0.513429795519961	0.23211855443216	0.37594762228089	0.518023378778631	0.395314476837443	0.173459975660792	0.0419037344144603	-0.096372956798229	0.0452931414466534	0.0661853728494172	0.304908524822809	0.0968440523208498	0.263317693241948	0.0761994726537622	-0.178279044884128	0.0800035493608824	-0.0199748721581601	0.142960544402504	0.135159801712187	-0.101056618748856	0.18083502115318	0.0844823997607638	-0.0162554749536772	-0.0316146321958541	0.208349608097606	0.0200688919725684	0.148821662686351	0.00274528122407321	0.159081771169485	0.296093218539039	0.0497872520001495
0.527382293188788	0.602668439252785	0.490773163632677	0.338273744490505	0.303243235688266	0.483662478946667	0.246530981059986	0.142347063121094	0.298908602078698	1	0.388522707492164	0.523747404742194	0.0373500228156096	0.291648748693474	0.363395865417315	0.245960803100419	0.0495972288502923	-0.00107475060441342	0.186723730616434	0.206306695337225	0.296869001569492	0.189766010245556	0.117582501946508	0.258862587246386	0.0803086715218971	0.177185074222718	0.0836615838029808	0.14319160150152	0.0793706229319595	0.160513894701643	0.20894126624238	0.0210681197152109	0.147834626468505	0.21265699827698	0.177489359788785	0.21788887644876	0.111204596235831	-0.0424072614937386	0.145795707660322	0.207352255552317	0.202882247599381	0.420244318022499	0.113579408876844	0.132888249527365	0.125257932887815	0.211256098951013	0.263816576049625	0.227243243701262	0.0794987139448594	0.303136995892836	0.17382811028468	0.406375841681441	0.0968492508725028	0.384133354204817	0.0394626392501127	0.263915712077645	0.107086499338887	0.135186413745347	0.149531979534375	0.281102691781883	0.357346308786676	0.213780301577376	0.311037570139973	0.117638575803324	0.18178058256202	0.136302259343448	0.0843615447765458	0.0118059584370693	0.160095846012187	0.405909633397871	-0.093982366251054	0.237986084786902	0.0481651498943528	-0.0234638842786019	-0.0222272183286762	0.140826466377396	0.0695124557870697	0.188160014789999	0.198221056942956	-0.00228375487161041	0.19589283254533	0.247979415430688	0.168897334727222	-0.115168286116009	0.222134706703286	0.161496446185615	0.0833401620928208	0.122185515120438	0.0971076536671065	-0.0213875251800357	0.107650987070007	0.209463907861395	0.0744119440195903	0.154903747943331	0.240448581793839	0.200433598849071	0.240276979651992	0.349498476182136	0.426456105372229	0.158458200991006
0.23348387189917	0.228378466228553	0.22498103560536	0.21956167039401	0.248197317178325	0.377284443786629	0.375281847525891	0.0884300251489624	0.185295936124377	0.388522707492164	1	0.419463949009434	-0.0858950724159315	0.110084941629324	0.22339746007093	0.209672786015195	0.114953017999691	0.117657087385075	0.120069114248747	0.0875208010081272	0.11200346431443	0.227833925479261	0.21198527738795	0.150917782371228	0.302362785820599	0.0479974522031652	0.104196982178563	0.110551310299196	0.0455556103913883	-0.0496713264894842	0.20637843607262	-0.0684822610254159	0.0412142054981533	-0.143139498947116	0.203223709146148	0.281379589033285	0.0671523071296441	-0.00797490560034678	0.296176576114162	0.0433060992132343	0.131058408743531	-0.011850915029196	0.124510658244569	0.0460725762462949	-0.0399810107240618	-0.0528447039096314	-0.151833467158057	0.296321594920902	0.12729825085051	0.165734957153501	0.160935968519508	0.143466128468098	0.0202139530897019	0.239597264919513	0.201744235735672	0.251312531596894	0.139622652190286	0.0587711569599594	-0.0317706812454531	0.154442536062606	0.242021970980098	0.199009058692073	0.294494115855899	0.115604675945405	0.0396229319061375	0.0503562167932985	-0.0664488686710637	0.130423390935911	0.280482786800566	0.190383831884844	0.127837266477677	0.227085542735346	-0.128309023558427	0.147294276718578	0.025303136208149	-0.0396320685675665	0.0700195633157569	-0.00290688165461272	0.128162340216587	0.0175337548710768	0.191845475310744	0.0922315087135947	0.0258752336981151	-0.0408599672911612	0.00258248806012531	0.0338365439051152	-0.207627134232935	0.220641365506141	0.121101663091849	-0.087218476682363	0.164194703614466	0.0253605459582267	-0.00984408238798663	0.0479120049631087	-0.0325871064496997	0.181732955965537	0.102935319671152	0.121362194975242	0.17171767833278	0.122620845596425
0.339435760054117	0.447821307563836	0.427824046447406	0.375020910455109	0.234549658972312	0.401880686989382	0.403532846734813	0.187030672483639	0.306698696874977	0.523747404742194	0.419463949009434	1	0.177564704848515	0.282852970018629	0.311908638459677	0.245066970273585	0.247369789427419	0.0549131195252697	0.278086263975866	0.238584069390901	0.215830062249126	0.275185312276134	0.283782885602613	0.187490066254924	0.0283671371758932	0.227522639188044	0.230039264172316	-0.0341174454976098	0.0715423077781177	0.0901429111544965	0.0454764419090588	-0.122018037040919	0.0872072153626502	0.0821929196474613	0.200983305234236	0.131698249965622	0.0341981398226783	-0.105366491286111	0.0483398416187891	0.194388809335643	0.122674105240165	0.146876607583115	-0.026946649399458	-0.00848387933497808	0.125124473916021	0.0516407822220563	0.104829708993607	0.196647713312242	0.155947915748308	0.178986244863787	0.183420230220375	0.413445850770917	0.293607196417592	0.46740428423947	0.121653734439419	0.452488581248048	0.112440355559082	0.274508429114559	0.38078204288376	0.305523161792724	0.665377763652127	0.418483208245097	0.53653826846932	0.166536489820685	0.197240602028056	0.148029453771455	0.0355558934448456	0.00411516171786382	0.306094125242465	0.411685192758119	0.230693558310674	0.338601906546703	0.0604736497420086	0.00451751385585235	-0.0825145373447253	0.0620924545595901	0.0594086900420967	0.0497470415649592	0.127387450246575	-0.13957444554483	0.148255603819545	0.197431453195229	0.018297391119932	-0.303112918006018	0.0546530630728331	0.131845519235401	-0.104956959133493	0.100541204928217	-0.18617823835062	-0.0761379574986855	-0.104596704674626	0.0648700470078956	-0.163032949440106	0.188009918714905	0.0283002771437466	0.134722913310325	0.120628719510695	0.262617843800907	0.291542652390843	-0.0727299599017148
-0.0581578189593087	0.0958777749756771	0.186529791225766	0.253924112828607	0.193881248697766	0.0975414939116468	0.243757074981279	0.303125144534011	0.195059049427722	0.0373500228156096	-0.0858950724159315	0.177564704848515	1	0.17052379146022	0.20898723641627	0.268715410591137	0.471678044618008	0.163271333183634	0.163623799177212	0.19277674084315	-0.0558762951068795	0.224776621733562	0.164486123688797	0.0272934330624131	0.126507094960945	0.199136584475545	0.215668794656032	0.0403574026474854	0.0194826489756855	0.128042947079155	0.0341779673728075	0.0540208047995116	0.0664225236720371	-0.0434158663122301	-0.0277488368842283	0.0848048155410168	0.0444388281562178	-0.196448993422185	-0.0530940396275294	-0.195995993553709	-0.0354283501486276	-0.0484189921623264	-0.112301231653206	-0.178044738992965	-0.0552903607691714	0.000977341588545676	-0.0591096333987922	0.0591025670654246	0.103880861947698	0.0609849600168726	0.1505418442657	0.223551007203031	0.169170823936137	0.00488732769304786	-0.00689692196364622	0.189586474208901	0.283102757899544	0.286885679607179	0.242307015721708	0.192782012436753	0.229752070433464	0.219897256242645	0.194838088177036	0.257883365717241	0.218147041228809	-0.0915617933084631	-0.00651000306374543	0.172647607939631	0.237199810430545	0.170810096045279	0.22404800005127	0.126026479253462	0.277898490655592	-0.0280932494134219	0.00678855961419372	-0.0485036786377893	0.00442216103331725	0.024496496753183	-0.244386170572165	0.0618232394693366	0.0586911581112375	0.105288070875393	0.0244489591125247	-0.175868758447266	-0.111608896275859	-0.052340176397357	0.0776111129567534	0.043013903480777	-0.245790614095145	-0.329823750846376	-0.0466926178944943	-0.338050540178646	-0.195464701441451	-0.128268969005047	-0.0328184773211745	0.112604160210757	0.117150117330927	0.142900464025202	-0.0455124228176365	0.00760563833764285
0.488756644678177	0.541326473684959	0.432815423150311	0.38772463456218	0.31119569345117	0.338176876100538	0.197509057996519	0.153450304742291	0.115151406931043	0.291648748693474	0.110084941629324	0.282852970018629	0.17052379146022	1	0.421616827661975	0.339876757422514	-0.0149018836822619	0.0528713896764947	0.139483782821752	0.179559029847933	0.15970616105137	0.438657032188393	0.168646834686655	0.0333693403875156	0.0460060888255334	0.29004748421196	0.186289799824485	0.350810052596756	0.272462218109733	0.503343324935567	0.234237968075576	0.0873499049363985	0.20605827462689	0.180315362404198	0.166980299294356	0.171368649356807	-0.083206495487311	-0.0224201873010676	-0.0802443422905424	0.157952973658624	0.279277077568804	0.284779175000029	0.167060531290842	-0.0309325380364268	0.150141025321929	0.264451830455709	0.343965600988466	0.0851586049405939	0.3006152456665	0.339506434534855	0.493541108059985	0.613190896588541	0.328457383102758	0.307813293979477	0.0959068873596997	0.323014951173482	0.257456453100495	0.317699035996505	0.369909367185465	0.183807283006413	0.196918010639205	0.0195729659314831	0.0663702404545568	0.201473945650992	0.55117533023701	0.0694075968352534	0.233965843125209	0.314978373148242	0.161660356216583	0.338140166931673	0.16517339795501	0.144707612146276	0.0420407697288099	0.109216840994861	0.122190062104179	0.203782280416265	0.120829486787608	0.233598141449134	0.207927822117191	0.0899095218912951	-0.00158756471748393	0.201379041630595	0.0529870351196091	-0.0413521671174932	0.149549274533708	0.271308352384763	-0.0907765140735251	0.0255828105951479	-0.0293500934380847	0.0238542234377105	0.0633292002659369	0.0391536420340377	-0.049020940188242	0.0711260415323991	0.166616747887173	0.161787953228127	0.516714925276913	0.192480675524774	0.257517016190071	0.128341327765596
0.354253544879091	0.4236716154208	0.359636089293108	0.49851442190607	0.323651992979544	0.496606904286491	0.354958189702888	0.033144840150608	0.0970042498306388	0.363395865417315	0.22339746007093	0.311908638459677	0.20898723641627	0.421616827661975	1	0.324997629180341	0.132771877740875	0.0332413382984967	0.0742413929444351	0.0371561748835457	0.0619454522012007	0.570618393431127	0.375109403026659	0.188961697890258	0.110299969167626	0.226111796239249	0.272596976869861	0.3296508252097	0.109164455465437	0.144158701224599	0.139324012063483	-0.0897550050867696	0.0644030862718514	0.0475944853223188	0.282465531898906	0.13125347253777	0.043505942215519	-0.00623066754628304	0.134205803215807	0.142159772632734	0.162358292519147	-0.0388132131519361	0.165811775332091	0.0564485338596551	-0.183065903717107	0.289760241180236	0.20018257038393	0.325142651688819	0.29314568347362	0.484877546616027	0.257904326575768	0.402327563474734	0.415874501082504	0.494403437909191	0.248446374398657	0.426143110388391	0.143016107448066	0.116990960799388	0.138347837636558	0.0403990203441819	0.300350618197796	0.192727227914122	0.295369286844622	0.0445429743007539	0.224091727739666	0.126951737387301	0.00819483451634675	-0.0300930747860852	0.0368292567848123	0.161477328520443	0.236292835575697	0.153579781284025	0.0559379218513805	0.156595872727799	-0.14846267423578	0.028757191503908	0.254457720537063	0.0571104048445247	-0.0878284296357225	-0.226205053873786	0.201360716916894	0.00790853242456565	0.0394547184941855	-0.209555972454241	-0.0624668927844566	0.0546938514723902	-0.050677477526696	0.147066746261577	-0.200625345954746	-0.119231410802568	0.13312272812228	0.0161224011480852	-0.0449518592657065	-0.00848576728643226	0.205780949720344	0.215769484472042	0.298587415192626	0.143496782794718	0.0897653729920781	-0.0448909185669127
0.34376286619539	0.370024865520439	0.301257119755765	0.542022080891125	0.346597112393106	0.357079082804638	0.326874984780056	0.296477594060339	0.401115332052155	0.245960803100419	0.209672786015195	0.245066970273585	0.268715410591137	0.339876757422514	0.324997629180341	1	0.235145927933213	0.397095995005692	0.476839339775894	0.344644712311852	0.254440763991764	0.114835190379733	0.183720184052789	0.270754434058637	0.128891464445368	0.420127575501912	0.140360198191956	0.0393961122660804	-0.103715954305419	0.0143376697090657	0.657376935185719	0.21851191305468	-0.130813251202088	0.183660471598707	0.434447693960708	0.712709253533675	0.283363962730928	0.223267422598244	0.220247796391342	0.123019024214791	-0.0187834822875032	0.0814895409736465	0.559659758206106	0.185996464012583	0.121673396948606	0.0768705111315364	0.269112489770521	0.284609005066831	0.423244981137606	0.254450823810787	0.246487575765636	0.319150807576071	0.396896835506322	0.225052422016701	-0.00451981935096682	0.386850735153476	0.120258197011111	0.15768593673527	0.258883931780771	0.351581886687761	0.210202565798865	0.243331846212677	0.288377729563091	0.317862599283865	0.157841730653858	0.295558661403031	0.584961514380319	0.280100900035406	0.476324155471405	0.367144952807955	0.109353999770025	0.406275721545371	0.366000834979135	0.154107147131113	0.07858721477979	0.369102782809449	0.105995540003562	-0.139426575557356	-0.198399665540209	0.260174411862747	0.274980680634905	0.330730198458945	0.0658383585555957	0.0522901854016963	0.331280882479526	0.1830672976528	0.143617067873382	0.384733692027205	0.045760786255725	0.30026956386689	0.102577538543414	-0.0334436063196602	0.107614937412173	0.0780460165561063	0.292332956383413	0.151255012173746	0.134885375716338	0.196887449285905	0.124990351448998	0.0628678787998012
-0.111334043780256	0.11754311863988	0.17384356989413	0.202384411809669	0.0723992730071523	0.136080147427325	0.260966916870599	0.435352937860812	0.370724450894472	0.0495972288502923	0.114953017999691	0.247369789427419	0.471678044618008	-0.0149018836822619	0.132771877740875	0.235145927933213	1	0.432991844888348	0.36193196457146	0.488553640245394	-0.0246211607128461	0.0675418778437737	0.229977614857175	0.269914429506697	0.299262243291984	0.092645731412867	0.141357398777512	-0.0599881810976631	0.0675944505567279	-0.00396605251451387	0.197829855924549	0.126642058964383	0.127823731040798	0.014678874768889	-0.00875842861025099	0.266387258384208	-0.0243925474770149	0.0275718859347453	0.0170604811217677	-0.152380211812885	-0.203987100922908	-0.0520010643864632	0.0161786628591995	-0.0387566764883643	-0.0424799805786296	0.0113845830450473	0.0397790576840072	0.116031958176551	0.132106978871345	0.193014354161278	-0.116411684508002	0.0337709016402461	0.102518249587493	0.0323610724442257	0.00670015082169783	0.0755459873341346	0.223718427627366	0.207916924586833	0.233124603219572	0.300675265384801	0.0786756180901503	0.263138907210045	0.284337375646392	0.358269118454671	0.0510624933190814	-0.159378830034969	-0.00770508145081869	0.266478260795405	0.453558380233158	0.253264478230225	0.329794362811156	0.151774617869325	0.352575577605361	0.315549460430703	0.203625181601146	-0.210577031810289	0.0149998936363894	0.107273618398848	0.0516510229278817	0.106450712401677	0.0236127293257641	0.112328572714064	0.0175758975451643	-0.208161753445751	-0.114261413896953	-0.182246333914509	0.0377417126373989	0.01628540142956	-0.151864569337256	-0.116456847175128	-0.0293008030257616	-0.205569275894676	-0.0823885026704549	-0.0307037881398353	-0.0525143266920903	0.0317748760560847	0.0115599798172453	0.11048910636983	-0.0750040677156558	-0.152812588546963
-0.159735073193256	-0.0462265821987229	-0.0436826461113172	0.136344377046663	0.0756466178712529	0.0839695102599774	0.101093793218601	0.5218885965118	0.433981001660399	-0.00107475060441342	0.117657087385075	0.0549131195252697	0.163271333183634	0.0528713896764947	0.0332413382984967	0.397095995005692	0.432991844888348	1	0.556728388580193	0.428651815217899	0.15040275983701	0.0759307350484885	0.244292793540027	0.0397026575883204	0.242035741534512	0.130968375788877	-0.000427319238175246	-0.0556144487065612	0.00799901539421081	0.058270725939122	0.503594395400476	0.0199118916146254	0.0388992105488589	-0.125642914000659	-0.180815930201666	0.393423822018515	-0.193508055565256	0.307342010232194	-0.127959133922968	-0.184733272067957	-0.102884214988588	-0.0324149667874652	0.198899262009241	0.070286134956299	0.230274569818077	-0.0344189296632251	0.0831982409694354	0.0646521009551532	0.143533536649599	0.146222240149784	-0.0569055616302686	-0.00293929494963995	0.0579405655843985	-0.149688913945323	-0.0519056242956763	0.0131105533621484	0.133315917402167	0.0752150806062378	0.291984377464952	0.389536568843741	-0.0132642106269944	0.071362173811448	0.0841614532696098	0.272980290420516	0.0363028225488541	0.00901936274931201	0.140534391014105	0.426752470448964	0.518701697998833	0.204448159617919	0.133352073062212	0.0372455748361181	0.195737278900403	0.307684414471367	0.265371656785214	-0.112408035542762	-0.113200667258969	-0.0870643626051704	-0.0558011896034606	0.354838836131552	-0.0131332624892736	0.126814931618364	0.0184096349058124	-0.109938845397417	0.0109454643556257	-0.121335178352097	-0.185685532652863	-0.147991016071049	0.0273679246324494	0.139961258712822	-0.201023031216833	-0.201971641569689	0.00621244911198974	-0.044420284377498	-0.0144992304192063	-0.135568181576961	-0.0218889892616147	-0.241162747771282	0.139252722168955	0.107102128448852
0.0243888624680972	0.01205170252939	0.107829788405896	0.158913241972734	0.165447949929928	0.168129476360904	0.132480430187493	0.650687937170589	0.644510148055573	0.186723730616434	0.120069114248747	0.278086263975866	0.163623799177212	0.139483782821752	0.0742413929444351	0.476839339775894	0.36193196457146	0.556728388580193	1	0.557389429392155	0.0976429242814854	0.20013297070624	0.0873557985980725	0.183398391142076	0.134895669333195	0.121672121480126	-0.0331379125714218	-0.0213342609273925	-0.0392119587406421	0.0953439021207136	0.291407562670258	-0.196811513392226	-0.0292837320942029	-0.0247715910220721	0.0685898182974661	0.536562404778712	-0.117001003928459	0.150641803089992	-0.0042159311300196	0.0626447676741865	-0.16746288207247	0.0903840826602314	0.0988204953445573	-0.090430691789022	0.201318648082913	-0.0515135248092899	0.102793498493564	0.113250035300236	0.21779266225253	0.210018250882801	0.065701200260795	0.0971238110815784	0.0715119371885178	0.102981284042565	-0.0233663653204349	0.107318282976209	0.382825152236054	0.447729522199418	0.493898686729706	0.572163206848536	0.228014809538062	0.253660879083363	0.279320402671745	0.384461576321437	0.241612571182866	0.0891171995674057	0.151544964090756	0.477436870218489	0.757811926045686	0.458367717969199	0.190596229534646	0.200824736870611	0.290128907027376	0.146892412958851	0.224425963330682	-0.0829775437445945	-0.201401605432611	-0.0518804945748759	0.0138797022604484	0.234973167043927	-0.040951637120028	0.194965085755103	0.0163848757500195	-0.264531222747432	0.102602858078759	-0.163210656128594	-0.108768108464807	-0.12151600518315	-0.193051090943543	0.0931336026112536	-0.112961067137251	-0.0488521657529822	-0.147319223788992	0.0591051380489567	-0.101803109382313	0.141450954829737	-0.0246719039410828	-0.0136461093431862	0.240217970014916	0.0128966916451845
0.188145814997462	0.214302653304554	0.195916304229276	0.193715170630216	0.0431222289088167	0.139536030883755	0.156039125786499	0.669361744393424	0.632330360628273	0.206306695337225	0.0875208010081272	0.238584069390901	0.19277674084315	0.179559029847933	0.0371561748835457	0.344644712311852	0.488553640245394	0.428651815217899	0.557389429392155	1	0.0407604048191036	-0.0389401499093399	0.0343468187254004	0.222224513199451	0.414569650027599	0.119317362054796	-0.0122985536492946	-0.141238180166712	-0.0872144467105991	0.0901326042927643	0.241145179980703	0.00269762204153831	-0.10216428225949	0.0257780653764004	-0.0687042618184252	0.477821403190567	0.00934998387083797	0.1597506082427	0.0630097949583499	-0.0251073604101131	-0.284630520294316	0.202568163910048	0.0233970308289582	-0.0979577625294353	0.209902780036752	-0.0578055303813812	0.0616371150046868	0.14887222641695	0.243374862180207	0.251956173109434	0.0189896385032403	0.150461949916829	0.110597324702697	0.11403506947392	0.12229872482226	0.0703389771850855	0.236726374416343	0.296158830962046	0.423150523365873	0.652782106454906	0.13848193704466	0.193397388115726	0.0874858556969156	0.440125746276874	0.221408694781949	-0.0155829830380712	0.20302284948804	0.432934406439443	0.626910392369331	0.614576769879502	0.290373716860573	0.132075434873599	0.355766543988292	0.247026591068288	0.206073259465314	-0.0710241190015038	-0.110117549782671	-0.0564024776478477	0.0129430859958477	0.254556934319875	-0.0548117521452765	0.293936338159589	-0.143529746231642	-0.15394535828776	0.156377121416503	-0.115043128689753	0.128329696196977	0.0300869875146906	-0.0860464322243019	0.160892177793782	0.0255501259192438	-0.114183620356988	-0.0551165467322267	0.132321957886087	-0.0341115400485071	0.173970358737292	-0.0469510510708293	-0.0768610255120507	0.159695090802724	0.0945648111321243
0.221867424029247	0.309839300781305	0.206144962137413	0.167033922748836	0.0282738440212761	0.22826043103005	0.150278155624207	-0.00768910897035682	0.159254713812112	0.296869001569492	0.11200346431443	0.215830062249126	-0.0558762951068795	0.15970616105137	0.0619454522012007	0.254440763991764	-0.0246211607128461	0.15040275983701	0.0976429242814855	0.0407604048191036	1	-0.00393691753072805	-0.0910594531396701	0.247555770224302	-0.0386544528305267	0.129118802114811	-0.0437421181375457	0.131507939321535	-0.034934923246911	0.0776043131207746	0.290169572879089	0.402176631798629	-0.0783914233957567	-0.029279863522035	0.0545624617245441	0.156633098394539	0.208984350606228	0.265008048214179	0.124592521236094	0.00709556455961616	0.236255133771166	0.34749431786244	0.461851799117665	0.389963500127758	0.176396417498491	0.0569587624482639	0.369589993363092	0.255999139145772	-0.0433242431873878	0.136554204891418	0.108964243495379	0.245074702517593	0.0401034791211171	0.119388546905488	-0.118955237122597	0.274169687204185	-0.177434965622119	-0.178844402503884	0.0645237489096144	0.081325896499278	0.0369403549807791	-0.042337673038439	-0.0639596064635155	0.154437978898861	0.050346520586457	0.365770567333516	0.250247668346278	0.147689451928883	0.0329583465050584	0.072272695307502	-0.136924297810773	0.0982553243570762	0.0861224650704155	-0.060644597969389	0.214048538216666	0.184970468901631	0.0576711239820236	0.00846909807841877	-0.07337833389997	0.185331090462958	0.356795292577187	0.270807253242322	0.144624103422862	0.156816362285464	0.179142377219714	0.142990819201189	0.0291245551573114	0.0680972246471131	0.295742126546077	0.099821081893341	0.0035480998629734	0.112720464541559	0.27323181372999	0.205866180285476	0.360257637105208	-0.0573756415640589	-0.0085336213409322	0.176411221297251	0.232497658548507	0.242855446955327
