1	0.725734904246691	0.741609141960602	0.568227126831662	0.619213764478942	0.411612017644201	0.481162526861639	0.0853950758406053	0.23937863276882	0.42138635217948	0.316638251086536	0.34570343721871	0.171259184259639	0.527520901503677	0.312062440173341	0.284764079152433	0.0994057897726695	0.105379291420096	0.123856776245513	0.120011028863918	0.176158973901783	0.2887626060913	0.188721834916719	0.157353382526111	0.208155916277664	0.188813312433068	0.193725137213465	0.323407690689102	0.148710339003685	0.201875146842181	0.134251791967357	0.163691143532792	0.263631118392317	0.26749286434733	0.384062269897387	0.21663159580488	0.258565011987647	0.00129848452041727	0.1655613480132	0.226101455524856	0.0718463966619674	0.235525521495966	-0.0182552165462892	0.0831244591590537	0.193019793037078	0.153817713579954	0.0885774704171672	0.199391886099093	0.403441623022264	0.302583216711996	0.634828780244052	0.680430764753039	0.229995008793319	0.391588384899878	0.296384016555142	0.385932650948886	0.180345961480879	0.142811847622364	0.166192234238897	0.252675955702344	0.296040172394674	0.170597627456005	0.0870622517917588	0.137536794498282	0.516285920652659	0.312112906924733	0.236322092010898	0.0637009728160517	0.11163143283366	0.115786179836109	0.221080145048327	0.206018777875586	0.0415116176538759	0.301233044482407	0.0809018230749929	0.332079871658273	0.150221401484243	0.370370962076732	0.0392673836634129	0.130016998378983	0.210104101766799	0.0763510682431593	0.132852543693774	-0.0261850876126227	0.0185657125382755	0.206463905148769	0.276618279166213	0.18870704726292	0.23352071565979	0.0860563987574028	0.139578551664801	0.304312497618119	0.124225512169373	0.164712699134687	0.0629718325980374	0.08769541853211	0.335969402130617	0.204253550131452	0.160487620807251	0.327421347020173
0.725734904246691	1	0.826147063912896	0.672398930199956	0.516702365926994	0.328866428301731	0.569667187127124	0.179097873017018	0.332397843633639	0.466549758144078	0.212601360625842	0.342855962529357	0.103163184330632	0.410225458964645	0.283624964247669	0.419182429459592	-0.107437626903562	0.051319423884995	0.156552804108113	0.221381617815441	0.122057579587463	0.340453262974952	0.097808972827188	0.250244486805635	0.155290002963281	0.207237639070944	0.190084180939202	0.228193027794414	0.0515607932694644	0.293935686914086	0.313016872223252	0.0674307610258503	0.225169729468261	0.332172725307558	0.507177247991086	0.373885689000029	0.390884367682396	0.22584134742571	0.286649242117587	0.2403960072481	0.147806448864597	0.253413595904895	0.0781488982362374	0.233488929548253	0.360211514058778	0.12547700673708	-0.0068525248625622	0.203879909884738	0.294918019940676	0.350397839790496	0.493643673389159	0.611872569135	0.283784890688586	0.422557424926811	0.328635879270992	0.469910855735161	0.112431387761565	0.0948025967628621	0.103824822011924	0.298478895962499	0.23660567650587	0.056079812514111	-0.0245964780288457	0.0849081950406469	0.476343124054832	0.370587129875889	0.394360046837261	-0.00800341497643373	0.127744464551749	0.216804201706569	-0.0171916695714081	0.08993467162999	0.0389831658934577	0.237226248708856	-0.00537404380450638	0.365275830158473	0.194658751872256	0.370986969850323	0.126142514039604	0.165862522053795	0.242843497161932	0.0849401889672713	0.267053869727444	0.189214594470748	0.269859898676639	0.361539274700695	0.258801570864185	0.328582168940582	0.229677780474344	0.356177467536765	0.226597794900297	0.315176086074435	0.256922484339554	0.249002583555051	0.224181736846703	0.1861977985357	0.279207586421066	0.242735764195916	0.409346352883718	0.441238303209261
0.741609141960602	0.826147063912895	1	0.624220406478981	0.664436760037241	0.527528347286173	0.623491788404608	0.115931502843591	0.37565730481816	0.53938471524708	0.200403976545242	0.420472060677494	0.133733374078123	0.449625796985474	0.242887165826677	0.285991521787346	0.0217785242933918	0.0684070343551874	0.123018220923365	0.163236254212484	0.151252683651743	0.432562533326458	0.26155784721562	0.207926301402042	0.21538683528161	0.193189378385473	0.194920277334091	0.173675592928308	0.120725568249965	0.36570984201755	0.19247878739984	-0.0413830123976841	0.19533589800621	0.221141599166136	0.511606616499159	0.367804935916416	0.282304890873658	0.120068000194088	0.31634080634744	0.301697166412583	0.194640081040952	0.353380710615094	0.0594840147063075	0.197557418112381	0.300370723512453	0.192369545964299	0.109840535242734	0.269915237655617	0.313708794291922	0.395770196215266	0.44017401510957	0.62421481790958	0.267080924588522	0.572049580421691	0.401922019212552	0.396394620203275	0.0794682239181254	0.0966613778826087	0.130277739760668	0.323099298568956	0.340617549638827	0.154233454879261	-0.00965139719828808	0.0632529331309217	0.400291127723965	0.354912517813285	0.173631993295045	-0.00334012077636023	0.145290022917244	0.201495317447604	0.0891440554856525	0.134521135422511	0.103213891187212	0.348727816250537	0.0814598236257233	0.397660888930608	0.16738899791136	0.337888870899688	0.0342687946387195	0.0427950591255589	0.152579247257399	-0.0583792585791766	0.266886668595193	0.0449496472339151	0.0363593162237111	0.222087046336859	0.233332066672134	0.207169953860799	0.270273546769339	0.127087244855897	0.225859929493088	0.345682693862617	0.215016904157826	0.125208085896789	0.0919458034994078	0.229571024186678	0.197429249219817	0.347864846064745	0.300148339782742	0.518954180920111
0.568227126831662	0.672398930199956	0.624220406478981	1	0.562546339627831	0.513792366177328	0.683222287723984	0.148176502757793	0.423674664780847	0.43247534810652	0.0819076784654297	0.169704376850958	0.00241965241278396	0.264685672301225	0.505539768608863	0.383721283186059	-0.0749327423593117	-0.00172512947705123	0.141482468396136	0.333221982610902	0.173268399717092	0.366782450123569	0.219763918892322	0.24389398462623	0.249597895061122	0.0664310530562592	0.299175696195301	0.233027357212261	-0.00706932849871026	0.211128714460894	0.19141490560229	0.0608947469498741	0.146816779623786	0.35309452949833	0.463336217034315	0.298922462030156	0.326860762773781	0.13802491376577	0.242659926646951	0.297609540372941	0.121677709530245	0.232058235211382	0.0927109405495792	0.195590001971435	0.318540166803189	0.315193205397332	0.158618942358375	0.276127137933146	0.274249850667044	0.381103421671605	0.500433164730006	0.646948956354019	0.401706783494922	0.606075372206294	0.54154903564423	0.594737044735281	0.134553255191435	0.146168147492688	0.222192206725139	0.357227070527327	0.22171368744578	0.115986130779188	-0.0210843413457918	-0.0201326177499418	0.414858922522684	0.403020558986395	0.291025499440503	0.114340919105345	0.294164536387572	0.368878841643345	0.0488002881007491	0.192402902418635	0.0668692108846148	0.313923800868312	0.114793024298954	0.393163070629947	0.263451642303201	0.36624454263793	0.108195319346247	0.213088438695665	0.215505064961284	0.0438003742833618	0.177060181644772	0.132038936787834	0.155862837898297	0.321066702996254	0.313369389212084	0.35251593151693	0.255639714359113	0.173729411882239	0.237949958489287	0.325008444556603	0.211032714697516	0.408191828771334	0.331464427230678	0.332041867102632	0.138866593533663	0.304106967510087	0.325198270259094	0.384115140871874
0.619213764478942	0.516702365926994	0.664436760037241	0.562546339627831	1	0.676137034847371	0.566252701006598	0.0957439120301812	0.350656611895858	0.425062556716091	0.176887195309344	0.280670794128533	0.205325533332057	0.437000972351637	0.249325726661513	0.259322491804417	0.159080447927885	0.125153527471662	0.14613138403663	0.18709363390457	0.251391541654401	0.399244040291619	0.310563353491838	0.120724007095115	0.341104795158563	0.275636229752346	0.296463738523052	0.141538628195984	0.0243691995686444	0.296082043876733	0.0940718780258539	0.0450772616591921	0.267506349077217	0.173320943210792	0.404896675738593	0.336388690355758	0.149188491358643	0.0269647987460007	0.206573218576873	0.18437213465232	0.098637485782319	0.299295023022086	0.00962814069252934	0.104782838231667	0.322476307166769	0.341180974190483	0.238191187479504	0.215724996175726	0.409657331180178	0.322220744264448	0.385390404803341	0.44845762555638	0.233059813751566	0.498384585477526	0.505006169828492	0.427483917749395	0.196355005085298	0.12156294586234	0.160040174909291	0.231453079625773	0.392427317672578	0.195304466119319	0.122451738385514	0.13151212375259	0.416021374073517	0.415731207559038	0.0525091602091073	0.0576949045067493	0.154576070754428	0.243453749023131	0.161491463711669	0.305616506673986	0.159690432029993	0.475461193380477	0.162447988894763	0.297603044924218	0.226271847912884	0.179076939357512	0.171619652598907	0.0989600873287726	0.10482819859957	0.0355551467579798	0.196624084639491	-0.0829099860098523	-0.115383647869061	0.0320456068642036	0.179569062737921	0.132459709356159	0.348129224173455	-0.0229247888720546	0.179121031021467	0.247028845738677	0.0703663181974574	0.165167066461397	0.0505583527274275	0.168382238331718	0.173015209354271	0.457047909230275	0.102505028076181	0.381622346098234
0.411612017644201	0.328866428301731	0.527528347286173	0.513792366177328	0.676137034847371	1	0.746918406101864	0.165343973499922	0.420854393562429	0.413383894412439	0.16028577815175	0.380343991949559	0.291281227217707	0.27094917391079	0.300958052225045	0.199129098513651	0.219001721277167	0.116736159315039	0.270196472155677	0.208850877498035	0.174419414836725	0.38065895260626	0.460843127824847	0.2073422359879	0.456936038375297	0.24577606794021	0.319527420676646	0.17347306775133	0.0820206310074405	0.202148397018864	0.0440875424537663	-0.00182394912780218	0.266012889287298	0.159836832404924	0.542524597839295	0.396022867283949	0.0742426650568316	-0.0460730648815687	0.275158355947299	0.287430849092666	0.181438546181285	0.220539345981502	0.154683764567945	0.0585002761206544	0.180588977019542	0.431635738513691	0.266880149019681	0.440586081137935	0.356776172761139	0.26295725859236	0.258577808962786	0.274727279544056	0.349528769314824	0.743299913263213	0.609585441297409	0.468603484279285	0.111852498566241	0.226820158873791	0.125096153890251	0.316392715231809	0.483001208165513	0.340029165506146	0.243378293237576	0.0882026432069486	0.147733097185133	0.255578224271259	0.0896883198270528	0.0899228117386015	0.268445697265073	0.35845654794237	0.295628031697183	0.281351610055238	0.213511651644177	0.507107369154401	0.247600594130388	0.277581785411132	0.180872267335926	0.227557157341005	0.057041043006944	0.134137970269408	0.0411919685804117	-0.0527988446332684	0.173799097572602	-0.0454197658138287	-0.114623734288096	-0.0190609128341968	0.0734767819523777	0.223912819837186	0.230430053614052	-0.00575145453175515	0.185922498682589	0.252467648487692	-0.0210389144099806	0.102474477567749	-0.0140801231229527	0.364274717724279	0.170891020343373	0.461268977559902	-0.0175903195146232	0.211803489904616
0.481162526861639	0.569667187127124	0.623491788404608	0.683222287723984	0.566252701006598	0.746918406101864	1	0.111207954232502	0.447356499267002	0.456298877919434	0.22301874457905	0.376809889883377	0.217779489991645	0.142145719327874	0.280977301169459	0.323121909288975	0.0593029576570595	-0.0159234172650315	0.16737651464958	0.241958057648559	0.19764809382024	0.414472136232429	0.36974403987111	0.319081098802982	0.385383479721441	0.122099285557072	0.32481176555525	0.116694515740158	-0.078762969919527	0.0625056231246741	0.150883168526355	-0.0720381885015016	0.245031335281772	0.146231151021081	0.761429444082713	0.528948171381283	0.262776485986532	0.0584421432332842	0.409698474693597	0.281834844755729	0.185616603862906	0.161679549256423	0.244887729447275	0.091340067534233	0.242247546872574	0.316610167185121	0.165248658758447	0.409714413308253	0.304387503133224	0.263867275016382	0.249053805480135	0.398402178983193	0.424616912956568	0.740751842353471	0.656998846018804	0.729666564003226	0.1267408230561	0.152413446345762	0.0812418804582488	0.398950642308977	0.478940989179836	0.31811357369777	0.163460761632922	0.115721306467227	0.101540093855123	0.370802610313101	0.227796717117392	-0.0354371244284271	0.362701699899183	0.309817729418549	0.225915056767249	0.215139700345388	0.209905524595759	0.463322564087508	0.186015575226287	0.407369981248303	0.226482669842981	0.305281644578195	0.0320805517785724	0.0306858258149263	0.106002582823535	-0.0365151809072652	0.239053871493204	0.09753489129697	0.0897443259187191	0.128866914790103	0.180146056205987	0.519627126034733	0.351967702755618	0.19707138864341	0.315424325347655	0.322815265324426	0.0883870820325724	0.221772032999408	0.153626065030181	0.367317156438429	0.132989841472555	0.436116033286438	0.206029682487033	0.42732941535191
0.0853950758406053	0.179097873017018	0.115931502843591	0.148176502757793	0.0957439120301812	0.165343973499922	0.111207954232502	1	0.278494042454916	0.076997065966315	0.170366583351598	0.30370864839394	0.590511783958229	0.3598440148442	0.401046527808896	0.353987340771715	0.441336957386475	0.5934834436597	0.763641795154018	0.583582122066524	0.312740838844056	0.164013740737251	0.369106433559531	-0.0364042534214098	0.478906765382593	0.43177341835194	0.278337872953122	-0.165909456416969	-0.167119228407244	0.214159699921426	0.179404498975622	0.3650396749464	0.485908422983048	0.267558390505252	0.0298067317796673	0.247371740113613	-0.275930835828988	-0.0164611386606731	-0.184994569651639	-0.28458743699476	-0.220538358236655	-0.0367636401847883	-0.0681712685896705	-0.163449496600658	0.163890754349518	0.10219966350567	0.0735083874930964	-0.10861425142897	0.0792783377186692	0.193028626937179	0.184387473207088	-0.00652509817594695	0.224035031692326	0.0371359407482246	0.0263698262900176	0.0985459300661355	0.108735438783851	0.14757147372643	0.239060110216606	0.228896357314867	0.0842946253553001	0.131069374805262	0.258868751908094	0.313610374672113	0.249243497077353	-0.0177324135114744	0.190180728950174	0.522439614190249	0.418222806059393	0.377151942820902	0.384821816600276	0.218272357346486	0.032220220953598	0.303623081493604	0.391246535816639	0.125499456462531	-0.0715873502924639	-0.157736744122136	-0.38231511117841	0.358623653020941	0.170190961384342	0.208238344471841	-0.221067955778636	-0.0499592178456516	0.0569606150998003	0.108661154356429	-0.244626054020557	0.131250910987068	0.0854564337208076	-0.0248925862979552	-0.143349813126058	-0.2804185751222	-0.323185959350804	0.0230996277951302	-0.0146114611587973	0.0749476662941123	0.0486259229341164	-0.0242279892745853	-0.125279487364713	0.0198451205710897
0.23937863276882	0.332397843633639	0.37565730481816	0.423674664780847	0.350656611895858	0.420854393562429	0.447356499267001	0.278494042454916	1	0.517367584047398	0.176397395921876	0.446975104368221	0.170051372429563	0.344939551783331	0.0738853498525322	0.0274394912111064	-0.0281104819013916	-0.0760523280305948	0.218246393689842	0.348218575035554	0.173729749956308	0.361714285128912	0.159936698795646	0.340317591841832	0.435704789243955	0.0875658822782085	0.0757627778745949	0.212292466500695	0.105419976282021	0.137952617917708	0.0779972740384865	-0.266097147058238	0.331531327969247	0.0646074722701993	0.303552376863026	0.304901057442651	0.111515600777115	0.226690134842168	0.382108687181496	0.364028106606843	0.38282219363182	0.294912452912049	0.254183038938249	0.230674606728377	0.275945370325924	0.30000136159989	0.180543239813616	0.438882692439811	0.46348707700999	0.193447374639683	0.240527100338033	0.182581110584748	0.157708043428126	0.354004616844764	0.59800398844131	0.262801840316295	0.498724514233746	0.365057300788026	0.416633330196031	0.826545023920925	0.399209889951507	0.27693548391532	0.0958763449770429	0.29154390790601	0.247706490245892	0.308881784350514	0.0376118973233555	0.231724609005334	0.477024267104187	0.345159983028689	0.192990154245229	0.0211379921772682	0.339899723527228	0.475755053984249	0.0466727847318699	0.231697181419982	0.0366389778933035	0.294997222214669	-0.00264964206317425	0.0351086447155052	-0.186517061100661	-0.222021741286449	0.448840682008425	0.114785127746506	-0.0041606279459917	0.0105710972916758	0.0372341836044374	0.0709494379960283	0.316306915235308	0.0352363102244512	0.223279611134554	0.357397259517982	0.0891278798800299	0.074160283833409	0.0318245299981517	0.401066275732562	0.282126877033693	0.391016618566513	0.25386734520443	0.462940375759059
0.42138635217948	0.466549758144078	0.53938471524708	0.43247534810652	0.425062556716091	0.413383894412439	0.456298877919434	0.076997065966315	0.517367584047398	1	0.525840773793596	0.63080820766155	0.213035657668594	0.388161727589942	0.216204271177537	0.0858875433975327	0.0161668872390847	-0.0158252770854989	0.0545554755028709	0.0132828091509075	0.223435299350743	0.538002726047093	0.174278568244463	0.15518120363688	0.257668471078585	0.074148926715577	0.102946817531386	0.301853663841875	0.354992109166946	0.270322487834975	0.153168545206124	-0.145911366319937	0.31615300333809	0.127400561304088	0.31126061594975	0.222900636544808	0.219641057965562	0.154548893327756	0.385606891988861	0.379905513250881	0.415792479250764	0.525566657953819	0.287190705205863	0.247306741793458	0.310559212251388	0.252747185110213	0.273670964868399	0.298352318474785	0.311942687360705	0.471406991295276	0.263514243104265	0.340816544704714	0.116039520748055	0.362565890157051	0.455446419623666	0.151086463580315	0.332221855485426	0.216413945041509	0.212925832586949	0.493025269894756	0.556725994573386	0.35397136726224	0.224326274190306	0.315647831138454	0.354109261477809	0.311361541396963	0.0637015195212898	0.135109433059425	0.176418154067018	0.128908702231094	0.243170450645662	0.125269313617568	0.102216995579242	0.39521613179181	0.0466764263407116	0.261785427519246	0.127786632680677	0.481554410268479	0.225383032384811	0.0277474999889557	0.0272933544179523	-0.0976729397095922	0.43413337460433	0.11374341209733	0.019999685628551	0.185436834582531	0.0191593345124022	0.07856900601664	0.295063193930746	0.107597452326474	0.159018498314839	0.387104828320385	0.31848222438882	0.149308820861212	0.0502432812909482	0.108336282904132	0.139128409343298	0.461060692212251	0.430919246931562	0.60065773228043
0.316638251086536	0.212601360625842	0.200403976545242	0.0819076784654297	0.176887195309344	0.16028577815175	0.22301874457905	0.170366583351598	0.176397395921876	0.525840773793596	1	0.562255027696339	0.251639253125751	0.308037300464606	0.114340881496723	0.10511759002416	0.151296711483013	0.0693221712131643	0.0976780117334914	-0.012646541446841	0.104254214302338	0.392568567091854	0.250326408311529	-0.164475269004183	0.178161989706775	0.172981502413596	0.0939113651072311	0.226077147935714	0.197273225269644	0.0829157088072302	0.105341863702887	0.0561145285790734	0.303462463146056	0.128867605797914	0.112881303737334	0.113674177846857	-0.0588243023167707	-0.0981267814827018	0.0605383339962094	0.0795745546867156	0.150642087380262	0.260505815715987	0.163134539446875	0.0992635193598023	0.103250874024064	0.124565008388789	0.220780344211529	-0.00756564743182569	0.118784494183802	0.184452518150543	0.152925866827094	0.185616559599303	0.0719304255760451	0.171927222828905	0.0828689868118256	0.0385358503360571	0.280035413950972	0.148762312627746	0.0508806338480801	0.221898676424048	0.394592312174914	0.331300547208472	0.278291278412346	0.272304252918648	0.181858377116039	0.046853962850451	-0.0180446616600271	0.113660539453865	0.0228519468223288	-0.00957610602658687	0.298536920755251	0.199913447136425	-0.0459911510034975	0.237386265435628	0.149283486857274	0.196678362094066	0.0878296112681039	0.283346031443307	-0.0510534849571914	0.0110862164863749	0.137154332722651	-0.0245865610367907	0.0558316958076438	0.0633375120944796	0.0117678931582175	0.219541494240098	-0.211255297088188	-0.0125315364859899	0.246850423567456	0.101161275535964	-0.093992745401356	0.161256001698291	0.139532253516368	0.101479494361729	-0.0307842799486576	-0.11762447122626	0.027035455454105	0.15645821932701	0.115970751697532	0.280686023548282
0.34570343721871	0.342855962529357	0.420472060677494	0.169704376850958	0.280670794128533	0.380343991949559	0.376809889883377	0.30370864839394	0.446975104368221	0.63080820766155	0.562255027696339	1	0.404636581670098	0.335221290570917	0.196519450129227	-0.115657310946527	0.253532831264594	0.0876697900224574	0.13413380159066	0.27030181243758	0.239818589757966	0.699928537387717	0.501476493969911	-0.0211776493972195	0.406717283123686	0.0900731477108515	0.0853060270438144	0.244239784622174	0.210468072432333	0.0790196971188225	-0.0978357615208124	-0.097252899293001	0.493546333019654	0.0379731164996593	0.165239784131656	0.134217602917569	-0.0793142083234302	-0.147101917868367	0.162379037213277	0.139582303253296	0.258027426092548	0.153187330889998	-0.00383255889628713	-0.120794427071669	0.119247625251299	0.308032066102297	0.207351555923815	0.159357510362369	0.271186199240528	0.199988507550893	0.189004467873261	0.212517649142183	0.026520054473437	0.228574307745967	0.289719778924372	0.110636017436558	0.31777778780926	0.342091685044855	0.328748618157505	0.433143037955445	0.782595369993657	0.595682354423537	0.530806844086986	0.311880088373608	0.187544169065494	0.080268373774931	-0.117347609242866	0.1849998860785	0.278872178794174	0.135978810337196	0.579654457076036	0.386123482976695	0.219195658210827	0.541018627166413	0.237761046315667	0.246251512029823	-0.0549831401955772	0.326695446956808	-0.179457021980727	-0.0155519721535865	0.0326320132108202	-0.147842789541433	0.203493493491957	-0.083610565316272	-0.110992304802907	0.0771893882624311	-0.305640023938631	-0.0322963447795451	0.235323728250507	-0.108898024583435	-0.0822701474518954	0.196925616545622	-0.0363656832243773	0.00821864204570991	-0.0208153139589159	-0.0172721236460647	0.0802538014485361	0.461329502601704	0.101938508376701	0.44630941451388
0.171259184259639	0.103163184330632	0.133733374078123	0.00241965241278396	0.205325533332057	0.291281227217707	0.217779489991645	0.590511783958229	0.170051372429563	0.213035657668594	0.251639253125751	0.404636581670098	1	0.339787661142164	0.282581294494429	0.200399321316271	0.574266512442747	0.544097112244587	0.53842833521653	0.232562530518435	0.317460510691706	0.233649691935701	0.345607951341733	0.0531429804370736	0.327902165942277	0.353652633939696	0.239802980151097	-0.0437825456907995	0.063442064689491	0.216739544580334	0.122985999093983	0.303429735147893	0.723867481317534	0.0684259982355783	0.166235726463053	0.277550768773547	-0.297238243636497	-0.163200648536771	0.0150972935440388	-0.140287142257781	-0.0740890972562425	0.0630479739591285	0.0412316698108785	-0.182888717154623	0.0525265569227313	0.13650442010204	0.0774884159227559	0.111022851197977	0.306888593712422	0.203617469210156	0.0287622388042125	0.0298711987956599	0.16320582754559	0.0830150543916707	0.103063215951845	0.173527941417003	0.286057869587314	0.251087986532307	0.270572248101756	0.207752007691493	0.36531605946868	0.331767094190391	0.496214984122375	0.659561433456365	0.187156681132447	0.0851943487927981	0.0285839439571314	0.456775542474633	0.424982678395314	0.183026107896764	0.622497608133724	0.282041223032656	0.0672499932910709	0.356403426798979	0.394816931253778	0.0531741371309562	-0.0822402518678073	0.0286876425444207	-0.128457033518477	0.251729228693879	0.161815736812069	0.230626151451258	-0.0830755606483683	-0.197024332243436	-0.126247532824208	-0.0909523028494364	-0.33432927054586	0.142550727375037	0.138578101827321	-0.104200292223943	0.0118709599836477	-0.14217273664366	-0.304375174169352	-0.0968225487378734	-0.0981559283213359	0.123637355659055	0.136133453275301	0.0852347817269214	-0.124437683931377	0.180945280271948
0.527520901503677	0.410225458964645	0.449625796985474	0.264685672301225	0.437000972351637	0.27094917391079	0.142145719327874	0.3598440148442	0.344939551783331	0.388161727589942	0.308037300464606	0.335221290570917	0.339787661142164	1	0.250117551145166	0.298026432217926	0.116534993592315	0.34635883756319	0.357186436788664	0.237233466761802	0.314655982848345	0.199861880836319	0.169231919888149	-0.0513323835702571	0.337261094997038	0.414371607336813	0.203506424356886	0.237216163051353	0.0886837415174845	0.636480189120305	0.241292171261711	0.251787468553476	0.528625530234918	0.321762167666055	0.0782347198987305	0.0666549620036409	0.061016141087729	0.0844571630667832	-0.0181271389279914	0.0231126711907054	0.0363449088577825	0.486981429666855	-0.0207821031416806	0.0982068686503306	0.467862926316992	0.158445055467463	0.239707866537728	0.0123094945160472	0.457135373617657	0.477978457336869	0.552133758643167	0.352728232362417	0.0540813718971874	0.069486722936152	0.299186707685585	0.0565291538966727	0.334606561358312	0.176758719768403	0.224476265615939	0.247721590391025	0.191488013240864	0.0860168492060521	0.168338783442062	0.367277942279527	0.7349082799037	0.36264510998286	0.207790736920813	0.284394559359738	0.0195272451972802	0.352273469787506	0.171227414483322	0.148724321801694	-0.16152943947383	0.28926754310707	0.106248022576729	0.167478621575181	0.0936795151043402	0.173108985078733	0.0626615115209472	0.335829912227873	0.173836175305465	0.289676997593622	0.138059539364504	0.038466083686609	0.0788195251762552	0.264442394304173	-0.0533638123604623	-0.0955429902921204	0.228122682774544	0.0126062468054443	-0.0767189080587567	0.0632451416039289	0.13172337366889	0.177314918116245	0.118070260035929	0.0511802769141164	0.313951749236347	0.177201308275175	0.247404567014446	0.33779784895714
0.312062440173341	0.283624964247669	0.242887165826676	0.505539768608863	0.249325726661513	0.300958052225045	0.280977301169459	0.401046527808896	0.0738853498525322	0.216204271177537	0.114340881496723	0.196519450129227	0.282581294494429	0.250117551145166	1	0.272004310905797	0.300479282365863	0.220710653382663	0.35167394042258	0.461310219789556	0.399057127420022	0.224290912939429	0.33860701185053	0.0581910790363497	0.249883686274844	0.1320807732046	0.347650215728286	-0.101720225950032	-0.0532640673700922	0.288831109211263	-0.0677168127375328	0.230082633249552	0.159423746403538	0.248929134993247	-0.0131709947582583	0.119686609875485	-0.235081847510709	-0.265844403945967	-0.350226349353603	-0.189708396460492	-0.319238118883584	-0.0179370297140477	-0.112198094618113	-0.145485122828934	-0.0166237077546257	0.159616774087767	0.206463610068804	-0.169814160635521	-0.017798660379456	0.463451128471021	0.223526038492397	0.294693823789	0.27583633069342	0.300420181987752	0.164354042145469	0.196472841698658	0.0346215256816231	0.0355412510368803	0.177013986314023	0.0838405215102922	0.224001915227615	0.0588373267148216	0.259392158606	0.0564365505737704	0.380960702727198	0.152580548906163	0.154884463864861	0.269810035733372	0.280959784157891	0.285560257773969	0.350568314166874	0.380370635163717	0.104062866287017	0.3593334482121	0.491224554294488	0.14385618868822	0.14552851035508	-0.0315963077331354	-0.0209057421422705	0.385760687082166	0.287362989504902	0.270349872143814	-0.300584571148437	-0.0580208177118902	-0.119232360425558	0.107414119305166	-0.138585528433439	0.237333769118118	0.254080653041614	-0.0926909911312252	-0.336031882106614	-0.203715483774201	-0.140753013482595	0.21389692697426	0.161089846193643	-0.147507787026214	-0.0576951901798364	0.151537212223039	0.0951512072101953	0.183797264459731
0.284764079152433	0.419182429459592	0.285991521787346	0.383721283186059	0.259322491804417	0.199129098513651	0.323121909288975	0.353987340771715	0.0274394912111064	0.0858875433975327	0.10511759002416	-0.115657310946527	0.200399321316271	0.298026432217926	0.272004310905797	1	0.045305586047329	0.524676624885895	0.609183164849897	0.299093612414153	0.267556689961762	-0.105516513306103	0.0611425442100265	0.180054051343452	0.242690079004459	0.605134609733519	0.378880957323408	0.0103320665955544	0.00109556715968381	0.505919458688393	0.731050265220814	0.603242130940555	0.293866224223995	0.455654597261996	0.408384302309252	0.527583744707577	0.190073379611697	0.355281184986845	-0.00706194189093744	-0.182933670172297	-0.144915780364294	0.292286756124348	0.365044241853594	0.277371732424219	0.531735025606374	0.0861515159664278	0.218048643352993	-0.0851859394361809	0.147899303806274	0.52551278985781	0.161146946496687	0.163425990881631	0.390744872860972	0.257456969544787	0.0536328806691582	0.441308420765657	-0.0516661011440227	-0.0986227959641987	-0.0407152978371373	-0.0315689559470232	-0.123679864008426	-0.0591774890819362	-0.0240990645056473	0.152927990021627	0.319089976132231	0.285020789113703	0.608008207475161	0.0795820244711933	0.131452336921129	0.340318412992975	-0.0960450555336643	0.0824383530988899	-0.193837135856382	0.107299707964252	0.0793042136648397	0.148853559317981	0.291002583112291	0.0381477346596928	0.0293010221176452	0.42491119545051	0.340471160887994	0.428473132272955	-0.085051243714273	0.25337446830912	0.447271392553146	0.323504706727869	0.215954215948753	0.526816872673616	0.132436415827655	0.347107748748176	0.0690686889985047	-0.147335003704957	0.138755964714889	0.336030870082094	0.205767592392489	0.0992383010006325	-0.0822172124852672	-0.113970693440741	0.079892134249949	0.213581707855862
0.0994057897726695	-0.107437626903562	0.0217785242933918	-0.0749327423593117	0.159080447927885	0.219001721277168	0.0593029576570595	0.441336957386475	-0.0281104819013916	0.0161668872390847	0.151296711483013	0.253532831264594	0.574266512442747	0.116534993592315	0.300479282365863	0.045305586047329	1	0.483199915815249	0.386537770299296	0.216991972996095	0.473074762779539	0.228258663545759	0.317872315002772	0.0456178251288624	0.178411612124	0.230405138015728	0.173817129313335	-0.205937515457063	-0.0194523911274657	0.0897070446122108	-0.0535631084193421	0.301857788572857	0.386881752582771	-0.11525366011867	-0.0820580861108223	0.269256343114582	-0.49370352410394	-0.29648319710239	-0.208276513164679	-0.300500305209925	-0.230190177288258	-0.0448255841744458	0.106737765132987	-0.36940540739937	-0.129507819369501	0.0580273931939347	0.220691674810368	-0.0725595970753358	0.110227601782275	0.134819416780803	-0.0500149664092749	-0.029911126247939	0.207674933361856	0.139135751139851	0.0478942404071561	0.0206847441632115	0.0162287664452042	0.0898682542358851	0.0161743495369234	0.0437506400113572	0.299231991201809	0.30092603133078	0.470888505646996	0.294023829016866	-0.0084678755533765	-0.0627413960759021	-0.20559538462471	0.258351903227089	0.496662628258251	0.0365462058224291	0.597396200254774	0.388478534074005	0.330036996369796	0.272666789898964	0.655748577465325	-0.149506229702851	-0.165458705183261	-0.238326722244013	-0.134598802062491	0.0805121757745305	0.182211692013672	0.140336013012493	-0.345882635940037	-0.334826112814712	-0.40271137056911	-0.320047463345313	-0.330491690779136	0.0714557062571363	0.304177802701542	-0.432379236127151	-0.17673381684511	-0.3278348669285	-0.498016189851275	-0.195307096510706	-0.103785059896402	-0.0240818724768575	-0.0275035894885752	0.11227223913509	-0.371125561512608	0.0111144906659547
0.105379291420096	0.051319423884995	0.0684070343551874	-0.00172512947705123	0.125153527471662	0.116736159315039	-0.0159234172650315	0.5934834436597	-0.0760523280305948	-0.0158252770854989	0.0693221712131643	0.0876697900224574	0.544097112244587	0.34635883756319	0.220710653382663	0.524676624885895	0.483199915815249	1	0.701559731952655	0.317553101264982	0.418062733623192	-0.042304099034745	0.172291852044388	0.11204820848081	0.334643294989234	0.540489002694545	0.343228147481713	-0.0138374381473374	0.00877282573452831	0.348208392338656	0.501422510184683	0.692004112524846	0.537125161207778	0.182391733040543	-0.0114365282910643	0.311050622304811	-0.212359784733418	0.0918598236335142	-0.163078391773156	-0.362577659790494	-0.24240773388697	0.112735090369319	0.141179682684308	-0.0443131219035854	0.331430936453644	0.0324018572192579	0.293970263015436	-0.176172204230002	0.125940168652572	0.35909682379665	0.0570935721290606	0.0312606477771193	0.190042619808388	-0.0280044248017277	-0.143099665135072	0.125222865492002	0.0747112607567558	0.0749014061524321	0.158407029818802	-0.0350855531354642	-0.013488662822959	0.114126003684931	0.292145282504333	0.411236989846426	0.347963893832824	0.19550430493014	0.355679037313797	0.385635246410841	0.250553487875443	0.331881326566131	0.312299950745104	0.237388205683257	-0.0468980009315959	0.220144577007571	0.350593738863548	-0.0195701035827024	0.0769772721021194	-0.155098844878829	-0.215319511150298	0.551800589298304	0.335795650733549	0.502169695318957	-0.277377362971824	0.0223863445403064	0.151533725586415	0.0653491538757441	-0.103521516345957	0.175931349291374	0.116294577269106	0.0121091593208794	-0.111840367201716	-0.369482534529476	-0.166951497823441	0.128505227900873	0.0814033324533505	-0.0218310773540066	-0.0837654825231928	-0.0478898330519526	-0.199061814950468	0.11418310872897
0.123856776245513	0.156552804108113	0.123018220923365	0.141482468396136	0.14613138403663	0.270196472155677	0.16737651464958	0.763641795154018	0.218246393689842	0.0545554755028709	0.0976780117334914	0.13413380159066	0.53842833521653	0.357186436788664	0.35167394042258	0.609183164849897	0.386537770299296	0.701559731952655	1	0.537903576598615	0.303188772615227	0.0666251286830896	0.25560509865947	0.106732383679358	0.513894074643051	0.500668766971752	0.337160541352684	-0.159401748902351	-0.00796154070743505	0.401100027235978	0.425364537266085	0.490164451114514	0.462250020847793	0.254356253147776	0.151468410994242	0.427556529553755	-0.24669752667914	0.0832148240460023	-0.13634197713802	-0.329034488474259	-0.1435524452276	0.178011545396562	0.192493637801616	-0.0581814871265003	0.258171984475671	0.0775149983631433	0.180668542900364	-0.109044024281571	0.122678137889805	0.392905646936654	0.0302653924199995	-0.0829160901501937	0.348054215690847	0.0970352897981239	0.0743350403715917	0.177130555715235	0.0759670471723145	0.0682804088322393	0.109066368937859	0.147610820700843	0.0784672924190984	0.131417935879976	0.216033454906243	0.313562491324737	0.236326699267981	0.0684905951388371	0.309535998402875	0.387296312716124	0.425078286226716	0.399752170743564	0.301884584795022	0.142216769314938	0.0604068682627492	0.359019844351158	0.27942993875298	-0.00524141619876083	0.0474869524313284	-0.177247255741345	-0.189792232280145	0.376481032166533	0.102204128918732	0.258109857324843	-0.206155448928715	-0.0262719375359151	0.0883730845539722	-0.0105147992966365	-0.11336563531402	0.286712414653315	0.0339427966387284	0.019669040435527	-0.0789288444082463	-0.344844630193756	-0.27164269668424	-0.0166859538684645	-0.0883082826678932	0.100647814875324	0.00710625509297706	-0.00296882924775882	-0.111921170749669	0.0494703005641387
0.120011028863918	0.221381617815441	0.163236254212484	0.333221982610902	0.18709363390457	0.208850877498035	0.241958057648559	0.583582122066524	0.348218575035554	0.0132828091509075	-0.012646541446841	0.27030181243758	0.232562530518435	0.237233466761802	0.461310219789556	0.299093612414153	0.216991972996095	0.317553101264982	0.537903576598615	1	0.301609621275339	0.164428617878548	0.327421187690856	0.0886280110813936	0.606482384999754	0.18335368974943	0.345910159804402	-0.218028537398832	-0.192344164532314	0.266961635602291	-0.00346460771592841	0.263752807598231	0.286176237486483	0.145422095771894	0.00706068359830374	0.177886755619846	-0.246051435056595	0.00261494560396992	-0.261652651088744	-0.334779931986868	-0.216317832571579	-0.0895617365583246	-0.130117699597863	-0.192518046509733	0.180427452056241	0.106298774682102	0.0475271413565288	-0.209020894792815	0.0411564877336032	0.254492581238606	0.0811965436360708	0.104212594917347	0.221454390888388	0.141326035562292	0.0998458039470679	0.257097530442769	0.159215326165556	0.106425152622617	0.272119722371095	0.29637500350252	0.161895068443069	0.207533752640257	0.2143040776772	0.0957963723142631	0.242219306858671	0.09256848059116	0.183080117918457	0.27495951430534	0.462334501652793	0.513720541495119	0.284294598284771	0.329451142153232	0.222734695951599	0.461561511083756	0.379586335018745	0.0757816151644431	0.0304094914062928	-0.207066857970448	-0.277514262925949	0.295114739341903	0.144098268427466	0.145568515544409	-0.218824699692771	-0.00294197632949867	0.0205557441586955	0.0448949141740292	-0.153785968526404	0.22092147107625	0.179940434473892	-0.056444836456772	-0.246867079401874	-0.305435258086346	-0.262593928028063	0.0665835937523122	0.0173215410284171	0.00896189938852023	-0.14365216765225	0.0223411071342036	-0.11136212621471	0.134796167046985
0.176158973901783	0.122057579587463	0.151252683651744	0.173268399717092	0.251391541654401	0.174419414836725	0.19764809382024	0.312740838844056	0.173729749956308	0.223435299350743	0.104254214302338	0.239818589757966	0.317460510691706	0.314655982848345	0.399057127420022	0.267556689961762	0.473074762779539	0.418062733623192	0.303188772615227	0.301609621275339	1	0.220784561941218	0.287883780390231	0.180267283675296	0.28550695311629	0.335711540300801	0.41636357636254	-0.0735010846902955	-0.0710426967890651	0.237240188394496	0.189027622963336	0.306436781744619	0.3740733959822	0.14343917436118	0.0931121738653786	0.393667681122518	-0.130320687285789	-0.0271040939245977	-0.0699737569350823	-0.214644017443151	-0.245759518048687	0.140518766544914	0.166290889177757	0.0274591076424106	0.233765992116725	0.235029131886787	0.489608391533226	-0.163359064287384	0.189514411675203	0.529482644623539	0.126903495690511	0.0502911114950335	0.0134796351150624	0.135691765215221	0.199085991497844	0.1254559937394	0.122300885239516	-0.0848003947387996	0.115463352034677	0.0777406817871913	0.210025305597121	0.100361734699177	0.382989653378359	0.312697278643589	0.332433852700205	0.445019974261261	0.211712678124559	0.0987716424412204	0.380698305601123	0.329943676554526	0.303846247531002	0.406861669179711	0.173660200693981	0.473234763251654	0.482131325974104	0.22288343764264	0.264459475980934	-0.139048008487796	0.0177659721796348	0.334985161957524	0.352550699690329	0.441974681244817	-0.0984259102707282	0.19185701423619	0.0569427048207024	0.102091312770069	-0.10704299219454	0.186072717337517	0.540689834040515	-0.023391436082155	-0.137135412254545	-0.220336595054954	0.005360736402764	0.285465716316126	0.398366267697651	-0.11218940757179	-0.00957599328523247	0.278263839769824	0.143544120655271	0.38766050931642
0.2887626060913	0.340453262974952	0.432562533326458	0.366782450123569	0.399244040291619	0.38065895260626	0.414472136232429	0.164013740737251	0.361714285128912	0.538002726047093	0.392568567091854	0.699928537387717	0.233649691935701	0.199861880836319	0.224290912939429	-0.105516513306103	0.228258663545759	-0.042304099034745	0.0666251286830896	0.164428617878548	0.220784561941218	1	0.515207883002002	-0.0409672400185977	0.342525288321167	0.00899787257931453	0.171279233191477	0.232898067484503	0.0997748724376487	0.100859065556473	-0.181661838968742	-0.196941544645137	0.254323356473162	0.0567485247542293	0.158314924432365	0.163723744014754	-0.013763474944991	-0.266207611058408	0.0994775072287811	0.212976203057484	0.159372929234357	0.133476508236392	-0.0457582923462504	-0.0653040667407684	-0.0139468381103973	0.354529745196888	0.165544291144357	0.152609539223946	0.119131473595536	0.194456334676569	0.191857115685572	0.299939273640544	0.125403471064212	0.278768540325274	0.323150025335972	0.21426486953546	0.274015675268213	0.305211213190808	0.26519962216924	0.378000037360984	0.645502565306094	0.372189226057277	0.327728584733212	0.145681937182218	0.185970758478942	0.148789800294542	-0.235853329825647	0.130382147894752	0.356722707422073	0.155918945062685	0.434395344027375	0.309687589063759	0.26725642158383	0.528081877511638	0.275849400164499	0.253187471224438	0.042622790876419	0.269649926963382	-0.0092950095035168	-0.140873128570361	0.0459038512033243	-0.212152266628204	0.124804736962946	-0.184272549938515	-0.26920359616598	-0.0388359631686197	-0.172449478832552	-0.0362975499990282	0.352000433037048	-0.210451422987233	-0.0295616383616928	0.234142699130876	-0.0467313401828349	-0.00191879830463102	0.018946877083159	0.0977943281740072	0.181136913972475	0.494213787077841	0.11066420651803	0.451434122078042
