1	0.59033859429863	0.647522074890966	0.4805592004643	0.515493042864735	0.416017473859002	0.187931565325686	-0.016741165422607	0.051469070328065	0.211568500774876	0.0762942285349984	0.170083636183508	0.184345564358163	0.348573349703945	0.335014241436764	0.234597239897513	0.225330291499941	0.0308614126544137	0.254702833165811	0.0194894164094837	0.192205929067304	0.0956332589555867	0.11066459464701	0.0253520277596064	0.0721533572749073	-0.0194339407337075	0.090866091345835	0.313188210534245	0.340034306794296	0.203069810543771	0.143627174761211	0.123519775700639	-0.0101724954855779	0.111273418509847	0.133099126014974	0.111991043366737	0.0735402232123477	0.122142220601938	0.016502852837648	0.261786102186151	0.199898073292491	0.27331072842376	0.0637867417082594	-0.0216349102979858	-0.00776503250311534	0.145004541506549	0.0632005054340949	0.184852766435116	0.189510367320397	0.130796042280295	0.430077582204695	0.578906101530851	0.267518474184125	0.461811011638802	0.209327283072655	0.362132178206197	0.0877099797507294	0.127683860105521	0.0526967974549968	-0.0140588071617429	0.129508252731043	0.0432598281550642	-0.126998402293654	0.220551312123095	0.310565754503507	0.174801456474506	0.0913582684438161	0.00983654077752041	0.0683930872182102	0.189042114570496	0.125139000054403	0.0447785729216527	0.00752625325890474	0.0652712416868098	0.0742285322873121	0.0724233035052326	0.0796093780750082	0.320318064994383	0.245795108633855	0.134841114642437	0.286944210417705	0.199717111339773	0.394599189322851	0.0544906714048118	0.0435388880047184	-0.0767362305951164	0.0483778446123107	0.0511960731057627	0.175764780681031	0.0214646534223577	-0.069530622376709	0.165454962340162	-0.0663882121206921	0.30647496925304	0.0641312166918846	-0.0160302771269951	0.162061646843071	0.229830771321786	0.342561893416743	0.400881726990859
0.59033859429863	1	0.561325439756126	0.464548556022017	0.169455168967863	0.222294910628897	0.253507335037811	0.0747701437517491	0.191545814294995	0.245774596722645	0.019297018173137	0.225412989263722	0.267242777437958	0.377728515338091	0.361602555773065	0.423737504597476	0.247659501818567	0.246039557322981	0.399450933850244	0.226852864980071	0.266101329688316	0.00974451734878868	0.0521199285421447	0.139431901216741	0.137602928225288	0.1042499444252	0.0297112486961674	0.427803916716784	0.52169727325652	0.420751285828472	0.383131946864268	0.139658310262705	-0.0854969436785265	0.263766750141439	0.232799296792835	0.381081562770905	0.065905185321873	0.248740190413508	0.0723133670143694	0.44082051497819	0.314665870553048	0.274451329614696	0.234811113038669	0.107654781872791	0.0749599273351758	0.0248016205957707	0.0842257742848109	0.114583801302108	0.235479941392514	0.167067552437874	0.429731091815485	0.570197707635892	0.412537735823313	0.159935355867447	0.0608530863838183	0.428102011600878	0.0220884857569132	0.15495555657784	0.0901035990578106	0.0736497127858251	0.0297180652693323	0.0802043300399846	-0.0264348276539573	0.0563695324518668	0.49232918661921	0.281334078459828	0.315548154868207	0.0234271585010623	0.268653663285028	0.230284351557404	0.0812670337004257	0.02166505680509	0.0164169916348893	0.0292603772707004	0.149559863698884	0.150175851729402	0.105268951490814	0.298829764847362	0.519718075320796	0.219371017032355	0.445406990868418	0.226433009124296	0.529582801130105	0.270097098359449	0.207222245186712	0.0263911295289289	0.108988270710101	0.229708482410533	0.204959825473711	0.0814219831848451	-0.075705997306554	0.163955755016709	0.0805221176911665	0.335100524839691	0.0495527279605034	-0.118462083273874	0.340004652918965	0.249173158486815	0.326238449616287	0.296853168074825
0.647522074890966	0.561325439756126	1	0.579121519607039	0.47812528097803	0.66454141838639	0.456600063997793	0.123861869000057	0.194329870842622	0.195032312322358	0.00657342006155338	0.245866614031112	0.267259267807737	0.17142127523551	0.262977942562593	0.291291644410974	0.295051884737723	0.186970055935557	0.35564402650825	0.181636866414861	0.192129291416022	0.116124945233905	0.251291216459113	0.119625774865575	0.134497359825403	-0.00226996228922892	0.121072129679179	0.216256135335485	0.193356883092192	0.185434667794775	0.219796874387659	0.113768646017752	0.095237491209337	0.014628108915277	0.213105494827373	0.252105990798349	0.0956160196524816	0.136397676353977	0.0963636816518887	0.103377180365882	0.0328863210801193	0.178866776016609	0.121505982124688	-0.0764082176871002	0.14890966160998	0.145963514139166	0.0347682412101274	0.31637047207425	0.233119524239731	0.237573459884423	0.331431960817462	0.571254631835662	0.325537377536078	0.573924441138841	0.223971017170723	0.437600001038264	0.179639994648435	0.122561311533613	0.111275361198605	0.0976659876782739	0.0949014669490371	-0.0178283885603755	-0.101222341626064	0.168769821303287	0.254834322438702	0.210675621668317	0.0880792849215862	-0.00470866503847797	0.24164354129562	0.274856638392967	0.130779463943758	0.00686172596280588	-0.0302852862541779	0.118211643542576	0.122846165807298	0.0590235653490801	-0.00447870521838652	0.117495555284898	0.359815519184482	0.169092133746606	0.310312944271064	0.148155275090342	0.435191256846216	0.127814268510377	0.0967191621350635	-0.0349402974174365	-0.0895678672930223	0.21973773121159	0.147967566564159	0.106300452937274	-0.0826723255720653	0.111907915894471	0.00253855171200678	0.21477006565848	0.135434139397021	-0.17111998127074	0.110457932189495	0.316889891882252	0.154549974255102	0.307500840519086
0.4805592004643	0.464548556022017	0.579121519607039	1	0.327970484935954	0.502325596397435	0.583027542135371	0.101155061602563	0.266653282613133	0.283369558338783	-0.128002249023845	0.367711840593387	0.16535117632424	0.0905705959668873	0.647933836203232	0.455240008739512	0.233841437266663	0.234376455349304	0.312674507951242	0.172313997825136	0.227488268864879	0.114850671095894	0.0670817789145506	0.120344100514979	0.175070724519506	-0.0290789045778403	-0.064653828130584	0.213558393692796	0.142764567063514	0.180153397371665	0.329104725149841	0.167594612024024	-0.0210536312029353	0.0984437858858958	0.276526708241138	0.135217944727965	8.29675063534579e-05	0.0332051547105165	0.0350459991716145	0.237512837075975	0.103084783380531	0.16344012208789	0.157463008418907	-0.198385413263288	0.0796785460379897	0.0306438180369153	-0.0318752997593663	0.294935470834848	0.0310450972125663	0.275769180802239	0.164064926802783	0.255540448113546	0.219659369449038	0.521814155049916	0.301731107062108	0.446979217456387	0.155821685829127	-0.08198704702833	-0.00782805378826605	0.0406995374484409	0.067083255492869	-0.0347453237139144	-0.113288036087362	0.0563778656403492	0.0676797938451826	-0.03198571294324	0.00308736298739324	-0.0651563308659078	0.0882296428806721	0.178502176858265	-0.00176008825308654	-0.00460326942422464	0.146702117937265	0.084547705830927	0.0976223407702558	0.00611181586941671	-0.174804914165759	0.250244006817087	0.305931905528826	0.0431850371152737	0.156406527268255	0.126485484313173	0.274639343320639	0.0552471509721234	-0.0494492791930748	0.0392244612334555	-0.0798803063131188	0.122859365075945	0.160497205621462	0.196655101303826	-0.0659953170694565	0.217703409602089	-0.150589346011957	0.261616275709765	0.109043027799684	-0.00934111637035973	-0.00146223148547002	0.28274934704052	0.0695461352907418	0.24459433792927
0.515493042864735	0.169455168967863	0.47812528097803	0.327970484935954	1	0.532639627994118	0.274657199108529	0.0211925236504306	0.0490259959235355	0.207289977090798	0.0944121883382729	0.123413069066748	0.0350008575298755	0.108084068626225	0.197626854827203	0.061792877034402	0.144287667604453	0.0599539374353345	0.100794809666897	0.0104198844273745	0.135043202425195	0.100307348899309	0.172427469247981	0.0337430844510114	0.0591072994504127	-0.154400938461838	0.16077268830628	0.193787072756707	0.10496984971881	0.0612482404960932	0.0250580321645889	0.176438315912803	0.23368701683912	-0.123895676649756	0.13210326059191	-0.00801537511774195	0.176499107714525	0.0867799472441021	0.04850654208804	-0.0351488845085058	-0.0215567933963521	0.00324762709684188	-0.0482592519481273	-0.139459738688539	0.0524231995355824	0.3231353159569	0.116205274132513	0.292400813447197	0.0841280485113044	0.260379631395343	0.161187283534131	0.189732053481848	0.103731532735653	0.550214571385558	0.311867512173952	0.0798421082624028	0.0902508990607904	-0.0505745503055842	0.118574964216583	0.00567070415830423	0.0676301768309205	-0.0726925602958676	-0.0350434215515851	0.222179927540785	0.0444776733896397	0.048687194154423	-0.0267893197432068	0.0520960306771211	0.0397984865644498	0.0601999450051596	-0.00523531627961043	0.224591837171144	0.0783680146731567	0.082776913687754	0.0750678806835149	-0.0485775763460261	0.0295258101666569	0.145298080186569	0.110524902597043	-0.0276198120420545	-0.0175828833037437	0.069058137967925	0.133379735829591	0.0602243838862932	-0.104762755504093	-0.159780446839247	0.0244251870978563	-0.00710908174008145	0.0785055131196573	0.134460185098648	0.0404955252697589	0.00913111164215499	-0.0187863498613548	0.218950986351736	0.200972490497689	-0.0381928907467246	-0.0136018072039551	0.0732860815443751	0.0958289613579529	0.112820158205998
0.416017473859002	0.222294910628897	0.66454141838639	0.502325596397435	0.532639627994118	1	0.478998182899878	0.262821413342519	0.357881735352599	0.125756134483299	-0.0384936926364113	0.0782742576160599	0.266582992325722	0.132741290037997	0.234594430111351	0.29490372451112	0.261360520021839	0.16909282270404	0.271531778306173	0.323334284355531	0.158816956137676	0.185126286228929	0.227734497299861	0.179090312743265	0.170102825014056	-0.112118199830756	0.104692330064281	0.021457082381814	0.0807455156951067	-0.0140288305593467	0.221759072117777	0.166943075772858	0.269314089150711	-0.0676745966506506	0.250531801972691	0.202023551820558	0.193485290602867	0.040644298445347	0.0400616486185636	-0.0284490580848282	-0.0980517797500904	-0.0261182695535398	0.0301548706128773	-0.241057421930843	0.272004959213045	0.352931124214175	0.0870023129686204	0.371805583425065	0.113396118428318	0.32874203125136	0.169467876075371	0.180302358105316	0.23025704676694	0.563137277372931	0.305702615761825	0.367725102358253	0.222342740929973	0.0959230559344876	0.229633603175832	0.287407626511989	0.0443014210274257	-0.13066277758854	-0.0335435686182619	0.256281612800225	0.158160607095868	0.163975207522311	0.0825246623484038	0.0532513352237267	0.228705773207624	0.357682167188999	0.0487793986793285	0.157290362477818	0.0816789718381859	0.221099565989524	0.150673049741753	0.00622135478187481	-0.0396219318997594	0.0560935137994321	0.131591033054307	0.147302815271769	0.235140135243564	0.231518497649071	0.146289180704605	0.154423761070996	0.0407952144632172	-0.079378722112879	-0.0271134260402211	0.183183798270757	0.211539287483259	0.11551276909477	-0.0349158238654928	0.0166345389339013	-0.0933211711651472	0.17433267222809	0.193973857543457	-0.147920771829611	-0.12861258260535	0.296587254297766	-0.0116350599045364	0.226842982798595
0.187931565325686	0.253507335037811	0.456600063997793	0.583027542135371	0.274657199108529	0.478998182899878	1	0.356415548699235	0.37274426545208	0.115489846733205	-0.149301549797225	0.243383039192531	0.141374652082224	-0.0772638892177115	0.280579638538745	0.464749358747163	0.0243696716677512	0.207346212109967	0.271633793017158	0.271010150986952	0.048106322384793	0.0465510800870544	0.0998922604673203	0.387481545239255	0.101327009151196	0.0918044369063093	-0.00448015748560881	0.107578590614678	0.06806146431464	-0.0535102801576649	0.28360934399392	0.16486743123048	-0.0105222306142297	-0.0233940127460046	0.734828953690061	0.357002110087226	0.327449639056794	0.206574751219055	0.594526782668802	0.332847606561448	0.0657157155812498	0.104683773216945	0.432071900657766	0.1384813026706	0.316212599578072	0.0558175365729678	0.0557997542519653	0.65297986595039	0.00812040093223533	0.0931758871823986	-0.0103042145416626	0.0147546168289176	0.443338204541902	0.390345547983338	0.336034896550071	0.476746697443946	0.171657181092738	-0.00324555020134401	0.168059573355065	0.139903190071721	-0.0980525041965585	-0.11830591909401	-0.156154492389131	-0.0389479255610096	-0.160018499518323	0.0514501893311064	0.0960480376386383	-0.000466139459244853	0.226836856959421	0.0293393685560639	-0.105929682957808	-0.168914820746074	0.363778702534386	0.0429934522233616	-0.046703146810587	0.264797282555605	-0.16422531465563	0.11015831446294	0.209599269868325	-0.0310936964251778	-0.0112116425950266	-0.0676743723004656	0.227454063210313	0.0520432147826811	0.238507049655616	0.107457879297565	0.138693079457328	0.385955529127902	0.0165460946454945	0.480935091558378	0.387675012374595	0.371634579131085	0.255375064894126	0.0130953503919376	0.259940995768047	0.159619205292626	-0.0375146778184236	0.152770921914104	-0.0688646751356926	-0.00531084535531584
-0.016741165422607	0.0747701437517491	0.123861869000057	0.101155061602563	0.0211925236504306	0.262821413342519	0.356415548699235	1	0.578994521869639	0.0801594569482467	-0.0396914085190057	0.12074710067517	0.346841997932683	0.055472310866393	-0.0508455623991907	0.423266169143291	0.0914202864822415	0.529659555712758	0.629303512687641	0.648688731873812	0.250530387123125	-0.0877438792454561	0.158971315626132	0.431011673926285	0.364161600656448	0.27511714452445	0.107305519484511	-0.184011018873339	-0.0405086915039506	-0.130739173084891	0.446138517177203	0.27392220500196	0.2257119200015	0.167005175221766	0.319000819294509	0.442646792213957	0.218484898199672	0.512523096499194	0.207333945536043	0.234826818701504	-0.138354983718369	-0.00243507106906215	0.404632308364346	0.42675929906185	0.630595817709829	0.11266579247145	0.244290042413741	0.126563125746642	-0.065578206273279	0.152629384714596	0.0812471080559666	0.0252068021880756	0.330594852882561	-0.00843252852579158	-0.0449152609415485	0.192023037637077	0.265886544629744	0.231039401870011	0.337126286249055	0.396017599742416	-0.193280228291851	-0.175485112237623	-0.0171857134967129	0.0530894039022612	0.03748306006239	0.101942222970469	0.241250748172327	0.199570383095223	0.435718514708675	0.399267551820043	-0.0538907921477798	-0.0397997074889509	0.282052941485142	0.418024621257859	0.175554813084618	0.297232474837947	0.104431208587261	-0.136598713736785	0.0873716707851922	0.258624747248864	0.235328588049889	0.290880127959574	0.0520679339414005	0.268336191636198	0.382706732547643	0.249144251222024	0.119748798179931	0.286988871184564	0.135604972998148	0.434433887352058	0.0980023887029974	-0.00847616756221327	0.381465043141643	-0.0757091459920052	0.115022574458816	-0.151463674889202	0.117132472942152	0.0905954613549098	-0.286366279915708	-0.0434229532838625
0.051469070328065	0.191545814294995	0.194329870842622	0.266653282613133	0.0490259959235355	0.357881735352599	0.37274426545208	0.578994521869639	1	0.110271660746792	0.0695410436884983	0.266719593329864	0.295815282582321	0.0763510377657331	0.114515641867717	0.427776555152196	0.188340027196762	0.357546080640218	0.593358257424747	0.56183281466254	0.237122349633593	0.237210838723765	0.162415516873621	0.542476371526625	0.398754523331124	0.182650518185216	0.217921744139371	-0.0258278473950115	0.0661047701224532	0.0449979131268236	0.3767479182749	0.27277002711709	0.296348287628001	0.110997241415037	0.264709006434691	0.464288435935421	0.26414974111419	0.32825697244563	0.078736367146621	0.110093517082193	-0.059050700164351	-0.0111145902264684	0.161427872155833	0.144989583626175	0.410813935356614	0.0596069024899658	0.135124447841275	0.235102473732216	-0.00607238661925221	0.248704129925839	0.107252656977172	-0.0357196218979091	0.234971944927569	0.139311026775489	0.082624705148555	0.314233048604198	0.47166097394205	0.460950319586459	0.587865905373262	0.747796022382527	0.188688766701814	0.144580498881415	0.20556811619272	0.2637607431389	0.233516665553812	0.142215299262065	0.289106258863436	0.3232931740468	0.5845237302195	0.468624983849563	0.167858061631488	0.217709625099665	0.400494581384095	0.412529063523974	0.291525755207181	0.251018328518758	0.0972266309853454	0.0795521805563515	0.134377094739942	0.31245621899839	0.232612440748887	0.268106480865072	0.135345855228531	0.209842668939222	0.142646425201781	0.0692269908579943	0.241522067163586	0.279540625965926	0.313254083974607	0.323401295647092	0.0554122461604189	-0.0272146081308927	0.12969287970238	0.140158322082058	0.147923392607079	-0.0588566341312794	0.0448796398119429	0.235816891474142	-0.114602979603395	0.257705084392739
0.211568500774876	0.245774596722645	0.195032312322358	0.283369558338783	0.207289977090798	0.125756134483299	0.115489846733205	0.0801594569482467	0.110271660746792	1	0.299395673120872	0.533186552685702	0.213500359246355	-0.130195335275772	0.358086542573608	0.193982363425432	0.236664677028146	0.145362804053146	0.175466045848505	0.170258946907865	0.467629159617426	0.37011178242017	0.159955428320825	0.128087703337005	0.319688943818787	-0.0318223475305592	0.0520865852620394	0.204024635202913	0.132240930447311	0.232124888280463	0.15848105841638	0.115915095916553	0.0946779434349518	0.203264743327903	0.0409651968907761	0.0911048898072971	0.0107697782495984	0.0329122439093615	-0.18813631112133	0.12968491326782	0.179383457073801	0.540757254886301	0.183261680798426	-0.000618120094783789	-0.0606136935281816	0.317253530603542	0.194352118912889	-0.0827931723787733	-0.121489140757655	0.461884073163795	0.12115026584968	0.236284188225126	0.0263642650841103	0.143829676949699	-0.0944803253886798	0.133583356964486	0.126406515433959	-0.00984318628329598	0.153402161542873	0.23221857201227	0.266213597172554	0.287555007821589	0.135023297680258	-0.0904489752986601	0.19331133888075	0.0556513367760672	0.0168954403414636	-0.0414306535064391	0.167261191207199	0.109448619188847	0.0750614738105637	0.135967592625989	0.0648475258357108	0.240858595631184	0.173093328750084	-0.0549771356963478	0.0821234226016959	0.210063090520369	0.200267398089434	0.190062659820113	0.126039252017415	0.134638558079735	0.304734896287989	0.0972482083514136	-0.0964393838461865	-0.000320133234834536	-0.108527017543689	-0.00849029455658734	0.109706603817735	-0.0185232773211233	-0.320941259610071	0.0198185960097315	-0.0317395565274145	0.143518749062177	-0.177846516968325	-0.351341317905359	0.0885390867357808	0.0931297165454232	0.219728869141085	0.0739974730450223
0.0762942285349984	0.019297018173137	0.00657342006155338	-0.128002249023845	0.0944121883382729	-0.0384936926364113	-0.149301549797225	-0.0396914085190057	0.0695410436884983	0.299395673120872	1	0.308422731421023	0.136608358360734	-0.0102131618950605	-0.128475424497788	-0.182932060861781	0.126965607190059	-0.0998243910757626	-0.031262026454702	0.0373761096469068	0.166221661566591	0.219792417354075	0.353196402747932	-0.124877235673841	0.102537671878656	-0.0370223766073381	0.076932687435562	-0.0481032124042206	0.0753926719917034	0.000722521761883458	-0.113711629762804	-0.013204897558248	0.237397506652299	0.106282486298786	-0.111677068174192	-0.0616968126665466	-0.0150054175429692	-0.0414352728184811	-0.0610714556848858	0.0031819856808618	0.11744877197334	0.098059318614164	-0.118367176374067	0.0558271136704868	-0.103401934059058	0.153338847871732	0.0995819233802405	-0.154640957827012	0.00630128236965471	0.0615397649888577	0.16322454693325	0.238576139508431	-0.0884343395512677	-0.152702297826819	-0.178391388094756	-0.121613863918804	0.0474214387830643	0.178217040674031	0.101747427730178	0.0782492070290908	0.208437835171732	0.339504049567965	0.0228948892187296	0.116996400926493	0.224943545105289	0.153956475245779	-0.162133355284061	-0.0196885008135788	-0.0731553621632655	0.0414223348396947	-0.00395272004783879	0.171280555208845	-0.071453263286992	-0.00364892993007106	-0.0594304648773373	-0.232152491499769	0.141098893722552	0.0384896046992431	0.0155719580165549	-0.068196277967482	0.0509523463061758	0.0317981842836889	0.069059644071788	-0.206937919998157	-0.10000803317982	-0.178103204490955	0.0849433293313419	-0.24201167135047	-0.159621441397495	-0.159790851462135	-0.109600194655796	-0.0420558569877508	0.0215233205188512	-0.169766007183232	-0.223331612343414	-0.24049752189908	0.05980183409707	0.0619760983674996	0.167959057865758	0.136599824030717
0.170083636183508	0.225412989263722	0.245866614031112	0.367711840593387	0.123413069066748	0.0782742576160599	0.243383039192531	0.12074710067517	0.266719593329864	0.533186552685702	0.308422731421023	1	0.299367279017965	-0.0459720697053256	0.313495885689732	0.0563195603355053	0.186737783207722	0.190473096804311	0.226447509660714	0.215612837487551	0.293329485566256	0.363600087336308	0.401310128004209	0.14348937030911	0.203802976325194	0.136546729920088	0.0792754978511247	0.125974078342372	-0.0329956518718409	0.161380544803622	0.0209517136995794	0.280913265702103	0.323849601949344	0.322769845671397	0.0304173877450477	0.0526764439246548	-0.0437788503780752	0.0845185985413761	-0.00996560007480744	0.169484942515246	0.155053228842224	0.275809579253021	0.0290947232158918	0.0683333263454494	0.0455152134241177	0.223555994059366	0.283413156795152	0.018018260529202	-0.0502682339265713	0.364222700068463	0.125377692076467	0.211775890756026	0.142103083120588	0.191361575222895	-0.0021579619012146	0.124239179805666	0.194956872352931	-0.0471533206038863	0.0633969201701642	0.173056624661093	0.257223316462027	0.211672132639281	0.100204381154762	0.00525363507473341	0.0616858702078485	0.0877072406170549	-0.113867526398611	-0.0289116649522924	0.19401833403792	0.10566612917125	0.0214823310840857	0.175349161005369	0.148375837633719	0.137359383277472	0.134517781017693	0.124197485164776	-0.0120682463346165	0.2720130830276	0.147086834676647	0.05520683660018	0.121608615687491	-0.00680404775882234	0.142051067238277	-0.0768234169668015	-0.0907846485464686	0.13272152549676	-0.0707732852663984	-0.034525101972601	0.084925226699951	0.0991407716591551	-0.0135994044339004	0.210684791333591	0.0380056678327835	0.0495653928352118	0.0560698879356214	-0.0297750900531328	0.0372871455522979	0.17908392563816	0.0735425399652694	0.0992567857283359
0.184345564358163	0.267242777437958	0.267259267807737	0.16535117632424	0.0350008575298755	0.266582992325722	0.141374652082224	0.346841997932683	0.295815282582321	0.213500359246355	0.136608358360734	0.299367279017965	1	0.0555138355283981	0.129231865110885	0.384301088989843	0.468477438550594	0.293810631118032	0.408937563743917	0.386721441088639	0.227674559989644	0.244759653732024	0.193201689883425	0.296205541501018	0.347622753962867	0.383104171986528	0.320430793925093	-0.0734394109823732	0.0640857818406972	0.0953114649827045	0.357417800167117	0.394871768596528	0.360693419030968	0.293358477254904	0.155768678597326	0.345205125282865	0.0648034320190809	0.117221761566756	-0.000577177009066341	0.204603592740467	-0.0579898957887068	0.0354450916373225	0.187448166497655	0.269979136629327	0.273460956930106	0.150942350201103	0.285697181584653	0.005858891584053	0.0253901207013708	0.256167311468024	0.0814976441019521	0.282486360757481	0.225377169856576	0.286010459442095	-0.122088616068394	0.216399564274933	0.255691048598207	0.273904970943923	0.163033446782328	0.339236804383503	0.243923483770891	0.0884079225826291	0.0615792975131955	0.214391695213693	0.241922862672618	0.247185545656362	0.200329644086689	0.190478944355542	0.324522108248989	0.421754077147239	0.230248162243335	0.188577268372608	0.0611682014407736	0.384036584833923	0.173109784574451	0.20096445662554	0.336983577032636	-0.114782109994012	0.0722153600633961	0.243862411288398	0.274672308485824	0.258894563183922	0.149050774488818	0.171075444985242	0.252410687242826	0.112436876489465	0.136351607178341	0.178910271869113	0.193807030290081	0.101928025250698	-0.0716104376355258	-0.177774196621036	0.170574455793202	0.0977835367545369	0.0170463582977329	-0.319472824315064	0.128379517382365	0.186325224459811	0.153407393695477	0.308157176317179
0.348573349703945	0.377728515338091	0.17142127523551	0.0905705959668873	0.108084068626225	0.132741290037997	-0.0772638892177115	0.055472310866393	0.0763510377657331	-0.130195335275772	-0.0102131618950605	-0.0459720697053255	0.0555138355283981	1	0.200927625726733	0.196314945502641	0.0500150521341226	0.0517095963827174	0.218316918336579	0.0648600341456006	0.00870535685927508	-0.109093507591993	0.0956611355190553	-0.0325083595413144	0.0274206129927321	-0.0342139618002805	0.0595869764265105	0.0433801556070507	0.32031892508807	-0.00373665961224362	0.116314274231191	0.04693418594173	-0.0089210200650131	0.115300827275009	0.0317900272174083	0.0935141804187903	0.169083587713492	0.172815834921963	-0.0071722113100949	0.231507720857871	0.109139879448651	-0.0643950835902337	-0.00644374382000111	0.0204739143819221	0.092266129802149	0.0286890687606653	0.05148060603051	-0.0188712175514906	0.352035787655471	-0.119859973328242	0.545602084134344	0.399558495304342	0.13180864904398	0.0423069500822619	0.0863075639071075	0.121627823017653	-0.0195325833666658	0.0889069318712115	0.0738052289274249	-0.0178291052961205	-0.0310345786852895	0.139362985173403	-0.0263994331369263	0.150439572210289	0.369270650016265	0.120066429113759	0.0597229572512884	0.0645538699593656	-0.0143028541504254	0.10670062937573	0.0168397056192518	0.186416054368525	-0.138903503070324	0.0451513742827595	0.0566249973200573	0.0629836068118862	0.164554020087486	0.220534798020815	0.262836171090636	0.0497196118240119	0.384471567507934	0.231860453036455	0.217425354630644	0.0172037692776648	0.116040598705431	0.0157378629955788	0.154475739144606	-0.0515145119981537	-0.00615625217098851	-0.0515852842385702	-0.0204201785887081	0.0252116174063862	0.0866274335642299	0.274677981418286	0.066686383273241	-0.0724517466617113	0.353372351630837	0.198995031937692	0.154067446581216	0.198491694749641
0.335014241436764	0.361602555773065	0.262977942562593	0.647933836203232	0.197626854827203	0.234594430111351	0.280579638538745	-0.0508455623991907	0.114515641867717	0.358086542573608	-0.128475424497788	0.313495885689732	0.129231865110885	0.200927625726733	1	0.406945993225231	0.107121018474817	0.196667140902683	0.1814795345783	0.0224448993952353	0.200614721379873	0.177583065797308	0.0205340074847397	0.124745403024731	0.179466253548248	-0.03697298415108	0.0192919899171464	0.272528613684631	0.207622930587836	0.32918089294992	0.273701960094868	0.115732667548656	0.0320211210642915	0.146347261929615	0.170472812494881	0.137621346802197	0.084571547201517	-0.0100653055027232	0.00577320076855785	0.344725539324669	0.108477584871888	0.289417105713418	0.214282877046114	-0.195721123989437	-0.0731631396437349	0.00911237389048161	0.0558231492267227	0.222729349727472	-0.0749852190844663	0.352956475579032	0.15517280249479	0.223471594397171	0.148196295105351	0.299334464247398	0.274693337180596	0.341867576546576	-0.0456753126286436	-0.208884696251337	-0.115260509341695	-0.0203065277355411	0.0348074530219292	0.01519215894848	-0.0679148578752287	-0.151581522808982	0.164126467847569	-0.0245435644255422	-0.0384527339831019	-0.219959210503325	-0.0921838166328238	0.0805565903624759	-0.0709793289906646	0.166790706711262	0.143682042412874	0.035115944028211	0.0658948447335218	-0.121813973353406	-0.0148349348857129	0.397795332294248	0.267270018989443	0.0447703513760521	0.0499637493565849	0.0758988822275658	0.369074444573425	0.0915342486380859	-0.156169009922565	-0.0373666206503348	0.040165442060975	0.107461422226656	0.204048624012166	-0.00156484932680998	-0.0817263341483094	0.198979208581372	-0.168763607314441	0.359726856782124	0.035583533782369	-0.110332119527934	0.0531800334079855	0.135702485966416	0.163866240617342	0.105192901206392
0.234597239897513	0.423737504597476	0.291291644410974	0.455240008739512	0.061792877034402	0.29490372451112	0.464749358747163	0.423266169143291	0.427776555152196	0.193982363425432	-0.182932060861781	0.0563195603355053	0.384301088989843	0.196314945502641	0.406945993225231	1	0.275613124883639	0.525934129640284	0.522738905631022	0.400931174702341	0.335744047390772	0.0655195855983915	-0.0443194690520906	0.496501047228609	0.363292359048611	0.324891274411729	0.125774774621055	0.0982989594723489	0.387622695984972	0.21134561387359	0.838860306543951	0.390059536548809	0.158065657001748	0.130777355379465	0.552043150553576	0.648282960831678	0.231666979410089	0.356601415329015	0.201645101458895	0.267240889488237	0.115482819570822	0.170495668084231	0.512001888123771	0.171052744664152	0.521841219988376	-0.0327023720555042	0.211407512988224	0.226268734590279	-0.0123031722062175	0.211222653190213	0.22916650673549	0.171895744111812	0.365912438801431	0.175542363662171	0.13545085384271	0.646742358958475	0.295882883703003	0.266856956619101	0.324764172976025	0.365750648703076	0.119216618977649	0.119391629644465	0.122540953328859	0.163155147099522	0.338448506288272	0.167315381949578	0.574970362264072	0.277735153870999	0.406674593223252	0.436515059337238	0.213491177323636	0.142581729604728	0.33393212670443	0.31883555019023	0.396508861604092	0.280848993914669	0.17382792849516	0.146474650186659	0.358152565071777	0.525143767494482	0.446164184123019	0.458144626515803	0.279964224498004	0.536167332455729	0.472219301080152	0.168296334460351	0.161392824390778	0.668500625698314	0.307742637929667	0.427468923326273	-0.0206421362269919	0.0113754964335228	0.150163603524917	0.368382303097119	0.212260864555783	-0.125430015924668	0.123256316690775	0.333431585514578	0.0915148087428297	0.303757310183586
0.225330291499941	0.247659501818567	0.295051884737723	0.233841437266663	0.144287667604453	0.261360520021839	0.0243696716677512	0.0914202864822415	0.188340027196762	0.236664677028146	0.126965607190059	0.186737783207722	0.468477438550594	0.0500150521341226	0.107121018474817	0.275613124883639	1	0.453990600195858	0.323896229795799	0.24814672229126	0.451802589103429	0.286842499762047	0.14667353121371	0.0972007571540762	0.307763789668188	0.216814499739662	0.279730650130055	0.0296138302723206	0.17918874528053	0.230833883030835	0.372862921581672	0.197416660734784	0.216545000123518	0.178341512066908	-0.000259214732364599	0.21344000239307	-0.172830378026907	-0.0205059095544224	-0.212260326195666	-0.0139860912539754	-0.0790800157549186	0.0609374083579298	0.0253451306608992	0.0298182200805211	-0.00226185801900645	0.151041302577401	0.293933288146067	-0.1291713816424	-0.0420718224617776	0.387162501244653	0.0719872633568046	0.287582250478969	0.153532258212411	0.312315549986584	-0.00214072518982861	0.171774442454087	0.0993743289391278	0.0787788846342067	0.0488045967876265	0.210005812815005	0.139526464544026	-0.0471349113537805	-0.032747031661863	0.125122292071936	0.248804248760335	0.142664689065179	0.194199197651665	0.0367816123363517	0.284744324397463	0.373144855450523	0.241405063239298	0.131995386544879	-0.0424401785422909	0.282080187272254	0.271063707588542	0.0424866591819067	0.309992893967985	-0.0290897003102699	0.055499693761538	0.294351394776765	0.198476340269745	0.1450983132991	0.134449886886407	0.182537165260541	0.00879951269376406	0.142498410398385	-0.111390005281616	0.116179774453583	0.211701865663567	-0.000403442049136406	-0.21214205272947	-0.125776065255036	0.0115913157486167	0.0252204681054499	0.0314959458054322	-0.205592394995211	0.0898010186248512	0.192805481946883	0.0629521939342413	0.279397491392513
0.0308614126544137	0.246039557322981	0.186970055935557	0.234376455349304	0.0599539374353345	0.16909282270404	0.207346212109967	0.529659555712758	0.357546080640218	0.145362804053146	-0.0998243910757626	0.190473096804311	0.293810631118032	0.0517095963827174	0.196667140902683	0.525934129640284	0.453990600195858	1	0.560865588452354	0.511726333869647	0.424000586082374	0.0509494769061879	0.114097905741433	0.401717599749723	0.429809835149794	0.190111546765025	0.206254026181237	0.0755647167590019	0.192020432935554	0.18142859943654	0.684742830922545	0.419930409455893	0.265093542563272	0.192139343951401	0.198014616974523	0.484623213951722	0.061040622356091	0.312057787693039	0.0774535667830916	0.138659287463665	-0.0551425817829489	0.0426090250112331	0.30178592302383	0.276653757009438	0.35834296624763	0.0233401165927979	0.319522757504618	-0.0169724042310561	-0.0505140144945434	0.383030049957627	0.100683079854389	0.0775866292095086	0.193306132003409	0.0342581789402166	-0.0101804170206464	0.17201982347977	0.203858777192422	0.0238601013593914	0.214677803641157	0.296349506280893	-0.109705665829327	-0.227326200771415	-0.0577941950584777	-0.0262535368695526	0.161352437366941	0.128726119687722	0.236769145938031	0.163956413269693	0.421435692494967	0.403530101741338	0.071380574519074	-0.0231612444902266	0.340842576652561	0.306946436582511	0.271736404669995	0.108169953279627	0.198166783662563	0.0468329449713198	0.232355567642719	0.426641509592094	0.281248153841687	0.350386804513484	0.186405833147268	0.357053620674009	0.177950106710809	0.271009262499259	0.0723846282655732	0.360288997881949	0.208667679309178	0.270148778997639	-0.0012609980694302	0.10199163961763	0.235163857860541	0.111334949051055	0.136487866309706	-0.219328003753286	0.107146531536721	0.176898609627219	-0.216908724220686	-0.0205548234569265
0.254702833165811	0.399450933850244	0.35564402650825	0.312674507951242	0.100794809666897	0.271531778306173	0.271633793017158	0.629303512687641	0.593358257424748	0.175466045848505	-0.031262026454702	0.226447509660714	0.408937563743917	0.218316918336579	0.1814795345783	0.522738905631022	0.323896229795798	0.560865588452354	1	0.600073834391024	0.37369185679571	0.0759757683254242	0.191038118778828	0.433363371164693	0.432230056990043	0.304441321825266	0.229758749588005	-0.0796112989955384	0.246027673124317	0.203294987418186	0.543495822411205	0.348408920339406	0.174300443150547	0.184428698692	0.259464856797622	0.602202181344658	0.1676897028245	0.455757849609082	0.131235649861721	0.252986611788612	0.00278104206058394	0.0950108409906712	0.369961633014629	0.384413399560442	0.466203577766567	0.110112951073959	0.180063705178452	0.15808752916906	0.0718837979663615	0.331004321611711	0.206575816240506	0.255262907766135	0.36942686714029	0.117297550069184	-0.0968428367226348	0.378307208212906	0.298855268800219	0.309665735370892	0.322765817749327	0.48998218475365	-0.00659509356828192	-0.0307373318015689	0.0326915095312616	0.117542407329026	0.251099759912291	0.240721396001906	0.380670320692842	0.206727596879515	0.633154366021118	0.455148186496093	0.0870256925095289	0.16175789321149	0.29392972206472	0.347145833458861	0.283679484782872	0.277863109547016	0.21211110863859	-0.0153692731941642	0.109480014190092	0.368853779997391	0.461218226025158	0.390703806976016	0.142435958531991	0.36109495708946	0.293619295901206	0.140710707929933	0.237562552024869	0.358422258072809	0.332250271853745	0.316915739899374	0.0167738838057938	-0.0228321927667439	0.27661912537818	0.148289543738167	0.122982096910791	-0.197221022657047	0.124311247098829	0.121164570190866	-0.139715800333788	0.180844036955159
0.0194894164094837	0.226852864980071	0.181636866414861	0.172313997825136	0.0104198844273745	0.323334284355531	0.271010150986952	0.648688731873812	0.56183281466254	0.170258946907865	0.0373761096469068	0.215612837487551	0.386721441088639	0.0648600341456006	0.0224448993952353	0.400931174702341	0.24814672229126	0.511726333869647	0.600073834391025	1	0.301240608172942	0.162452002615177	0.0920725916751545	0.480519408708383	0.443794437322419	0.339968679855396	0.199783569449269	-0.118865720092791	0.182469052813391	0.0321725835314482	0.434692089971556	0.388470976212074	0.295371556130482	0.222015194252553	0.222409456835344	0.49934753583677	0.211869221767078	0.464166400128347	0.121241685384327	0.281797577756949	0.0252205455936283	0.056320004346608	0.171773897233938	0.306658380979217	0.588628280480497	0.302628184490167	0.161169619915927	-0.0495065154073132	-0.0134294966937351	0.260437936634872	0.170550016268842	0.0506282032966767	0.276278378725211	0.00109499211388537	-0.199454969641687	0.148905471275247	0.266325397506664	0.175506859028878	0.370262066488516	0.417277851693757	-0.104904126127088	-0.0893316477249878	0.0111207997181721	0.0471803661603777	0.24627593798759	0.277269061159509	0.212801936326141	0.172340637769309	0.496702273241821	0.441129554258709	0.00737129979007204	0.0602299176358906	0.271382886831947	0.417514740051924	0.162764689817847	0.198269977563322	0.19548684277493	0.0294462452427992	0.0617626358894595	0.280780559093632	0.368783692556769	0.309761962244439	0.109256052375639	0.186462281585525	0.249818594717991	0.312373019362423	0.194354989348621	0.294893890340555	0.229568824735615	0.255554337452433	0.0349107922324862	-0.0283382200514202	0.216212780750485	0.0795678105581029	0.184875224161658	-0.293828355472519	-0.0131679644854847	0.18433839571187	-0.152684005008219	0.0144425918088418
0.192205929067304	0.266101329688316	0.192129291416022	0.227488268864879	0.135043202425195	0.158816956137676	0.048106322384793	0.250530387123125	0.237122349633593	0.467629159617425	0.166221661566591	0.293329485566256	0.227674559989644	0.00870535685927508	0.200614721379873	0.335744047390772	0.451802589103429	0.424000586082374	0.37369185679571	0.301240608172942	1	0.143467849915937	0.0558428941614065	0.349137455176312	0.341583307734577	0.0938564944092006	0.206715517366035	0.199283829505606	0.192763273666002	0.43356788953541	0.433575257308262	0.301377198792351	0.175369591412701	0.226183063857407	0.038034495724253	0.411904632749624	0.0514275367648224	0.228910636962147	-0.0960840263849776	0.0758592992015398	0.235069651351276	0.327633173949748	0.467342046775545	0.17845925597372	0.165039385924949	0.0269304767955617	0.399082351958662	-0.197787489743727	-0.103685329685352	0.539455916658642	0.229803382116322	0.251969116640476	0.22098490929188	0.116404961280787	-0.00216420022311352	0.0852055511493163	0.0119521036053809	-0.0220800238193516	0.081392086970936	0.223088555333944	0.037481785130064	-0.0775061617988712	-0.0525303554897158	0.00325345911753044	0.372269779419638	0.301137694531165	0.184843528730493	-0.0584546885136166	0.276502824679642	0.21892125360887	-0.013790840326711	0.0712372614287704	0.00302266451530304	0.239205429525649	0.237661763831925	0.0719581244861462	0.261750329472234	0.0948013228988324	0.177924481744397	0.339439012761061	0.2970480370852	0.3065736080674	0.13770823340843	0.343650525167965	0.129736499255804	0.187002395317671	-0.0376057785541896	0.158559012602714	0.349857063333248	0.09974417792948	-0.230628837046959	0.00343799120548211	0.207864086036699	-0.00467000092715433	0.0559864121022879	-0.421237124815168	0.159346968580714	0.225473815434524	-0.0495470834179663	0.292873050710965
