1	0.600394258577789	0.506350867690777	0.653898947674719	0.753260342784714	0.665168808214173	0.581867105547906	0.659063968106728	0.601628993387538	0.579956123113087	0.579912843356041	0.583385017979437	0.541087423150652	0.532347732061915	0.445370525394083	0.233067993580878	0.28164321413697	0.266424329720723	0.371190980247441	0.520855003167352	0.4797785993843	0.402980061966269	0.489979584763759	0.38541830449411	0.608739157609399	0.320838988497796	0.602887199003304	0.44254457713574	0.302507749314743	0.313565211985643	0.186788003232644	0.397727691933556	0.492189776950297	0.183986832646682	0.234537929049421	0.0824604832400349	0.415494760231537	0.278849005839896	0.352275383515878	0.344423474129145	0.380957548685497	0.367289177717495	0.321960464836826	0.441223736387284	0.346815570353067	0.535119362705935	0.539393397921248	0.395301262616261	0.558586164044784	0.381219033768788	0.662655794029381	0.606637441965293	0.452217908978382	0.742118425686438	0.671048612247286	0.718940884909017	0.603579385577804	0.707360360570893	0.539950499009363	0.530049041297703	0.614887492581998	0.538940738293422	0.713731196121075	0.630653435760721	0.318471384459894	0.3612130313773	0.31803966803132	0.544470565502725	0.28599251499487	0.410469550447518	0.52818442902902	0.53588210642872	0.272631692869035	0.588155426807837	0.158547937340787	0.156222420936426	0.428262909936647	0.382112713454041	0.312843978801219	0.313753336588615	0.329200680205342	0.335622817409526	0.385868539251118	0.367132422222039	0.299190751473861	0.204522450708672	0.426050020430521	0.283683940483019	0.422013089237239	0.34518905094822	0.42292670999735	0.365280464867081	0.443112790787206	0.448780312200747	0.479714679557861	0.428730347325351	0.45862984123915	0.389365002995356	0.492666002624883	0.561100222919313
0.600394258577789	1	0.763935578631266	0.685780216337832	0.627639466508079	0.690590729974897	0.514720527086551	0.526050191148237	0.509501326819671	0.486049631526761	0.344052705376788	0.400738218748237	0.442478982384624	0.544094893442836	0.540795036333184	0.361424944126816	0.202953144414845	0.249694460224254	0.432566116743633	0.330014902147646	0.366278629953531	0.226068041311038	0.250326206222805	0.382389429759973	0.377512491783303	0.218884400575193	0.411158035223502	0.425024523621611	0.136653567483139	0.36483323164509	0.249920064798797	0.296365749782621	0.429679314601091	0.0836976627066728	0.207066619555035	0.160785999878936	0.296499330491367	0.195475639115288	0.26790382985932	0.221782105728079	0.421862021884235	0.509801457255799	0.387946703997714	0.41019192498116	0.299374192226263	0.176336850612505	0.410341266885574	0.2880854817422	0.393495264088002	0.429234448089741	0.553553001259751	0.831804922600234	0.448766876382311	0.645698681448718	0.510711573814427	0.582681028007245	0.551852760330064	0.563442462226935	0.336525212282587	0.472544657983054	0.54839106630637	0.342576536614226	0.500106446255897	0.576204571323877	0.393702169376566	0.189893770483919	0.346127195453331	0.391610512244136	0.362374771427494	0.375530351408311	0.396528605116374	0.344700741445288	0.229142373631244	0.362165692728171	0.159142179194834	0.203956040561931	0.328387109120908	0.39061862807319	0.195713832978599	0.190167534206123	0.217358472273354	0.248661886115463	0.312102065649761	0.294242570427834	0.255238015416492	0.187011600672843	0.264360861682271	0.331723538784492	0.314846312454225	0.236270574959874	0.325774157875233	0.198167463158899	0.323089273354706	0.231155365312476	0.324804789134615	0.390159415141622	0.4118474938479	0.195379235052103	0.373484492609241	0.479957614149701
0.506350867690777	0.763935578631266	1	0.754346547023123	0.699738611091593	0.778298486034495	0.646836381925568	0.603628608972735	0.405231739410043	0.396418026215029	0.249870336089598	0.381373405876303	0.441325133696766	0.498751880593541	0.458411535415943	0.472712225315928	0.28210372745199	0.392699057721911	0.512930301944383	0.42103282374515	0.320037397063087	0.215551790408408	0.289802560887724	0.382870154273667	0.394160602952073	0.323060752765036	0.308685417876555	0.281923097701002	0.255233716045298	0.38851062401732	0.356951312796729	0.304066907338779	0.431722329419521	0.12144669053598	0.263563639740668	0.342262062128168	0.243868454641781	0.327027621674433	0.208524411212796	0.109729888509618	0.334909035429359	0.343492915180697	0.35651756143604	0.373654794041736	0.393836158950357	0.21670397579446	0.410390160624064	0.324922985454115	0.3927228661097	0.418534702026266	0.532278371909964	0.687254658725424	0.56497696203057	0.707778261012777	0.566126147545743	0.623084785560203	0.4885072164315	0.540055700100625	0.278268170301875	0.324529710067387	0.478820948096032	0.286446127112752	0.416334362632388	0.547349583312432	0.388957982561635	0.272111926387861	0.428455369989885	0.278332784493482	0.412448356963655	0.465016121923348	0.297932260041445	0.305743758753036	0.158657048962177	0.403340034881679	0.158683239576524	0.334799071306757	0.294251045072829	0.15521862299817	0.0767674361681589	0.231985628212753	0.271949964924538	0.216403178160942	0.129221587208584	0.171761877306809	0.362148442650256	0.127216876278692	0.223512574784751	0.376260620522311	0.355910821840114	0.359985532220867	0.214308135082716	0.122518022333815	0.263598477406817	0.216370715695732	0.31364265727437	0.448778240954002	0.310497224521356	0.103209080415679	0.266128630557889	0.403209676047214
0.653898947674719	0.685780216337832	0.754346547023123	1	0.761275934446015	0.818612605682321	0.825864419144111	0.756587617811322	0.544505412828735	0.642356338738655	0.46440394878227	0.560010548599797	0.587299049640091	0.560188663149601	0.712454241392919	0.568692201205	0.36619209922775	0.49280152110666	0.609748808420573	0.641473649056975	0.606904314634441	0.352348850377246	0.449992564824489	0.536037402069075	0.565538732503443	0.508309045509273	0.42778425217109	0.214341124008257	0.308354630828819	0.384999983099159	0.47508951313433	0.532230278488166	0.62717727553064	0.246588385492632	0.410385597767133	0.365760948760006	0.378368624517483	0.440194132037522	0.303424031041761	0.142425423795788	0.402127037217244	0.513610568547324	0.508075160943641	0.447854930184583	0.550194859856251	0.429505343201582	0.568558822056123	0.391938891901988	0.433672379264775	0.5914053068467	0.552029110828164	0.641391683497054	0.660196126149625	0.792807532990346	0.698475656548123	0.866279193139032	0.722846999116149	0.687633662768314	0.476917802267361	0.453625474340388	0.632647557897763	0.422791178493527	0.578829868341567	0.669233163066334	0.353128993910751	0.378120891609923	0.512190644633221	0.456500602553369	0.500382668746312	0.56520383534394	0.564373499769578	0.446160247025957	0.289868779931898	0.579456683711479	0.291592281643902	0.354604341561706	0.392855896350174	0.13867104900652	0.172303804216783	0.426301622062182	0.318698925849247	0.41209107839792	0.145374816434097	0.3508395013862	0.424496020803523	0.268101661607282	0.343182388160355	0.508693812153054	0.620971091602128	0.323071058576631	0.309343927537805	0.170237365156184	0.341559322101768	0.327030869161977	0.460769561561449	0.460401360519245	0.287532522860528	0.258275665239059	0.547347404014716	0.702063917384453
0.753260342784714	0.627639466508079	0.699738611091593	0.761275934446015	1	0.893993521133596	0.66066763765203	0.637752196048223	0.545008697508766	0.527367746860559	0.412925499695622	0.503525854356012	0.51499918299119	0.617558462553467	0.555892416319626	0.351789722677684	0.30880910036838	0.348290309987411	0.449961372137984	0.542736196606303	0.367573748088529	0.391575241640539	0.332458993669023	0.417528767877269	0.542886595103398	0.346432975095066	0.511963530394467	0.337270534340036	0.337710701257243	0.405659603645595	0.253837996463634	0.418641722642484	0.506191940444103	0.0887851847559764	0.193404825428812	0.183514287352434	0.289901595823527	0.329263717574963	0.240703581750002	0.195203798178257	0.398805486513714	0.274610879164412	0.307730404916728	0.385406030874005	0.410079416184732	0.406283263036992	0.430793096274564	0.417647619951498	0.597434060787574	0.416378866814349	0.606639510478399	0.625682650452112	0.512914243824959	0.833716092820541	0.764785710788712	0.70910434569819	0.56804172866515	0.727103908208318	0.540927342152173	0.442535576033246	0.609732317787775	0.468692366451776	0.597020801175532	0.610969422721712	0.318064965206314	0.260965549180726	0.322942419254064	0.414032633458164	0.379106250550404	0.424821934163775	0.489547310562988	0.432810501929713	0.248559115899148	0.532348155590032	0.150744567008886	0.162698365064885	0.377597539759066	0.243742163747038	0.189122472142048	0.245643449086723	0.24237506439584	0.282056069739445	0.177858274043119	0.153499308148411	0.191543403462975	0.123453877716015	0.323974303382917	0.364734513065289	0.427892160176249	0.272894127179713	0.309772197376484	0.247782940697055	0.265841615182449	0.416711766743812	0.380884332431677	0.493679300615254	0.402204760323024	0.30810426204262	0.431655062234872	0.504335692784545
0.665168808214173	0.690590729974897	0.778298486034494	0.818612605682321	0.893993521133596	1	0.759324693958071	0.683367997668038	0.585001638299814	0.536674352324834	0.39787117733128	0.512666968142109	0.568947542778787	0.5972632023891	0.629878127020154	0.471749500402472	0.311897081675833	0.395756390408595	0.56017404307384	0.577578789877606	0.369244320535608	0.381131627272472	0.367335010576078	0.540013250363459	0.541651439630157	0.404223649102251	0.45431636738376	0.331846270254898	0.316604059073455	0.441540543425229	0.36303884190641	0.450702665492258	0.529177258546806	0.197887005061143	0.354894380618864	0.373377202942219	0.430609960012719	0.484427826798103	0.424596445556226	0.264201278421535	0.368823250380257	0.331588446147306	0.473656229910925	0.476664787845967	0.492297651217457	0.421274693683204	0.449368993125133	0.61448044878791	0.610028454196663	0.510801709330428	0.584173159319463	0.612899989819984	0.67197289580663	0.866370826531866	0.790969471769393	0.730405764800072	0.6031497205749	0.734530569566618	0.516381578433629	0.483498390687034	0.626755157207898	0.52514999422116	0.553166992445763	0.612174046315002	0.261821980472387	0.346552181545571	0.407800930065177	0.409760090820662	0.502706666013681	0.487807724574381	0.463304820337983	0.380006076454626	0.283097666551139	0.535361673070635	0.139200374016491	0.270174121537569	0.360272432951295	0.246094554895894	0.146680781337215	0.23086146802217	0.278407775271998	0.25917738147768	0.150085159629659	0.182704737863276	0.258827241445177	0.181623364300788	0.419806004132973	0.494194038335834	0.440916157759008	0.429201799161145	0.429231075262135	0.295574233484597	0.31189412659078	0.307996449548888	0.261518584288669	0.651723699542427	0.416971388655753	0.279213511063682	0.387158836240385	0.516575863201981
0.581867105547906	0.514720527086551	0.646836381925568	0.825864419144112	0.66066763765203	0.759324693958071	1	0.673439766757405	0.50940325090756	0.483353373421048	0.396095578741212	0.487271191256831	0.533921264166583	0.346682255074648	0.59682296081745	0.698253434179717	0.442072951232264	0.549020255927167	0.625803569006897	0.686390782947382	0.595652415577359	0.332738375876143	0.436149140088252	0.650929104940126	0.644992217951267	0.609202257789107	0.464311626806319	0.174298321171389	0.174421283187852	0.194763515453508	0.635290351652766	0.472213626897095	0.532855816178108	0.384675364857399	0.723252993502752	0.587220570556771	0.540759123213128	0.5777168082277	0.480389611309146	0.242105916416875	0.299926482511066	0.368027125077465	0.559111564776104	0.539314487806387	0.636080650981071	0.443363845193508	0.464825331804029	0.593902131668683	0.3861435753885	0.642982996735123	0.343581404911648	0.430973743313497	0.628723506111019	0.71638392624665	0.644488361424269	0.823966023883629	0.632350038219664	0.625932534542367	0.453901737377495	0.460910947340003	0.548190695498429	0.488311212966776	0.46478500302066	0.574479623936326	0.148071779148085	0.454436110144403	0.518323332189228	0.441431937424367	0.514783895313596	0.708786298533149	0.441508890116908	0.402531770545282	0.341904936040747	0.649873643355829	0.322058524873411	0.580998314505259	0.502552126204957	0.0498332042745449	-0.0832098991263051	0.478846365377527	0.250574157362146	0.336452187794746	0.0297946063950098	0.318558984146357	0.519862531814171	0.248831441940078	0.504899174911177	0.632893500041145	0.70492198645476	0.556324192336409	0.521911701918995	0.335392225789987	0.386642395127888	0.292710799146778	0.323952362261656	0.609345753340394	0.101544220087045	0.137785812404924	0.435615246540952	0.580943196875682
0.659063968106728	0.526050191148237	0.603628608972735	0.756587617811322	0.637752196048223	0.683367997668038	0.673439766757405	1	0.671405169761897	0.65240218791725	0.565565696141469	0.635233583172718	0.773569867928127	0.571454929235843	0.633172629591842	0.470836106354296	0.484971776530071	0.602391081320197	0.548846483089349	0.776657269095174	0.593265486416985	0.363916421808408	0.600241831963404	0.608702328510411	0.724794028167226	0.532452872744622	0.577121794243057	0.357041388174995	0.374450678866118	0.374864503933349	0.387005720124002	0.590422319644462	0.717233098275115	0.234027768335658	0.3406057057033	0.312052161331333	0.49949380568689	0.480928190651121	0.392762861993093	0.269301018937848	0.396610205978104	0.46396710862051	0.46797983300117	0.533024826310038	0.633981978698753	0.569488883100959	0.668207904608123	0.388929200302014	0.518730425874445	0.536052471175157	0.582660558318483	0.529004427959853	0.615645535049137	0.660796806338474	0.668791030290391	0.744362018698237	0.737393346539262	0.815119540132445	0.536977306043537	0.580173399683046	0.688849349510497	0.488400495301754	0.587137079326334	0.703780444542394	0.349506126141807	0.44014793156417	0.452441633498112	0.640499992064135	0.422942132351636	0.587345967913867	0.538015307049327	0.569777510992972	0.369357926869757	0.758506441012048	0.275473860234706	0.365584651696	0.516232773550474	0.252229588190501	0.213880057437046	0.415227728056159	0.406216846530239	0.464036824460782	0.251997631234926	0.421004881739014	0.460696374477277	0.289966835509494	0.487828699631497	0.424814596156222	0.565432565792099	0.472772674785953	0.373024380864303	0.273864909944293	0.4499651961605	0.405324457609086	0.537980252187231	0.446531327460193	0.407806790429763	0.353072982164199	0.567586783365143	0.687086772780776
0.601628993387538	0.509501326819671	0.405231739410043	0.544505412828735	0.545008697508766	0.585001638299815	0.50940325090756	0.671405169761897	1	0.570729901159504	0.567468318160127	0.482197944613748	0.555450399606098	0.453494493538681	0.517014239277385	0.422422888685806	0.373715858944036	0.42131291949364	0.666328632545527	0.567607580185993	0.492321270850059	0.33214701167115	0.381484035836399	0.606283175953901	0.712037791860649	0.344337142399885	0.581666301354637	0.338353683219867	0.353567191601667	0.374685516718365	0.373199306406578	0.364018897034992	0.408476675646653	0.137329684348478	0.324687255847867	0.290666315477941	0.582048884431351	0.446083022405075	0.566794521385938	0.307191636799327	0.432058268058296	0.546721666532882	0.514908438960703	0.572176001755383	0.361933169124679	0.415700516062797	0.502450171654081	0.480297105663935	0.503183197146132	0.376061151989596	0.457247611524258	0.483661607230997	0.492821800678154	0.571977005538857	0.689240787259837	0.620774287904327	0.571042019941728	0.782029541881843	0.659139722645988	0.888305745993791	0.539766869715703	0.614551195077643	0.515039644213624	0.589970405296668	0.172723151875887	0.256966237872311	0.459037923609499	0.617789423003137	0.597624663408735	0.422320450973702	0.473680941609922	0.563268121971771	0.61122645631654	0.646303525542183	0.2026356300097	0.205967625183519	0.423697821732174	0.294288185245712	0.119784558090395	0.339329418525087	0.239891822658349	0.244353439225582	0.356249655177302	0.464853688920434	0.274185538733082	0.167157193813017	0.566535291702487	0.466376541132002	0.404655461886885	0.423159558374016	0.531688401936983	0.319601641147107	0.454479878275572	0.417708750419696	0.336419486225299	0.468072997500644	0.353297572829424	0.34082480927241	0.457679829020879	0.537701647850708
0.579956123113087	0.48604963152676	0.396418026215029	0.642356338738655	0.527367746860559	0.536674352324834	0.483353373421048	0.65240218791725	0.570729901159503	1	0.69307347359956	0.780509683472478	0.640200099259687	0.582325410246533	0.5042544585418	0.227862817270033	0.320348952457026	0.357318246346443	0.415305956287358	0.540705365913049	0.671559923935857	0.5542405856499	0.6160715666733	0.271476135605142	0.497912395266799	0.477982371731513	0.537967876497842	0.453718007363327	0.482017912052889	0.401638019853058	0.271199258134251	0.580347958792124	0.599505835588698	0.386982381869441	0.257250548350053	0.115688549771771	0.453373949357099	0.485126357373921	0.400033956439127	0.493765427568514	0.718876792073513	0.664155326363804	0.57266141458241	0.599030787898061	0.482934606354733	0.610041429545462	0.770209652526634	0.357730716168538	0.533148448571892	0.501086196339959	0.537902966667169	0.401720682576825	0.387190404243453	0.551355619214639	0.57709247330324	0.609962200524602	0.624201546360892	0.639826876782686	0.467881556931784	0.483540584026743	0.749813858159715	0.512104432056189	0.678636761056261	0.669060090713991	0.298040050901607	0.400039336343823	0.371073295760995	0.502889261861708	0.273883095902315	0.359738565537153	0.59626136400234	0.56628906621715	0.201117265598947	0.544316677641434	0.161633271812485	0.144057863076531	0.474911526494913	0.472738827746405	0.446689851989123	0.331534531239439	0.405777093623919	0.437137432927258	0.499907877409077	0.476068635610012	0.378366595643357	0.432544893919569	0.371373357655419	0.158108160009827	0.522979711153933	0.322242632579491	0.287967379427722	0.431209836906482	0.570987571341008	0.480482722806619	0.552038384955409	0.338497728634617	0.46769825160251	0.571608089953596	0.634068307138435	0.740386685341992
0.579912843356041	0.344052705376788	0.249870336089598	0.46440394878227	0.412925499695622	0.39787117733128	0.396095578741212	0.565565696141469	0.567468318160127	0.69307347359956	1	0.810446129263736	0.620982064108409	0.482392989819367	0.379578508151442	0.147929941423497	0.333596557462243	0.303730273453862	0.343089498072367	0.470598086515255	0.527417782614244	0.578808997293725	0.687628197402328	0.314672134800275	0.483677303648125	0.304554117485529	0.613850270067129	0.552635128034209	0.380696924652559	0.294550543122189	0.168591745479291	0.448528150957319	0.585639482452658	0.280666534454487	0.193356546330949	0.0104522890445992	0.44608727189122	0.281023218607615	0.319110086174108	0.522817724816216	0.430226880293253	0.421376705464735	0.311410871046285	0.464004821864177	0.301923118940641	0.668121725516848	0.607846307063169	0.322459008731844	0.498179641072996	0.352951786159922	0.506731158017612	0.32239493549292	0.357431140723418	0.516755638873894	0.499035625201882	0.483330396470077	0.627887587530931	0.682789970994297	0.475327963510885	0.490424766666086	0.749422801345939	0.727389332054594	0.712566741043835	0.584087823901482	0.281341603901834	0.411140968636405	0.294044252414375	0.555825150246245	0.252011513042251	0.365563217373386	0.608756102436214	0.701346441869779	0.355348531554165	0.587164403103705	0.218752310932132	0.143488791954371	0.503718400959364	0.488370329406619	0.342711098168257	0.331243786509763	0.43419356233853	0.419828905644155	0.47560700772848	0.351694716719357	0.311640587697728	0.417730473259889	0.485047613005193	0.103162758060248	0.444425453370082	0.298344500914902	0.372009747191621	0.493145747397167	0.456310408642891	0.472363595740583	0.507142076589892	0.313936757221887	0.422977779271722	0.548418609010505	0.536966659915521	0.60163158330471
0.583385017979437	0.400738218748237	0.381373405876303	0.560010548599797	0.503525854356012	0.512666968142109	0.487271191256831	0.635233583172718	0.482197944613748	0.780509683472478	0.810446129263736	1	0.746402400355763	0.517475140177365	0.491457112675159	0.222420015572047	0.436876162955297	0.362207577629482	0.371532381873048	0.526317096844764	0.596485138605008	0.644942711275375	0.791020699043526	0.278883416927915	0.524049497351347	0.449879865654409	0.611242018817835	0.569280306641803	0.401174044340346	0.326564489417637	0.197699434506734	0.603268565690314	0.69889240171146	0.417221030616305	0.21769159328487	0.152447815986353	0.37469518295065	0.376535785036502	0.267695476350633	0.56852288813658	0.453450992451455	0.381430428464973	0.34646888767451	0.481406204402242	0.389230296522301	0.702672403196055	0.723488006375707	0.357141032044453	0.540001093177682	0.537797438483528	0.459069415417244	0.327410407819744	0.438315263223959	0.51385506664627	0.464221524335479	0.523378097650684	0.599461344906556	0.661839617311266	0.467359585087659	0.42349786512392	0.803973461370404	0.688480656494225	0.78199955080875	0.670481483633018	0.32139671918287	0.461468420152134	0.294462505499689	0.569666382015956	0.276412784327061	0.439388027409733	0.703684149308883	0.678873890165572	0.285954826990737	0.61957406468068	0.307932812665983	0.253299378497342	0.537494653731508	0.432311361336972	0.336368778401654	0.332245472707431	0.52386584387764	0.478479395240227	0.297321082922642	0.215806339211942	0.330958224745838	0.476114233827885	0.377605376072039	0.127547063195569	0.54353783486164	0.328599196133324	0.281594039983859	0.474082967221706	0.409999810449844	0.350151768379193	0.481124426133554	0.339014141879062	0.440548359169481	0.439556118295517	0.465854324203188	0.593506922993794
0.541087423150652	0.442478982384624	0.441325133696766	0.587299049640091	0.51499918299119	0.568947542778787	0.533921264166583	0.773569867928127	0.555450399606098	0.640200099259687	0.620982064108409	0.746402400355763	1	0.537192087933883	0.466942705523201	0.333235374041283	0.513523272228425	0.510419885439491	0.369111241995962	0.63221514956707	0.589354351134444	0.419799895774942	0.622381330256511	0.401495669440555	0.626558764320434	0.499209388786458	0.610861130899328	0.516957600697194	0.314973414657523	0.351096005789626	0.276658912021059	0.6192643664763	0.814169497578892	0.287807381326455	0.227810137475874	0.166610922269895	0.407634064204617	0.377706679613286	0.294194417208327	0.384889136463565	0.297469277486227	0.354830429786519	0.351476637672308	0.453447771569565	0.535866430308363	0.546122462725521	0.62518303434288	0.315446336503938	0.501141309195225	0.457310851610962	0.524270866072892	0.446849399215407	0.436520203267244	0.547422679129778	0.507651028556625	0.589153055664155	0.744840583458824	0.718747792328852	0.455195819086941	0.475951873892598	0.653951888637768	0.559103332195192	0.588028386799211	0.724722184114683	0.309268739430849	0.313964513012933	0.309556379901036	0.654316415024691	0.273671933197212	0.433939559549593	0.63666203433849	0.481597770126183	0.331383708691138	0.664201168823482	0.260161309362832	0.3521139691765	0.564449199258586	0.338405360750047	0.163434757565133	0.305741883435724	0.479136851217258	0.50146104863794	0.203117983288404	0.295129710420979	0.378151432162165	0.338994380992562	0.429333419686743	0.259492737125275	0.531609793098186	0.369630328890239	0.276617444549337	0.354280615953446	0.414566301688369	0.325891828278702	0.439002817694761	0.313158205812272	0.383842826674622	0.267780863581281	0.468522746402891	0.591302420829716
0.532347732061915	0.544094893442836	0.498751880593541	0.560188663149601	0.617558462553467	0.5972632023891	0.346682255074648	0.571454929235843	0.453494493538681	0.582325410246533	0.482392989819367	0.517475140177365	0.537192087933883	1	0.60350768745632	0.215674713726234	0.294831839031513	0.306125039036317	0.249274250770401	0.466722474934414	0.347063270130784	0.323018535148731	0.395064243784695	0.327382921310411	0.475847232390265	0.331853402845458	0.517579509093184	0.298915201400453	0.370080699540555	0.748825936859423	0.0975560882711476	0.506406060198564	0.524721754649522	0.173425448123556	0.0481646024626728	-0.0397188586134576	0.314283427673172	0.291028435224786	0.215585592681106	0.132650254216662	0.437910432219091	0.455423253175835	0.303615608748496	0.336923500520509	0.353789009408752	0.333986955426567	0.531874677867281	0.229865646470636	0.630007401678627	0.418775718142448	0.619732154209611	0.501863070633512	0.440250950755838	0.544348264250892	0.579361173452092	0.455592860360536	0.501107064431295	0.597995605358419	0.365735109187395	0.331118306463815	0.608631826240608	0.323631096572368	0.580588233564753	0.549880111911997	0.560169044189635	0.26683579762679	0.26943899872789	0.392164229815571	0.18148432104612	0.289761008882296	0.531649967804863	0.467202273695577	0.194352815513819	0.432439049838362	0.188727931356049	0.0433298878675403	0.326409431089778	0.284855598068964	0.364222136170664	0.199746924637894	0.360452322007028	0.47983581916968	0.447428224330667	0.199244167909029	0.199547351873668	0.175682001613258	0.369585934079741	0.201135858058335	0.347448270797519	0.166952896451562	0.241263388271357	0.133896853437905	0.302679049797522	0.425913288323844	0.519996716351193	0.326262496532862	0.578573396388169	0.519284708953306	0.559235819392579	0.533663639087043
0.445370525394083	0.540795036333184	0.458411535415943	0.712454241392919	0.555892416319626	0.629878127020154	0.59682296081745	0.633172629591842	0.517014239277385	0.5042544585418	0.379578508151442	0.491457112675159	0.466942705523201	0.60350768745632	1	0.515583408238725	0.454590280683323	0.431401616870212	0.534237887146874	0.600515700620496	0.54418889576703	0.297912869545211	0.387723970953344	0.62134043994697	0.535258918455789	0.447464111623387	0.418518534549735	0.132803691137669	0.14602103669081	0.447288125567159	0.374802209284901	0.548621696860528	0.497782258705156	0.182929793694512	0.289042371903238	0.337651275466417	0.345512121486342	0.366772197716261	0.205918807765943	0.135395852252112	0.255297964432474	0.448767871471097	0.441434347835906	0.364289254655392	0.456590673889997	0.28582275307315	0.460695679351023	0.304322314895826	0.488633783764708	0.706273269879519	0.426580305499454	0.477166563566119	0.636186731452623	0.565498406436805	0.595340132121365	0.640121178852507	0.58682258331158	0.579266352929386	0.463819602883489	0.505928740976839	0.594675643128245	0.419722200871276	0.529914765674417	0.497823862529351	0.352454668328184	0.395007972701016	0.394333193513978	0.43690614415911	0.504438263327476	0.537214206909399	0.609513914932826	0.442895220859626	0.471654335739674	0.536556906106545	0.474863439782803	0.328524065075683	0.32946661702506	0.144390604584761	0.11862501932793	0.391086698229147	0.317994451607148	0.505418963535851	0.141784551820035	0.298373524162692	0.304650432279817	0.262592257604487	0.358774298438899	0.530576219466916	0.617545077475282	0.223509472318245	0.311474996118329	0.170053598289266	0.213778664874266	0.275155373810958	0.435834214527809	0.37015503715691	0.318454717331533	0.274115463097315	0.599893224876515	0.648260181225688
0.233067993580878	0.361424944126816	0.472712225315928	0.568692201205	0.351789722677684	0.471749500402472	0.698253434179717	0.470836106354296	0.422422888685806	0.227862817270033	0.147929941423497	0.222420015572047	0.333235374041283	0.215674713726234	0.515583408238725	1	0.61341702627245	0.748170031264102	0.759758334977669	0.588951859862286	0.575446731446481	0.0747763667317315	0.31693041408992	0.568222696989443	0.563956916794549	0.650032492921646	0.410364038373237	-0.0571590240497784	-0.0420947494846022	0.257703972174177	0.900763254532294	0.520760440298421	0.318544703899302	0.308630868998398	0.783761233575545	0.750473315753186	0.426131154852424	0.499651194234446	0.35333191476325	-0.0515467112474259	0.101498571015055	0.358930592190435	0.571444049352269	0.4116369964171	0.643771245273132	0.196550059237442	0.314128502812037	0.380211216160966	0.129407337026054	0.650394110209079	0.249460068987768	0.289101373219771	0.626040439001324	0.417287711181687	0.450249090094273	0.598738974782662	0.462892357835436	0.396473808538456	0.465177717403441	0.388948750215394	0.19174466989113	0.183042676547773	0.182114933666757	0.384726345383034	0.363705334481633	0.289139108309424	0.788028302834561	0.48180537784829	0.709202831750353	0.772499607510995	0.419447269142079	0.246400377818901	0.344934782205915	0.522835131503438	0.54205148974733	0.782933727461072	0.481848008660288	-0.160867493217087	-0.368012812778551	0.715700844849298	0.407886574910329	0.536754987221535	-0.100398351627759	0.402737648708732	0.665441138820744	0.308470902779466	0.456230366154129	0.874724028365328	0.655236388067669	0.576364960987112	0.440487621973669	0.0424060733086018	0.314913281351519	0.15717135445466	0.280764413660459	0.456465755678541	-0.105501244303561	-0.129004607278884	0.353951110236765	0.405661103741444
0.28164321413697	0.202953144414845	0.28210372745199	0.36619209922775	0.30880910036838	0.311897081675833	0.442072951232264	0.484971776530071	0.373715858944036	0.320348952457026	0.333596557462243	0.436876162955297	0.513523272228425	0.294831839031513	0.454590280683323	0.61341702627245	1	0.779743870254819	0.448183767417802	0.498229606521875	0.708276617854709	0.395546148362999	0.549483685950388	0.448588466134089	0.493227814049085	0.539110163789574	0.465012106081205	0.136949971894241	0.0945433847164304	0.292450764821827	0.594044082251932	0.508623251605971	0.426740372314386	0.260531229290331	0.406465149851849	0.474453816497565	0.278049296456253	0.326099675953311	0.0981914788706383	0.041034190767452	0.166600886166202	0.282688813854288	0.368795445087306	0.297865118051538	0.456307815957752	0.386812504377745	0.388575718430154	0.215083189639225	0.339654909310925	0.683500597178515	0.334571449106362	0.147919823898177	0.341655781344801	0.329722350751865	0.383200236344624	0.411498076850784	0.441577590613716	0.39409897711337	0.469847098285103	0.354917767420531	0.324559968241244	0.305396444075649	0.373549720208927	0.357428053030895	0.41419013674203	0.406654672395661	0.472737033671031	0.605344145357549	0.409832882962935	0.608174693312817	0.575031530214922	0.414985544359941	0.383437041693899	0.59331447406591	0.710571348228382	0.563770980492956	0.454865771470968	0.00574725117502932	0.000886371562888241	0.685262154881537	0.575920428938011	0.649823356821702	-0.070218296823463	0.258732689831307	0.501409021949797	0.378262228681159	0.306453194189451	0.486774147041305	0.651226845624155	0.386467995584448	0.18696635251877	0.0951553988865962	0.281027278156645	0.257215500945881	0.455971444520767	0.269796286338279	0.116529170953761	0.00220339035340136	0.377951880201413	0.388208431023929
0.266424329720723	0.249694460224254	0.392699057721911	0.49280152110666	0.348290309987411	0.395756390408595	0.549020255927167	0.602391081320197	0.42131291949364	0.357318246346443	0.303730273453862	0.362207577629482	0.510419885439491	0.306125039036317	0.431401616870212	0.748170031264102	0.779743870254819	1	0.568765021098949	0.625994339682058	0.678447314819591	0.272862674292446	0.523509891325455	0.450269069088504	0.58042278379195	0.668867992785384	0.490475134209221	0.0252630244555884	0.0797458031316929	0.342549646682804	0.788259219393064	0.608790845846243	0.447379114636636	0.285835025686371	0.530663077807557	0.500394407804446	0.357512025617178	0.451296719630628	0.155428923890222	-0.050118907026165	0.123858612283674	0.403580000802592	0.40564124537671	0.392711254106419	0.671908090212534	0.431763217898476	0.471967812560631	0.176261318067763	0.237402985580486	0.583951193243294	0.332304417986808	0.187811716604473	0.482395774075701	0.414280248740979	0.453261144148124	0.516913651636082	0.499647734910672	0.489978694821154	0.560949336793595	0.38476378718083	0.292875747381173	0.194027160210509	0.276014333163591	0.420357815114094	0.451695246609922	0.295217776848423	0.67051395067115	0.6671622251663	0.508381113655451	0.737502381523858	0.491032689646763	0.408690167280779	0.261969098949489	0.634162977454168	0.590325763380085	0.672576673437456	0.527231844556032	-0.110263939392324	-0.160991056280856	0.805834349305162	0.544560459118715	0.703191706771311	-0.0764535416736911	0.372689009407736	0.684796136343383	0.413841714558794	0.367555172472403	0.612922715779052	0.615226508449341	0.537192355928562	0.228614385456189	0.0240226399297634	0.38434891379797	0.364459448951222	0.483398659524692	0.275936530522164	0.0227199345013714	-0.0371320936942709	0.435584286185659	0.432148798355129
0.371190980247441	0.432566116743633	0.512930301944383	0.609748808420573	0.449961372137984	0.56017404307384	0.625803569006897	0.548846483089349	0.666328632545527	0.415305956287358	0.343089498072367	0.371532381873048	0.369111241995962	0.249274250770401	0.534237887146874	0.759758334977669	0.448183767417802	0.568765021098949	1	0.52159105824893	0.537407932629812	0.238990410809065	0.371892180139597	0.583434174760597	0.564517601584542	0.461082643457685	0.42928836327163	0.135020513311748	0.201676833313296	0.260137996863686	0.667965879217295	0.42498523761613	0.275048576979823	0.218118382668897	0.562030775723514	0.661989214990567	0.371894684121671	0.48717745075591	0.445893725060272	0.118689134851983	0.294949768520361	0.460385583582488	0.584879493991743	0.48173747078733	0.438687351995221	0.343927644920077	0.477778871737164	0.503747649072536	0.290826317941701	0.608051348162357	0.345026811551846	0.406933650722154	0.696823746544635	0.508233446356293	0.559413429114209	0.681092396782201	0.460327743693323	0.552928254408993	0.574887623302211	0.622877777823303	0.383802107199223	0.399503040127213	0.389313750654342	0.415179110044891	0.23801085514819	0.246960642553215	0.704118423173003	0.461844408292473	0.856121519494496	0.594261373135698	0.478041390506922	0.425649120204165	0.46092321122157	0.569887622862799	0.393713023312134	0.492825558700178	0.386565990566977	0.0159447561246089	-0.130323766256169	0.535447151374866	0.275350908418071	0.318931283851305	0.0433956398023159	0.38121790446637	0.429148177460837	0.257087742005864	0.407393968312533	0.710183612771499	0.497212130325347	0.477276062400105	0.413033934721802	0.123845922358335	0.316354249531782	0.287985518304321	0.275221434408406	0.463850045156587	0.078062481255248	0.0611145048293006	0.322861170849083	0.429971407444508
0.520855003167352	0.330014902147646	0.42103282374515	0.641473649056976	0.542736196606303	0.577578789877606	0.686390782947382	0.776657269095175	0.567607580185993	0.540705365913049	0.470598086515255	0.526317096844764	0.63221514956707	0.466722474934414	0.600515700620496	0.588951859862286	0.498229606521875	0.625994339682058	0.52159105824893	1	0.542321524192839	0.244955943281442	0.515659062682832	0.528363033600647	0.827551850997216	0.672160409613807	0.56815888213679	0.0647245960779831	0.262369963204396	0.360066899406057	0.531960574444085	0.6042792117524	0.63763542410973	0.281661787302785	0.494216603543833	0.339718483924521	0.507225235354532	0.589764534926219	0.326956853648671	0.121379324281055	0.260206836853496	0.4160146317787	0.413301375437677	0.469542133621849	0.723403946943125	0.465020457444496	0.510333115626252	0.322610377348711	0.395825348713384	0.518698798824402	0.392031540049716	0.313800522895412	0.590421921314672	0.576777548395767	0.60357792686327	0.671323064895241	0.677972446883853	0.72930904502506	0.56707407774341	0.563102376523555	0.577761694155959	0.430390571138231	0.404721772338983	0.633332621290926	0.274508701181798	0.392667315869287	0.49796823704977	0.562155223142001	0.430508329769063	0.759711720359651	0.558188270340729	0.447667748967573	0.309984840992379	0.767442752321705	0.319495807710592	0.489046522889992	0.522544682028702	0.00330461802378441	0.000586215450553689	0.502537336447452	0.337317070928047	0.540598179685837	0.104509227903431	0.350849276897956	0.572602102854522	0.261016829982876	0.525364674444408	0.511922399805153	0.619421906961362	0.574926707337195	0.395154295672577	0.207712483318153	0.370496219225802	0.371845815136886	0.403857660449197	0.387405606627197	0.121461642160118	0.287956427325762	0.55925022516638	0.591425515427789
0.4797785993843	0.366278629953531	0.320037397063087	0.606904314634441	0.367573748088529	0.369244320535608	0.595652415577359	0.593265486416985	0.492321270850059	0.671559923935857	0.527417782614244	0.596485138605008	0.589354351134444	0.347063270130784	0.54418889576703	0.575446731446481	0.708276617854709	0.678447314819591	0.537407932629812	0.542321524192839	1	0.469010819690956	0.586856534842453	0.488241972033787	0.553092162865092	0.606382005841301	0.580311870874183	0.225948966721915	0.19905369473257	0.235915632136912	0.622105177831827	0.583607358845067	0.510855863685081	0.381809224052036	0.510120244881139	0.409348222826626	0.404773068738746	0.402635906981105	0.239522234062208	0.185317714937902	0.43254516981468	0.597426939173892	0.589948832408751	0.511059216709932	0.537325584083704	0.489804564847538	0.64270710406436	0.243358875703194	0.333730927900663	0.732944604523689	0.408185045309838	0.318607193235936	0.39266993768465	0.44787851381972	0.492540151930614	0.689238121324726	0.608070458297558	0.492915413584049	0.486125363160144	0.470974380787162	0.509151381924869	0.434994010697507	0.521144853140409	0.508632163098504	0.369555782779505	0.457894884022244	0.5488400726896	0.625225341408938	0.43584045773814	0.623610018085155	0.64780070832579	0.511331023886865	0.450705737794471	0.656697558322856	0.590727762416628	0.51699135319165	0.529449286475247	0.156166241393563	0.11232359515857	0.700542736822331	0.45692550236576	0.614616691671522	0.208730211236646	0.575165081546896	0.59086698228373	0.448995419966116	0.411561830589303	0.478745163017193	0.814589430220356	0.371192348182715	0.28369970086381	0.187183995171202	0.489840396750233	0.449027346578724	0.628197633106175	0.289048611992135	0.232351616396736	0.202517539723009	0.624643497610342	0.712058548932085
0.402980061966269	0.226068041311038	0.215551790408408	0.352348850377246	0.391575241640539	0.381131627272472	0.332738375876143	0.363916421808408	0.33214701167115	0.5542405856499	0.578808997293725	0.644942711275375	0.419799895774942	0.323018535148731	0.297912869545211	0.0747763667317315	0.395546148362999	0.272862674292446	0.238990410809065	0.244955943281442	0.469010819690956	1	0.605206771977854	0.223661578397953	0.240898569129969	0.323016808875147	0.442665250028344	0.501591345755643	0.449367386593753	0.209987284044911	0.132275307092862	0.355904632029729	0.318902590388814	0.351088208489886	0.153479361230358	0.233267771693769	0.315939924397705	0.366679252153765	0.242215274756187	0.515827017497677	0.581184127565824	0.291565426309432	0.291318885903426	0.442280702530865	0.209598261436162	0.718148364401961	0.613828294795161	0.42910842483001	0.613226656528907	0.508272055569419	0.349230518554971	0.167519473151205	0.315710220039237	0.381042330083337	0.400498924342358	0.316382305917044	0.288104171809355	0.446534450952732	0.346083345743719	0.324733026642349	0.596805035691907	0.551362865748274	0.614232697552317	0.363016599101758	0.158126802154249	0.49687523019697	0.178447026260268	0.307687551253815	0.169396947563389	0.303454757687602	0.438527238669507	0.537233869830625	0.278962840354848	0.46092539219349	0.215918966237608	0.194996241750725	0.417686990859047	0.374165742364278	0.482728746033987	0.254829390056472	0.377372207866476	0.271329800190763	0.243832163389181	0.0823236091706442	0.207935504140796	0.471214258221962	0.227948009264632	0.0165558821653506	0.427236030441909	0.297234220994439	0.218459662329067	0.44974798407788	0.351985234592212	0.377197343544351	0.368824213363008	0.361421412037936	0.457129029142462	0.474955567031005	0.277680327229842	0.401859093322261
