1	0.797964721759392	0.821758958448791	0.751523525756242	0.65460617069885	0.677562716379106	0.597784890628905	0.0298324326872844	0.543043643373232	0.6879376542024	0.375622441439057	0.447585241574009	0.391617566298656	0.681727157061882	0.661031233876372	0.318607654093779	0.085484594392048	-0.179010291395709	-0.0185479705135931	0.149135906583033	0.511891244872403	0.237637370055531	0.0654694724874172	0.215561082770154	0.338750470188403	0.554250248632352	0.49934526572243	0.0225962905772927	-0.186862806186286	0.379765092955502	0.180046542696254	0.633396464689143	0.410334461782568	0.499477503198432	0.480985526947454	0.436583213608402	0.211790587585392	0.51638723832737	0.365793737974091	0.328959528276613	0.446262804870695	0.573637838324952	0.26990258596447	0.366138380380181	0.592395166549179	0.173473002844238	0.430314440572187	0.310450573014531	0.0625283288997318	0.649985284099188	0.769137359065451	0.639145776201719	0.568439111031166	0.782920721084658	0.377149573295548	0.642247888286791	0.194067006328782	0.0481034717001809	0.142991624918958	0.440309238928456	0.524153667738167	-0.0583146721726842	0.249163063714164	-0.00265150592978929	0.704564815026675	0.593387482915018	0.342452141740354	-0.0185794481556295	0.261611454474714	0.333919379416484	0.266038576893398	0.273892479992637	0.0699886825487253	0.219037825603144	0.109683218944983	0.211814538864598	0.2096083911376	-0.0537247770318366	0.0217772795725498	0.11236016992604	0.388562529949741	0.182536012548323	0.538866776962101	0.302827014196537	0.176067799304611	0.381471375260023	0.0122539219939807	0.399052138587318	0.384338777094446	0.272761221750604	0.271057954092909	0.240410140361244	0.248399657339285	0.324031198369271	0.504076686136488	-0.021664731419388	0.127522306834474	0.488426851949732	0.621244799831643	0.559832056079382
0.797964721759392	1	0.795931861556997	0.798578657558721	0.696480575126639	0.713625552875417	0.638509262174079	0.0541322360772338	0.417406458915044	0.653493736742921	0.238089175803283	0.409197971606665	0.321225861259168	0.705590357024191	0.696483550163236	0.268112338993097	-0.0410004962328418	-0.21790987204907	-0.0131135237420724	0.1617310648497	0.510885141320337	0.183096625058549	0.0547238008368739	0.0670991751389555	0.300182702313573	0.621636304962651	0.438319716618305	-0.0201650947927662	-0.28475036443049	0.343722155683374	0.0887259014952072	0.52764248932547	0.391203811524159	0.525232302510534	0.438407502485284	0.394734014255113	0.124406796012857	0.395574822808484	0.296322229556772	0.34544559112552	0.43410120746331	0.550006950753269	0.232758289553641	0.356231267772663	0.581926440571681	0.148675911315844	0.403630513534317	0.336217554461118	-0.00529902421660122	0.626814772967749	0.659879187689949	0.67068614766411	0.481687022331071	0.740457062789328	0.420945098398842	0.583481873965194	0.119018787530671	0.13431280265759	0.106700057632669	0.324386897348896	0.447038883049407	-0.0576157005788549	0.36308975538393	0.0111931402355434	0.560180105907868	0.541237090697009	0.298543688883783	0.0296218994930495	0.193976777865403	0.346366583092746	0.224415290839088	0.318612186606869	-0.0748558481486546	0.168865362112236	0.104916957735721	0.227742416960313	0.264326659227577	-0.0140869581115575	-0.0418095164872056	0.0958975695653352	0.316887941790306	0.200473904711843	0.397200893520262	0.29931670124877	0.150962664936363	0.436386877750634	-0.113778624073339	0.296096254224966	0.356043262390562	0.209444806510579	0.155331463985354	0.189549124191682	0.221043739536628	0.346407968865283	0.426924318354596	-0.00293320006501485	0.0949018321998768	0.364402654814881	0.579044288912421	0.522093990360789
0.821758958448791	0.795931861556997	1	0.84790386914196	0.727411816643419	0.796922757143572	0.741506667452278	0.0369303398469861	0.552162562608237	0.706159063486175	0.312886027966997	0.385840015050118	0.439537120771595	0.7189639483524	0.665951948151228	0.39228269021001	0.0561120121231805	-0.164907760982547	0.0419233819108885	0.184497236491538	0.563321962478718	0.168541898323475	-0.00414109994077288	0.177297506480613	0.170371684749609	0.581637164278377	0.390875601512465	-0.0863331675837294	-0.321745611581399	0.439417948549803	0.106394216344336	0.508342340873294	0.364797406726741	0.405183566429805	0.489571721807437	0.416086447075643	0.098122750731583	0.480348649356909	0.309003101125303	0.259078291221674	0.481114100412925	0.638654333540743	0.324439870228897	0.282540259451847	0.526149653288909	-0.0224265528298232	0.328120177274624	0.362806186571269	0.105974346386284	0.698032167079958	0.675691596607104	0.626088673061369	0.481472546633041	0.77483960946069	0.381648253926233	0.708590576628705	0.0384359813178841	-0.0774332963053734	0.0722774751566026	0.452787464334551	0.490751076720664	-0.162102693300009	0.157140126682881	-0.0627129196292865	0.571872911484197	0.528606429891769	0.262266039578283	-0.145258981460955	0.259466537336653	0.263831803968128	0.142478909995851	0.126874193724576	0.211791329854474	0.139469866999125	0.12086818243978	0.10938050412296	0.0747591300926973	-0.128832822503188	-0.037939360533392	-0.0168878020375929	0.206020773113958	0.0484730455800332	0.492135828921728	0.246254241553266	0.0691937781378382	0.258392672533904	0.045821499554105	0.39941554407543	0.352423643868994	0.154894285354965	0.279379780606524	0.162862291101675	0.169585718603304	0.248042588634224	0.345866684332913	0.0409786156873913	0.0467575617949618	0.511753859724285	0.624094328194312	0.550657885476956
0.751523525756243	0.798578657558721	0.847903869141961	1	0.71818788904338	0.751924020240447	0.828286419307413	0.0967066797529979	0.509307071531251	0.651557491840018	0.287581563643683	0.384921807114094	0.429553991653135	0.761711283925248	0.749862724870256	0.51731006743878	0.0990052610522721	-0.115623144046934	0.105786795779758	0.150338792079268	0.62423807983881	0.138606299014882	0.0455991705789754	0.159031421163653	0.205519742354457	0.596884726281984	0.370480672009978	-0.0269481329501474	-0.338413646050409	0.437005930068965	0.265491162968029	0.529890826383353	0.385818232346885	0.41153823618503	0.554142708268246	0.50487463629988	0.108779886498569	0.512213504171026	0.367424027805606	0.337091225059236	0.44413184462929	0.602771449993635	0.454083508198307	0.309139532766321	0.548463711208251	0.0713284135933144	0.361951005485044	0.369209429151836	0.158095311999812	0.712594450940437	0.782592950233634	0.651270837910734	0.684786731465856	0.7445306177706	0.443075499732251	0.845838052931642	0.191018447575988	0.12408010801192	0.167002525690207	0.476852017495651	0.480205454211538	-0.0145992200927316	0.243445651172696	0.103786406787705	0.582834223498708	0.564625466398687	0.37929443202456	-0.0311066701185227	0.394419389145024	0.346975026085383	0.213576155961738	0.251332190915255	0.0316739584174213	0.160983552803986	0.194823846508848	0.187248173068924	0.137708611629876	-0.0366091018632645	-0.0575451466610948	0.0844611266298093	0.278512009843558	0.231574399084419	0.415804742269503	0.329822026917435	0.183313284965795	0.336802263986139	-0.0351811538812027	0.489943825625731	0.441265551498338	0.18462113392945	0.278056770586961	0.257809336746432	0.173595391972877	0.236578784579765	0.328382617525848	0.0594813713382562	0.0257365214522796	0.372731732098033	0.611031940800457	0.535025413208967
0.65460617069885	0.696480575126639	0.727411816643419	0.71818788904338	1	0.746449336861406	0.610169120174834	0.176728274626178	0.495973466574727	0.538051433213926	0.222771336966738	0.373411328397746	0.479868819644769	0.611497445789295	0.5878280619243	0.376343124292571	0.103591199321005	-0.0788722717271584	0.178080619795433	0.201052629000196	0.537230933624766	0.164316730201654	0.0702049074817505	0.0608149557244971	0.212821015745823	0.476041263767835	0.335592962535196	0.0747260253582779	-0.329740594708227	0.249204670354628	0.157506351873568	0.490716141908263	0.388223570404953	0.397052929450862	0.402941784276861	0.445560011398393	0.024426054639843	0.34203203874917	0.272312136547636	0.24353500659678	0.330441802844231	0.511174611276923	0.310441721032911	0.190417003756953	0.518425197181191	0.0616586901160316	0.34544103954651	0.389731085401324	0.25179560710532	0.580573575826574	0.633091223035498	0.445021983296525	0.475104684599552	0.594488742157984	0.551970972117145	0.560988247036035	0.0789189821896325	0.0161757667390639	0.0592979870254273	0.336911083381441	0.320200501896089	-0.147675487643317	0.235498384215258	0.0465549759778142	0.444801833659396	0.464709696924612	0.343304447154892	-0.10007468323477	0.266738267023624	0.264479704588949	0.0836950018990393	0.171477487963681	0.0561095970863512	0.0723371032296323	0.060519055574043	0.120697512701436	0.058590991195275	-0.132702852897885	-0.0853818455748573	0.0870112547353075	0.24193436830596	0.0664941294465089	0.376944966617108	0.295497241302065	0.0843649347257328	0.223054060248406	-0.108315828844159	0.323949705068978	0.308336473612523	0.139792512313793	0.21341267430988	0.092928915669911	0.0779487962550339	0.262874039050968	0.264091157919817	0.0846868269416119	0.124490391820436	0.2734812114933	0.411599759502961	0.417180753264681
0.677562716379106	0.713625552875417	0.796922757143572	0.751924020240447	0.746449336861406	1	0.77594856713297	0.223080224851788	0.526729361563007	0.698722998141099	0.363233920500408	0.49050582693221	0.553269634043481	0.631860777289955	0.763756851415893	0.468655712613416	0.288254957693306	0.0547342028822755	0.122332237692144	0.238164348618707	0.596045409031121	0.28549253830995	0.100500949414305	0.117509433988467	0.26485026307955	0.621455522353164	0.470763186849011	0.021010540762361	-0.137237474549259	0.434324566698473	0.273794576192633	0.567415809167495	0.413544150527967	0.48486350650509	0.509437915945558	0.460892843472723	-0.0415462511732218	0.441818797490338	0.323250635268824	0.426448977421176	0.474830421299438	0.61347706341015	0.468256576271723	0.357498238537505	0.533275979102029	0.121464924768499	0.435203445741912	0.55830566398358	0.272019790705088	0.734723985130062	0.585949282114012	0.408017624723545	0.534652384409742	0.75956112276473	0.50456260656355	0.644283285136142	0.21111427619985	0.0902330595276578	0.122578786128742	0.47464916558816	0.570865023023757	0.0255913617842139	0.291720826904201	0.141105977176139	0.552328729242688	0.594315756923774	0.387418781657453	0.0554774886129508	0.288023114911632	0.389853985275633	0.25972762124239	0.251950830393268	0.0800540427413923	0.195209322609519	0.145106245238032	0.231486973275943	0.280836142239395	-0.0525070049443399	0.0269892142688101	0.1043548447457	0.282017616365838	0.23456125080269	0.49109862938731	0.324312473091433	0.209142407916006	0.343904145827874	-0.175142958108157	0.453066576088982	0.416302002716431	0.257288825888863	0.223270374365988	0.30339648621899	0.274719068477152	0.321190949529833	0.370963024676911	0.0415838019120378	0.239381444083221	0.43289839584245	0.585341459674438	0.531062360724213
0.597784890628905	0.638509262174079	0.741506667452278	0.828286419307413	0.610169120174834	0.77594856713297	1	0.185207380876412	0.50380720854417	0.649410255607563	0.460254111929526	0.422550556298064	0.419294151060054	0.546472572162985	0.697770828662166	0.584444998741306	0.215954587785097	0.137730380549981	0.180716443783342	0.149168485787925	0.591002424021378	0.276533250520022	0.17662161856913	0.30522262702515	0.268409421285812	0.562326230184486	0.396824198110768	0.116221316980397	-0.195058990892131	0.509560135587343	0.336065077300893	0.347103023601298	0.21702023190275	0.470846003718029	0.757825892520958	0.594821714910505	0.175356031341882	0.496149637318849	0.569488333574964	0.505573981243703	0.494401804986733	0.590574730492877	0.568929019265335	0.452726755403535	0.401795072909514	0.183009315899728	0.332360072753409	0.624815946317704	0.253778000796824	0.725617283695959	0.666198235083069	0.512975092563779	0.555956761717224	0.658266790865269	0.443330630624921	0.799265434487258	0.277446428309669	0.241376890134549	0.24448371092728	0.515924656693682	0.552335946740895	0.153323897433697	0.237828175433216	0.178949890971875	0.595151121209579	0.620305020099558	0.468527348371877	0.101019193086124	0.448676347349581	0.331109604650604	0.329265909235672	0.235107147603614	0.140756594816301	0.186389837003786	0.296266320987401	0.2426873908441	0.248718162478378	0.151106059835799	0.0543812056546959	0.172693270985897	0.229645871020378	0.243609444255904	0.475030712988161	0.386532265574673	0.227304722613517	0.43297618513342	-0.00999735475169957	0.584771155536052	0.530512467737848	0.26343841899477	0.430647620484087	0.485783208229164	0.414321817945732	0.311540938116283	0.352806147780032	0.244866082478466	0.117278264708382	0.381663694147138	0.654568082883944	0.534293147840883
0.0298324326872844	0.0541322360772338	0.0369303398469861	0.0967066797529979	0.176728274626178	0.223080224851788	0.185207380876412	1	0.215458855102733	0.093509798817306	0.300265059922675	0.165284073899623	0.373611279836558	0.108451524088749	0.100545852940939	0.434086814293173	0.3915331787253	0.543621568596705	0.574066285827525	0.445097245393343	0.344977337966153	0.194684486871657	0.266297401521461	0.0683451275019709	0.193731846851302	0.104124131698953	0.00828844964401673	0.288107927621475	0.00540348399675528	-0.0947669399156527	0.47515685527782	0.313082354937907	0.237102131591038	0.0232981724130507	0.22062282495089	0.289418259946596	-0.154711094847919	0.133843886928689	0.198282968060766	0.120742481497609	0.0362920218733383	0.0501693523395225	0.259233768240935	-0.0592332272693473	0.164972479795432	0.195430563156039	0.193562899049181	0.23775538563887	0.152122939392766	0.0127565361761553	0.242441714913418	-0.0129143864760289	0.174581043504344	0.225155114537472	0.12300281744203	0.174480561594451	0.359579203010024	0.301135427246966	0.206280224094834	0.0722414417938721	0.0281532903522699	-0.0014077615959795	-0.00614013849947689	0.329475522440909	0.0483355160064234	0.0411346967584529	0.221703129217805	0.270931543190338	0.173026874494228	0.376817440759521	0.018007088924874	0.0790272720437312	-0.021563102371707	0.20094054495652	0.00553915976052438	0.129750287692961	0.147310749268597	0.106366569333601	0.124611931087243	0.268950662829076	0.156733595092335	0.265714425863528	-0.0867998212514496	0.0233254834716959	0.186973026751219	-0.00328292698664181	-0.129230628251764	0.226493867174636	0.0570407771488398	0.112724895514868	0.112562000228271	0.0815103420077823	-0.0233662748275104	0.138746488525466	0.00324174244023412	0.0164500599112129	-0.000581594287904047	-0.0362399366450485	-0.00504097347317802	0.021746506386378
0.543043643373232	0.417406458915044	0.552162562608237	0.509307071531251	0.495973466574727	0.526729361563007	0.50380720854417	0.215458855102733	1	0.516491900728444	0.268262803596327	0.344191461015846	0.446682361306001	0.404087868124985	0.482988421697959	0.460645903528014	0.237609434547764	-0.0564995700402587	0.264303507227264	0.378473560824735	0.586554239408851	0.143697088658638	-0.0246621597013061	0.478746249053594	0.293624431276838	0.526727474678486	0.409203122123809	0.0886081353551262	-0.0548993221297774	0.360418202053237	0.289081743506483	0.512362548619458	0.30894077273659	0.377516065853537	0.527481581566165	0.57076956668977	0.179873557430224	0.594878389064214	0.398363897496891	0.335489890647901	0.503078947632479	0.540819855228123	0.556833183122717	0.45157712692055	0.505317262542474	0.00373934091657069	0.333045218931035	0.30315154430828	0.384023353092429	0.534507115695584	0.476261917116929	0.319477832181232	0.43557945005004	0.530551307937008	0.400625536480355	0.550305036701087	0.244845099702532	0.0830878478489576	0.20642648613319	0.76234516879284	0.477333771494504	-0.00308232427808597	0.163245131095306	0.0585955949346937	0.454345066312844	0.524902908630923	0.459097033085103	0.0241708333610467	0.476298791142216	0.326575625402591	0.256194823191759	0.177743475325436	0.349982487522399	0.385034088625777	0.317612400680027	0.29749215602306	0.118500086038522	0.0545607062985503	0.081519114920717	0.226188248722144	0.320362749959719	0.161638800474848	0.409564393357933	0.412282644348684	0.247719248778868	0.277154708705732	0.197348548435496	0.468043455580085	0.534035234251949	0.346698617526413	0.443407519799681	0.316044037625005	0.288155434442685	0.273716993438248	0.281061801425781	0.167971542054852	-0.0312197766637048	0.357489316339766	0.490079494130899	0.50204685294857
0.687937654202401	0.653493736742921	0.706159063486176	0.651557491840018	0.538051433213926	0.698722998141099	0.649410255607563	0.093509798817306	0.516491900728444	1	0.459131356422742	0.702404101573401	0.384516098622209	0.641427232256205	0.723831131701054	0.330730798777522	0.171415672094763	-0.0607816026925705	-0.0513365468307016	0.153245386860167	0.659800518286376	0.455690996749778	0.271864428386731	0.249537733120117	0.26599245994086	0.684607598164706	0.631648547004313	-0.0435421799559109	-0.204360610344275	0.449192548497312	0.13192189653487	0.539927542811549	0.439487194271988	0.527181784859253	0.481491180570125	0.379300311267305	0.164142869394242	0.526464023193791	0.384293961883673	0.468004890708994	0.585175268868346	0.672558590023631	0.414070047068445	0.516278145292565	0.669287714979785	0.273276714298777	0.507411674710731	0.434477571023608	0.19810771917168	0.764944595034784	0.578702326455885	0.445650137477246	0.411634204354274	0.549233997789842	0.279569927172519	0.520753090183992	0.173129730495713	0.154959925390615	0.249155323351837	0.432529020393117	0.697228808891673	0.158678955434293	0.359120733765286	0.11168129599798	0.537191978636702	0.592376899842784	0.304893207567051	0.150031531222916	0.249878156807078	0.401463649107784	0.476725595997126	0.47127588854687	0.15560779713652	0.248127518540837	0.36662849203155	0.256653405065966	0.368333016947843	0.0134401148544472	0.00299998888837899	0.202754730406934	0.360356712353691	0.275533856351016	0.533774384535707	0.411099589338259	0.206616625846891	0.412592909620773	-0.0084391801117401	0.258046149463038	0.466684780465563	0.253823433852484	0.22515374331236	0.419682970008352	0.395296433206778	0.384027797282788	0.579928535628481	0.0329681875134248	0.134039100599288	0.504095875953716	0.675251188295746	0.628451093261296
0.375622441439057	0.238089175803283	0.312886027966997	0.287581563643683	0.222771336966738	0.363233920500408	0.460254111929526	0.300265059922675	0.268262803596327	0.459131356422742	1	0.43963368058721	0.509512282144888	0.0968575217764469	0.268903464993984	0.24136943548126	0.357286248116219	0.251929023215585	0.0996556248280898	0.141852821649036	0.323495631270667	0.52768284505147	0.361669768252755	0.209845916473849	0.220233336443852	0.345010269769799	0.299829921108143	0.286396281256299	0.172371547839742	0.247425825095179	0.169097593820863	0.380636423340384	0.167278552456291	0.259200145552561	0.341872073375506	0.220202354895671	0.228295451324563	0.296816270418375	0.419479776239292	0.398033379365369	0.235003740072655	0.295109054235874	0.232207693510012	0.262598047660782	0.224767878659299	0.257989498072566	0.197892412303168	0.411425877240004	0.158084554268929	0.342243688427839	0.320793622573495	0.0451104917600721	0.185584086294051	0.367935475142022	0.219547187581307	0.395732194030473	0.221747187776946	0.27979705338219	0.17475176023225	0.23474520913853	0.342183434953453	0.19083125769069	0.0638165775700556	0.147954294719574	0.359234895033473	0.30610632937969	0.0774050304477307	0.0648305967532418	0.150962046598899	0.209725802240898	0.219883162551425	0.11442200676318	-0.0365389213709863	0.19250157522506	0.1825777617633	0.113498546562277	0.221872881581494	0.206935052707641	0.241775972766386	0.0187228074677234	0.10163500816637	0.111544814152447	0.362720008394168	0.0758545316796329	0.0415898894237003	0.189910560227269	0.0458997779285375	0.249199905496848	0.25236133418629	0.0928418731273187	0.373876030773338	0.356752266039374	0.25837993290952	0.172465579412796	0.230370064030473	0.148359740744861	0.226820306194272	0.424240830944052	0.277913779847562	0.236942942681314
0.447585241574009	0.409197971606664	0.385840015050118	0.384921807114094	0.373411328397746	0.49050582693221	0.422550556298064	0.165284073899623	0.344191461015846	0.702404101573402	0.43963368058721	1	0.429692256173785	0.326611170823272	0.62621637343574	0.390742451050159	0.480419090967942	0.141098353349534	0.110541669032306	0.295041085002944	0.587948239276498	0.380046659641493	0.492725374197757	-0.00260809790296763	0.326635163518243	0.573960166930927	0.551797909254659	0.090195786992298	-0.133239202700399	0.204537888279927	0.240737747132358	0.483756892788232	0.525144444552231	0.414708921934467	0.267188305047558	0.293742042429457	-0.0635468321393203	0.463752661847368	0.200415234008763	0.392502316562314	0.260053681869928	0.367509623612154	0.377307381111292	0.501665360203332	0.559087290203928	0.309071295696223	0.543538480927083	0.361991877882497	0.105579615714354	0.575847145004831	0.373451470971496	0.0683414512626922	0.357603911836615	0.378077765359396	0.35089722245037	0.24133707643431	0.0557827199454224	0.110851300206955	0.133447580985178	0.191161831596672	0.420001893013358	0.182554080627921	0.231577577356053	-0.0302846974049819	0.399455349788379	0.434445050024439	0.255038041120592	0.201071649394188	0.0801492086278771	0.276391388289992	0.493836874213984	0.482507106345126	-0.0971272769511199	0.215989326823146	0.354117990235646	0.214520366384058	0.482199747857791	0.015977403672922	-0.0935567592335685	0.214736839260492	0.331137897520644	0.275064440344986	0.307813085685969	0.294744501300408	-0.0117759308587442	0.248856802995791	-0.223071086719876	0.0747468067331899	0.334400985878865	0.116482887436638	0.0891187397028788	0.399479048855248	0.257056721596506	0.399312300893679	0.544156079751869	0.124707074839397	0.256219809689922	0.169872006639495	0.349820522237208	0.38023239842761
0.391617566298656	0.321225861259168	0.439537120771595	0.429553991653135	0.479868819644769	0.553269634043481	0.419294151060054	0.373611279836558	0.446682361306001	0.384516098622209	0.509512282144888	0.429692256173785	1	0.263040526779521	0.425287549084613	0.417775897240629	0.527345774650417	0.096764931171892	0.33743807532664	0.3919036322467	0.601480512470352	0.196546032810796	0.260094438649789	0.10261910989799	0.232661170847457	0.477444642960676	0.293254966382514	0.279486475411482	-0.0724553856308023	0.132075149004294	0.315211595318783	0.623430510394748	0.578259979225288	0.232914181728447	0.296121547714759	0.406605742820875	-0.0693690604535804	0.41921579012689	0.333960050844047	0.426217889490546	0.252648166116561	0.414350928577559	0.477604688626015	0.32349436830745	0.521559720100544	0.140639166084801	0.507452555836682	0.399383535874675	0.294682959045332	0.527865194488707	0.429919354071281	0.0349858482230799	0.417871627675624	0.442802965482318	0.46955558182795	0.476364423518269	0.22700351781475	0.173214960498874	0.101909336672035	0.31888526052843	0.287014707994751	0.0812636605574018	0.265788384734425	0.274212261694219	0.336044386368394	0.513846645691215	0.246925179729223	0.0549369018686114	0.265498006769304	0.236361590095959	0.193390779045765	0.197081276898765	-0.0958682826248375	0.156380052221357	0.246029417817887	0.161413938806386	0.147096032453259	-0.103261246563833	0.0949465818393977	0.126090576782164	0.309544445807237	0.22367996841565	0.42479409785779	0.332338668392453	0.0696431782237833	0.0386253987578263	-0.15165096727348	0.361530268607358	0.433335362499187	0.138459505047174	0.218656364390652	0.155255951806995	0.163750575914729	0.186666949258423	0.282135826219202	0.0749506338390952	0.191518405266533	0.318861471588967	0.344275313542042	0.433967974864105
0.681727157061882	0.705590357024191	0.7189639483524	0.761711283925248	0.611497445789295	0.631860777289955	0.546472572162985	0.108451524088749	0.404087868124985	0.641427232256205	0.0968575217764469	0.326611170823272	0.263040526779521	1	0.71535737293917	0.419651568382902	-0.0115989779296088	-0.106333915103837	0.0500960408562384	0.246577847390289	0.508855438504318	0.110431726893418	-0.0231873909411455	0.0241693384263081	0.163117490026659	0.463889821963429	0.367494294894059	-0.127578350530528	-0.345804675223833	0.46381626954518	0.216412490570687	0.528219693325067	0.394221876573742	0.33472932106031	0.315889791278622	0.323572181851015	0.0505098193394224	0.371794161320405	0.131668813166753	0.103248736753791	0.318741130572107	0.482089180588622	0.232280488908946	0.0753661585527446	0.534040344195957	-0.0117766352854213	0.258190270973417	0.170610333902929	0.053289668019495	0.620379342355159	0.65255213877775	0.581995319152767	0.502445389813006	0.626144908686953	0.265892648325867	0.553858958297859	0.190098036971471	0.037316978905563	0.103747655988305	0.295870478692257	0.519312010482595	-0.0258435095274455	0.370890667471191	0.142593861260976	0.522401706729515	0.311150856929379	0.306577761340299	0.0131853483623186	0.187345607158307	0.371929333015748	0.135310326811924	0.316475610106365	0.0795912244023314	0.0899048232409298	0.0125449235449146	0.202264821655927	0.115338260943763	-0.0930272365071597	-0.115514102900359	0.121164584560389	0.284181050274332	0.270805992641896	0.228192765766272	0.159114437656221	0.14713343317848	0.244505225064835	-0.0417363964864062	0.336972432799303	0.175668341048429	0.173208565383473	0.115847531754623	0.0929571771577539	-0.0198551431473903	0.202272087612014	0.245474580538199	-0.0542082930612394	-0.108279105993888	0.280664573257815	0.56240370591459	0.424822010868121
0.661031233876372	0.696483550163236	0.665951948151228	0.749862724870255	0.5878280619243	0.763756851415893	0.697770828662166	0.100545852940939	0.482988421697959	0.723831131701054	0.268903464993984	0.62621637343574	0.425287549084613	0.71535737293917	1	0.491546479691794	0.282137028887959	0.0252797859755939	0.00814923622279269	0.223978384675499	0.662002945367795	0.198280329056463	0.0989200216762281	0.115123169100373	0.317415533878282	0.67803411927446	0.531542602171001	-0.0174320962123979	-0.22918333888618	0.472851071554261	0.350420295423382	0.59727056477619	0.529481941943455	0.431883660604518	0.495258940679355	0.420167617765645	-0.047556184200231	0.432589521959662	0.296272937937539	0.436971051068822	0.441617382530286	0.551799249886843	0.543544076006793	0.437984232964384	0.629510337423232	0.153127736445951	0.478907321730293	0.420143864731873	0.100450770089693	0.826085495942198	0.626840719982673	0.440727603122773	0.593742372674285	0.672060673400927	0.465513756667007	0.575297608335448	0.172612203856433	0.137958629828476	0.158927915296697	0.336234885449957	0.573342985120821	0.119739555404219	0.409772032686702	0.122629644472311	0.619411604476106	0.570917160379723	0.395415294504992	0.174453562896108	0.160650677953906	0.333980047053337	0.409381014457	0.436282556405968	-0.0790382784665169	0.256996438167335	0.184432327233202	0.341286992738711	0.403678060180037	-0.0293407638497647	-0.104642068033316	0.246101118420032	0.41019439586146	0.407876177653404	0.362834740989838	0.393725227690163	0.21822696714294	0.406855474714409	-0.263165213035642	0.403873236687385	0.390849731713184	0.230840738550931	0.144750633039626	0.416416472340007	0.243302139643148	0.38745121570249	0.448659662180318	0.0190513301711104	0.0913450644554082	0.215131442595987	0.650051576211217	0.511943660490987
0.318607654093779	0.268112338993097	0.39228269021001	0.51731006743878	0.376343124292571	0.468655712613416	0.584444998741306	0.434086814293173	0.460645903528014	0.330730798777522	0.24136943548126	0.390742451050159	0.417775897240629	0.419651568382902	0.491546479691794	1	0.468797427958479	0.499718178225736	0.533086322143823	0.423678595786126	0.540632509218702	0.175914008662936	0.216064188818901	0.134315254565872	0.300552867399756	0.205356090757799	0.225529674599176	0.14182627405358	-0.181176325495957	0.414449586498422	0.807117468868124	0.29509058822054	0.272686877613773	0.234216162503176	0.565884085021519	0.650256748617427	-0.168127000347072	0.321882398277769	0.346363554471152	0.21266081109325	0.135647395548548	0.23830763150986	0.643378510619856	0.168677564663779	0.324550981976722	0.207542115771272	0.292264246636974	0.310595228752144	0.309475132682273	0.477710008117864	0.532229706470834	0.192125635953629	0.608327913052376	0.480736968267093	0.451825002438673	0.538961646368396	0.286954686489796	0.194996547463117	0.251724427371591	0.314790223940803	0.218160927937311	0.0943924956960444	-0.0652369540317076	0.152517395373559	0.529928504595588	0.385971564639117	0.57848820251569	0.175705191054226	0.405998028751385	0.361853591513206	0.17700694855592	0.216781427386831	-0.0387358979745613	0.263877249278348	0.141040584154121	0.206622615123248	0.200462363645885	0.187323952197585	-0.0192790712726338	0.284587454755589	0.183198591276234	0.30841563069773	-0.00295972310194856	0.227761453247439	0.204916208106263	0.215645866836777	-0.196308807596338	0.553790071287061	0.257786157032176	0.254489311890385	0.226649629227136	0.371242287255291	0.112012910281129	0.334733315120259	0.152024494535937	0.283385487568917	0.00828876343952245	-0.0632449937782922	0.287738329747096	0.284557361314291
0.085484594392048	-0.0410004962328418	0.0561120121231805	0.0990052610522721	0.103591199321005	0.288254957693306	0.215954587785097	0.3915331787253	0.237609434547764	0.171415672094763	0.357286248116219	0.480419090967942	0.527345774650417	-0.0115989779296088	0.282137028887959	0.468797427958479	1	0.524136052261081	0.392166592211523	0.349883673048984	0.532564640753088	0.154375755972169	0.328653825513646	0.113624834814002	0.12763845034218	0.238224952861917	0.08477333468813	0.285286838641589	0.173592444885507	0.150356246766318	0.495523579229096	0.272733634121747	0.257885544861655	-0.060030279244289	0.22747064375743	0.198774994244528	-0.236945055561214	0.251263257071683	0.262835543838679	0.182693655334046	0.0838380517518983	0.18776234279465	0.542077761104488	0.20071163440248	0.23451225998779	0.174042766223042	0.28091906210858	0.299596802191419	0.283381137388735	0.298742881041663	0.1665865557751	-0.221754709811062	0.15623819873174	0.197995686728882	0.250570497403814	0.127722407462677	0.168314094887374	-0.03641072636761	-0.0836390508169544	0.147212259442262	0.0991976150490871	0.0377708449174829	-0.111824496499218	0.053768310924814	0.215782323868452	0.228048262901132	0.0499696693368489	0.02634127712255	0.0649184031055668	0.0768485599104991	0.30449058314131	0.0405457978644394	-0.0502347618170865	0.13515050827183	0.0184337782644842	-0.00854599384112965	0.0743974252846453	0.0803130793213423	0.130370502358806	-0.023482991077945	-0.0172216932829065	0.0332446816055069	0.162574824395774	0.0244526829314877	-0.126298525302496	-0.155592891123565	-0.17315340764338	0.178780348513665	0.153115219263767	-0.0735393865354949	0.152401266226734	0.230910944088238	0.0528359149248705	0.0800478554835535	0.0281139391479479	0.0806894873387691	0.335260036580977	0.0179889856647403	0.0966581418877689	0.128802337047059
-0.179010291395709	-0.21790987204907	-0.164907760982547	-0.115623144046934	-0.0788722717271584	0.0547342028822755	0.137730380549981	0.543621568596705	-0.0564995700402587	-0.0607816026925705	0.251929023215585	0.141098353349534	0.096764931171892	-0.106333915103837	0.0252797859755939	0.499718178225736	0.524136052261081	1	0.485900467522141	0.200214844901583	0.11666737702476	0.264683279846692	0.339740670611089	0.0598478029664658	0.0937208362908055	-0.172312230825541	-0.0686946449853797	0.173113158924328	0.149152832079178	0.114270342860418	0.644094978119262	-0.0926273336084199	-0.118295313901042	-0.116346883799904	0.188491491327568	0.190195660690909	-0.176413882284933	-0.0787211231611782	0.149295399145912	0.0173581922474931	-0.067794812033387	-0.145198930456411	0.312275783015207	-0.0832419109516348	-0.151801540045959	0.158606100194075	0.0499003700961293	0.234599252219368	0.0904075407437836	-0.0379654663058497	-0.0510770180704918	-0.245737225560316	-0.0475987549818549	0.00390736356449078	0.0704890783617568	-0.0330877574831999	0.280409447706643	0.186589452580191	0.135383828734391	-0.103641856726662	-0.0736433702793287	0.111985712592914	-0.298862624550714	0.21436890263246	0.049344853656546	-0.110913735996336	0.156109810351916	0.231415929144389	-0.00172834314930213	0.104527877125421	0.0632184405274482	-0.0119209810097163	-0.00376679173032157	0.0330619391466341	-0.162642907367287	-0.0538914278386892	0.0998649155197959	0.22602457505999	0.0431704091652539	0.0758129064934566	-0.131882664213421	0.135543474675912	-0.310557196910561	-0.182952508782321	0.0686519450127158	-0.0461259531699597	-0.174231980949858	0.106410470785632	-0.169856565558687	0.020065229796662	0.0611942111039184	0.233843909533039	0.021490464379123	0.0853846895417138	-0.182046960886081	0.104456074002953	0.10079916121464	-0.294046734290499	-0.13045821854149	-0.0929439854196881
-0.0185479705135931	-0.0131135237420724	0.0419233819108885	0.105786795779758	0.178080619795433	0.122332237692144	0.180716443783342	0.574066285827525	0.264303507227264	-0.0513365468307016	0.0996556248280898	0.110541669032306	0.33743807532664	0.0500960408562384	0.00814923622279269	0.533086322143823	0.392166592211523	0.485900467522141	1	0.490251604638008	0.284052710577585	0.124334778063225	0.389092796194142	0.0866681737729047	0.206882044498456	0.0295851210982162	-0.12475848573528	0.314165239895585	0.00663739327568686	-0.00079360500643811	0.389788048335717	0.054071300592346	0.128505655304159	-0.0218128718823454	0.2282074703057	0.383941535682309	-0.151616601403005	0.17120912471074	0.134338000184124	0.0187234604265605	-0.0243935432522461	0.00209980773271285	0.294824229136204	-0.0149677827895953	0.0548765368209712	0.203682171853879	0.145851868396262	0.158445796994387	0.113052841776071	0.0252683391445011	0.18835459060378	-0.0918578957552033	0.139783145112669	0.145842973996806	0.165591970666698	0.121117989533732	0.215390216758877	0.0378943781906949	0.0308329457628077	0.151214577853034	-0.129662428144219	-0.198879599443465	-0.062803963970027	0.0860529532698196	0.0905661118023042	0.0190146848581289	0.144065010482543	-0.00805291698892975	0.230354486743887	0.179143229225367	-0.0913104121312276	0.107693590730232	0.0473349870803872	0.167171335104915	-0.0779514243359533	-0.0344319738086812	0.0211392009236835	0.0711682846431554	0.0937276700077014	-0.0187557324080274	-0.0998371548693932	-0.0586791597463346	-0.095604694591	-0.1250120111014	-0.086433576060198	-0.155838419018297	-0.0450507613317365	0.121159686841448	-0.0247325120644222	0.0106846110954458	0.0917840163082477	0.000744279237553841	-0.0602161320010655	0.166992210860848	-0.129841335672397	0.100951625513295	0.0412164334314591	-0.0971510789516228	-0.132244385259512	0.0243091266351239
0.149135906583033	0.1617310648497	0.184497236491538	0.150338792079268	0.201052629000196	0.238164348618707	0.149168485787925	0.445097245393343	0.378473560824735	0.153245386860167	0.141852821649036	0.295041085002944	0.3919036322467	0.246577847390289	0.223978384675499	0.423678595786126	0.349883673048984	0.200214844901583	0.490251604638008	1	0.349707316453327	0.0911566240413303	0.253483562848812	0.0123883528264314	0.373977990570176	0.271677603347128	0.185941435867361	0.216726686365999	-0.0208692676176909	0.119338016454768	0.268376610252973	0.315772791642381	0.359206562553031	0.0669282743647947	0.0450564635600772	0.302567449349211	-0.0775479183811378	0.397730502369436	-0.0468729809783336	-0.0388161617685011	0.0314481124256861	0.131817532142969	0.156062469213333	0.0539620990429212	0.353120552316855	0.142473183830222	0.244184100973308	-0.0263158203148332	0.165959619294198	0.185105067184138	0.154486906907137	0.0288633194408298	0.206878882989718	0.241853837880428	0.195222268618421	0.0695380748287885	0.167963975728391	0.0844272863917726	-0.0230339866260426	0.202687069612184	0.14577930107923	-0.0859146203580916	0.140036661788723	0.0410139917401488	0.170913173806838	0.0836996153251761	0.18967016803821	0.153599922517919	0.111126427723404	0.300500909094757	0.0331706494235615	0.207295027045764	0.0676734737882018	0.351023888515217	0.162956942853717	0.185490710364397	0.195327912978591	0.0634267433941216	-0.00277569474818946	0.163542633580687	0.106712733286727	0.163987621148742	0.0282472710574112	0.145029908075977	0.038111771381547	-0.00833740043689038	0.0642923914025188	0.0450843491287513	0.16291351427125	0.1267910500479	0.0749890282035997	-0.023619298620085	-0.0495026547297375	0.279575147634034	0.105697038208427	0.0150342310201127	-0.117916599943586	0.166447487852715	0.0701036910613307	0.180006620531765
0.511891244872403	0.510885141320337	0.563321962478718	0.62423807983881	0.537230933624766	0.596045409031121	0.591002424021378	0.344977337966153	0.586554239408851	0.659800518286376	0.323495631270667	0.587948239276498	0.601480512470352	0.508855438504318	0.662002945367795	0.540632509218702	0.532564640753088	0.11666737702476	0.284052710577585	0.349707316453327	1	0.0916167691183629	0.272754987722416	0.261507409231906	0.202550876344956	0.647959885375962	0.432360900242871	0.207204506436115	-0.309435387597031	0.287233097111366	0.382167164436894	0.523271805473591	0.482508365271125	0.348451085148194	0.525711811028201	0.452726014543755	0.0135946488184529	0.518897127042884	0.386889360403999	0.401628444492866	0.429299531348515	0.649768515290776	0.707461919068713	0.476446795915738	0.656259609467308	0.128938218821992	0.530719873359319	0.411641907153446	0.225808762715844	0.735504071706548	0.590752422322382	0.327488427454396	0.4270840388338	0.466956393446831	0.301018892328518	0.492372484703559	0.140746660677518	0.0946525439987385	0.11690631563725	0.428614083568732	0.408834577933296	0.0743136142430053	0.250856764002651	0.155098628000576	0.44706419634226	0.543742265214726	0.321697145002389	0.0587317037143244	0.270953649405866	0.266739226894654	0.373845393344499	0.322846247887131	0.114035808580664	0.19932093962959	0.263531902778943	0.174489280827795	0.251732130711367	0.0302852441190981	-0.0480784178495865	0.202090067127099	0.274333147427443	0.201712326525398	0.386666687084745	0.381145512238971	0.102066367457903	0.149731836203052	0.0116505988734141	0.322261220397895	0.447313140357146	0.115081992809267	0.225910147380941	0.37099815239427	0.232320530918852	0.230532883847744	0.346928347125771	0.0766649536221388	0.126022354651999	0.267320546511286	0.518380557439048	0.528079604729559
0.237637370055532	0.183096625058549	0.168541898323475	0.138606299014882	0.164316730201654	0.28549253830995	0.276533250520022	0.194684486871657	0.143697088658638	0.455690996749778	0.52768284505147	0.380046659641493	0.196546032810796	0.110431726893418	0.198280329056463	0.175914008662936	0.154375755972169	0.264683279846692	0.124334778063225	0.0911566240413303	0.0916167691183629	1	0.336411088459092	0.148819774528931	0.0889409442542703	0.192700335128958	0.271404786331314	0.101933847656622	0.221626634931915	0.177307903361067	0.094689455527383	0.244338649952932	0.0139527605326284	0.2364691289225	0.221452625743391	0.13927942805451	0.241828337109518	0.238641544524297	0.29482297866832	0.237797384398714	0.259681386505805	0.139652481681546	0.157791075257735	0.166703217279561	0.107500782381793	0.305522113090425	0.254818298557327	0.373496867190261	0.192261940342241	0.219341705852031	0.116365868041797	0.0373720432354384	0.222590725029264	0.236641936492885	0.137850004360993	0.207244705810982	0.179115269003301	0.229241230742548	0.183769899820407	0.0956097257401465	0.420534824244538	0.309336850821409	0.129221920167566	0.068197021989148	0.198640269629194	0.204900579770911	0.101044411380067	0.0905247145713434	0.0727619248634683	0.140518872726995	0.185106475905246	0.278247127401097	-0.0496091950610528	0.0691712958140643	0.129933795523851	0.164290649720474	0.201440457151878	0.177041259774809	0.274832001264364	-0.0144370206218501	0.179792027455115	0.151588275980569	0.21931860120978	0.0631451097536352	0.147826934942655	0.243959281418838	0.0240174847400277	0.102424893045793	0.145401402105408	0.172892528243673	0.304910464293466	0.235093895623274	0.162704577250254	0.230187492226224	0.26521542494872	0.102237990746274	0.162000175097432	0.391000562308365	0.147086305021185	0.142315419917317
