1	0.625597655451132	0.515267822401556	0.690332500486419	0.523649542532166	0.400833652641551	0.506480453971686	0.544800390871431	0.111946162374696	0.299167619464418	0.187685373130947	0.139739719459418	0.233618331935118	0.727269712545628	0.485339974745059	0.676747352368215	0.55066718189217	0.56791201922808	0.431455415890041	0.381577161413042	0.368437063351973	0.211307638278653	0.211827401031613	0.165690978737895	0.280675953740356	0.329916092914797	0.31327867308504	-0.0279840099254399	0.264311530453839	0.463244992869181	0.583200854790086	0.257349624610008	0.216899733266836	0.367967622739979	0.561284159678277	0.574166776621424	0.121280674838189	0.355038952555441	0.217806957113823	0.301118914659876	0.295365201929139	0.464767488867366	0.606723044527298	0.0585562267689368	0.510261114823919	0.154190584009394	0.246490175319279	0.361969360660957	0.310793105935408	0.511740579895141	0.674823184070785	0.720508018169324	0.686026910821544	0.434883811533084	0.262061843368596	0.519309368191517	0.436274835400729	0.276913701755371	0.0189309624007811	0.0227499925793215	0.316427775820271	0.283102150831226	0.247779921688724	0.239452144575022	0.686497641243892	0.540553852127919	0.653790219549974	0.311085844296054	0.387199798165272	0.471187702923631	0.213647570697099	0.174009773483347	0.243875057023904	0.363530305505562	0.266684639299188	0.297585546868979	0.235013792230706	0.294882865187616	0.0322636081052894	0.391601701991839	0.180504033114345	0.378001666917214	0.197207575302962	0.473705197277486	0.307178224321652	0.299774185788116	-0.0147143203954341	0.43739373941619	0.515163145281585	0.438933705184877	0.0511275471518414	0.2636407033794	0.0775001528324636	0.162127960912766	0.0574523193699858	0.313003172821048	0.0895241855725824	0.41913308758457	0.241598122697756	0.440800319425147
0.625597655451132	1	0.64577514095385	0.690220513999527	0.132600254033518	0.242536199988556	0.479308316604449	0.341702902677405	0.106822485722711	0.249971207446816	0.0632396109512299	0.0832008296298128	0.0812072592426827	0.527768932713715	0.509962294637586	0.440356210829371	0.25669398579723	0.313229982349646	0.296311979118355	0.147039588381031	0.242507613220826	0.102805347864256	0.0124750808480834	0.17229906670991	0.114278711185331	0.291318130031637	0.139984304469837	0.238816156972537	-0.0683410351328247	0.409731849220459	0.313238800017672	0.146042118290966	0.137902408702384	0.296881463877943	0.464304101486372	0.390549707754861	0.0758218160262035	0.0732073429403337	0.218038000962708	0.29386188114534	0.0846289704500727	0.31652183882747	0.322643380338965	0.0867638597821094	0.221537504710654	0.0245658721678116	0.161864448653112	0.140545909639883	0.104017721325907	0.292099319475426	0.327284862674626	0.745949055846144	0.568341948815453	0.30179297609563	0.082006217592449	0.43917919478031	0.212697785176448	0.191501370836553	0.0575232144066809	0.0635010236701586	0.255883014712453	0.131115273362294	0.173479991124655	0.111706782643223	0.519029241973872	0.326200261002806	0.314179155650613	0.0974711490557733	0.335767858517561	0.285831913541419	0.0720864571104985	-0.0368787906100423	0.218423521175959	0.159339773924412	-0.000539253789730818	0.208001902244079	0.0438097695438308	0.318964104049383	-0.306682253094496	0.0921636471598103	0.124467150795135	0.180283343072325	0.130645904119292	0.170782658593465	0.22274931457559	0.267160753085773	-0.0504855789577076	0.191619031798998	0.310074709636421	0.194435931414995	0.145191383217052	0.290567431196231	0.0709755196250476	0.0961797129751173	0.0271192396478414	0.111764284375941	0.00496461439918574	0.268961168109747	0.309951182776873	0.274401035425151
0.515267822401556	0.64577514095385	1	0.679689005593356	0.324516280659774	0.600407800389666	0.76325588885906	0.26544235329944	0.107775437442007	0.346890780424858	0.150535260081346	0.109415569292383	0.160042313595577	0.413567900427521	0.555252249625135	0.577914325052761	0.216927712261493	0.28734011575366	0.398096962953492	0.286115326240667	0.213976440795508	0.198349926362765	0.0172350142627945	0.136619631919043	0.149702387574779	0.196104630086491	0.038783794883973	0.0429589131871049	0.0957713506884803	0.330032056473599	0.345180912393391	0.0966219242549903	0.188462350808862	0.309816236753321	0.68710396461831	0.464144365630205	0.0450868143012166	0.233882490596971	0.368704733310393	0.218922409569267	0.139034787797839	0.346021739011735	0.302610214897017	-0.0549210629344493	0.250329664047961	-0.100954858279333	0.0714965978259136	0.2673434682344	0.116553748340945	0.3274270347281	0.366449466148276	0.727015150823705	0.54794909656178	0.608164385070136	0.35022773588729	0.666722560403728	0.364845819915903	0.201198271676723	0.067567309859206	0.0663453060292857	0.380134482032403	0.232402033322478	0.14882544785305	0.220921870408262	0.454992801244911	0.256964650472895	0.294580800635296	0.138768427731634	0.395650553639212	0.308837760598287	0.00751278833129389	-0.0533766883078856	0.1789338953743	0.203559248902263	-0.0866795163648845	0.0666529312125505	-0.099320627196696	0.106914580861533	-0.195473338033523	0.0295444739965299	-0.0602522000738667	0.211340449244579	0.136300917324679	0.00759059226369471	0.0718092275312383	0.213191234993544	-0.0534205826820406	0.376613729224219	0.179162608760498	0.16902015856635	0.186369421342252	0.152958614184433	-0.101087648899334	0.0682505372975161	-0.0878304254959551	0.250890334187154	-0.0245567788008851	0.302920555465668	0.388793882114405	0.248325360093558
0.690332500486419	0.690220513999527	0.679689005593356	1	0.373539626781271	0.502507279250385	0.742984351013988	0.45190036125659	0.0495404252429905	0.384796784562938	0.229207615937466	0.180897754882319	0.272510299274982	0.600478101390359	0.707567586487278	0.692595082022718	0.393702574819969	0.407187166299517	0.35074912384466	0.403422772367955	0.335549348509593	0.21517915641169	0.104577800148073	0.130169132141975	0.306742737620585	0.187139245051986	0.0759588505166972	-0.102412900292839	0.067400790531746	0.290869533030401	0.45921055016509	0.205059988534478	0.361376078891905	0.260330172659043	0.678846497374897	0.453966998058895	0.07204939035283	0.214416014646839	0.263014727818925	0.239026666293322	0.129365886034306	0.476949370668825	0.547157348650708	-0.106642241409008	0.405116510812015	-0.0684721384123882	0.15910111865094	0.309886130063211	0.154697431075722	0.443268084698336	0.540089278887426	0.732643908980499	0.742796419694741	0.518539642090547	0.376920380489246	0.745876421625239	0.455567633365583	0.289234198497246	-0.0051572249190906	-0.0325721016938468	0.37117040333734	0.373375116747448	0.255058927609442	0.235052697359606	0.511952609969309	0.38496832127408	0.377977682917681	0.224493718420155	0.270796301911688	0.400744693676932	0.0946130618126057	0.0839731182649417	0.227581260411339	0.304066617839806	0.0734736782143941	0.122558178418014	0.0161740186230373	0.0816563008725289	-0.0211650387626586	0.123535416352276	0.00825023244221019	0.274838477162834	0.140038944943037	0.186052762399581	0.107507471186355	0.119481707918872	-0.118217905006439	0.34121372297943	0.347806718379316	0.21192313279108	0.0293686181289803	0.175444167398463	-0.0890012253252817	-0.0157716852110574	-0.0468713011331202	0.255672132872553	-0.00754321689630687	0.384374276814061	0.246992477372047	0.307497643768923
0.523649542532166	0.132600254033518	0.324516280659774	0.373539626781271	1	0.689737427279321	0.39763343854571	0.453157788107196	0.139008336277045	0.496334150161364	0.390428526107129	0.436464665604703	0.462959028948197	0.517891602085882	0.38673446132361	0.529836367073711	0.530993626445115	0.4255981877701	0.39150960139335	0.513072982460845	0.515404495734127	0.440024614548751	0.431339485469799	0.247421706332328	0.308967487201577	0.320716217640243	0.361466799221016	-0.10094765331478	0.359506667974456	0.167567915367091	0.486874455029003	0.377155381227695	0.469485007001003	0.374486925880603	0.390811009346907	0.372053805600594	0.255117871905035	0.59010531777037	0.297316501650364	0.146305041656015	0.35528458992961	0.351310451503404	0.548993077791242	0.147073551928191	0.561130484465168	0.176791505484879	0.389407002040357	0.447873878730854	0.407836178053449	0.640126315064522	0.643935380304771	0.285013391011758	0.376896705526943	0.606560052076047	0.606781269094455	0.344824043583375	0.431833176149756	0.227074397406168	-0.0731364414358963	0.0121729641003265	0.357059922549311	0.275891845725266	0.272483491783482	0.204268075408152	0.513632361895817	0.470326263728262	0.496956371528137	0.178728445358798	0.235059779175075	0.512548957120832	0.203213167594783	0.386215128545514	0.150944390065904	0.404210974033844	0.238921330999405	0.298390596252907	0.298748149648862	0.128564739132564	0.248884361634539	0.337137757436869	0.355392829907167	0.47818236248935	0.25881561318206	0.350545707531063	0.371473446404745	0.3164936256125	0.117878767829985	0.435849751702762	0.447161818667207	0.460531050884181	0.174846092229832	0.227765358949358	0.148997641327687	0.221220668172946	0.363291652138278	0.438715575518045	0.185246820583863	0.465688130980907	0.190236530266492	0.393456617014401
0.400833652641551	0.242536199988556	0.600407800389666	0.502507279250386	0.689737427279321	1	0.667523193261276	0.388767513993979	0.179652703013161	0.495677956055126	0.376114155145054	0.329631268274074	0.492132677698843	0.47333330238746	0.535259285060298	0.633375937721896	0.37134214144016	0.315934150084103	0.361455342932455	0.42500576515229	0.474107762716034	0.377010057897917	0.346189832993472	0.248107168851168	0.206372702159683	0.255645667848916	0.246112843523326	-0.121246532168519	0.322375363258172	0.201236896235474	0.48009696262181	0.336978616697334	0.469703466251926	0.305530360606098	0.610436276611894	0.400984693597097	0.227070472257558	0.399876595695604	0.474885943745198	0.158605983255707	0.281624899627752	0.368743975367197	0.532870961733588	0.0268591538614669	0.417417462017525	0.0892591153332201	0.249040911028744	0.61780944013644	0.280122239269304	0.577274407374273	0.570610401254121	0.435969394318328	0.466190936006965	0.822767839294874	0.770480991879933	0.629305020472164	0.421688946897287	0.233795394949734	-0.0056597952478735	0.077341698349456	0.472853092998623	0.374966383822062	0.39545387176808	0.325742512406781	0.501543396638904	0.369820067552317	0.420352137130133	0.244480886965686	0.352289915977647	0.402298066477522	0.14984573289791	0.277250006398285	0.262216129832057	0.374668990631632	0.148864978264879	0.130230865795043	0.115043079566626	0.0195070258544555	0.189114781002261	0.239453280786838	0.132453778124301	0.417945282336689	0.286315444897874	0.224803619751712	0.181923351406462	0.205096964977306	0.157348417450963	0.556554859393706	0.318708432327963	0.301086908955331	0.306336521138212	0.119555902237567	-0.0428080228929089	0.164158860222915	0.189943662418367	0.580002323107321	0.197033294166107	0.45403078617869	0.277733900081349	0.403291948873725
0.506480453971686	0.479308316604449	0.76325588885906	0.742984351013988	0.39763343854571	0.667523193261276	1	0.286284253485051	0.0771261023672704	0.481876926419805	0.402305095559032	0.330945076095379	0.386222582046352	0.470873318327655	0.551899732643943	0.635059146983372	0.300611390705648	0.24337557308636	0.354086583588497	0.287525314398867	0.373804947463768	0.318161469861697	0.197066660702352	0.0956432013568165	0.163006443758903	0.0927519639694905	0.0382738603679662	-0.0204960846278821	0.24703354926637	0.257209959301536	0.380866391780939	0.145409284646682	0.373594844433042	0.257624578035617	0.848475056271621	0.477048463834392	0.0690402340193881	0.163573243923425	0.471969263916223	0.259482867277619	0.290120589724391	0.413791445451445	0.478288610481533	-0.177553671403926	0.240818005755165	0.0427400327686419	0.214361174849023	0.448970329798798	0.188927190959339	0.497167566679396	0.473508288111665	0.681882823665891	0.656920608128561	0.621548326853202	0.533186560786178	0.818796792631966	0.468563708432552	0.219044614481088	0.0302992177291676	0.0257379934648811	0.528183830398975	0.448687437001969	0.361018792907827	0.283719847625872	0.454524504626237	0.34736085682855	0.320880495926327	0.220214972763843	0.328613190037436	0.307582756937824	0.0969508431763043	0.149658134250994	0.191972433355842	0.224703473727305	-0.011949533776939	0.037541684538369	-0.0439290221451953	0.141779347155061	0.0708053173894009	0.0895605095519655	-0.0312483771513211	0.319769454682388	0.297191530411815	0.103523329931941	0.036170988238594	0.121137279496943	-0.0217434519862234	0.447735553377619	0.322502743998368	0.130913551384916	0.298713573404244	0.151654321192628	-0.1524007468577	0.125522998306848	0.0142191882274116	0.456316539222295	0.103235584459418	0.41803247656567	0.356446575374483	0.352843945720228
0.544800390871431	0.341702902677405	0.26544235329944	0.45190036125659	0.453157788107196	0.388767513993979	0.286284253485051	1	0.522934581189178	0.430929874273542	0.168468833002861	0.390580732648586	0.495997213879727	0.582623647938137	0.375986361091713	0.630034719399853	0.672155737525014	0.674846626905465	0.609853766967098	0.75639690231122	0.556053051740748	0.339785970912393	0.467516697035874	0.502227978813983	0.654752150054423	0.491066046202138	0.5012273537271	0.0283345753542805	0.2873171318324	0.243370643737946	0.596352900640775	0.505249751609118	0.462181007002603	0.463217518071697	0.365566875185929	0.548160150278619	0.272066680151634	0.63403928513117	0.343304474030131	0.426961426764831	0.375963037804474	0.400100684638172	0.60214347068779	0.391941010427184	0.750504900406627	0.302364591655874	0.434084566821463	0.396315099201484	0.407926828723989	0.560354672579112	0.529363789969422	0.406364926572597	0.484261718232878	0.331017358280036	0.246426367624183	0.362204950266747	0.497780159521748	0.479299514793488	0.293892846474798	0.334999854947262	0.429403742669102	0.324439517936203	0.403949429215025	0.45881730621911	0.563714906156644	0.600542348194808	0.501442367112361	0.50359956581217	0.447080053810776	0.658576466291006	0.485818128624407	0.452876669170242	0.499053291566376	0.658126417120223	0.393508849234712	0.494875940192336	0.494297586046062	0.216033645039437	0.19699373688728	0.468605291915835	0.375233149468504	0.431362687972143	0.385274904573021	0.373145127293309	0.368549283292849	0.353665889109333	0.116423585194027	0.476526905786725	0.474300391024744	0.497369109030063	0.236896513642489	0.313371579606311	0.339379612242386	0.267178373592209	0.315670389351229	0.337263553846814	0.322861611323948	0.449101945207803	0.20876814273044	0.447490731073786
0.111946162374696	0.106822485722711	0.107775437442007	0.0495404252429905	0.139008336277045	0.179652703013161	0.0771261023672704	0.522934581189178	1	0.416147991537586	0.0637051079968745	0.449665800412985	0.315980448888136	0.326513764892873	0.117834061657689	0.314084456325039	0.329639621430919	0.296683210949455	0.674983032174628	0.40226381540587	0.392351561683553	0.27463147463379	0.487632956451803	0.717823723155997	0.629785979090679	0.526235330803329	0.533908253738446	0.275950569373532	0.289728298645199	0.212264623256523	0.165281445210801	0.294525910258776	0.275687665368155	0.281986392192781	0.195804070598396	0.42417523623771	0.482119496429616	0.464352769692478	0.537843831778166	0.283443080784748	0.335576048476055	-0.00717601320623547	0.248760187271968	0.624681871470713	0.239382944393222	0.303898017418226	0.404037839072022	0.304347286342046	0.356273518186679	0.279057612978655	0.110448338177252	0.111802201733982	0.104371573445576	0.0767090262754764	0.000869036949051102	0.0577309169795078	0.327248805118348	0.704261753247841	0.779922678646448	0.916818891302011	0.387612537582648	0.249565897503157	0.285669338276481	0.46643513042356	0.28229507798825	0.472522831965256	0.230154176622767	0.454946974795904	0.664693539645612	0.539102851219313	0.445573660241382	0.360661454295459	0.644160582017678	0.637562591591079	0.342504843695086	0.476427602694521	0.528766662579414	0.367962193738414	0.0678964529514682	0.403932442041106	0.278685884159608	0.1894495323421	0.295694453609413	0.272697713894228	0.386218262572325	0.39637267877817	0.383661435367786	0.452833797893736	0.3428282732109	0.377311057049938	0.46373677625006	0.247245724362998	0.533631707301645	0.313178317826826	0.313457070163794	0.298732680784955	0.238063709624165	0.305199028018698	0.184396401042198	0.401351529630824
0.299167619464418	0.249971207446816	0.346890780424858	0.384796784562938	0.496334150161364	0.495677956055126	0.481876926419805	0.430929874273542	0.416147991537586	1	0.48096833389851	0.790301962239711	0.487451788588676	0.474717419616037	0.399472680733175	0.419846562374176	0.362157793625225	0.149348366116788	0.412567514971399	0.393905143128306	0.515261289611257	0.643367436810828	0.559251613807805	0.432599839309199	0.374062135316775	0.369914757229965	0.386924351173061	-0.0060852625290756	0.394982567434168	0.110556174144559	0.238828839476034	0.320865835593356	0.545969937922457	0.394687817429554	0.408811170108672	0.276383392563379	0.442165513342573	0.402034034788778	0.521096245508264	0.326806998760665	0.505127289273286	0.404902453850136	0.346311725406589	0.25698744676544	0.322684783622954	0.213037772991353	0.447924713845568	0.29875345300458	0.452069433004331	0.517862596740317	0.402058192206334	0.389709775782357	0.440326823017251	0.37690477683931	0.401856745608368	0.402639027828285	0.450500900140911	0.408380333277612	0.284761801528038	0.321892895575988	0.706085885885806	0.479883268870947	0.473176207666444	0.380400893299823	0.408411394224149	0.465754975013956	0.214966656817107	0.338860006731413	0.422941513257094	0.482777668201045	0.405218491971081	0.456924460730674	0.401186380582869	0.479793961458766	0.259856799923265	0.26010766975821	0.359074021433457	0.174874343976453	0.266586136377215	0.195232041082302	0.278209461886077	0.307501755216523	0.416207067530481	0.197544470605644	0.207467199307596	0.315758837865951	0.342684034128304	0.393354679090266	0.392248874631745	0.196066843906003	0.453361250955584	0.239597865802384	0.152302517369422	0.268004646845605	0.377573422938033	0.46088749736048	0.320636015802661	0.470987317245763	0.497513461819339	0.600697149886112
0.187685373130947	0.0632396109512299	0.150535260081346	0.229207615937466	0.390428526107129	0.376114155145054	0.402305095559032	0.168468833002861	0.0637051079968745	0.48096833389851	1	0.456683254375709	0.378687060386073	0.210187724442668	0.175417017578683	0.247638150232284	0.199074324769848	0.0990906131782794	0.182650375123716	0.272056004669343	0.252621479657089	0.295698226453532	0.34464376876491	0.067195167358716	0.124463508980227	0.108774783833283	0.123784693473074	-0.0386409340043597	0.104331659684894	0.0790004846864302	0.150604833057778	0.11165780490962	0.327270180049807	0.0761717051054091	0.317013094474586	0.147258560239911	0.159542226301657	0.112132893601194	0.182838739563869	0.10832409644345	0.191735392983425	0.298463629749823	0.239667119236443	-0.0946895956793711	0.0586288491237085	0.159227901251428	0.168867771519806	0.216769052797222	0.114912898063353	0.427445647738949	0.263205693619168	0.195377971105998	0.274817682968856	0.233022607172298	0.410412204187533	0.348777513342968	0.361687394963035	0.254830113646819	0.0715752632161854	0.026650629028634	0.368192285017832	0.284843994402104	0.266217614709138	0.250394581377989	0.192133670937166	0.126252353054067	0.165000458481872	0.229847792058282	0.172587721068469	0.290517137849354	0.217046482121881	0.162626901118345	0.176697056910179	0.194989760654051	0.102274793285768	0.00902876270001382	0.126046341122043	0.0279683075638775	0.137238757881682	0.0943039796817166	-0.0160374875067745	0.180465369429786	0.112305239225005	0.0872431878955595	0.0555558502047782	-0.0608339421452243	0.201887843560801	0.14853336049211	0.102420311501534	0.12711570090546	0.197491642913426	-0.061006495922512	-0.0983918468085404	0.0334484096313318	0.0889727388630354	0.282288385719961	0.0845299753760088	0.234903065414786	0.233838898017791	0.249507368793369
0.139739719459418	0.0832008296298128	0.109415569292383	0.180897754882319	0.436464665604703	0.329631268274074	0.330945076095379	0.390580732648586	0.449665800412985	0.790301962239711	0.456683254375709	1	0.597395452980419	0.350830190443854	0.308585115436659	0.280599541921086	0.379616587879309	0.0768480555459461	0.356308384294241	0.255669387643658	0.541934310200822	0.620542494786429	0.682911671332239	0.468419796773597	0.296459508262869	0.430413481295621	0.462849866267245	0.15382709201695	0.495529295088688	0.0542326610781831	0.177241591736443	0.384529211696402	0.588085667488124	0.410249239266048	0.30040288062104	0.220638827939691	0.562819682510171	0.382130627132242	0.59335937434691	0.435183742725509	0.624586597546577	0.368328839831239	0.450147638575603	0.418706617170422	0.237965176261825	0.405380988212896	0.660482631377341	0.306339360876644	0.51503171201882	0.506669235213359	0.336191176041651	0.190757347636801	0.34587436705242	0.247277400197263	0.284258979417556	0.250661777266875	0.476171396906444	0.505811793701251	0.343786168336561	0.391274215123696	0.733380892867491	0.519892736360846	0.548513482006869	0.458427225448537	0.319032194348365	0.5036031588719	0.256379550241368	0.462283176412026	0.423047961136621	0.397326689660437	0.50517934793116	0.610900980454373	0.44932947657731	0.408531123818407	0.479003546634643	0.422630760591932	0.484261824528237	0.345794469444716	0.347454046440986	0.381342384946131	0.483109495385809	0.412837226806233	0.490455764472375	0.35378510103345	0.325913461440051	0.432697960528761	0.442274419846368	0.396373752697463	0.533459967882348	0.277911354903631	0.554951712904195	0.365188242001072	0.352308632303546	0.467462165279885	0.603586375027143	0.416498815870886	0.41455902899938	0.527893129240422	0.432749140709313	0.598924171861023
0.233618331935118	0.0812072592426827	0.160042313595577	0.272510299274982	0.462959028948197	0.492132677698843	0.386222582046352	0.495997213879727	0.315980448888136	0.487451788588676	0.378687060386073	0.597395452980419	1	0.422049353159103	0.28138094281099	0.496258115498897	0.602202924532018	0.392783950010206	0.346259002420153	0.337424728503726	0.649614106676024	0.415448010531645	0.516350846183987	0.3725434313236	0.276088874393123	0.325560473509629	0.407723657725403	-0.0845032991762927	0.456650705071378	0.160548708132902	0.499018578121251	0.576367880880926	0.683842720562863	0.222673379486908	0.37628393090941	0.40204321016119	0.39310488916311	0.37446080637222	0.465727569911749	0.317974260652504	0.527162262449477	0.452749160145423	0.594077049065005	0.287728313113565	0.338215858256418	0.388930190175748	0.500396567453819	0.525430167283845	0.411628593740283	0.559344141507791	0.46642325009133	0.242487964609854	0.347647727027948	0.277167500185889	0.400925182561672	0.376116167149417	0.442342327279711	0.322412431367613	0.178612641405181	0.255335339658327	0.610917368040294	0.524943666755219	0.534081794422489	0.535260975285132	0.484094332732605	0.467606005323851	0.421093434124057	0.460068720885945	0.403655596532513	0.345948401211108	0.49881573133828	0.476503458388281	0.475759374798446	0.333476459762643	0.456280802199385	0.290018788595044	0.366225179067715	0.207774345498908	0.39504499828751	0.499948970264525	0.343921516208561	0.538280409666779	0.400542626715157	0.453535311362345	0.19838792029906	0.305320970955386	0.319103940779506	0.512878536470431	0.507481432740774	0.25374422959067	0.444589170639821	0.228870339185238	0.235341882099115	0.377726435212467	0.386916568394857	0.331358135840766	0.450708884742197	0.524469648288808	0.362070678879876	0.506574513975288
0.727269712545628	0.527768932713715	0.413567900427521	0.600478101390359	0.517891602085882	0.47333330238746	0.470873318327655	0.582623647938137	0.326513764892873	0.474717419616037	0.210187724442668	0.350830190443854	0.422049353159103	1	0.630680420113585	0.617162862354186	0.494472025620777	0.461678082540502	0.50403133512177	0.37567788644384	0.506675872208811	0.458566497905271	0.343352970421049	0.388573130623666	0.359518701982547	0.362596622089928	0.457880929479566	0.158317452108664	0.393585411828209	0.494359823590907	0.471375126220795	0.305362641969121	0.402322489074964	0.424965335793653	0.523594760620617	0.601417426603746	0.315114132890572	0.399609575118839	0.430810602943651	0.336401774790474	0.468444741609532	0.434259496963676	0.549248943929848	0.24729243110288	0.522413290102045	0.164775099473893	0.347770654957671	0.447774581636934	0.657335682020561	0.604949023791563	0.722142055829074	0.581744254250327	0.612041823805209	0.47155748463374	0.272913458630238	0.515459634006719	0.403497699884892	0.488644416056276	0.232649545214297	0.276077680801225	0.507945588256724	0.406293073274897	0.384874177000833	0.313111266859957	0.69569497989609	0.54486683276611	0.565740514548315	0.420135671678308	0.577520090043966	0.520318851900224	0.344428726064186	0.352308073081639	0.461474963854031	0.43770223646151	0.356011998186962	0.370695330747983	0.404287546083819	0.442029523957885	0.233845479566206	0.421479949801079	0.26317403102076	0.432857180561191	0.303599578737745	0.414282783150404	0.356942271921743	0.368881082656696	0.174331177330221	0.479135164339036	0.56764918518797	0.444817147095889	0.251602060996679	0.316475974598338	0.247482460262064	0.324351706896608	0.250400082730293	0.364197377356107	0.409829173610851	0.559033566785602	0.242852140263538	0.560146110201686
0.485339974745059	0.509962294637586	0.555252249625135	0.707567586487278	0.38673446132361	0.535259285060298	0.551899732643943	0.375986361091713	0.117834061657689	0.399472680733175	0.175417017578683	0.308585115436659	0.28138094281099	0.630680420113585	1	0.512249471856984	0.229486438199705	0.254692599512218	0.283172297769525	0.314179056901973	0.280032118990281	0.244894138686543	0.22632195154291	0.212009622693881	0.288454066164191	0.260224630966388	0.194883419979167	0.174701940167575	0.114827553556623	0.35577775879864	0.317195711384405	0.166905909159324	0.418925144224544	0.305086991778076	0.520696182281383	0.387874227968746	0.205941324258655	0.265369918462628	0.345103772479142	0.229521946882187	0.242077804217848	0.428269263384073	0.48284229658379	0.0431252220365897	0.38986915374088	-0.00720751334394165	0.243466802524504	0.305079683959229	0.322365174804016	0.554209541079031	0.487915300723039	0.568778165906629	0.685831993658833	0.535786569732811	0.355759493366435	0.620697709701573	0.506109406311163	0.40972030244959	0.0556531124158372	0.0922497377250371	0.461750201335275	0.358617211193828	0.383668698376436	0.273658936765704	0.462061977158205	0.309446945764753	0.386535092433648	0.334116472837601	0.370609325666934	0.429813503449864	0.163838180186233	0.201900552208879	0.313865005520069	0.303908738329948	0.196138518329694	0.210457071045744	0.191525156851425	0.175914281356939	-0.0143976076847669	0.230015063635327	0.175434498510007	0.417275308471717	0.0687831020369432	0.20984281817471	0.191271912810557	0.227763367481537	0.0531101494193583	0.318889440027203	0.41306417512964	0.294490475412144	0.106240393150785	0.255834597608134	0.0396879355204106	0.140884123536102	0.195629386631156	0.280100619988742	0.0512176098787689	0.312220419027765	0.308364840516192	0.413407029639221
0.676747352368214	0.440356210829371	0.577914325052761	0.692595082022718	0.529836367073711	0.633375937721896	0.635059146983372	0.630034719399853	0.314084456325039	0.419846562374176	0.247638150232284	0.280599541921086	0.496258115498897	0.617162862354186	0.512249471856984	1	0.610514435877519	0.611097392223375	0.635907421599582	0.487169919703392	0.548253319169077	0.343661018684976	0.417442644215001	0.369013560510739	0.385462994112579	0.341709176762693	0.358011283117975	-0.070926698989365	0.352168584577569	0.336056242114674	0.784440746740099	0.526282719263093	0.485351644465706	0.456535234720785	0.731423500896703	0.814964950553735	0.110303805936133	0.450177151148045	0.420589334195272	0.319709137844849	0.334696728657771	0.524798029446043	0.723230335261607	0.0921074629283827	0.555257298610765	0.225000575305086	0.395931351949862	0.543482156605688	0.323505290369523	0.582548787355492	0.639732083166523	0.60746235289017	0.602262694936026	0.521961272813787	0.478960199071835	0.697617053415722	0.507791581137237	0.368082508087965	0.172896603284204	0.163390451060306	0.463046764697455	0.359254032458493	0.376711836673597	0.349903480980892	0.717025681353327	0.534712159032791	0.671368463339524	0.454487638735382	0.573960726773869	0.547347666100433	0.304962632033808	0.272285627301768	0.390032612570633	0.418536539084696	0.287561710629519	0.260234723902697	0.291222427569636	0.210029818130204	0.283219094841205	0.442330050827159	0.165183978726327	0.431155275598552	0.312590538909615	0.404165773830717	0.213930419547823	0.340909966740224	-0.0273331394157149	0.733508255923553	0.452032160660598	0.33492908679443	0.194258386889596	0.240918709406523	0.0210448931317785	0.230338494908207	0.124334786798903	0.449172195491927	0.181655586408078	0.578636216689284	0.311763243646304	0.444940372120097
0.55066718189217	0.25669398579723	0.216927712261493	0.393702574819969	0.530993626445115	0.37134214144016	0.300611390705648	0.672155737525014	0.329639621430919	0.362157793625225	0.199074324769848	0.379616587879309	0.602202924532018	0.494472025620777	0.229486438199705	0.610514435877519	1	0.659736131297266	0.450630900781208	0.493252823962512	0.663298281586833	0.350175725129768	0.3947789689409	0.425017674582351	0.421653652297067	0.327821877592125	0.401879354682977	-0.159419348402555	0.448621537424239	0.22907337039011	0.603386145040768	0.453671155948719	0.502344744638421	0.328913527029943	0.328514275311979	0.51702194101201	0.273005794633264	0.447652245231932	0.275595269255601	0.316989941238417	0.361391909713124	0.417338833000311	0.65231854704079	0.242187509092359	0.481413589614496	0.257308276858878	0.35306185903635	0.385018086465157	0.369261515774554	0.50305650173734	0.530344536625228	0.32116100811258	0.338478713217215	0.314689107553431	0.252625434544002	0.30689775139821	0.478435050714098	0.359591914383236	0.275727485278694	0.208477636948163	0.405735369876235	0.281336507960107	0.265335056046628	0.380691781844808	0.540367863084275	0.590937882357126	0.53237203105635	0.443851949804459	0.376397622807588	0.470670013540443	0.450706213854389	0.410842257929976	0.439553762625512	0.379746034538649	0.409936383077369	0.402953946181895	0.358612525595344	0.139023788621966	0.264873331165664	0.512057868439872	0.37171263297021	0.454824186569905	0.304970316347713	0.475774324357236	0.376244810063949	0.33177738444147	0.177524362271628	0.512413309680077	0.539207011358228	0.395974461354705	0.235932401048113	0.23031109377343	0.263571221918346	0.246544019332801	0.228094020019777	0.326077554630648	0.311321063013078	0.50607807560664	0.328546099435067	0.400526252237397
0.56791201922808	0.313229982349646	0.28734011575366	0.407187166299517	0.4255981877701	0.315934150084103	0.24337557308636	0.674846626905465	0.296683210949455	0.149348366116788	0.0990906131782793	0.0768480555459461	0.392783950010206	0.461678082540502	0.254692599512218	0.611097392223376	0.659736131297266	1	0.488087756955057	0.539630733139359	0.438603635875037	0.18578682801745	0.301497599976649	0.412316050754331	0.432238794233285	0.326796059610671	0.240266636111904	-0.169715271203707	0.252024337895129	0.201432052508771	0.698311885815723	0.446183284781681	0.249781355733171	0.244463760084133	0.322628811445725	0.603243571343569	0.109785159137203	0.403059521327401	0.168554900231613	0.117914624088716	0.198961554426569	0.347641231928338	0.533124779024925	0.194366908499933	0.571295102664352	0.21904178675	0.292976891628709	0.361989324491395	0.258832619247406	0.37704929346996	0.467230380560538	0.321535307148347	0.34069522018297	0.173782065301115	0.159478278787987	0.274233259854017	0.401928021694598	0.258944379343668	0.201977540975041	0.181070412547379	0.210144755457225	0.222321034507417	0.223650490287159	0.284473497673958	0.475898258374515	0.429293044250953	0.503573393213264	0.268927364732744	0.309975659189926	0.423226794230232	0.277608494190377	0.256233250863744	0.390879460121723	0.35785729068112	0.253681536673394	0.290619380171765	0.297336909863527	0.0727980508952149	0.140812268209183	0.498552375331906	0.275076851381031	0.320548546756046	0.160260148467501	0.394369870727153	0.294052832064329	0.277944535483947	0.0672436292814223	0.430216884684991	0.416412490076903	0.429388111711305	0.062918466960234	0.0649730750632461	0.207732833158932	0.151355397798373	0.0557343051461295	0.118101092749205	0.178634338003836	0.361035880269788	0.152445774215285	0.236387046775914
0.431455415890041	0.296311979118355	0.398096962953492	0.35074912384466	0.39150960139335	0.361455342932455	0.354086583588497	0.609853766967098	0.674983032174628	0.412567514971399	0.182650375123716	0.356308384294241	0.346259002420153	0.50403133512177	0.283172297769525	0.635907421599582	0.450630900781208	0.488087756955057	1	0.488942111297533	0.371471749613263	0.327184346182557	0.42704693102865	0.516434676784149	0.5412321754802	0.546360898661608	0.528224403148835	0.159509800666514	0.320893816998166	0.353929156606087	0.396580969043908	0.454533028420038	0.357080003443542	0.479161874837625	0.405339766497734	0.689313860885022	0.262694449945127	0.600573270904203	0.395082033876025	0.427677332211376	0.356049124751919	0.212809155723258	0.392957828934297	0.457066786984119	0.498374572924732	0.13976722166033	0.449592179845311	0.215866759154806	0.361918706744172	0.403220619688602	0.398901315261846	0.377622637969697	0.341183293434082	0.274225715651029	0.139991511986437	0.302784056623636	0.37018377216025	0.560879480584197	0.576914128414338	0.556821082417432	0.395202747403531	0.262173431114983	0.211632369600399	0.312448164739801	0.541238687486128	0.558320006721709	0.536060452459485	0.396555656224321	0.765978751962917	0.542775271871157	0.31365659625989	0.250399025508705	0.471982568323796	0.612457425637376	0.327906752900639	0.480360830479676	0.528105233332918	0.354480806785216	0.104814221887215	0.435340489101258	0.236242857384733	0.282997333277373	0.318540294375085	0.361727259743267	0.409958355386149	0.454997658364478	0.153561485972745	0.52016100513726	0.419514911717285	0.414696856478286	0.274746574325081	0.377747042046668	0.385374392503298	0.256536194093508	0.184612668291044	0.291593955813119	0.165619793353705	0.539538576445798	0.228948097522966	0.375036668772593
0.381577161413042	0.147039588381031	0.286115326240667	0.403422772367955	0.513072982460845	0.42500576515229	0.287525314398867	0.75639690231122	0.40226381540587	0.393905143128306	0.272056004669343	0.255669387643658	0.337424728503726	0.37567788644384	0.314179056901973	0.487169919703392	0.493252823962512	0.539630733139359	0.488942111297533	1	0.368013239779967	0.252561551531336	0.361018314873484	0.328930692951493	0.725639224041551	0.315745118891177	0.256557063762864	-0.101099020263455	0.122036999554011	0.178912114687161	0.392448326928383	0.292549065227829	0.361880468265721	0.298614074540262	0.313450151698966	0.334863826456421	0.115743846028313	0.689030732764684	0.138768587426329	0.304085884947671	0.129250067245109	0.252561540505082	0.354856309981617	0.206348967914416	0.670977314016758	0.00401678901259024	0.22405942383693	0.314070903729266	0.177383259936067	0.402219537182129	0.383525263088337	0.302547496919214	0.359771959100079	0.398541715132738	0.28580904433147	0.301506198447782	0.487496970532193	0.42471588821254	0.204041293409883	0.223918763123156	0.274062219673302	0.208630436361103	0.204472724165039	0.318634834226456	0.351339211209755	0.404774956037091	0.282027689404474	0.312976958470194	0.238870308834717	0.72381230299549	0.319162191717481	0.277326969632921	0.305509911258104	0.625653423493492	0.118519033556254	0.300901580501893	0.249121353686287	-0.0548975001541325	0.0176724044656999	0.150899719396297	0.123337745320826	0.284894359316286	0.181960988900864	0.0787899715021333	0.241230012477668	0.158882582652108	-0.00360157802172592	0.309797996139248	0.187655978931579	0.475143778862768	0.0422071229641056	0.16751104333606	0.197734756775822	-0.00855285119150463	0.105053124409823	0.313751824553727	-0.0104433317658493	0.291378006102922	0.126034568864264	0.175919865937846
0.368437063351973	0.242507613220826	0.213976440795508	0.335549348509593	0.515404495734127	0.474107762716034	0.373804947463768	0.556053051740748	0.392351561683553	0.515261289611257	0.252621479657089	0.541934310200822	0.649614106676024	0.506675872208811	0.280032118990281	0.548253319169077	0.663298281586833	0.438603635875037	0.371471749613263	0.368013239779967	1	0.352769511100208	0.530371384496583	0.484120059451529	0.242740801333422	0.322552966061724	0.428868252601538	-0.023831527748089	0.39850698922654	0.119394207288581	0.503774761773422	0.538710249608668	0.502417478660542	0.270606743644756	0.384485725961751	0.452978876456482	0.425214148308976	0.399081409472691	0.567724472787657	0.276131604243057	0.402760111186107	0.431635621158965	0.641424940125722	0.265882356466118	0.371662341060598	0.361569966902958	0.493456537694315	0.497903399491286	0.418361512890204	0.642005885031308	0.491911861821284	0.239595601661054	0.299464855969325	0.427893347796699	0.380695891906291	0.375276303199742	0.355285693137686	0.336178877562061	0.248002230140311	0.290545116581466	0.533020660024957	0.394796056685534	0.408334611472506	0.291802527971039	0.456013629249101	0.539818193433212	0.395310720481371	0.40321043823387	0.395934826794644	0.403804694330823	0.444156657337543	0.447779502458765	0.439829852399104	0.33662420123484	0.398573664460695	0.264601710003888	0.368447149956938	0.166698968803153	0.301595825810283	0.51601665186877	0.376220315535297	0.412143368418864	0.427475824453445	0.431682443314157	0.246793326066628	0.356045900673591	0.298715999635165	0.528462553721373	0.578307779048511	0.296363479713912	0.499810235895426	0.251007935947894	0.23235732641871	0.373937300835881	0.402842602873189	0.455888797515287	0.314654302616601	0.49049765461279	0.302243106929802	0.490201402260235
0.211307638278653	0.102805347864256	0.198349926362765	0.21517915641169	0.440024614548751	0.377010057897917	0.318161469861697	0.339785970912393	0.27463147463379	0.643367436810828	0.295698226453532	0.620542494786429	0.415448010531644	0.458566497905271	0.244894138686543	0.343661018684976	0.350175725129769	0.18578682801745	0.327184346182557	0.252561551531336	0.352769511100208	1	0.50372416036162	0.378258226855847	0.229122067308517	0.296140381232092	0.352246667970319	0.137559470762969	0.645772480922904	0.204679241514961	0.324119597497522	0.227959215114175	0.435654821730908	0.46213333025524	0.266680775671904	0.293494090497797	0.389766472822519	0.314877819866678	0.431481699632899	0.433586616162403	0.621877184996899	0.361263484213831	0.445934930252151	0.317008462992789	0.294672827960523	0.291175982216081	0.444068036557785	0.335373625461887	0.636137799008059	0.416766251563135	0.356880561586321	0.251150631573507	0.380044467074997	0.245467904978383	0.294870531193639	0.278674124784544	0.302777587139932	0.345744392619189	0.236940588107677	0.257582929172663	0.608718261160874	0.375513857361019	0.357543091015863	0.277205630081409	0.431989234667023	0.476125977654072	0.297686935422836	0.324593178013193	0.385944540226362	0.376996404702476	0.407964599645917	0.483712773957931	0.266298891517759	0.333543303680717	0.350246766976251	0.259080974382174	0.34951754137627	0.388845156911115	0.45636739042354	0.297599763244244	0.273239317339681	0.344699746586653	0.523838742504888	0.283360113312948	0.27858469646263	0.441493254516611	0.30923198988876	0.420300637259171	0.408444195784331	0.208639105763478	0.326757722968746	0.382715937563987	0.277893930615545	0.487350192296478	0.466049853641307	0.364505790164285	0.561549091028043	0.598790322447306	0.448127486412014	0.473585753583209
