1	0.586848391778751	0.810759251421905	0.62898588714115	0.764467620050348	0.580403375360016	0.621665567673186	0.391201329422087	0.329717717816626	0.324983319243906	0.346060564816288	0.361699744183068	0.133701401895446	0.646586397114826	0.404935841534376	0.274614693401899	0.125684595516507	0.0654843236659536	0.227015033625784	0.324251853588033	-0.0151418318319566	0.208021244806229	0.235966229635914	0.217908581083916	0.123281750034331	0.18540482502339	0.152288853868847	0.358963872262293	0.127362470717223	0.554703175407888	0.106411382533741	0.0797808300980379	0.162621187489832	0.19823512505777	0.402278007660775	0.254557262269169	0.0975768132619111	0.162806018507132	0.168047791534524	0.270997101685759	0.313532058681788	0.285617430172265	0.242457455756499	-0.0925650586714394	0.245011715474939	0.165108804935376	0.18899034180815	0.477650384563851	0.270174033397357	0.254998886266644	0.458920667255308	0.666916052784072	0.110167829020572	0.649228303076793	0.583570734341909	0.477753476878385	0.327381343881903	0.329721096724629	0.191354016869722	0.339510943665866	0.332313869647674	0.0285072009101318	-0.0250214899045802	0.141403523996327	0.408616850355501	0.335260961106072	0.0992384788118318	0.107494230927658	0.226615139742191	0.262370639494038	0.219341351379694	0.17483206989694	0.201360819459185	0.276465154832285	0.242140830788867	0.252298991487951	0.0700957538578988	0.260081093985135	0.152150193925786	0.182145562916262	0.0776980033050241	-0.00201138528045264	0.244433303355124	0.0905763238949192	0.134506243547901	0.240763926342452	-0.0346921196163465	0.15009190515213	0.0738039261194214	-0.0303501484103954	0.176553353420278	0.360318446343479	0.169360795514127	0.369059413643874	0.06320874816535	0.424254388406665	0.180691996361184	0.141663718308464	0.317230345396417	0.353106482018798
0.586848391778751	1	0.657470272069076	0.82461863370296	0.587049754139753	0.515236769181168	0.582133119958939	0.219809381362368	0.279520118138339	0.171861039971466	0.140929060154368	0.048336281912392	0.288655348360278	0.61040952812002	0.382786239657723	0.408517608920671	0.113245875441496	0.0996047155565797	0.176897283213634	0.175525084219619	0.0807088582519559	0.191098654529303	0.106838243458355	0.210711968712589	0.0262499280618965	0.293859522713972	0.13403727530649	0.49655522643442	0.318780295839719	0.504310361829978	0.163340874860255	0.18546731423578	0.238590198926512	0.234647932313295	0.328873348088336	0.156699944796731	0.16599754946683	0.155174578491659	0.268160226736211	0.38569654238833	0.449289091469668	0.263041659917107	0.3205959099225	0.061317127743105	0.167086853137972	0.107617696696611	0.306182043532068	0.37230589616751	0.335449314636044	0.317896511757948	0.627685366732718	0.801198956577188	0.194203259037676	0.622537301147761	0.593885081448746	0.594077940565997	0.398495839756358	0.435585361398559	0.20613798390278	0.233953179723543	0.290070771628342	-0.0786351095046494	-0.0456915787936155	0.128577301816128	0.552588104521868	0.358221835605591	0.280938794607967	0.146858489056795	0.275550033422147	0.19561839921394	0.260730391025249	0.117261606307963	0.067333535087751	0.127979228301067	0.188088312356056	0.393008786028904	0.0518828325632546	0.456528223100375	0.408120693288611	0.193813170469148	0.248724830291979	-0.0157304522644813	0.473688160111795	0.133015783512859	0.277673097847357	0.408564103913139	-0.0557288806516452	0.331094435941819	0.0288055977513115	0.127353187116325	0.272917664085759	0.46915975536703	0.322414770547035	0.414188553554286	0.150944341660726	0.435078890248109	0.378951686990317	0.334043038488213	0.398896218564506	0.30014727968133
0.810759251421905	0.657470272069076	1	0.626909651602248	0.680380010896332	0.551619560608398	0.664592729643223	0.388490331880494	0.369444707398026	0.310618234252434	0.313368817809974	0.291758168280774	0.120936081719473	0.584281211400466	0.43625425254557	0.323199292223292	0.0800182394469035	0.0758613602653319	0.253553569096413	0.177137864069074	0.0202346647937651	0.0946367375158054	0.242180580024171	0.174838194122035	0.0554444257513571	0.04957278783135	0.152890860918614	0.261105838016542	0.0675944400082526	0.482664874529803	0.107751288290229	0.0107009807192053	0.0530498848400992	0.119709629000589	0.404840577163943	0.204546820637533	0.0876970963796902	0.0593926396978473	0.212182857423353	0.309277770680418	0.252564337837267	0.307465350325214	0.299951345763015	-0.0112936935364856	0.13011822435222	0.121485770923829	0.117706255968685	0.393431247332596	0.188255908251265	0.283614980004346	0.371164915200042	0.765090154874997	0.260888078684301	0.620630558982251	0.508535213697435	0.493668569744183	0.303356228666272	0.367555250227716	0.156345134139518	0.332317291457463	0.293324284934593	0.0996778937617838	0.00308895655451862	0.0247745019179894	0.262933044378797	0.278540369351281	0.148872319597342	0.0996069352554705	0.194579780931304	0.128828968474975	0.133827453841311	0.154639237547287	0.121748597631405	0.196726637996286	0.154710254512979	0.079997687684332	0.0562989856884054	0.150817003924885	0.131755493411442	0.104737096049094	-0.0497929186931985	-0.120887617976279	0.272280640382025	0.063970637171992	0.0233604800311367	0.183770604655604	-0.0943484830941343	0.169439878385988	-0.0870898128476074	-0.137985932413335	0.16613133884553	0.323994201182544	0.133429618937877	0.376165013177095	0.0893271140426222	0.339087791496577	0.108090589404279	0.183359848502212	0.286191438439732	0.194882313906236
0.62898588714115	0.82461863370296	0.626909651602248	1	0.642147594270734	0.674923859462263	0.791226371131199	0.263732466374048	0.367553845785539	0.250036055679536	0.157698025263283	0.17867669302805	0.179408381247945	0.636908260463168	0.434465665916551	0.525464020315914	0.076086154476835	0.102781657074417	0.218184282848868	0.206975211977752	0.0761247727033378	0.156396908188157	0.12757161030194	0.285588822445294	0.134536611717937	0.208468897404376	0.165652334954578	0.449833194651644	0.290149387470385	0.552763480485641	0.192444235113464	0.042726897014234	0.229586831828926	0.185144125843904	0.532014160177083	0.200581147343945	0.220870244068575	0.199827642734729	0.352163162871051	0.32341409890634	0.427175257198478	0.311013749519657	0.432384839356175	0.0584499103215835	0.119290117318533	0.0830858570761399	0.236662187319582	0.562415953022452	0.416111024008247	0.318412167877382	0.549328398602468	0.673959436889902	0.139672527404866	0.7131905040819	0.693736937928495	0.770604566057402	0.352898654319598	0.439289908908603	0.318154464184703	0.355606095366388	0.327438643704616	0.0183278695982378	0.0521749197832363	0.0751899145434654	0.483692297305735	0.49164528950811	0.242499497577482	0.17636029628196	0.300090628191519	0.213792584555683	0.255565498923314	0.0877569342667105	0.229872054484598	0.20775371542356	0.150707666369591	0.294862919039378	0.0617875233392701	0.384600210633501	0.337821304147364	0.168081036673831	0.107433536756275	-0.0663836643788286	0.388002801077556	0.178379860663576	0.19854759987971	0.362742556144336	0.0717510902391183	0.412293182168599	0.167062794328497	0.124203974723974	0.34482725902616	0.40582019342707	0.314913951812253	0.38735592150843	0.185999200368191	0.495272699654965	0.30953017403385	0.25935129436406	0.327683664715463	0.375588017494613
0.764467620050348	0.587049754139753	0.680380010896332	0.642147594270734	1	0.740182762776834	0.627007570624017	0.443340521766836	0.295807303695936	0.479609261588415	0.371559363093388	0.393714099355168	0.363796940524328	0.682558201484309	0.55911422613139	0.38341397785488	0.246015945407701	0.174699583165925	0.202755716567743	0.278678176750215	0.212550846930715	0.266559010597226	0.310016170939799	0.246380581482882	0.117199196641387	0.18792451800633	0.241413631262485	0.338076956793192	0.0949614696911424	0.483653734353964	0.264018033212242	0.152940997196246	0.228244067126874	0.170177706952631	0.497587390094007	0.17442130291666	0.135535782067381	0.187898781811919	0.282304006834536	0.346875439149738	0.291115170588596	0.498615498672469	0.409901060382524	0.0715988644363719	0.207323430131067	0.214119911498863	0.195277774519198	0.670439465777187	0.463538514445343	0.463692790987007	0.643205571880833	0.606313426592173	0.255873457379294	0.703446856786339	0.731235141935891	0.530572638021186	0.410675071247833	0.328173091041129	0.214116552137151	0.270582816898447	0.468024633856965	0.227447388845186	0.163389343127878	0.220799391735028	0.390092991696803	0.380128169848303	0.104153031769105	0.232426005039406	0.156805213718727	0.250119352055295	0.297980430416288	0.27626934236504	0.110187058092704	0.216185908022357	0.269659409251984	0.2256479633085	0.147939154087116	0.212513437731683	0.129006740293682	0.118749875171893	0.125139868034261	0.0585022838097348	0.255416767782718	0.112109293046124	0.200147113922612	0.266482412905913	-0.108430667147521	0.238067768490655	0.121063263253396	0.0614735729786257	0.336075144554994	0.386499751994521	0.220824690663584	0.352327751936376	0.228695305133057	0.631236085382123	0.227084200245487	0.308237436620033	0.401706598184171	0.388608561422988
0.580403375360016	0.515236769181168	0.551619560608398	0.674923859462263	0.740182762776834	1	0.799510565309033	0.46059340119331	0.409632204290198	0.426414723753225	0.221482000740039	0.345177657573997	0.11846749840841	0.594247843267226	0.646129200020284	0.517128472321675	0.075575060908753	0.199151726208168	0.319970653553248	0.319879690581046	0.12822014930152	0.160434345606371	0.307998234910327	0.324615892672774	0.262802236665866	0.215676282815293	0.289169942020273	0.383497573953192	0.131612788887921	0.34828915291369	0.24425726916662	-0.00829167608268624	0.176005641182923	0.0862487611216726	0.754054917072157	0.361889350803801	0.353478857977408	0.203456008746911	0.527830566905408	0.246776760149061	0.228266288780714	0.444155137849141	0.548718814699395	0.140534233187433	0.143393698237308	0.252498461358809	0.119639971526603	0.806869116138794	0.479500785328296	0.53041515771747	0.580812332536872	0.463745073289494	0.201227056906425	0.825152558871907	0.81189015753776	0.715761391005762	0.272192238463133	0.340961016104434	0.342860834505908	0.426822856312123	0.483627505798164	0.226635428629475	0.225835080748113	0.162475019750885	0.362260920884498	0.460430685644406	0.146085107005046	0.294137103506854	0.272122129838794	0.17041977836005	0.238827756270054	0.363682273178923	0.346711742136941	0.333609537335101	0.147512475367655	0.220268568180168	0.204203792988736	0.230568136187011	0.206259963729613	0.131587907716745	0.0448858034844382	0.0472769780512986	0.15760756012507	0.0767517584953549	0.00058698705579272	0.12722262288409	0.236911433042232	0.417598164878911	0.147984903093186	0.0269759944873834	0.485967086082058	0.313846436924117	0.250505050798406	0.401870093875953	0.323011669831389	0.72096193457408	0.377464487976748	0.254770873876917	0.433531777055104	0.465324325053082
0.621665567673186	0.582133119958939	0.664592729643223	0.791226371131199	0.627007570624017	0.799510565309033	1	0.366521215505704	0.379185159295001	0.314166264406642	0.193118908448536	0.262231420943958	0.0489945038796491	0.524573563814844	0.568610986973734	0.625318784946863	0.0197694251665624	0.158162071185022	0.341238665564406	0.302148338300235	0.057064199061914	0.133689376019228	0.230032410236464	0.273462624620579	0.214562736078269	0.201850111848731	0.315022468327069	0.39341340519958	0.242660995649703	0.480285709163017	0.258047290706887	-0.0438149234243191	0.126253985388976	0.215943905878327	0.77690125213086	0.410808177283125	0.23016517304942	0.220881883198009	0.488738213475124	0.288457170048779	0.323519522138171	0.356340473054635	0.569016327918999	0.183720856611995	0.0328052418489526	0.196400732328724	0.124959992132652	0.669324230429807	0.386935534983087	0.421941342344187	0.401855151217803	0.556088767883924	0.274551187635979	0.744911217228939	0.660871107129372	0.853006042499281	0.351054846267445	0.432039978301267	0.351839273853385	0.409473802090437	0.44439552812774	0.160970542936035	0.188185744819119	0.139060820732191	0.33046799750867	0.484030773980146	0.332184051522069	0.266906584272492	0.4118723157339	0.228334515612062	0.138034397112562	0.223960876203039	0.291442399090285	0.301967262187732	0.198553263282055	0.233441049805923	0.238274441173976	0.300963277358912	0.240338779517203	0.225730937566113	-0.00702260936080093	-0.0892740147469136	0.283764426972976	0.277838226808183	0.0140479356722192	0.327964960876817	0.179731539964738	0.539116703957661	0.18326251939682	0.0964371764119958	0.43405006118219	0.348296884636814	0.341502664485409	0.44150839169372	0.25898751040169	0.523455220533907	0.221231213816134	0.253343900096544	0.401618140738615	0.348838313996775
0.391201329422087	0.219809381362368	0.388490331880494	0.263732466374048	0.443340521766836	0.46059340119331	0.366521215505704	1	0.52206470256169	0.362872136990522	0.182928187198111	0.355794266804365	0.35489420565757	0.444605316007739	0.451455951127543	0.338846826224093	0.327854074990676	0.485538544039641	0.465022163227338	0.654159393485777	0.340191477615716	0.124304589219889	0.319666652884496	0.342813809790554	0.445027205803936	0.271367559184203	0.329845459812169	0.218352577261172	-0.0945331548359536	0.273402013325407	0.410066437600706	0.147156195080314	0.348228945155383	0.0643566490994851	0.420220493787547	0.347731193304648	0.283072174217465	0.331709290986314	0.356248184730184	0.274685425600394	0.0880668871080031	0.296239134163362	0.411609287513885	0.137071126693367	0.386008615955775	0.112494923933391	0.19042890253102	0.454539982456014	0.178839531412587	0.341167847825698	0.304333405247282	0.33793113515921	0.0803639895769376	0.373473867807814	0.388001638255025	0.288773099137346	0.183187425416262	0.30606573327462	0.36827982760546	0.529923037366427	0.458643812612076	0.103983485885554	0.113818494116191	0.030517127082377	0.140812841970602	0.112554087570336	0.0861925109535096	0.306372588777332	0.327935270282495	0.33015290641365	0.198684222618721	0.28159591492614	0.39601231568496	0.417837108880458	0.268194959025648	0.229558592405076	0.232132977073722	0.14730955517301	0.101102082234805	0.308874420049669	0.114113835061088	0.333343428471735	0.259156504001755	0.119688452305909	0.0674670689612358	0.0161816828209799	0.144655830236112	0.195872996604942	0.0234257346752855	0.0950305852887831	0.315884799253347	0.298546276614545	0.172134361020875	0.264717446789775	0.171245879243345	0.37378113724021	0.0365878383095519	0.264302051317813	0.339185244648522	0.207943895256677
0.329717717816626	0.279520118138339	0.369444707398026	0.367553845785539	0.295807303695936	0.409632204290198	0.379185159295001	0.52206470256169	1	0.269650870227035	0.232351271808558	0.284945004038191	0.0544316915270806	0.255216236193728	0.34077458933532	0.452302743803013	0.024251111495976	0.187020736375802	0.751554258412437	0.476891661152168	0.117408499614017	0.149791706132399	0.133139145872108	0.590192172432825	0.653850275174475	0.0600014524595364	0.36992082144613	0.288047928545455	0.144405949102826	0.188161693055092	0.249226476385575	-0.0749280771555707	0.112188795843667	-0.155429524854327	0.449728685915557	0.515733431128035	0.509279956986426	0.415588823318411	0.459414868524485	0.144269168792104	0.169606011340951	0.0975429072873087	0.416607830674355	0.0698523732234293	0.0814182088630159	0.0312207348169433	0.155690861939551	0.388845794326826	0.224218264420644	0.203433400654041	0.244975310118756	0.343482793210662	0.00474993330529021	0.311435245338827	0.30761171024134	0.380709389605262	0.214532966022936	0.486542827140067	0.736125502420231	0.864866069726346	0.302166077883196	0.0810371235214861	0.0786634622804815	0.0392075878131127	0.238366350086989	0.351736056313474	0.229375696168762	0.307131275478737	0.633114962254388	0.290574347300428	0.105511209422617	0.334570099551065	0.502107328714115	0.573611776562459	0.247890105510524	0.121620309482873	0.227724915008894	0.31528241206627	0.292020298355847	0.257282618697022	0.0603625731536165	0.0292835593226071	0.296504908761422	0.18855139458859	0.000146216596422855	-0.0293189919678545	0.514963960573791	0.269028297187925	0.115979771225289	0.2107143578706	0.27905919601817	0.161011226471832	0.187459376529312	0.401706278047288	0.15940134712306	0.209671184496948	0.278313777118488	0.149051587212408	0.354238854837122	0.364373380728064
0.324983319243906	0.171861039971466	0.310618234252434	0.250036055679536	0.479609261588415	0.426414723753225	0.314166264406642	0.362872136990522	0.269650870227035	1	0.648452886445413	0.80447610206831	0.443701927791648	0.308122316731897	0.265488603613358	0.0802723996304829	0.490103760342711	0.138322046338933	0.238568881989937	0.298690748885035	0.548511372839311	0.645208471023513	0.597332420663579	0.211781699890938	0.134546855403225	0.124541692659478	0.207737951473616	0.337860680249796	0.0716448394151703	0.0652102956042377	0.156731328630447	0.22491803511853	0.34211829416593	0.218861860936651	0.270680575001542	0.0328426354670712	0.312827554593629	0.0953842087493358	0.164823091778831	0.52126151165761	0.161699224706142	0.358880374195285	0.293946590745173	0.154097062000072	0.0314504003101907	0.47541467107729	0.438725991887157	0.343722513556369	0.424161083572114	0.59235067016486	0.392748969562596	0.155719432536395	0.0838246420628537	0.34988799871241	0.501368357055004	0.2197762199163	0.368532561530954	0.230344393666512	0.215563451077308	0.353294626555859	0.587813589063731	0.572601107293186	0.491567567442756	0.370424130687731	0.0571084123393498	0.168715630942752	-0.152393006640185	0.315005289290517	0.0828615331206745	0.301545361803148	0.398757693885525	0.592215423277938	0.274489765810168	0.208884557429939	0.173800138509488	0.160218760581463	0.153306740767661	0.163961677943438	0.097236840284143	-0.0767903186649392	0.212016876789173	0.282757170617318	-0.0753023138805254	-0.04927135913098	0.119011276871124	0.138697805581485	0.131779763648438	-0.0400494805246246	0.0499116922226055	0.0862122268571849	0.102944719697304	0.4879729963453	0.17360482126031	0.393347835679741	0.486530137190475	0.348849893167307	0.26602590647919	0.546678865130585	0.316417259874133	0.443811534364272
0.346060564816288	0.140929060154368	0.313368817809974	0.157698025263283	0.371559363093388	0.221482000740039	0.193118908448536	0.182928187198111	0.232351271808558	0.648452886445413	1	0.68153106434004	0.344227589760643	0.123652266135506	0.109453311744022	-0.115866858760983	0.283990571898933	-0.0865147113521146	0.149510737824428	0.11110854205161	0.264917384191595	0.668841345520402	0.600569834251597	0.0473636019840089	-0.0514795918249939	0.0781501041718024	0.0679678006900871	0.276957286207648	0.23445523488858	0.0468699659560499	-0.113713553831024	0.12616316810698	0.266288005983244	0.184352265791578	0.112816372855903	-0.0682637365663391	0.0992793969406768	-0.0042166040835672	-0.0346969899761913	0.427607669320753	0.243547011924239	0.19802296122897	0.000240236517433147	-0.04555592521099	-0.110702777325564	0.441914953864033	0.46012298630729	0.19847700350348	0.266816960837373	0.348462774881454	0.183556849675084	0.191486618480953	-0.0254687215165352	0.166462104993509	0.343903658402675	0.122011461531139	0.228006270482008	0.278315579789646	0.262398942546223	0.284500193871358	0.292171277027674	0.259804098821807	0.262300903464221	0.189374429874961	0.0319699126605109	0.19982602493089	-0.124472883514455	0.259058225023383	0.0718851557820492	0.173937277879597	0.286143863447692	0.428411202257043	0.158121942016133	0.0331625669269031	0.0990475633426249	0.125435100777216	-0.00460504185341256	0.205899440243357	0.231660855045561	-0.0802698666168828	0.246873971107688	0.1563928726673	0.0159131737255982	-0.10587783612994	0.0646345846796831	0.169647122964878	0.118596021155832	-0.0973116203447913	0.00814371947314466	-0.0664337423602887	-0.121405383898149	0.411677747659839	0.0650483411964276	0.404123360891481	0.240611920485036	0.151176182590752	0.134005761765143	0.375225849423281	0.248507575671771	0.307172377357347
0.361699744183068	0.048336281912392	0.291758168280774	0.17867669302805	0.393714099355168	0.345177657573997	0.262231420943958	0.355794266804365	0.284945004038191	0.80447610206831	0.68153106434004	1	0.318960959971018	0.275356484488516	0.19373462720357	-0.0252789364932464	0.365608777164643	-0.0066451508572345	0.290446184779609	0.206031101419324	0.474133756401352	0.608811958671761	0.67382136817236	0.130882194588175	0.0937737650839608	0.0170178631903578	0.191238231103678	0.296621823356914	0.027381951057949	0.0179861172753373	-0.026000775285451	0.0658320563957355	0.296640066534102	0.173476289100143	0.247644752404987	0.00602695465816587	0.181871300138111	-0.0017682919417117	0.0678580159077394	0.479262496941174	0.148594322880074	0.131106985241415	0.19969085358109	0.010520726690482	-0.109853686482181	0.479631750907688	0.404942589136582	0.261197996629776	0.303084995118461	0.433738536558145	0.282223409763347	0.097865497139424	0.0102684890543756	0.249849796373808	0.357664479284377	0.146588462123468	0.30035148972281	0.182214367644332	0.235668467105939	0.365349706768448	0.525316313343893	0.569320601000916	0.460542784798254	0.306007870398119	0.000989324147003017	0.195553421100671	-0.277083258719188	0.300111116520449	0.0446361802931552	0.186995857027402	0.445383868344241	0.49715828461337	0.279498532936577	0.19571488997017	0.125056672258982	0.0325647470960662	0.0764038118335679	0.202056712741001	0.0867986375236151	-0.111922870211693	0.189137337193897	0.20746686849586	-0.129977671201155	-0.16455980778728	-0.0543029590314087	0.120327623615907	0.112931379760855	-0.148244420668471	0.136952396827788	-0.0635340831902151	-0.0212378603901897	0.42618809670449	0.0745835287162096	0.429645787391994	0.390371188095551	0.246273312721637	0.179859627801184	0.424056678852954	0.2834862779519	0.520286894670934
0.133701401895446	0.288655348360278	0.120936081719473	0.179408381247945	0.363796940524328	0.11846749840841	0.0489945038796491	0.35489420565757	0.0544316915270806	0.443701927791648	0.344227589760643	0.318960959971018	1	0.278567042238276	0.194932441359657	0.0121624945342992	0.628079954745113	0.374846085366245	0.0672046744150895	0.249439474006054	0.505998411469783	0.424994761481987	0.391136381393096	0.0153548629190328	-0.0729223798484816	0.163689920070996	0.0932229586492075	0.262243182934212	-0.0941709158292966	0.129520730155713	0.27644336322396	0.380118631371365	0.634612445156773	0.156858519835081	-0.0128164821521938	-0.25552589747555	0.0655305727569961	0.102355167085421	-0.0515576238178704	0.453930829228236	0.10395195343666	0.376426097603423	0.144079946979192	0.104615982611345	0.274420007525332	0.147359721346882	0.319279196029044	0.132724741159289	0.143068513085401	0.274455830793344	0.360824800700961	0.306586204110121	0.192500429032525	0.195356618738388	0.2652315389229	0.0724293855266664	0.243703491437801	0.155784551990409	0.00657259304199177	0.0454426979275003	0.330042963560823	0.221695044538575	0.227124087690341	0.230364957068461	0.207127213536275	0.0132092290091007	-0.0116400470859655	0.358777881451329	-0.0712054698132043	0.179293445895906	0.402323154237464	0.107402194936963	-0.0450798696329475	-0.0714911515271379	0.20789461965847	0.21659043006924	-0.0323350922721118	0.103919733075194	0.0723898965117116	0.128666408548638	0.346640332286394	0.333422226677283	0.189582444066654	0.0663563220628086	0.287404169996617	0.202829885702482	-0.140719774142762	-0.0377392566346181	0.15189399996529	0.0531649585032059	-0.0132778954364932	0.426536108008808	0.0705711379217873	0.178488677222476	0.248571975205222	0.152082340832984	0.0522125030291293	0.418543708663826	0.261895533697533	0.194418343699597
0.646586397114826	0.61040952812002	0.584281211400466	0.636908260463168	0.682558201484309	0.594247843267226	0.524573563814843	0.444605316007739	0.255216236193728	0.308122316731897	0.123652266135506	0.275356484488515	0.278567042238276	1	0.494116143023578	0.321259127610134	0.27025345390816	0.20881030930735	0.131268749100218	0.346567228650537	0.200105605406986	0.228203873083336	0.175721328868631	0.199459151402065	0.10802726285359	0.295679755439535	0.152916691281734	0.416662939137909	0.20023836247478	0.65242603315577	0.196133111926807	0.153124934145191	0.162476509711858	0.176995863368958	0.462534765128633	0.158027660940497	0.243253848796975	0.124675148243286	0.314927123929749	0.331942497470956	0.392914151917779	0.452860828147969	0.380503267513356	-0.0198598893183013	0.310862995875358	0.196128018731064	0.257661281480249	0.507586838516742	0.535325613645527	0.405565807951541	0.622132774328955	0.625251539653015	0.228452188241562	0.620071121459455	0.593385017252425	0.531793831034797	0.42579404206464	0.326211827926297	0.143901198540254	0.335262873728765	0.45746754450112	0.193499051633276	0.246633100082712	0.23271747664539	0.4910604349236	0.34355276300246	0.0405818667042822	0.291400284453739	0.131437827796316	0.237598501977688	0.441695633245791	0.210630288829756	0.209456847623564	0.235633196723106	0.250454287302319	0.277851843683247	0.0309290603191187	0.341467280801668	0.299016161498968	0.14610343823112	0.239066179049471	0.137376540943115	0.34988919703907	0.126996384787561	0.211801495782949	0.250966018045708	-0.0478896378611285	0.202865980238488	0.19846837024737	0.0196654913096142	0.272933000763176	0.414269411757596	0.195833819809731	0.42502274309635	0.248947500215882	0.455727712903062	0.402516805868856	0.34846177589654	0.421689622460351	0.486125734326079
0.404935841534376	0.382786239657723	0.43625425254557	0.434465665916551	0.55911422613139	0.646129200020284	0.568610986973734	0.451455951127543	0.34077458933532	0.265488603613358	0.109453311744022	0.19373462720357	0.194932441359657	0.494116143023578	1	0.436642706600671	0.148758963505704	0.350530194989821	0.344958822269768	0.465358419001115	0.111434665880958	0.134846420724077	0.250834440414186	0.234448044790204	0.361097658424894	0.260106440941121	0.37485501438347	0.203362650875255	0.0490940532096607	0.354886469390067	0.310134075128552	0.104212929631321	0.198537157897226	0.224291018336893	0.552378878537407	0.261069809354417	0.277223010309075	0.330720047841319	0.373888281842083	0.222148846936689	0.181029177211365	0.495850630528516	0.588029243305119	0.265014016214484	0.259151851253585	0.158703799181423	0.100561211157487	0.658256083295196	0.376557210428475	0.447317943322998	0.341012236204826	0.451033850095972	0.623515699790098	0.63737941328844	0.556054149002032	0.595197483103405	0.248728397777246	0.2865864379118	0.301465235682554	0.320293669653172	0.26455062431566	0.178540766249368	0.153750805005176	0.0684329851054099	0.351696146061235	0.344055996826174	0.294409816900482	0.253327506715452	0.27102195710475	0.209384778095274	-0.03934903192927	0.298941692442796	0.274739542459396	0.317930472626038	0.219068951893393	0.174868751845127	0.32310066666762	0.155593627534452	0.085305560791022	0.23713387655163	0.0561069286936896	0.0403005785846499	0.308492520913313	0.34171710167389	0.070798553619906	0.198106918713566	0.14143061979427	0.338288353505935	0.065670810251465	0.112122759527482	0.339994965923262	0.255113408966407	0.229228550900299	0.325880284461501	0.281525736048132	0.458763308138786	0.261481868539484	0.0770775121442715	0.416765673161745	0.16139098994421
0.274614693401899	0.408517608920671	0.323199292223292	0.525464020315914	0.38341397785488	0.517128472321675	0.625318784946863	0.338846826224093	0.452302743803013	0.0802723996304829	-0.115866858760983	-0.0252789364932463	0.0121624945342992	0.321259127610135	0.436642706600671	1	-0.0708960822188255	0.324050008189855	0.566810211740656	0.265556835751291	0.138211319054965	-0.0252521820357103	-0.0679585434129853	0.464947303336787	0.452639065399049	0.364581387200496	0.529577106616342	0.39002787218162	0.198732073728543	0.342900161953851	0.615952735975391	0.0843325629070523	0.0959411980856574	0.0757485246984905	0.777774487984127	0.749662273379722	0.364329447923567	0.478428015332185	0.649418947010586	0.0791209551003453	0.258826416822568	0.246675601087385	0.770518865333193	0.329330002854446	0.0817390763582639	-0.0246671719630203	0.04844613855289	0.506931339496358	0.207775023967561	0.3182167054061	0.320687762742305	0.296465437600856	0.251862174953649	0.54261231518266	0.405938669645892	0.684386287885293	0.293311163743552	0.401523377178596	0.559520877831106	0.395001822248912	0.285642420290333	-0.0104267616534906	0.109614951520181	0.0597945524809115	0.363599908782106	0.416766558972595	0.71356953034831	0.255697982808128	0.709921630604222	0.327174681521455	0.0166560294500882	0.206305209991819	0.346502532221311	0.406028197843921	0.4904274947859	0.283325424946596	0.396468677343377	0.317934699844277	0.266563325171515	0.510503818632058	0.0247820268053344	0.0582317578163715	0.442499431689015	0.567846397791882	0.123970350855979	0.245579169160608	0.295748292586841	0.82349278193819	0.26195967952598	0.395737706059706	0.627322557222401	0.138951546824371	0.452562257403638	0.310474922264571	0.268925712876066	0.37852940663878	0.213739687263615	0.223459483736633	0.365081094519049	0.142787743852912
0.125684595516507	0.113245875441496	0.0800182394469035	0.076086154476835	0.246015945407701	0.0755750609087529	0.0197694251665624	0.327854074990676	0.024251111495976	0.490103760342711	0.283990571898933	0.365608777164643	0.628079954745113	0.27025345390816	0.148758963505704	-0.0708960822188255	1	0.486931689005235	0.0743421871195827	0.309712393119328	0.71665457461489	0.508044995256296	0.426373160400909	0.174725989737477	-0.0482414889116768	0.198163196049618	0.165382893511354	0.227205919667101	-0.0666739221540809	0.18658391113731	0.388862387845712	0.549329030623344	0.537032703439416	0.389602254378443	-0.0732318501729344	-0.168010926853528	0.10462333819832	0.0564682582319413	-0.0190192604193746	0.382716079274359	0.0399796662076669	0.465606046917195	0.182852657787152	0.138486434634427	0.375991926412903	0.364766670852391	0.492617285473902	0.204946332138357	0.186891238066951	0.352864833772696	0.144322111839035	0.129687595363016	0.134852136442506	0.0945306819558975	0.198973474635632	-0.056790391356159	0.105047523580844	-0.0569881300234405	-0.0810098741841252	0.052163235560973	0.299912135255909	0.357854284954146	0.179818635991797	0.145321361193789	0.169037574238578	0.0783162146186456	-0.0642169415293393	0.131622084060443	-0.0760621842156977	0.278238765728915	0.241971749580224	0.346604866392676	0.0821888076129045	-0.0356223261717147	0.104159274090729	0.260229555662675	0.0126155906196663	0.0702118048959899	0.0054771246490394	0.0673876809922686	0.394165737018351	0.415973450581339	-0.0145079262106168	0.131299465220118	0.297785137376803	0.283109612180118	-0.0578668475762253	-0.173366193949433	0.114824561066348	0.0177564015199967	0.0371801268395801	0.408426037361967	0.0647744609061315	0.217856866152658	0.347403139936025	0.17731349517959	0.127132841914251	0.325060832514062	0.0344690025670727	0.120631467169608
0.0654843236659536	0.0996047155565797	0.0758613602653319	0.102781657074417	0.174699583165925	0.199151726208168	0.158162071185022	0.485538544039641	0.187020736375802	0.138322046338933	-0.0865147113521146	-0.0066451508572345	0.374846085366244	0.20881030930735	0.350530194989821	0.324050008189855	0.486931689005235	1	0.236562480900734	0.504293414428774	0.315175604321145	-0.0151321660823937	0.07165360031337	0.369102172537453	0.213561996401274	0.246294126172162	0.323005758069816	0.0399542720138176	-0.315109773348991	0.166954848830087	0.755704931649836	0.40624714428404	0.391681162353894	0.16943243832083	0.194698841347731	0.209611976710966	0.256988275922683	0.297787089211925	0.30142453887791	0.11201732427458	-0.184239612203449	0.380576110786351	0.393239364407565	0.248486857762129	0.50150311574075	0.0472060193229487	0.113498460018142	0.382359532862047	-0.0409774109728127	0.263730644870424	0.04276655691992	0.0630681316283123	0.194427495683658	0.293451106021391	0.19463506904581	0.127044607721666	-0.190149746457959	-0.0623109003929981	0.0880348128518377	0.186603370698857	0.214062034482836	0.118425629205308	0.172292435917515	-0.206089669722807	0.119645592588155	0.16856066110948	0.262664381949778	0.039880810186223	0.176875138275467	0.28676095257953	-0.026205951549031	0.225152697240548	0.365657778216389	0.125331179061145	0.163141945979381	0.185729788109651	0.243197130055042	-0.171692854751621	-0.236692158785088	0.454108397913326	0.113807020030999	0.335840720422821	0.0211789350597662	0.336021364312887	0.132061903140281	0.0459042962109472	0.148079725939165	0.2041716785702	0.0699950785741778	0.144245250595112	0.340890678212066	0.0921745553138645	0.100626359282724	-0.0209147249058528	0.176574920741555	0.187635118411356	-0.172072553737459	-0.000690342614926023	0.127671566169894	-0.0993781786418823
0.227015033625784	0.176897283213634	0.253553569096413	0.218184282848868	0.202755716567743	0.319970653553248	0.341238665564406	0.465022163227338	0.751554258412437	0.238568881989937	0.149510737824428	0.290446184779609	0.0672046744150895	0.131268749100218	0.344958822269768	0.566810211740656	0.0743421871195827	0.236562480900734	1	0.382194434979736	0.242804146596099	0.127775566470054	0.150614507291611	0.459848131776254	0.548093750797288	0.0899750969299621	0.46708255130763	0.243581555532843	0.0878843803305745	0.0896481655431857	0.370739991302176	-0.014354444082234	0.0586862023780204	-0.0583461454932141	0.450259237761173	0.645271434742598	0.337232758912057	0.362750705704484	0.468500062766488	0.0621822743425027	0.130486032973458	0.0521425858892492	0.509309496392408	0.11880672338156	-0.049980575152354	0.00842251477781685	0.145445855530506	0.301728103020936	0.133102507021596	0.212100257714489	0.182063891743348	0.232202915416554	0.109674585946795	0.251992309663214	0.167803036750473	0.33240047431147	0.173868486372502	0.355428198293518	0.719885495897654	0.591912264371798	0.251663896629145	0.139301823562052	0.0634545742140745	0.0399868447613041	0.224849718946292	0.273515631716003	0.405454231610033	0.284605212000799	0.741419369211022	0.277019498875893	0.0762114315990892	0.302839487206283	0.36986817551408	0.47483301011873	0.390299375207919	0.109985334538807	0.280099298944616	0.317162234601761	0.198795047522481	0.345528571148285	0.065320692731965	0.00954443996770455	0.267362069898051	0.303782123089931	-0.0353665689092328	0.0941404229231675	0.378819380058051	0.420537917944558	0.105470917811846	0.229139604320357	0.322925025609157	0.12572137671063	0.202462179836784	0.344006931272759	0.237808410628833	0.137219928162507	0.193158517378903	0.110889079162734	0.324266753226741	0.240788819159682
0.324251853588033	0.175525084219619	0.177137864069074	0.206975211977753	0.278678176750215	0.319879690581046	0.302148338300235	0.654159393485777	0.476891661152168	0.298690748885035	0.11110854205161	0.206031101419324	0.249439474006054	0.346567228650537	0.465358419001115	0.265556835751291	0.309712393119328	0.504293414428774	0.382194434979736	1	0.147371063135671	0.274332998052906	0.241144647878764	0.359745429248341	0.594052046588832	0.439127512960973	0.365385285370244	0.304904021387484	0.0790693024495182	0.358719448389776	0.364133125348937	0.35151284839832	0.39051152638022	0.330653981114464	0.332969534508167	0.353351809383322	0.287820067057491	0.528506669295308	0.251513916567819	0.259118541584285	0.124014321678727	0.295864526666613	0.308602360882953	0.288470945671213	0.569993588901653	0.252094627601338	0.345261723201623	0.396093292892931	0.199367038711324	0.334443699583177	0.292308295227494	0.202033956562131	0.108108352406192	0.292733591553601	0.351790540307718	0.297132777913799	0.215226947180034	0.352268116361453	0.378764589153676	0.538763995463202	0.390670745474889	0.0478187511633177	0.0822568548253855	0.0640044305720849	0.381004924591732	0.251517911468529	0.213856646549843	0.294460271403783	0.420247326616431	0.505397522486569	0.0630201827161468	0.387088606218333	0.405003166757866	0.54329648074848	0.335518515751957	0.463006449114072	0.388480694070625	0.258603364306981	0.133012161277448	0.386450417654505	0.307548168005629	0.317060764584647	0.315914537853518	0.353133134651399	0.262321214586485	0.237158201963734	0.213591726529062	0.184321575681766	0.224041672525262	0.353992439541462	0.20269388998192	0.359838092954765	0.364673771361912	0.35442106160802	0.273004069002212	0.271060652401931	0.190443932178685	0.20588817435713	0.391084858632273	0.304804209429173
-0.0151418318319566	0.0807088582519559	0.0202346647937651	0.0761247727033378	0.212550846930714	0.12822014930152	0.0570641990619139	0.340191477615716	0.117408499614016	0.548511372839311	0.264917384191595	0.474133756401352	0.505998411469783	0.200105605406986	0.111434665880958	0.138211319054965	0.71665457461489	0.315175604321145	0.242804146596099	0.147371063135671	1	0.483071297043569	0.435423986649311	0.260611816741349	0.0755267146389057	0.118878260386915	0.264878152154798	0.213907867358776	-0.00279758500798307	0.0346626176068264	0.429691222249288	0.357460179002388	0.364806688110122	0.183019721036388	0.128312951959216	0.0280601120185673	0.293880880181344	0.155025247151452	0.236488535614052	0.336221275960433	0.14363311367444	0.285094174494493	0.443824102781337	0.209486335632253	0.081614910866979	0.359799023465768	0.44286688837708	0.187591754177926	0.204368536407449	0.514156222089066	0.206963620935223	0.00846868756661096	0.0810596308643916	0.114507952146848	0.181719661522831	-0.00712554327670254	0.249609804683077	-0.00343005355722229	0.0457705538926363	0.150033265367209	0.390325800540843	0.46021093532742	0.362303707905234	0.177645716995524	-0.061445418061228	0.0694955518640855	-0.0290972064063342	0.168019220652438	0.0700375597042634	0.190163426218487	0.333576510665009	0.457946860135139	0.135235561674466	0.0469925985941183	0.108516663378599	0.155432293854035	0.161060515540475	0.115797223171633	0.0932458827881913	-0.0421491824464733	0.280417756689505	0.413415512604192	0.0217820297439599	0.125737486251146	0.170200287210487	0.146533692007236	0.135535204925358	0.0415295116040508	0.135645024282449	0.186723595748649	0.250412732708372	0.278035662633711	0.180384050729514	0.258245055709666	0.507990818894946	0.255922303703589	0.17217317751427	0.441762387187335	0.00509693214658743	0.0425972737235808
0.208021244806229	0.191098654529303	0.0946367375158054	0.156396908188157	0.266559010597226	0.160434345606371	0.133689376019228	0.124304589219889	0.149791706132399	0.645208471023513	0.668841345520402	0.608811958671761	0.424994761481987	0.228203873083336	0.134846420724077	-0.0252521820357103	0.508044995256296	-0.0151321660823937	0.127775566470054	0.274332998052906	0.483071297043569	1	0.637506698983486	0.123389640231654	0.00577435529977303	0.306988928911804	0.186186295803444	0.563847847170179	0.427425181877375	0.107891880568198	0.0175536743552153	0.358288121957914	0.409026690767517	0.457939889507149	0.124327955409507	-0.046016035100598	0.175072958307278	0.0827979846308908	0.00805155231575789	0.616591474224138	0.467497007728192	0.288196865904378	0.153836841004158	0.0757298983819761	-0.00608639713902413	0.662656980721963	0.7306387751309	0.178079174960798	0.403597675578691	0.499483382781736	0.289678846340187	0.119142000886887	0.0633309786711144	0.127819604777666	0.350207814330051	0.144066619018212	0.321291950035837	0.184483704200381	0.202507801614763	0.196840447926572	0.418771945999836	0.319447006031967	0.301489077064059	0.365528144660243	0.216986093545856	0.190232102683334	-0.0663316017612468	0.294737307902168	0.142065395096532	0.287244777576916	0.350669865660257	0.620262602978361	0.158979646682322	0.0817989416568863	0.257203532956108	0.351172918123691	0.102052422781094	0.504722351144249	0.421688946939497	-0.00259787905521096	0.506686029862756	0.324224738029214	0.135235801483491	0.0871508791687659	0.240143221944009	0.451069143861729	0.10638354035722	-0.0685792900216848	0.183765451676694	0.146568649217985	-0.0570946910853197	0.635599640314366	0.198080033196831	0.651837842287163	0.487076837792273	0.27468157053833	0.376437480626396	0.644943275123145	0.26525530681782	0.395707628986727
