1	0.624369768920438	0.560170550288885	0.672911072750717	0.664078868115593	0.530803801202125	0.482169539427322	0.391499671494126	0.448887001785428	0.277203613671112	0.164778946724161	0.258709166598793	0.397161099033906	0.658137871323075	0.505533569600281	0.610801772815844	0.321076434470046	0.12307694963253	0.510661986277921	0.311965251991914	0.225307692170293	0.192070921072199	0.255508852987841	0.31635526179109	0.281701041703808	0.464362401621063	0.390177877050973	0.233778883655958	0.183488125289072	0.268504533340009	0.337655212190385	0.355248718496146	0.362647518420934	0.454509697437268	0.387193689649597	0.488523346990176	0.26302581927209	0.20634042816086	0.0750698836930869	0.106195758430249	0.0405850750384166	0.216326207407074	0.250307270164574	0.0790370517627347	0.331601975542138	0.191513280774253	0.199979758438261	0.07678243377078	0.334793867996583	0.121457647297577	0.415979342817184	0.435540758153908	0.492829131664079	0.623994399741505	0.428802819063271	0.562282096596763	0.381265934101947	0.399272820466981	0.278724974047217	0.173819373145926	0.324486841583111	0.315119433409475	0.428086954939463	0.456755948326649	0.303488690921243	0.152659585828706	0.350480998470008	0.331864654946064	0.582412708073849	0.233343228170774	0.276489716733161	0.326695412992523	0.0425672553855155	0.456497366322503	0.45287663367383	0.367566045281202	0.419215709526723	0.179802930288476	0.112211136750704	0.342618817244568	0.307769524226398	0.396248129797001	0.0609575313455983	0.302054998876446	0.170071119308554	0.200864720205076	0.152510985806975	0.474477561550265	0.125202948090117	0.302727768304277	0.149760591371047	0.123517210537301	0.0925194590125661	0.0432583278755023	-0.0248648061793692	0.0533152222011449	0.287247559030331	0.262945034684202	0.145160626965418	0.0807650742132384
0.624369768920438	1	0.700766118360542	0.617073002954215	0.468994764956739	0.530589384016105	0.581028167746157	0.436389981052236	0.280457397841556	0.221043985351521	0.0637165254842705	0.181175316921981	0.267049431944154	0.539957775590381	0.326594200566161	0.544493641535643	0.0652144398754094	0.144484598795114	0.287993710283543	0.187838953624005	0.0638009150624726	0.114373042109152	0.0302545688851339	0.202173520438669	0.18846784965847	0.105031916559381	0.10094766074285	0.214484696400034	0.13742722591943	0.33488601295983	0.345644075723013	0.180200363559322	0.195318238830716	0.220075455374372	0.470771316931965	0.337195068245033	0.222058170100512	0.249776508790591	0.120504800580796	0.182425627091568	0.103355149694275	0.219603150851749	0.296598105157145	0.0782036487963728	0.330205479625088	0.0457732876753002	0.098999931681846	0.277102756300008	0.286441064830541	0.133819069116739	0.4345220665947	0.695518382223362	0.289615699875775	0.571849271501	0.46727567035639	0.56089308668899	0.456515115929965	0.536882636708884	0.404175452053378	0.081202718075038	0.25926891269443	0.203589005392545	0.363270879108989	0.361124620537839	0.343258832615544	0.150542730547875	0.3933311862216	0.336894235524746	0.404662682181053	0.232099881478547	0.157997544049313	0.0824405065582158	0.0414420278485223	0.156705581215693	0.262347060494148	0.132982344227564	0.123758614913275	0.182208061814392	0.242127712846506	0.273933661943052	0.0214070712121366	0.324489793167645	0.139397996482553	0.205065624449213	0.17133253038584	0.0262047248704049	0.127784855492222	0.538296401208605	0.0194991562186523	0.166042502653546	0.270785419952138	0.104146305208206	-0.00491741581190069	-0.101727308235986	-0.00919517304833071	0.186126262892431	0.207977317000061	0.294714688145098	0.0987384401299578	0.0926973116257259
0.560170550288885	0.700766118360542	1	0.581530474480479	0.559455046830636	0.618439679537967	0.64021053103986	0.271540612199977	0.299058666213654	0.318101840014646	0.287114177291231	0.338805409472475	0.365346381799296	0.457495311911917	0.207455646142853	0.497931275902178	0.0958440618649823	0.0113749936859847	0.308411141822272	0.203752355953822	0.28321291491493	0.159243833915025	0.0889164964979976	0.318017531521912	0.153809277432932	0.165908921626121	0.143249819784139	0.266345491580775	0.00371184768294226	0.538517934797522	0.256920329642351	0.309896073040791	0.283131570666133	0.282670144444523	0.524100594767066	0.409423141427556	0.243834045205402	0.402954627757671	0.10034197033622	0.216577538301396	-0.00289048158823346	0.205041658098989	0.356963798020099	0.140841633643468	0.287332914820071	0.0582940387919622	0.165291764417112	0.27354911922454	0.24033345363793	0.230864332024002	0.362373836632775	0.6200013473401	0.244473502424703	0.656507879467811	0.490307515767896	0.47557066487078	0.290953014964617	0.435493844912884	0.215212568243722	0.185889874896364	0.320601249310033	0.369595759057035	0.4746476701271	0.258533387623932	0.478434006773227	0.244247750993062	0.263682168525607	0.113958880468363	0.428226533888113	0.17366351735886	0.223035290569679	0.299856346221254	0.0250015873759971	0.109964795692798	0.233630755991415	0.0597025931958803	0.0987936202180349	0.332952403593183	0.147263704708957	0.134035917775202	0.201373138054242	0.278755010805842	0.308611465955715	0.156770354350749	0.161148151901682	0.0915996642306135	-0.0572562308029921	0.395056276628406	0.109396989350128	0.144320407608664	0.130946988364591	0.16728847247931	0.0316971754152745	0.119695164328013	0.146562306565394	0.0915879595438362	0.289350376982047	0.388604209145934	0.0182259439668762	0.191123663817686
0.672911072750717	0.617073002954215	0.581530474480479	1	0.737670793586735	0.805970686772776	0.883077872499515	0.514947368458232	0.459853344992476	0.566899574612565	0.342889828835455	0.424079815557013	0.531863157872277	0.644132640643081	0.705470816033877	0.822178008134909	0.270719004064548	0.105886547144531	0.60958010160925	0.272784091412974	0.278774734032398	0.386499522828112	0.267786437334332	0.290673310540025	0.249380389280675	0.464297904826613	0.293358710785011	0.278376004907268	0.298139829551639	0.248493985231817	0.304853623042446	0.402759323619477	0.312842293903043	0.44752109165238	0.64815770338106	0.701209142717836	0.209009374404078	0.279074577289076	0.244515303688765	0.197189868436759	0.246553040618471	0.201685587950933	0.285584053215715	0.223385389977099	0.449010545861562	0.0261449343256831	0.186009863279599	0.410951161661764	0.336690353493909	0.401943430834609	0.668586974068569	0.512127137889915	0.722844463610244	0.751069469422569	0.747596671924288	0.917887164768608	0.479197722475985	0.568922709009106	0.317723911887668	0.0943012690095219	0.61902245094647	0.513763489766012	0.664864856419154	0.585416343632567	0.385575213315672	0.377980213392141	0.333689878195831	0.371634885264378	0.567396099876988	0.0338993561224586	0.600976833768301	0.2141315078493	-0.160782811094374	0.380255414368864	0.459073893116265	0.342726483702995	0.254645413302181	0.112173026105738	0.086480206891942	0.223742872946982	0.24399098980852	0.365288244382709	-0.0126272492371841	0.146627969119379	0.109957067422272	0.0934878886446952	0.0297896239686608	0.571850131848527	0.260703390758167	0.313337284896155	0.197659350664039	0.199837676785184	0.200274053704462	-0.164185903725107	-0.0662210974018411	0.379334792777365	0.420963258354908	0.43398770218403	0.33932089013781	0.329492533239596
0.664078868115593	0.468994764956739	0.559455046830636	0.737670793586736	1	0.850568794063815	0.724677615310399	0.490009120523386	0.549777153211395	0.471591058300996	0.341559042872852	0.353821797529513	0.450904211331717	0.579585372447403	0.547803336307891	0.693059377427756	0.312898187833729	0.0965222496849654	0.486713114156922	0.398214045012241	0.246408545460095	0.300099670312846	0.342864911647734	0.415687443746329	0.370125604628816	0.537497966724476	0.550505436413057	0.222147712687083	0.199643974041378	0.288151490726202	0.298109918348624	0.313265895835074	0.331672877141249	0.45332919247528	0.560627108037217	0.62463824727826	0.271302094857099	0.289459607392377	0.196714636001561	0.202795960967302	0.147123219397864	0.242622794793859	0.288961223374395	0.202445516423452	0.451055567416739	0.286565953181153	0.247414039970972	0.357776727889727	0.491648648556528	0.433541184689666	0.538983077298346	0.368287510891094	0.557814354593656	0.856938105425344	0.764371580171112	0.718779105894093	0.349587047374979	0.551974468312212	0.346230756729134	0.270255218300587	0.478923314746659	0.413360239437464	0.584570858216636	0.454000919199964	0.398842943546732	0.454538453820842	0.367310963022898	0.248601637750348	0.612694114368077	0.288197359515593	0.39021580260785	0.32824307186643	0.0635601927636134	0.603071834187979	0.446054733910109	0.386212806021613	0.518032889855504	0.150926461515932	-0.0859861306526188	0.267938690466391	0.319632840512016	0.395052042843139	0.0488642575433411	0.207296737948626	0.197825401836821	0.215591878066986	0.16486893978573	0.544325016011712	0.263801614157544	0.387847373145261	0.219459201583626	0.211302776906585	0.200606893980214	0.121224437502293	0.0893533329647714	0.354526247086742	0.39019017994356	0.288066767999344	0.199801500157803	0.299087133031952
0.530803801202125	0.530589384016105	0.618439679537967	0.805970686772776	0.850568794063815	1	0.898200553839243	0.455263357594288	0.551731968204394	0.497427217242124	0.345887994350237	0.349169883906705	0.441219769243899	0.481913031214735	0.487727616881102	0.71926566456255	0.172336209625462	0.0561254487350625	0.493049803202773	0.330573979438659	0.202894254457819	0.303155651678537	0.218704655500283	0.426524292125372	0.290276291217458	0.437238393098007	0.436607571853244	0.219884902604786	0.0812560834805604	0.353922059714569	0.272856437497754	0.326375906962708	0.274166330761779	0.4387874919388	0.69702149749157	0.679949072622362	0.271786044833174	0.342106099056893	0.284688945735694	0.256799138384596	0.158835081428251	0.157637249100177	0.313537413345201	0.25862832021055	0.424840693617705	0.124797076414204	0.195525849246383	0.484255752314852	0.372182174199394	0.410168321303265	0.563510138638912	0.481162655769905	0.553637030553135	0.894157793677777	0.846848302298651	0.819003101333707	0.430894741806762	0.60677420049495	0.351305555275928	0.306313717328865	0.554261551962732	0.48918903383906	0.660221098570205	0.488710512827636	0.45851296036802	0.465087775999906	0.335944491096855	0.206173903486969	0.61511259861439	0.229863155463559	0.44310009366772	0.300074911192055	0.0473618396317624	0.502865847319036	0.372965211036259	0.333324504111521	0.392028382831526	0.181532660644567	-0.0505352858307711	0.181419165453479	0.248774324786355	0.402134257400453	0.0438504602437046	0.115357936770167	0.217420499327692	0.174657797920227	0.0964516728973705	0.592891625148231	0.299647029637576	0.385871755300193	0.294689439029721	0.260242353860464	0.266604484357555	0.0478157661394153	0.113191743027196	0.437378006645351	0.464095804460184	0.337636818250914	0.207901509304998	0.39267026840063
0.482169539427322	0.581028167746157	0.64021053103986	0.883077872499515	0.724677615310399	0.898200553839243	1	0.417920516719568	0.428854639725984	0.583441709834751	0.402015141334894	0.436193333886096	0.485822299677517	0.483043886604163	0.542973075713903	0.700239855601995	0.094919727609538	-0.0168789334971708	0.48851318405135	0.176699437674544	0.221303884054539	0.357916087064998	0.163733726279495	0.378187645033853	0.184410657836581	0.34233276511964	0.304637648020776	0.329960242793642	0.167834141749853	0.349011875077633	0.1883314444553	0.383323492930734	0.214983273128417	0.411014048261583	0.788706613892206	0.639260564129608	0.309711806180604	0.37508898708967	0.369927483890837	0.370640905427875	0.210296398179816	0.122281749084085	0.329360830713667	0.302255076544532	0.355044419842346	0.00343778935227064	0.169372594778619	0.599245678342784	0.349136000146773	0.363762077498226	0.628529368076653	0.549491482133082	0.617941617691987	0.7614591401937	0.79040152319549	0.853827406015677	0.400819470003921	0.539907054587039	0.284170747920564	0.146666993810502	0.617855051573858	0.564722377999582	0.672215202121869	0.526239961120948	0.416445857525739	0.383714302250771	0.228755885186009	0.210708493601687	0.498705002601368	0.0274541647524845	0.533884701637927	0.243206125045234	-0.116332130790133	0.312800708575562	0.338592909037271	0.267476110071457	0.255533483153616	0.202414146987655	0.0631686330149284	0.0655689532738155	0.225928601037381	0.312393406024088	0.0273388120140058	0.0260822088823319	0.0926694426032118	0.0872540672588921	0.0398923190640829	0.550181335324804	0.293197816232634	0.344988683587216	0.335175877725649	0.375281091117096	0.274679424016816	-0.072662366747443	0.0298254905099996	0.503503973903181	0.436178749745254	0.442975278284337	0.214977666410364	0.399945654047939
0.391499671494126	0.436389981052236	0.271540612199977	0.514947368458232	0.490009120523386	0.455263357594288	0.417920516719568	1	0.474040438800724	0.380561629720704	0.150009055080669	0.224434131019088	0.415367392406077	0.432931692419024	0.45641185607019	0.505273837251983	0.474525224261961	0.623715688409355	0.472831540882734	0.459996271225496	0.215139394015251	0.333147611210144	0.271981485949622	-0.0815186964313863	0.463005645638917	0.323170169273063	0.0974343085000707	0.0549144846898296	0.195948523606825	0.0823774695085849	0.389356785083359	0.135176106252748	0.346484308233193	0.078062522424497	0.170660751356489	0.22009530697584	-0.0899215696790542	0.0601439200564998	-0.0717698840782793	-0.0574024155875104	0.204378081744753	0.240196943460309	0.0682659777790091	-0.0413263483390193	0.333558792244761	0.0534818504387629	0.0838792189745268	0.0729881896431887	0.295232900337523	0.317877268138654	0.361883866395417	0.394626943638389	0.257079443607655	0.452232121124795	0.349156918850763	0.493074217673449	0.428747676206908	0.52349084460831	0.322445216181679	0.171347404433632	0.335480293624107	0.071441654005918	0.386242283173658	0.429237112771857	0.156799392870596	0.0978033574667087	0.361348452255071	0.512432228412537	0.418597459792343	0.16022501825865	0.322660391947829	0.00620377301438862	-0.0642366159785935	0.411983994969094	0.29419658760834	0.18431243749106	0.0608481153027883	0.00851864847215849	-0.01883278449505	0.346285277448047	0.0359147951142855	0.269423226588621	-0.139571788752958	0.0878462319528366	0.0123767577909435	-0.0133759541699064	-0.0894213659648308	0.274962449506606	0.0252744229348815	-0.000593303629195851	0.0148818807818516	-0.138766625889028	-0.214491339748242	-0.119016818443764	-0.152214093530258	0.0732001829603923	-0.0373421219624468	0.198913492109211	0.100424161415271	0.193335817597609
0.448887001785428	0.280457397841556	0.299058666213654	0.459853344992476	0.549777153211395	0.551731968204394	0.428854639725984	0.474040438800724	1	0.357467346816273	0.260487289801771	0.247209097562259	0.255549468073208	0.224085679762992	0.288615180316624	0.419191578819882	0.178133991198603	0.0765242963417929	0.58773830011021	0.550410371064819	0.178225872892271	0.177090410077578	0.180748320413592	0.387885134644209	0.673086886689614	0.437257062446068	0.452135711131316	0.0307082891430946	0.108078332619266	0.0829186061699402	0.115938181105115	0.159119283235409	0.162941138260974	0.33255986475864	0.284473915007444	0.506373145779844	0.133890929826344	0.347312396090908	0.00563603600053219	0.124610576985268	0.0463367977205401	0.138086230403575	0.114457929266284	0.217808426924123	0.275674375698872	0.134973878665625	0.170823226493442	0.0882565756878339	0.171516266162717	0.222430336817416	0.133537500061309	0.196271926633356	0.301715925266911	0.52557380575613	0.431360716089031	0.458985517707284	0.286805279811115	0.434733590121397	0.30655108376604	0.743731953599656	0.326213800080402	0.232339508181061	0.443556436429874	0.334388215262829	0.140131671452963	0.188996426931009	0.174956727272705	0.109970095689877	0.66252754815252	0.401303258311498	0.217417130189523	0.203672219643486	0.424738289276235	0.639139610743582	0.215184939839586	0.29767579173321	0.344659884258811	0.0275538451993486	-0.107240045132059	0.161882608451152	0.232718807143163	0.12677554385155	0.0229374433119682	0.036931380945215	0.0990321592443803	0.208839757549282	0.0985688049866269	0.419653447164595	0.13427590909695	0.271092876169653	0.0609524878191125	0.0914799054189291	0.139724108252812	0.110404423891992	0.0770820426908992	0.0951468178701011	0.0539062478757548	0.15685772192573	0.0240809251989542	0.0716432187919069
0.277203613671112	0.221043985351521	0.318101840014646	0.566899574612565	0.471591058300996	0.497427217242124	0.583441709834751	0.380561629720704	0.357467346816273	1	0.759460166255412	0.802131565316578	0.509734502797799	0.362592296555992	0.595966009211203	0.344248415738139	0.230630339084983	0.00139178388333832	0.291109881411581	0.140715680128542	0.386903739766244	0.587651756935966	0.500320906191388	0.204245448499967	0.19854300703498	0.335587415528458	0.152626256572271	0.229133796748742	0.268364095998975	0.184554066885787	0.0383202784810588	0.358116911451774	0.326075624108587	0.278835341905726	0.367883136860369	0.329831870254972	0.0824394884417285	0.35290573067551	0.146659081060996	0.225147285747434	0.3683153259984	0.353650436954608	0.224546389659921	0.289345409220715	0.262034547583701	0.184843329761786	0.243635051298754	0.23328042466469	0.202419174663608	0.456677089719979	0.376981908195409	0.22238361490811	0.478177508874186	0.341438291443318	0.366178895442389	0.471631659620161	0.293228980405653	0.458302130638814	0.264124324674767	0.262899669356399	0.794659512820734	0.719569971707592	0.755015612317305	0.429825439334253	0.227784358853213	0.352971109353031	-0.0783429016346198	0.191008718132444	0.379135044913995	-0.0528685325144143	0.64647166902854	0.401684505901247	-0.137998870210089	0.210575776574	0.298673983167619	0.124382107857944	0.0878022307382849	0.0502377493849646	0.139763979988091	-0.0530834803413799	0.128723357530835	0.177239552280522	0.0425351072540734	-0.131935759269056	-0.0546876692890449	0.0175450819858105	-0.22871251453095	0.128162473770943	0.318854523606833	0.176027355557928	-0.0569224402319675	0.175772188908208	0.103131236452295	-0.0269196770271865	-0.00855265760453752	0.114591560776757	0.166361130763848	0.46390328498554	0.401985013925097	0.464922685254965
0.164778946724161	0.0637165254842706	0.287114177291231	0.342889828835455	0.341559042872852	0.345887994350237	0.402015141334894	0.150009055080669	0.260487289801771	0.759460166255412	1	0.80687631474492	0.413406513239762	0.214729036621877	0.385635353185681	0.190891936649056	0.169118737986048	-0.108861219424515	0.122816226781146	0.00986339491943344	0.400789415525636	0.41481153063621	0.485997479059767	0.189473822285015	0.0382223100515231	0.216653117265681	0.179648656070343	0.170050382923852	0.121512731805722	0.162681356570533	-0.0350281433876001	0.294015753910396	0.248704397234815	0.264368953634155	0.256489396951819	0.226872717004634	0.0688101811648579	0.291182102192887	0.0942395235743089	0.261582179598055	0.172117990882704	0.277719659525508	0.221774434058093	0.305827485328347	0.1139689871468	0.262269839448722	0.237048361402232	0.131712258421963	0.118430597242908	0.216185528693774	0.300888820865301	0.0910237785191703	0.323093844912969	0.23339129735921	0.17462006078654	0.216908743940545	0.107247226908208	0.27266268981949	0.0472940819887416	0.28271873003315	0.565033758159341	0.717270540590272	0.591856373365145	0.291993489858029	0.162326331778662	0.20477812886575	-0.174104594099433	0.0568336539762526	0.241347392223558	-0.0205768361559173	0.525390402735339	0.379256176379498	-0.146185342673395	0.0409668742942054	0.100836312140866	-0.0278382561993557	0.0979647420766488	0.0120039556773323	0.0526267907847209	-0.145786571499489	0.151635382283585	0.0852803975240429	0.142331581363677	-0.153683724594623	-0.073440307065301	0.000514758625670061	-0.374836064053679	-0.0550394474343687	0.268661857963536	0.0255297714953499	-0.199046661991616	0.194568311758757	0.178674408038123	0.0591829062258273	0.126153591679859	-0.0291706777392012	0.0869553371562907	0.233847830688349	0.144300745732006	0.224087790234937
0.258709166598793	0.181175316921981	0.338805409472475	0.424079815557012	0.353821797529513	0.349169883906705	0.436193333886096	0.224434131019088	0.247209097562259	0.802131565316578	0.80687631474492	1	0.539286266635375	0.325693965272486	0.505358879751191	0.214464762802873	0.257709452550057	-0.0418754281004704	0.273366835507079	-0.0389873234951577	0.464332736625217	0.458534371017885	0.545613131963515	0.108659006429153	0.0539107173771753	0.310906043994315	0.00379634647721984	0.13689945180129	0.190902751167554	0.112458788996906	-0.0296365560882858	0.370451442985689	0.336848801495906	0.253047046496437	0.182911741475707	0.214346855294439	-0.119704384248935	0.252171004676374	-0.0351506121681943	0.148901596226563	0.18015463173643	0.268475050745429	0.156481135446713	0.177405518744378	0.12254052885505	0.262063077109468	0.241595974985559	0.0776157685581905	0.154938325113511	0.225666671311662	0.389665210452115	0.252476803930992	0.46595867962589	0.272624201550601	0.26718247393036	0.305923880729342	0.270126970393109	0.393333751801679	0.178997525683028	0.274726784389479	0.763304444945416	0.737993382694845	0.729139205807563	0.463247720837739	0.165231251880156	0.207333453979146	-0.182669456706523	0.229776277638649	0.378797118597381	-0.0799290626888958	0.643812618244945	0.412138325961207	-0.18604651587813	0.0872834885147762	0.25434887677331	0.0674851397538161	-0.068643263728755	-0.0188357388972651	0.045747777606111	-0.0593450626249655	0.149284461728986	0.169880901116951	0.107800686202876	-0.147073985557598	-0.0802667961098042	-0.033076464860421	-0.415475319111464	-0.0627618027940165	0.399952691801098	-0.0134719258756741	-0.275239358593205	0.048578380555424	-0.0470869619797571	-0.0942620764726052	-0.0341643006146622	-0.0467336728758831	0.135336342706343	0.384670562360984	0.328528179172018	0.429182978740952
0.397161099033906	0.267049431944154	0.365346381799296	0.531863157872277	0.450904211331717	0.441219769243899	0.485822299677517	0.415367392406077	0.255549468073208	0.509734502797799	0.413406513239762	0.539286266635375	1	0.34695042744639	0.536810753076948	0.516545107636204	0.444135749484781	0.252361504852444	0.403416956950182	0.159240759594174	0.198133143863071	0.274229496311683	0.192884812535949	0.184288998284456	0.0896455689020682	0.416400768294127	0.129624478245235	0.297483428128011	0.209492861223485	0.279778361194793	0.323362732050257	0.481625720973736	0.388396701611106	0.478295904197451	0.32762489135151	0.33295508435712	0.0777592609424459	0.348189208509223	0.188761996498542	0.21899041665585	0.270502020156592	0.363749489100589	0.423681347675347	0.346998131514707	0.408467972048339	0.0382833565325595	0.304668232576146	0.254669200195881	0.226647381468818	0.310607640493297	0.447280310111274	0.228693372280426	0.486787631455429	0.34316228790768	0.344895009716357	0.523319563713539	0.314960973108942	0.363217244203324	0.185367622894131	0.0815785704039431	0.512412812186938	0.425557556589677	0.527540364973556	0.639059325235133	0.3095892016535	0.212675317363259	0.197083481191577	0.49619299020739	0.361870273928385	-0.106847251069729	0.51687266145443	0.112718931329733	-0.254486449022618	0.208040960090227	0.19030966259933	0.198781539463691	0.103421844860507	0.0976114920384645	0.0455189996647127	0.0923387224874601	0.151055615430056	0.261836713189088	0.226126334942701	0.0953510987711608	0.148914874643206	0.0684602903276086	-0.0592199798049081	0.183968317306139	0.0944757044705425	0.207087526565497	0.0423906203966449	0.175490074119502	0.159775516230148	-0.196616639908214	-0.169868679068122	0.148406988201047	0.335279350607813	0.462118677786653	0.351492067957517	0.202901733118752
0.658137871323075	0.539957775590381	0.457495311911917	0.644132640643081	0.579585372447403	0.481913031214735	0.483043886604163	0.432931692419024	0.224085679762992	0.362592296555992	0.214729036621877	0.325693965272486	0.34695042744639	1	0.562566882755527	0.575953193711578	0.285744661154237	0.176742065957798	0.324883082449827	0.288294140597906	0.257299768628417	0.197706305188882	0.314038983684534	-0.0368896472674004	0.237333417234013	0.342581485462493	0.191040062911827	0.20304102923201	0.23709072685567	0.313790006935888	0.447932013556842	0.428501110645065	0.485714036367741	0.358936159340524	0.296412769128279	0.315734185262105	0.0483484851658925	0.11914298427414	0.0241967540732228	0.0261205185978416	0.0905813396107864	0.27094889642042	0.190956536677961	0.0386413109042162	0.417461206268569	0.134722811516217	0.244248356800977	0.0292965228554671	0.255143632471664	0.143125243989099	0.607388635553655	0.410229668143745	0.450575007579701	0.536138668906411	0.406446103428362	0.545710383904901	0.392662154410875	0.437509659584888	0.344997806090435	0.0247499378772085	0.344358700095871	0.316154606148005	0.425115897878826	0.380012668391637	0.516105608828304	0.250232027856132	0.452282656720805	0.328062486827735	0.362182242782128	0.213671643501837	0.266272050014526	0.256647429065573	-0.221419964504169	0.308554631367945	0.421017882887895	0.338573847058354	0.279950468684874	0.169703635551369	0.170390529286206	0.426482064217165	0.322070124674518	0.422600898047997	0.142557570129326	0.398141489281093	0.279463752395601	0.240883867314949	-0.102961915174074	0.335911843868743	0.0692503499549466	0.226751071722116	0.0297713703479432	0.0533796710607819	0.0596615468862639	-0.0345925927880307	-0.0494244123019647	0.0171779961727756	0.364137213247422	0.236699603671547	0.224463046790222	0.17561982470741
0.505533569600281	0.326594200566161	0.207455646142853	0.705470816033877	0.547803336307891	0.487727616881101	0.542973075713903	0.45641185607019	0.288615180316624	0.595966009211203	0.385635353185681	0.505358879751191	0.536810753076948	0.562566882755527	1	0.477830688129923	0.363410100811406	0.114817572912845	0.394668273645174	0.112528262159403	0.258627318297169	0.518518595106302	0.43046718028877	0.0613862501352665	0.213504094519104	0.46027284826467	0.165524146718213	0.23785802777953	0.411018874061436	-0.00527762416164908	0.0327507679602713	0.257782792470212	0.258490361039819	0.315592166895384	0.321298764382747	0.389327625492214	-0.019946447951902	0.115387691998447	0.141532891667744	0.129181495554313	0.402646060284493	0.323028065844349	0.138017612187203	0.259154322881922	0.343197280796082	0.12559987804375	0.206134104050426	0.177004853977724	0.280456767162661	0.329150195175229	0.560311636163085	0.30115224769548	0.681249564009144	0.432330037666598	0.444174945540383	0.637100427415373	0.338435944490487	0.457942436751926	0.307844472400506	0.0430911117150732	0.579504198702431	0.442566302666978	0.549723328700818	0.492421877471882	0.0761108200000668	0.282739436416329	0.0457676445052005	0.439634605928707	0.433093173659763	-0.145172910269428	0.595839073764154	0.133168998060762	-0.141858229022536	0.358814893818828	0.46162963895577	0.244259477741456	0.158509710775846	0.0525005730579085	0.205539232856381	0.102847447728584	0.0131546306717928	0.146118199256915	-0.0667917773300013	-0.00868558259322216	-0.141243069350261	-0.068937847128337	-0.0587398474894176	0.269149665680624	0.389317648780077	0.104283118017576	-0.0153760875818185	0.145608819663895	0.153820126544192	-0.192254914430796	-0.166873359428857	0.185490967313692	0.29787641931474	0.470438980233393	0.322300075248864	0.355634330687576
0.610801772815844	0.544493641535643	0.497931275902178	0.822178008134909	0.693059377427755	0.71926566456255	0.700239855601995	0.505273837251983	0.419191578819882	0.344248415738139	0.190891936649056	0.214464762802873	0.516545107636204	0.575953193711578	0.477830688129923	1	0.429537419243181	0.307381210140218	0.608197299291192	0.525503214331975	0.337475929680485	0.276703583040952	0.231594098449852	0.36805202794811	0.262457293094784	0.585984217507326	0.472595322912245	0.304845354368387	0.24944104336663	0.34136659151694	0.632074734676173	0.522400382437884	0.452109365047409	0.60015070159431	0.66928228645782	0.772213785301811	0.338593496276882	0.323658208776475	0.35590644248595	0.229464874026459	0.219042494528899	0.289988832261321	0.510232047270474	0.289066023016823	0.667229281808743	0.096995571288589	0.263008365448387	0.407999749023181	0.356642074009501	0.435018967971456	0.515655377954227	0.376929830588036	0.571895163321091	0.705112217597692	0.65929361498454	0.784939114133866	0.54582137422408	0.524291545634135	0.274592621725028	0.0247918469243086	0.429689766582135	0.372028108693024	0.493939819349359	0.600856405410514	0.383219268898016	0.358624553720303	0.592711256978218	0.521663349950939	0.521565937526965	0.262368595463508	0.536187062949121	0.187198925659047	-0.183145162710905	0.43638871275166	0.443006050721672	0.494828381312406	0.426213766318974	0.125760929957523	-0.0105419325731601	0.447424847721305	0.325984081523649	0.487762415013081	0.0954014199751804	0.395795273516435	0.33639680843559	0.218552660979939	0.167873406086554	0.706121274521141	0.152250808482278	0.445480708727674	0.321167698816147	0.224174590671342	0.275900729352152	-0.0853805147981351	-0.0550075052736341	0.388044908137479	0.480721076662194	0.358855346802319	0.311106080733396	0.130133866525621
0.321076434470046	0.0652144398754094	0.0958440618649823	0.270719004064548	0.312898187833729	0.172336209625462	0.094919727609538	0.474525224261961	0.178133991198603	0.230630339084983	0.169118737986048	0.257709452550057	0.444135749484781	0.285744661154237	0.363410100811406	0.429537419243181	1	0.637914808666406	0.293677743806905	0.368262683209265	0.63456852560074	0.413110442916814	0.531335201368855	0.0233414327422509	0.255793303438383	0.70318971840032	0.260911217304463	0.0316368277852194	0.117039166617657	0.168183520298886	0.484827406757651	0.452513317795735	0.678690201840398	0.368280897461094	-0.00565534044529626	0.202685767093221	-0.0582572470240464	0.0525190943610978	-0.151284157575155	-0.181233350880497	0.217056172070309	0.358410043442075	0.235121103462165	0.0549803466185569	0.466723597200022	0.361994075250918	0.336896359454991	-0.152707906333314	0.146642643999292	0.403010676973138	0.0861087564324978	0.0726627420545201	0.132744700621835	0.206840790499535	0.134323203515964	0.186080010079252	0.331736407015056	0.236483836542604	0.0576152507401085	-0.0202109877646169	0.251886344889395	0.158728847715737	0.296265138088676	0.44581514113601	0.179163467544693	0.122655197781675	0.295072094452295	0.613678063208721	0.264820189749788	0.111358562130101	0.401511214830153	0.354625677926493	-0.298966923775561	0.398022921762611	0.585045020301777	0.448901690107309	0.277517642697622	0.0103860914408257	-0.0256590791791138	0.523012852962503	0.379393737913285	0.499489749354116	0.020971098699663	0.317991695987303	0.189417290900983	0.207477930711476	-0.21501947280941	0.0432803484615557	0.256453921220901	0.0499743128292203	-0.21032574627447	-0.165473961647074	-0.0477538209047852	0.0797072574524864	0.0843001851886981	-0.133996916380284	0.0950769079126175	0.258804493519447	0.181582957695872	0.24042563537676
0.12307694963253	0.144484598795114	0.0113749936859848	0.105886547144531	0.0965222496849654	0.0561254487350625	-0.0168789334971708	0.623715688409355	0.0765242963417929	0.00139178388333832	-0.108861219424515	-0.0418754281004704	0.252361504852444	0.176742065957798	0.114817572912845	0.307381210140218	0.637914808666406	1	0.288295620935338	0.380589195695365	0.259586607683745	0.115207280328037	0.186851010423377	-0.24583938853642	0.230423118042396	0.357318096237315	0.0584594385544794	-0.085579587257198	0.0408665202840282	0.0552570844063336	0.58906839492787	0.159530693571311	0.415368647419028	0.0768278649398538	-0.0958755457713054	0.0141670011944712	-0.0613728331383262	-0.0173449203530269	-0.167951587825146	-0.257177941664614	0.0881768254498361	0.228515590597822	0.151687890151256	-0.0772294069074078	0.314860745022133	0.0843494626167374	0.134930035276294	-0.160501523973574	0.0393537247059167	0.156107606831654	0.108864002094856	0.130396414125124	-0.0571947415647272	0.111698156577999	0.0105694229621097	0.0868737604498297	0.210963171568153	0.0645581495671968	-0.048103029652317	-0.130242802134574	0.0104650913126435	-0.180301877203344	0.0241102044851271	0.242430089812481	0.0757836351631322	-0.0693146209643491	0.401602076409876	0.569181774304563	0.048352109202627	0.067843707561723	0.147996202768485	0.047222225483417	-0.216797901679334	0.236042095361482	0.271684854480708	0.250546751570269	0.126406223058931	-0.0622965439645306	-0.0807763801067052	0.513136209275815	0.0878543037092424	0.292818234981023	-0.115769186170216	0.23368402732128	0.0826734840135111	0.0973067548616215	-0.215330136405995	-0.0542684259387645	-0.0731004761090299	-0.111386674071561	-0.154474096453975	-0.26364050097315	-0.151922399208117	-0.0240518752809965	-0.130622950841137	-0.154482168482795	-0.14199951139513	0.0420991827558968	-0.0129593979739305	0.0366673843152083
0.510661986277921	0.287993710283543	0.308411141822272	0.60958010160925	0.486713114156922	0.493049803202773	0.48851318405135	0.472831540882734	0.58773830011021	0.291109881411581	0.122816226781146	0.273366835507079	0.403416956950182	0.324883082449827	0.394668273645174	0.608197299291192	0.293677743806905	0.288295620935338	1	0.292378382422166	0.181174694591239	0.161238756436574	0.123577887690486	0.258330812036325	0.258051167798762	0.487879627848118	0.261251263766912	0.0610448434138755	0.117875084271353	-0.0472416750360211	0.195447620872103	0.202909339720786	0.251814131558035	0.305907848037124	0.315722813255721	0.58983751673621	0.109542438149176	0.104358238907522	0.0211587008862891	0.0862294218113373	-0.0616341968800626	-0.0294904154390123	0.0596011127602775	0.0267679351795513	0.173446890500804	-0.074678168762961	0.00790568095885818	0.118592314242211	0.13529626472007	0.101500884019351	0.424954070364311	0.462021211976906	0.56664152122652	0.49266725446667	0.434098552650943	0.561128424575754	0.375203870003634	0.28897195561456	0.0658784963960065	0.243272454419463	0.436086427975702	0.265599363816789	0.420106152462434	0.380379556240781	0.00710142874763109	0.00634896162640885	0.126274395974875	0.322322098698587	0.669628909802159	0.0260138412607086	0.440483727666314	0.0918017029701198	0.0947315737222775	0.353520826937269	0.270554823915064	0.388990401605169	0.182248084903373	-0.141394551130337	-0.221107124585523	0.123862050234605	0.192523872662647	0.0908108189231132	-0.184583142500276	-0.0296926399149057	-0.0329035622318091	0.0971278085446577	0.0246855539289414	0.366045187274908	0.143760985529614	0.163856769020697	0.00644059970658041	0.035312840295937	-0.0129325594054383	-0.254489672481347	-0.352542520961779	0.0984445318983783	0.106081910404904	0.16446830585323	0.0829486030640069	0.161518545585228
0.311965251991914	0.187838953624005	0.203752355953822	0.272784091412974	0.398214045012241	0.330573979438659	0.176699437674544	0.459996271225496	0.550410371064819	0.140715680128542	0.00986339491943344	-0.0389873234951577	0.159240759594174	0.288294140597906	0.112528262159403	0.525503214331975	0.368262683209265	0.380589195695365	0.292378382422166	1	0.266562156230779	0.189389200865908	0.219064662826708	0.272831490533705	0.658155721418804	0.48584295461732	0.505110143632534	0.147808766377044	0.147337960088243	0.373779593445637	0.61613588250571	0.307869084931455	0.392540277793847	0.442773211935929	0.284601191387644	0.43380157209583	0.263940316706692	0.475129508836349	0.126889033303328	0.0846463520461618	0.0924993905780686	0.34503061292726	0.42094973971988	0.261624692148882	0.579120282007751	0.251814024117446	0.4061690018419	0.0596679059924652	0.174215944570482	0.257095157187342	-0.0518615406917851	-0.0499007468221199	0.0376495140978883	0.314471188796847	0.20857978750162	0.233538407084731	0.258827223206282	0.363499535953222	0.264128981068319	0.361947006829111	0.0339292113334071	0.0362608247564076	0.165051998279708	0.240339833194557	0.362667144151667	0.10522410931396	0.605150575465901	0.27641973794755	0.335931084321469	0.625410084800795	0.0582074515123709	0.143460440979393	0.221947024701528	0.536772867787169	0.308323818010796	0.327182781311442	0.427281122776914	0.224151626827327	-0.0264139999816965	0.570916121136869	0.320338500205185	0.336143699271498	0.228453237616431	0.443152826971801	0.369793188388595	0.321849030925695	0.210281415435662	0.463012380783219	-0.157147358797624	0.415874382532583	0.181221209787496	0.0734837262717337	0.166071812943382	0.313694080965753	0.100409070259593	0.0629909112193241	0.114135139216768	0.128726271829016	0.000345973296296459	-0.109795651911476
0.225307692170293	0.0638009150624726	0.28321291491493	0.278774734032398	0.246408545460095	0.202894254457819	0.221303884054539	0.215139394015251	0.178225872892271	0.386903739766244	0.400789415525636	0.464332736625217	0.198133143863071	0.257299768628417	0.258627318297169	0.337475929680485	0.63456852560074	0.259586607683745	0.181174694591239	0.266562156230779	1	0.437004351098478	0.588170321097891	0.154635594131163	0.280672209830925	0.637677338931001	0.285871164669868	0.129041551687802	0.0818734558754268	0.299569243266195	0.306279714271345	0.606637737121622	0.630971618158139	0.422475581063729	0.171572041863252	0.254619336452594	0.0304255369924292	0.211984765922089	-0.0647781623882459	-0.0111753783005991	0.148210171796154	0.320708771418495	0.278548297457476	0.123471020846592	0.388845538768795	0.402088979119673	0.491352936141149	-0.0674243741458398	0.0457579332480077	0.449606340920869	0.0527956240135216	0.07839633296489	0.109142675078181	0.223783555540778	0.185087737490292	0.124904354377871	0.254999384124489	0.273419268708013	0.066748469677859	0.0823493061873915	0.353390005207878	0.434766459921198	0.439171441685613	0.305002544142882	0.195680789080494	0.259107932364514	0.114887199399971	0.293761616508632	0.257489090227321	0.216716781199429	0.516919109873138	0.552153691574251	-0.19309396943772	0.250052575491288	0.588306996988553	0.338048258551475	0.243900689480401	0.145575128816976	0.052491558640043	0.376544510362637	0.495187549487139	0.481749762330923	0.057952390925515	0.253765775103698	0.143787510568436	0.194931607919172	-0.280379534392899	0.065243129462585	0.486616074273881	0.149948150537256	-0.226647195526102	-0.0191366239960364	0.0141691301030943	0.241857047791769	0.361052941902568	-0.0882907383033979	0.159556919754005	0.267826381984469	0.101848711696535	0.365549178837215
0.192070921072199	0.114373042109152	0.159243833915025	0.386499522828112	0.300099670312846	0.303155651678537	0.357916087064998	0.333147611210144	0.177090410077578	0.587651756935966	0.41481153063621	0.458534371017885	0.274229496311683	0.197706305188882	0.518518595106302	0.276703583040952	0.413110442916814	0.115207280328037	0.161238756436574	0.189389200865908	0.437004351098478	1	0.615496963322643	0.193075451596253	0.255173410042278	0.418801942462217	0.195155417046162	0.314663052300129	0.356044570672098	0.0802831865215085	0.0320659420929797	0.217655024939664	0.413990497853144	0.151396297715315	0.24188692006718	0.286191411325818	0.0335432876993146	0.131089939118375	0.176298676285733	0.190029165266549	0.48329218676572	0.311661757029276	0.116660954606605	0.282394354382021	0.30238636973733	0.373742716861589	0.222521049429563	0.215693407937633	0.3489656340143	0.487925673520212	0.11145930375941	0.0759855531156085	0.350673513036852	0.220810440594839	0.323087399375826	0.29766101854015	0.315238323863481	0.296889238787869	0.0723963811960286	0.0229509339704542	0.455388070597415	0.398430414157964	0.453924726392307	0.325409961540986	0.0851176579398732	0.347391442713042	-0.070518809240198	0.300085232841912	0.199019915378114	-0.0606547419773775	0.490684438951007	0.313889782369174	-0.153855384943662	0.331526140492646	0.402063821015755	0.242212399358183	0.147762231807539	0.22959180520244	0.267984694646266	0.02553141162729	0.0156658994799376	0.258780464871274	0.0921116063711769	-0.114024980277099	-0.0861314903982398	-0.0708168901707412	-0.10858239371017	0.128953944902646	0.461806139428006	0.0923336623657875	0.0196452124089205	0.166778407551553	0.158527156830654	0.15796981847234	0.131871997075741	0.147386117009063	0.156671092115532	0.570004517966244	0.261837476334866	0.416040096089687
