1	0.77831969309323	0.811908496894597	0.713341102448288	0.697040238531671	0.690281068862829	0.770544180212738	0.375802639498565	0.618600580220348	0.585078745530556	0.208741082363428	0.434084031458451	0.39220068257243	0.730108652445018	0.621820076726053	0.674287569798759	0.385368131189915	0.340037177386895	0.334740506843629	0.507016639341377	0.480599130557947	0.420836238393399	0.223639851708665	0.354228620918885	0.548303527649031	0.24945362589517	0.496462844042102	0.202458806286398	0.141905355980714	0.53018450887026	0.544386073600972	0.434950098792327	0.300256707502037	0.54849358165739	0.688076060746511	0.602367088617635	0.407460371344548	0.294696936075275	0.384267471138754	0.277626986428951	0.46430961130233	0.531861264676006	0.471672663436847	0.479384019619149	0.440239943540812	0.506734540876454	0.536851642878865	0.414616244815384	0.172378672763171	0.537333778227318	0.721073133294118	0.674056330528158	0.624495570843027	0.790580607641086	0.384647091563881	0.754819020200107	0.442704851728441	0.431981002728599	0.446886709950691	0.604875937058612	0.501907292470459	0.225318789820375	0.328174553965518	0.263464108294568	0.661861340499087	0.556607494292505	0.719362360605022	0.398483242398115	0.453354038593928	0.451378285630615	0.319039433844107	0.401104132726723	0.31487870862083	0.382888707882576	0.417135109325016	0.340484222344125	0.410567982658624	0.37993780424266	0.15991843268325	0.466215279408907	0.417780261570109	0.489790775766873	0.547588979183217	0.406651398762769	0.587432046088429	0.393297881803586	0.100796545913808	0.64226688404649	0.405641625235298	0.443559249423303	0.340885797508748	0.308063496246001	0.526032459588523	0.545074706014351	0.377910700505036	0.370870984177006	0.458424647523689	0.573695889343205	0.508544436848937	0.401041166720826
0.77831969309323	1	0.849056193012319	0.804850826679859	0.603745195765051	0.640472399317301	0.721239957939517	0.482798133220517	0.689710927322337	0.611361263212941	0.299599146882618	0.515265968339592	0.475589830457265	0.698431910308684	0.624160498118563	0.767251600839616	0.40174088539818	0.320661125208689	0.518859639294197	0.54636808773604	0.48191034986183	0.45934356203429	0.179066041435033	0.433789157389758	0.491458705873462	0.19915694539673	0.354929488007261	0.181031467445387	0.084512226249158	0.53859880845047	0.616443960701817	0.437399011376686	0.298078700143792	0.586739933827631	0.626908384041333	0.688912709900961	0.454191106303721	0.304871645254289	0.431046158500462	0.226253358248787	0.368987860268126	0.432759829180507	0.529266365109005	0.343710845220324	0.504554658009416	0.352846495122141	0.59231164146248	0.452937869045959	0.355368459017116	0.56446988481265	0.76706858524556	0.782330069376156	0.699741158106594	0.813419713821574	0.389642011869342	0.783069621139101	0.563180279510815	0.639067639344499	0.588200006718448	0.604510778898558	0.619392542347567	0.410461976882587	0.507471930041392	0.419479590221437	0.611182300267736	0.504864740611129	0.801212612812023	0.547111284645725	0.668428429217606	0.494997420690665	0.420828864620614	0.29281707924833	0.275000998772132	0.295962088119564	0.52208881896998	0.222738407344208	0.253575423624478	0.300962215350307	0.0681801668409831	0.509502704220344	0.260574579325355	0.420953873388832	0.494841420423596	0.386249713963472	0.507291956427	0.215760035215453	0.143941298312413	0.659178667415575	0.343171764910669	0.398864245118968	0.349659539241455	0.197385172858987	0.383616009740368	0.368495309668051	0.349870406426453	0.439437151591174	0.378583261780723	0.523262468372886	0.439400055150763	0.366589827251152
0.811908496894597	0.849056193012319	1	0.812676391640786	0.781556099532163	0.808854201936309	0.852612032011775	0.406207782361972	0.618041202970553	0.57021166614851	0.232910081501681	0.431435653538236	0.363397900915197	0.687283411593622	0.637247123973745	0.711528355869523	0.350616766376292	0.306601811498156	0.394680614022861	0.486698522420976	0.366650545719293	0.405944281002372	0.131255080988869	0.385164552008284	0.481200494623731	0.169646403891476	0.314668908913997	0.181495580529715	0.113789468054541	0.514899034848575	0.570752095826125	0.483395866510072	0.283622558476017	0.514002612814374	0.735131125943604	0.602298028116119	0.480417448544457	0.274983891381829	0.501103159550352	0.235416082946029	0.469186853806555	0.514074173472439	0.533598708998868	0.383749794235261	0.494298535998668	0.412217087586467	0.607108802273629	0.536551633414012	0.383950555252965	0.52331890366189	0.830719109782827	0.782075703196585	0.708293445026829	0.909279836376209	0.52159831834037	0.853732181811622	0.475332056248361	0.540963963746413	0.493200303859711	0.602937485596442	0.57721235605096	0.314484289451524	0.384182440301825	0.385987884609347	0.658678087905678	0.555453884851795	0.726898301420014	0.456241075280759	0.527532085515842	0.454941582218726	0.365539558268043	0.346904145606872	0.290278909634759	0.308577748206421	0.495208431616156	0.24855528251034	0.255631680018796	0.26172461829714	0.177251966274281	0.444088977530488	0.264050665221782	0.444999649694662	0.562934282885919	0.433796323406222	0.531024420819916	0.246617489212907	0.179458887701414	0.691152877048385	0.365698734815136	0.415851255490407	0.453318807030685	0.211872732867145	0.401964929085495	0.43296218495693	0.365483690876008	0.479728329637407	0.467254452487997	0.615728908128959	0.543566038343826	0.384334148872296
0.713341102448288	0.804850826679859	0.812676391640786	1	0.618539266728412	0.717668597451302	0.874772539709077	0.338877101037363	0.729695238371082	0.573910011257719	0.332802184067944	0.455644307816361	0.318175193095592	0.642129135912704	0.726432645853941	0.734354660590996	0.278895054746064	0.182721490216765	0.566159120229203	0.40650947762632	0.4333532133803	0.482738960036573	0.248134604804772	0.474675314872019	0.484714627236345	0.303264161013976	0.353521802230198	0.31017375998804	0.119715201689294	0.486393487865621	0.500032068670456	0.352567381095915	0.136116523162521	0.509456536023337	0.770598665627217	0.665088255157979	0.466824456342111	0.306523554555195	0.575525574705961	0.335186072426116	0.428754000802562	0.441589122095968	0.579988498940988	0.459391979080229	0.390002019803906	0.412036267077102	0.58892497607815	0.56647351896741	0.36403981294912	0.516922515317037	0.7492207131819	0.707296877449444	0.818023171768043	0.82603811344373	0.536672987103453	0.910176998119202	0.461047617185234	0.554261004114505	0.467376989644851	0.59565385622656	0.559058584376972	0.476343404722074	0.418023813867868	0.366155508681257	0.638289609654641	0.647847671235571	0.742520769470118	0.449321669609757	0.620607433540322	0.39418833358252	0.40150553126272	0.380426764602684	0.226911978756938	0.348460044081697	0.414339875719941	0.258605213468677	0.352890262108818	0.283674245441234	0.243989994411233	0.348035028228391	0.302627945495282	0.402001403743678	0.490241183811074	0.400105474834258	0.488496253295515	0.274986645501388	0.195615515221103	0.77369550373765	0.473716433961476	0.403054833500297	0.526074669225669	0.278645002361641	0.444045516843184	0.42673840341929	0.424499550069778	0.601973867300736	0.488101912702079	0.524948906950886	0.394663917101685	0.442897586833438
0.697040238531671	0.603745195765051	0.781556099532163	0.618539266728412	1	0.865934149639393	0.74145318554956	0.421260681324041	0.467967488418632	0.402259268541671	0.0774663079924657	0.377555421841489	0.410893287118602	0.536302497608797	0.538114514284086	0.538634018373118	0.346765391897887	0.219522840519353	0.260704550325256	0.445083179057962	0.275760668167212	0.213396664977643	0.180223854251006	0.296570707655767	0.50077066475659	0.0928261499687219	0.294200850817731	0.215223355549957	0.0987317499682949	0.407087496324313	0.420456437431499	0.415288608073372	0.471525504744788	0.316927838597624	0.616625356925847	0.385932109237103	0.330467500142003	0.107269096058674	0.377658393549682	0.159162040995427	0.43421597347946	0.355779109436594	0.365291540660048	0.326914654729139	0.410262827593923	0.391696009639429	0.464334807745633	0.447587582842887	0.433227519822361	0.373736081522783	0.72070154583293	0.563361058784175	0.518805631908613	0.766415238172761	0.658960567064177	0.741535094125204	0.437075312195042	0.401289817086715	0.306539291273677	0.465148636515039	0.456395732122267	0.263530719323737	0.31324750080276	0.345029936232954	0.675027097282972	0.419153467053416	0.575991016844098	0.372701775121012	0.344816765285714	0.436559891833519	0.284615506303235	0.333308236334799	0.325593923851934	0.33265954967633	0.365604118330237	0.238801445121005	0.272445083193391	0.239230166050032	0.0802495371316577	0.337324670696278	0.284360363019975	0.475538086069888	0.400420796783189	0.354457919144252	0.498325925302395	0.196405842763444	0.231617956928836	0.596047618513522	0.243199347844774	0.361311359667053	0.355236715599282	0.154887963518519	0.308195541711345	0.2947546956783	0.201940501821477	0.427054768349228	0.377215085110511	0.527747185280375	0.434447109433191	0.354825519743876
0.690281068862829	0.640472399317301	0.808854201936309	0.717668597451302	0.865934149639393	1	0.825848165619067	0.500312936429781	0.55284959028051	0.497475731531413	0.209587082973337	0.46903187096294	0.397150894028302	0.55441967238627	0.665906854709363	0.615811916085744	0.395765910913785	0.300687632912962	0.387037764643928	0.560682900237307	0.376092178463819	0.391520004301333	0.219335747317657	0.405141172299348	0.502327603546972	0.231914861919996	0.416317369621449	0.311421249601728	0.135374922348847	0.485564537569827	0.422291326213902	0.448608628414137	0.348546291920951	0.406100518334797	0.693499213509033	0.464288043182909	0.434950502566569	0.198219386891764	0.483970135475902	0.274216788328611	0.505465694922848	0.42903258075419	0.469707481597476	0.452258096600949	0.371684219480185	0.461928684109569	0.570642374503387	0.601035867071686	0.370713963872294	0.44630734532047	0.737730415973972	0.514516721874644	0.593884233374401	0.815021726258641	0.715010221743564	0.789683823793146	0.455121443345816	0.482251548964988	0.437792339126293	0.551413878728024	0.521014371861106	0.347183183422527	0.338765603977302	0.337747738704523	0.654325330673894	0.543135860591974	0.634942723402736	0.433714697750443	0.43686764083196	0.515395580200862	0.363216730491834	0.378782699447575	0.343579209366923	0.464756750966804	0.322099953311573	0.247641409350825	0.398010710083678	0.243281373379995	0.216689858226516	0.328632056986024	0.34726060032013	0.434802526604114	0.423664431021151	0.382458364556868	0.494869976291645	0.225568849014187	0.274111090521995	0.677535780828576	0.273331865037436	0.349822598214204	0.482759672747182	0.273452717586827	0.405407595024812	0.350637207300115	0.298828152331084	0.578465844405418	0.405548583767982	0.523071576528777	0.45909076350515	0.347149182241515
0.770544180212738	0.721239957939517	0.852612032011775	0.874772539709077	0.74145318554956	0.825848165619067	1	0.332700543660901	0.645727167470719	0.535006056758358	0.253696530745614	0.428242285256052	0.312490684560366	0.60686651378424	0.707449613481173	0.694758666809657	0.312625283339404	0.248297801676639	0.413746268777956	0.399561826638466	0.399632104718182	0.424602892192031	0.223978238937935	0.457487699315598	0.448139289680765	0.27551442104084	0.389518261384636	0.329562876091195	0.181687189262228	0.548944208923893	0.468609321315341	0.322841312870814	0.175857650829472	0.447005842864993	0.868590396838212	0.615493052343385	0.494787534844587	0.266943233286406	0.611058956260462	0.368743551862968	0.517517583761456	0.540317478975976	0.568652710935238	0.511982970670856	0.342413978352719	0.500855696896373	0.557794078297185	0.630613872139024	0.354011871856688	0.539086316923001	0.724860074362669	0.660824281664837	0.721866508525833	0.853619114653503	0.611905067249403	0.910784248218757	0.416531555019347	0.485929394505084	0.436984220218878	0.607036058981903	0.549133258119272	0.315799182528897	0.389610226963533	0.354139746307267	0.674466508536192	0.68004123357954	0.697125136414551	0.373459980659092	0.502080188699998	0.414041942251943	0.36098019900289	0.452367250535678	0.263330931024609	0.374437894848921	0.379971943677454	0.289904190557337	0.366889332161092	0.394806758168012	0.349296064066048	0.324088075389667	0.324597305746639	0.350722814399891	0.581597759077986	0.45601902897286	0.459429550677219	0.362934352036795	0.21653636161913	0.773781293451373	0.483579443123798	0.339057263956602	0.602146236653955	0.366167430741799	0.513295675946297	0.518399534236696	0.397891692705596	0.63635750217786	0.493340418683799	0.636870129939111	0.536224857955548	0.490665122306005
0.375802639498565	0.482798133220517	0.406207782361972	0.338877101037363	0.421260681324041	0.500312936429781	0.332700543660901	1	0.472209812033423	0.501222839324155	0.197460105828929	0.522276973639659	0.572711633354428	0.498482082185963	0.425082388423864	0.57546724553054	0.687593973905677	0.622134772795218	0.604198098737033	0.774117650925337	0.543338256209428	0.358247825820093	0.361322730306869	0.209589031345661	0.533581766343083	0.0858569650923377	0.380959105229648	0.14596007788928	-0.0669984764442146	0.331107177056447	0.381395602556713	0.456480364578274	0.540334805909278	0.292770714258488	0.261295198207117	0.366199730055455	0.185260714025808	0.223777526819205	0.177292094879962	0.0905236817412334	0.227747992903629	0.244041817653914	0.222134052551107	0.139885463727976	0.363538858414433	0.405040202767984	0.390683537486865	0.293278635290274	0.358971290519399	0.420279788034366	0.429684384218468	0.279923173879026	0.372143326746194	0.413339578670889	0.352426293510482	0.388928687904394	0.607246827709043	0.598428096981977	0.576597980386196	0.413036809723523	0.488525445595758	0.400257466801601	0.434543800767041	0.407646299278697	0.431759360571332	0.34548443563163	0.504585112922774	0.44871389957878	0.54510601145117	0.639222589062064	0.57818655118102	0.266349391607143	0.294046868903383	0.442095228871673	0.307921135842506	0.208169065300226	0.29149277835434	0.190194668263384	-0.0500498989993343	0.277095160284169	0.289712847228554	0.379855508588169	0.168711077363085	0.158775764889503	0.342869627804162	0.133361125947009	0.187397829232337	0.354924846559263	0.112393282076002	0.261466819593395	0.221249135656598	0.114018487908472	0.185929393713679	0.234033220259941	0.0929677647349261	0.299409845809326	0.158439680879397	0.236133632501822	0.267035286663764	0.331989321838539
0.618600580220348	0.689710927322337	0.618041202970553	0.729695238371082	0.467967488418632	0.55284959028051	0.645727167470719	0.472209812033423	1	0.674579909656073	0.394117888212775	0.506518761169276	0.338795165182375	0.579765320834822	0.577938769506163	0.598462077768606	0.346521969724806	0.290730657979108	0.689236216797044	0.5824740160517	0.532157131152349	0.517075779155475	0.338079904927237	0.603895796560189	0.583152324696537	0.484557606616152	0.596072721224674	0.28064698281511	-0.119135057682569	0.560448460964391	0.406197429525025	0.311346660792557	0.0833916983118777	0.656020885926222	0.52239583602334	0.663912965032485	0.496303433113279	0.448378465342207	0.455588194456623	0.499805964982137	0.395363870776483	0.543756975064594	0.471681474923423	0.479390614114966	0.362252266543051	0.538209188780146	0.539900666427214	0.450523035483452	0.20498379476497	0.491784917127673	0.582277152542837	0.521218916130743	0.625081298272778	0.649267117885005	0.309022771664327	0.643930570629872	0.443390173238744	0.629765111763683	0.586799803684065	0.74316982606128	0.622415401942833	0.461326949322519	0.420622810053163	0.304673550462249	0.55938376261835	0.604703421857072	0.640238709610429	0.513605093843068	0.692091885675305	0.448089793746927	0.52376219465705	0.437584972681719	0.382135663901071	0.479222442373159	0.427636252203613	0.35584087470417	0.529873381909247	0.408972813181252	0.0844414430382602	0.365258746597218	0.23438503311861	0.355468543782032	0.398741260323849	0.36680970261538	0.445086246057086	0.391575136819516	0.217249030304707	0.625537821519115	0.516805651354606	0.468839537372536	0.426271520644082	0.457475650421169	0.483310183452544	0.472266796588551	0.282395758424925	0.443149792717918	0.404845352356083	0.477615784977914	0.391177138064068	0.517813301567594
0.585078745530556	0.611361263212941	0.57021166614851	0.573910011257719	0.402259268541671	0.497475731531413	0.535006056758358	0.501222839324155	0.674579909656073	1	0.530093684879838	0.721345026787167	0.430934071747934	0.618335093235165	0.482939157438459	0.476948096713651	0.325512685528651	0.159349419244126	0.454648780663007	0.539348634909709	0.606365598053462	0.683196856726614	0.434472430141456	0.224810677636124	0.573765616050319	0.360133552800545	0.599605450033612	0.224967158347328	0.0636757193321306	0.574293005367821	0.297646790771041	0.483231848625831	0.161975573604709	0.552651799460297	0.475812481417817	0.440600690868684	0.233594570799492	0.472969652466388	0.287417898901687	0.370697039265836	0.410160387856311	0.651302611868563	0.486565480817154	0.489043049379704	0.371868402246663	0.527573894020154	0.624168904237354	0.336620719353061	0.219239190092668	0.761845002811945	0.562790136056269	0.547194966611778	0.530443796071541	0.591331044694455	0.308824594031059	0.516822562303042	0.338639626507894	0.466692169395435	0.463150401941954	0.499939524522052	0.782990949003942	0.568480413465371	0.545437341772678	0.276242702435363	0.506828292830612	0.564671687724685	0.513448343484663	0.304175868006479	0.494363636555532	0.414183341558208	0.584474025422077	0.571844782910841	0.0751719389269113	0.44843337517922	0.359912387508701	0.294796349913658	0.448158222365953	0.302976652861227	0.134214307368071	0.27468222731788	0.376192088944963	0.388719233418392	0.541990357875953	0.260422813166368	0.423977715265061	0.29236308491421	-0.0955949784886396	0.414565143529061	0.371073672992947	0.405144711468316	0.249767811270097	0.33729497866131	0.486826800806017	0.49737244401726	0.36728472031704	0.36084470636814	0.536580762760141	0.568132546737022	0.611713495671168	0.498176867398115
0.208741082363428	0.299599146882618	0.232910081501681	0.332802184067944	0.0774663079924657	0.209587082973337	0.253696530745614	0.197460105828929	0.394117888212775	0.530093684879838	1	0.532913354617763	0.200974116838106	0.255819266356033	0.269024844015316	0.237630450365044	0.151220759926556	0.173217219496471	0.319832104237266	0.28643145448592	0.321448202256066	0.505615784829295	0.372952361808968	0.144876247935451	0.259969165228424	0.243957494544251	0.330846440029932	0.0999672806266082	-0.0334058759404219	0.228181971859112	0.178644348955551	0.139990150820707	-0.00729356025400075	0.323719231086661	0.29027759488321	0.236270970294998	0.114987724656705	0.358974767834866	0.176384250742461	0.172743743902293	0.193227800607528	0.294378892437507	0.382229510510271	0.32021829000121	0.113009503895487	0.19971137279654	0.339274893849409	0.258952177574611	0.0421669931526512	0.387957469831567	0.287963169566842	0.243443585169402	0.393633593493356	0.281968525386615	0.329547553720817	0.314758595701802	0.221008024628565	0.302227849803287	0.223066170968095	0.339261354052083	0.574547754154969	0.51604842194913	0.37260831762331	0.199853962457512	0.265120763073936	0.447079805351122	0.34522573678867	0.141778451682868	0.312872114754125	0.269097935141124	0.432946644941382	0.455944941646952	-0.0525259193438519	0.405884738584011	0.122643835359152	0.18197729072904	0.358330400737225	0.0856633031671742	0.0595764112003114	0.130863533432908	0.264005820536137	0.257861687854831	0.291560581648738	0.23585015009026	0.257954228485543	0.26191821760074	0.00467989676070453	0.281538106611337	0.358317215352631	0.293737667558853	0.203294341359857	0.138212823992055	0.373380105944791	0.271769342816962	0.335462304417657	0.345717758244057	0.241633489848162	0.30204204371193	0.37872664068758	0.244950969512638
0.434084031458451	0.515265968339592	0.431435653538236	0.455644307816361	0.377555421841489	0.46903187096294	0.428242285256052	0.522276973639659	0.506518761169276	0.721345026787167	0.532913354617763	1	0.613255183147534	0.458981016894974	0.486963347529028	0.358938369684924	0.439190453920355	0.16826936110995	0.391713150976033	0.552358078599894	0.551851857643147	0.626871791544459	0.494412885015128	0.206968478212906	0.522450879314294	0.273065708623356	0.538520012422517	0.119719032015424	-0.0373829084797503	0.495102152783557	0.15987554250853	0.319744069962944	0.200412286147771	0.419511190452604	0.292985119624771	0.236461922253078	0.164397618114401	0.264243117636883	0.191081196134096	0.179533126089005	0.269121355820686	0.305610005009117	0.29296834933211	0.326756357302981	0.155542584099645	0.273289748155126	0.431765309125314	0.208110848386952	0.162117955184976	0.62563120859315	0.425907537404334	0.406365825442252	0.420417913343997	0.498438515303488	0.353213760940829	0.472222599698177	0.444439678381404	0.458359782497983	0.438963339758885	0.52034753444013	0.761663871216274	0.599872446844017	0.721476671722674	0.538933588661753	0.449321439780016	0.412683411565385	0.421186251810444	0.297653105095893	0.440164422782432	0.469154547372392	0.574509741988243	0.466710934916235	0.148142269587537	0.497065525003309	0.19812635238538	0.0972134417954816	0.405333453639315	0.131789770200796	-0.0484581047329894	0.197402590909489	0.205701076537921	0.255729638988406	0.361590605423444	0.164231561639001	0.231848239001091	0.161883214803928	0.0557118659232782	0.330109994285979	0.214464868085616	0.256279373235371	0.211883604405423	0.163574312637342	0.3340145953873	0.302139941941142	0.228614500206402	0.279999334006391	0.35926249975712	0.441317293185378	0.438283264958668	0.451270750718994
0.39220068257243	0.475589830457265	0.363397900915197	0.318175193095592	0.410893287118602	0.397150894028302	0.312490684560366	0.572711633354428	0.338795165182375	0.430934071747934	0.200974116838106	0.613255183147534	1	0.444906977201859	0.345877688140538	0.393566271840127	0.471591397573831	0.280976733818876	0.220294063606637	0.414787909477823	0.4016054987174	0.206675723926791	0.213330715381287	0.211525144741416	0.405224583699513	-0.00252401401129946	0.325888752379496	0.0729832001799784	-0.0322858588682251	0.325375688746114	0.325360988589295	0.265476000920167	0.588667094748103	0.265946769643697	0.226806603873952	0.211855797363567	0.212336008797315	0.12294001147739	0.0904708480030452	0.0195728977064447	0.153549489499455	0.143332665363252	0.234514692150659	0.206876887366066	0.264771169335712	0.126135713712051	0.295675192386311	0.0414338894606355	0.225043317829802	0.4711324718197	0.389140069239785	0.307059682637014	0.303632540440307	0.38364477006319	0.247245422652056	0.375784915842463	0.57867721230555	0.426690522980714	0.322312028547346	0.37045816466628	0.470905049088345	0.389781543075995	0.591021676069633	0.687315282634437	0.403976385733211	0.233961533238	0.460400252714282	0.250261166712341	0.317484677644989	0.27966765247841	0.244502507067373	0.0875439960618313	0.218478845892798	0.299179342758352	0.296223342110233	0.00654187528056496	0.233487884271011	0.172746035078647	-0.110697363711708	0.306690908539336	0.147165375971269	0.323929180037228	0.181273947238432	0.213880122744166	0.120416569499847	-0.0702306131512591	0.197078080626092	0.322086668792987	0.0678548501020965	0.142643662170532	0.0980759131177321	-0.0142814277791385	0.210759761277588	0.176000126953734	-0.00639496016050036	0.0864809198506948	0.141607326541991	0.152475578162244	0.251491396738746	0.22352631373452
0.730108652445018	0.698431910308684	0.687283411593621	0.642129135912704	0.536302497608797	0.55441967238627	0.60686651378424	0.498482082185963	0.579765320834822	0.618335093235165	0.255819266356033	0.458981016894974	0.444906977201859	1	0.600975244373437	0.673330503091519	0.385343912612498	0.373626533843988	0.4384700275505	0.524453986748767	0.447293339000702	0.44592615230968	0.330906399809355	0.226276657611069	0.450815299109149	0.203769174204642	0.437703279376522	0.185273851827303	0.107689915782284	0.57357533815087	0.522733962970547	0.464273181956575	0.312837185589346	0.566107686647484	0.52764884855302	0.58891030395623	0.238102687621051	0.362712094323877	0.237591523591534	0.253778413550192	0.360115985880169	0.388968116176154	0.403881787977897	0.359506243663422	0.396860083953171	0.453253068870749	0.598722347879794	0.405063438726473	0.304747115227875	0.564011379133864	0.671348091799193	0.611958276810914	0.570576950937585	0.650574884558232	0.310227459866542	0.639323297299851	0.438888599609249	0.508750838199311	0.480190799956409	0.501707433518778	0.524623085392346	0.331456400534746	0.346393197369168	0.298909254964183	0.634105440926084	0.597868754952529	0.705027240363868	0.345961487457556	0.509692221415689	0.457850543670284	0.395798503301061	0.309957332614638	0.207737060215082	0.334014907828433	0.357213383940593	0.206118663814756	0.253864501257822	0.34464383871024	0.0956209485647593	0.426481465956772	0.296067526318312	0.419075861461889	0.430323089227618	0.274611412715492	0.441810124458995	0.265443753175965	0.0785344140919104	0.50437770609541	0.275906372494086	0.339186028053581	0.233139256484014	0.21433112734104	0.376753228956321	0.410936477105808	0.245907428633023	0.329693600007432	0.419572896300707	0.446737425364503	0.437700310518044	0.323696426345731
0.621820076726053	0.624160498118563	0.637247123973745	0.726432645853942	0.538114514284086	0.665906854709363	0.707449613481173	0.425082388423864	0.577938769506163	0.482939157438459	0.269024844015316	0.486963347529028	0.345877688140538	0.600975244373437	1	0.622511693963547	0.321048590244911	0.274206994096887	0.443686913828516	0.493506492894376	0.403407339436769	0.510210449699657	0.339805893673565	0.333892980522177	0.440623790875914	0.23973776263494	0.438618587422857	0.25295775458398	0.116412437181252	0.388284646970288	0.441381483374616	0.271301459575506	0.149257790895996	0.337063951686136	0.622514018618621	0.584649639988055	0.328838571004941	0.256739764624257	0.440048686614281	0.251951472154471	0.430520680711908	0.293458903614357	0.474929061358089	0.419709556303953	0.241063320195332	0.453537861074153	0.545693043598979	0.4963490328184	0.285140462421148	0.599903437349507	0.581586234432436	0.437469120998199	0.599625390118482	0.607356263298766	0.436629670368734	0.709583820274572	0.418631596434361	0.470802921659502	0.52879628097107	0.579417089797956	0.532301324246865	0.444875279708158	0.321975083536648	0.29177716046503	0.558223849747554	0.638733968465019	0.639120173789896	0.423024750670308	0.531758455781371	0.446085521664597	0.465423072353077	0.380527183984009	0.334141866349502	0.4289050447907	0.312848998944992	0.222039887814698	0.35980101613625	0.261941397028096	0.260820459886368	0.379703801774131	0.299857663692901	0.430222284768384	0.387914703626488	0.388214206847342	0.465162176248473	0.289290455395298	0.264170190322649	0.690784411889779	0.310314412814247	0.380241881756753	0.472345894152468	0.247448180958398	0.462657475883254	0.447890966338743	0.433567959837793	0.441171725049944	0.303324374326266	0.422616395726337	0.400612998113126	0.422146341701167
0.674287569798759	0.767251600839616	0.711528355869523	0.734354660590996	0.538634018373118	0.615811916085744	0.694758666809656	0.57546724553054	0.598462077768606	0.476948096713651	0.237630450365044	0.358938369684924	0.393566271840127	0.673330503091519	0.622511693963547	1	0.501033326882233	0.556390441202968	0.644630160606435	0.554853973252284	0.558661898872284	0.399988894877888	0.165503119818086	0.390739703400012	0.482112534397877	0.120491271040017	0.364524247835258	0.0532195822065095	0.0906105545367864	0.522611182666844	0.786144097235652	0.52432220560675	0.396927242584089	0.485225800466568	0.643165386883962	0.795724331703184	0.302014894281543	0.347864525961526	0.35624751990125	0.134348042338384	0.32783399822822	0.384651749620507	0.497556395378503	0.280547789049338	0.513302961110495	0.468163719588736	0.560612089633285	0.438912857987131	0.287662107870323	0.506360139945713	0.630838010663778	0.618907257386235	0.682953628805364	0.711933718964501	0.404243751117316	0.705338606852073	0.555913692575807	0.559326108443444	0.569952806470594	0.460808464673259	0.461272714850076	0.363414301448063	0.332004062077064	0.386060467672348	0.601057260259522	0.520682783358432	0.855295640828436	0.461965474601758	0.666053880108598	0.520941727946872	0.438908646370378	0.314316812304325	0.237382023622355	0.340775436045044	0.435459752845948	0.260197056756748	0.337410989795074	0.224888272940758	0.159132136259374	0.549821776183634	0.430624987184907	0.545523756131759	0.410320987902185	0.338883248979222	0.575069191553984	0.271905535913311	0.041886912227932	0.671369555571809	0.287478310208299	0.425791875255501	0.23690191462159	0.110294591447469	0.333737777942016	0.423818560184297	0.299739108802327	0.420391856290711	0.257204832965395	0.366133600504529	0.3342679746273	0.366146072003273
0.385368131189915	0.40174088539818	0.350616766376292	0.278895054746064	0.346765391897887	0.395765910913785	0.312625283339404	0.687593973905677	0.346521969724806	0.325512685528651	0.151220759926556	0.439190453920355	0.471591397573831	0.385343912612498	0.321048590244911	0.501033326882233	1	0.645784976171857	0.413686574582981	0.570951061620027	0.660505232120053	0.319275627396573	0.26984680166271	0.319244818496383	0.427719952337175	0.0974428322660488	0.334206141619906	-0.0648717511718376	-0.139050751354555	0.308928813037713	0.489735411760823	0.410552532602879	0.467170759481119	0.307241402944973	0.276524865925061	0.38608005833974	0.259884823533661	0.237855394074137	0.152912149977847	0.0553693877696909	0.199948111361931	0.247016481868392	0.24713439525169	0.0784301444644394	0.355913890219595	0.26320937528111	0.240085084205893	0.215567856819716	0.219167216360754	0.320479314679358	0.364429487140208	0.274521279579322	0.263421710219284	0.392173609901773	0.197416626767341	0.358842408273488	0.329477877142028	0.373888482534158	0.511368784635657	0.331816314448604	0.380670725708636	0.221291144474523	0.245125210407468	0.297627091575186	0.404579479542529	0.316357835935185	0.425994951778004	0.520169878292657	0.474516403822376	0.551027042412226	0.509185328299114	0.332811452192838	0.294404092028614	0.431380405216231	0.34639469013018	0.356630849909202	0.270872463604129	0.0749072284761289	0.00304473646560527	0.438130452113665	0.313703814054104	0.425871548094598	0.281364192553767	0.298024134767107	0.376762147946278	0.236005964568574	0.199697659083279	0.382194568168833	0.320302404047221	0.346259860812117	0.19814808847393	0.111814221700822	0.171646538797981	0.196955855332563	0.0827350748848718	0.203093748624251	0.191791449321155	0.270051018033895	0.336585053065564	0.377242824156903
0.340037177386895	0.320661125208689	0.306601811498156	0.182721490216765	0.219522840519353	0.300687632912962	0.248297801676639	0.622134772795218	0.290730657979108	0.159349419244126	0.173217219496471	0.16826936110995	0.280976733818876	0.373626533843988	0.274206994096887	0.556390441202968	0.645784976171857	1	0.46313036380447	0.497194443108763	0.371245563525209	0.0781577044681916	0.149945372945084	0.346979272255214	0.228098947297195	0.00758326238796705	0.18438010991225	-0.080360144252929	-0.145983605646702	0.217117716821372	0.521156388998715	0.246129657397103	0.370925171615219	0.212331426282021	0.207674340812769	0.480817918621882	0.245164223770779	0.237928920862157	0.11325951813076	-0.0267860488972287	0.047896794648166	0.232266059628831	0.102116559002775	0.0186299796147449	0.276633822030826	0.310976552954056	0.143279287859984	0.152570973798589	0.0921978905220459	0.183389283270175	0.283333741287172	0.195437995860171	0.276334700749956	0.326474837318963	0.156965779742688	0.284803700929335	0.426279464844892	0.359700750125926	0.549667666609557	0.316967619993013	0.20112275279883	0.0849074746733328	0.0326863451733406	0.172566809400083	0.286217937989066	0.2758579433067	0.469063788847581	0.448101881135114	0.4427998489646	0.537657251985353	0.35359369548848	0.178049568130166	0.402603711912746	0.31375453191562	0.303785259075963	0.203841866163617	0.274074626321939	0.109763001366442	0.00161767984947796	0.465538922835853	0.314587717031822	0.447733951129344	0.137040252882302	0.304053587530057	0.420817443617759	0.245067241635918	0.267129788091236	0.354557337209736	0.27104807270975	0.382008357623876	0.155969550367172	0.0734085696800147	0.20227540523871	0.266994950023632	0.078061449001435	0.177986307103247	0.0775473736469908	0.1360654436735	0.19561417628521	0.189955887054959
0.334740506843629	0.518859639294197	0.394680614022861	0.566159120229203	0.260704550325255	0.387037764643928	0.413746268777956	0.604198098737033	0.689236216797044	0.454648780663007	0.319832104237266	0.391713150976033	0.220294063606637	0.4384700275505	0.443686913828516	0.644630160606435	0.413686574582981	0.46313036380447	1	0.560956999713669	0.491414587013798	0.4404850762156	0.290436490325425	0.3735457188183	0.413875521050677	0.198504351751322	0.338432573886576	0.100120735749025	-0.104994618278836	0.36296151763769	0.303841091088967	0.210557294575863	0.099740417168594	0.458301292528995	0.292523649867862	0.587115497556726	0.12919118311785	0.317302210921375	0.278681806009918	0.221357415814669	0.149860949478963	0.230460732788801	0.178735193889056	0.116683714061992	0.195177162290093	0.307110659991184	0.319750840573347	0.33323198006347	0.270241654117384	0.360395743346289	0.42028580202575	0.386041510100981	0.561850777606321	0.427456717457453	0.243359830050786	0.454713725452732	0.491078432387749	0.586052283583277	0.632202162987782	0.444708011464372	0.469184684316073	0.424960346466925	0.319434928631846	0.258816401232006	0.430201174065627	0.443631618945107	0.549594936494121	0.479568139165205	0.785638371554443	0.543177239957612	0.554916185131391	0.243326853730614	0.227738202438914	0.315375884401349	0.315755810379111	0.190034804632688	0.283365414670647	0.163606142766191	0.00575229983818316	0.214201323969999	0.127353705802016	0.203577448548194	0.137471331308328	0.110653582342806	0.257075411264009	0.135837140274484	0.0437099202628493	0.421503728325087	0.260941807013928	0.261780535036547	0.275813944211725	0.171986013593482	0.203934006150064	0.228833847510694	0.132894500029174	0.363239903092794	0.213677121830181	0.265995271426345	0.0476612764287135	0.373303221611838
0.507016639341377	0.54636808773604	0.486698522420976	0.40650947762632	0.445083179057962	0.560682900237307	0.399561826638466	0.774117650925337	0.5824740160517	0.539348634909709	0.28643145448592	0.552358078599894	0.414787909477823	0.524453986748767	0.493506492894376	0.554853973252284	0.570951061620027	0.497194443108763	0.560956999713669	1	0.516368770299288	0.471820280587371	0.368788369588678	0.233448302493754	0.676703502815243	0.274873607428055	0.510691073510051	0.19089377032453	-0.0373338730599289	0.426419165326512	0.355389727595153	0.562741996511643	0.35548756397188	0.442470723253883	0.282704714262274	0.404671304056593	0.149389372260699	0.414640974369552	0.161589787993301	0.11297846193803	0.325319462610502	0.369421745077597	0.204650565925298	0.23361981074327	0.436293656365306	0.46068848952851	0.474106933894034	0.273573981769999	0.217933088623819	0.444323664354856	0.535456253576448	0.318475692962681	0.379705785722312	0.530440547040371	0.403032585038882	0.415437353935979	0.505160819269864	0.559887792947446	0.608608441779554	0.527340065888291	0.50693394964313	0.325983698971757	0.318998614182095	0.30310414087889	0.533703729631985	0.353500759950949	0.502889140152866	0.466714384892567	0.551175090986417	0.704277124643263	0.56202388684878	0.389104773964097	0.338851895744573	0.597487073166266	0.201599904515182	0.275643567705616	0.414876507079271	0.237992466466658	-0.0145269546335062	0.320802655062094	0.324093626748697	0.36750114409601	0.25822704417686	0.0989666510246636	0.471073870032729	0.271946582173094	0.14396281419927	0.350196311437917	0.124095020196349	0.411190669183894	0.150793066672173	0.173976474865434	0.248715901047797	0.323351530163717	0.172430985967496	0.33032772689675	0.313175902414114	0.252292701009673	0.315123085836586	0.335521478384246
0.480599130557947	0.48191034986183	0.366650545719293	0.4333532133803	0.275760668167212	0.376092178463819	0.399632104718182	0.543338256209428	0.532157131152349	0.606365598053462	0.321448202256066	0.551851857643147	0.4016054987174	0.447293339000703	0.403407339436769	0.558661898872284	0.660505232120053	0.371245563525209	0.491414587013798	0.516368770299287	1	0.57635110810447	0.455223377025079	0.30020477857561	0.480718813582672	0.303041045290096	0.471364786477092	0.141637406213842	0.0741628218314963	0.495596048993712	0.519377649218438	0.442166802763703	0.387787152265975	0.443090621157259	0.42293168921139	0.50452611897354	0.207403536173947	0.438943296651377	0.169317560832839	0.223743551253261	0.273034020134537	0.476145141251487	0.521786504440513	0.289998516511571	0.362105047465025	0.394732409926981	0.454802220058973	0.204373784467906	0.232128164695925	0.605276012202405	0.42739437208546	0.380924739305606	0.378553330391901	0.441683787435206	0.180473764865451	0.451832850124451	0.277589369802525	0.379037607795759	0.491982098647162	0.393756879073253	0.534471915131913	0.358340926277434	0.413234002316016	0.279432764681281	0.430746310620029	0.488210395801201	0.507736779912962	0.505582788762346	0.515238591215804	0.442583557856173	0.630054532072989	0.546857270791913	0.26665490637643	0.479856464422766	0.395859963870353	0.447137859204653	0.456492397480805	0.194543493229947	0.150204508549429	0.473097619679964	0.499293276870271	0.458983896868405	0.357044399285926	0.288289071673471	0.431217826216946	0.314893971594343	0.0301107087479795	0.506115266546517	0.419697948458564	0.38903763614175	0.15459025768671	0.238444067791619	0.342234183050998	0.361625171555376	0.294868955339024	0.197005206047939	0.367132273680115	0.361871360917832	0.381036710134335	0.524514915819551
0.420836238393399	0.45934356203429	0.405944281002372	0.482738960036574	0.213396664977643	0.391520004301333	0.424602892192031	0.358247825820093	0.517075779155475	0.683196856726614	0.505615784829295	0.626871791544459	0.206675723926791	0.44592615230968	0.510210449699656	0.399988894877888	0.319275627396573	0.0781577044681916	0.4404850762156	0.471820280587371	0.57635110810447	1	0.46910709551303	0.136772664983417	0.476585328135321	0.410256147325511	0.530449342818161	0.191873189167769	0.19042517584915	0.439869288095078	0.164588360849596	0.337397766661945	-0.106141394422466	0.456325081936538	0.445264526983572	0.378034337575788	0.248182913585128	0.437803922558967	0.340992238128196	0.348843536094128	0.324394867543866	0.376413159621816	0.461526466821237	0.448606903375961	0.187537178434829	0.434334018137711	0.608369144521516	0.40944644822023	0.146344399460013	0.63746968966357	0.474746213281042	0.415408870689164	0.530605599505859	0.400379977796604	0.303883997185569	0.419639903678289	0.19627746910085	0.442775366100467	0.497574345778239	0.484847650371132	0.696289064028346	0.56857414979592	0.433921852722996	0.179314580375493	0.419275478154774	0.607933341037874	0.473562225619134	0.292910292969769	0.497745100392982	0.503330967868372	0.669508272895153	0.621142677202485	0.00513818831468325	0.553979990900884	0.328264399396582	0.287349081252526	0.417898405143508	0.246376772156219	0.306607790710041	0.183619525647651	0.377449427106794	0.296505828968915	0.438871401585528	0.231299695124186	0.346111893698359	0.276440936685658	-0.0332617194558309	0.414786670441877	0.343399021816619	0.303194970337137	0.297832660060943	0.268696357363084	0.438447653413452	0.472700729355284	0.541771936248452	0.357461518059823	0.399531594581267	0.543078060739228	0.447515281596663	0.510904343837612
