1	0.417974236445848	0.433551131329123	0.524819446811887	0.66548924301866	0.157802051410209	0.303533490691493	-0.072540014181206	-0.0437412196549619	0.0193150074727204	0.208880567178022	0.0701831351668771	0.277441657012011	0.634053310299744	-0.0892743434442163	-0.112189134216687	0.0545117346615221	-0.187979245299073	-0.281998859853372	0.122747098592643	0.110044817401869	0.211477321908366	0.019669919164162	0.109330012173422	0.236588013943889	0.402088710130177	0.136255123371295	0.0400538053336875	0.0656722667617759	0.0508090239539584	-0.213796653718129	0.0598137320665267	0.233737438145304	0.349702517397976	-0.0528341080035615	-0.142792822394133	0.0771414219357076	0.16814955323331	-0.0883614615692561	0.281978898172964	0.237951953030124	0.211473489588269	-0.141300075356415	0.456681459281162	0.228494815919498	0.0542809667577112	-0.122659479763608	0.0169066485422893	0.1024268795029	-0.0175791381447385	0.185085439884355	0.277775265100139	0.273134919647236	0.222821884416159	0.255517615272006	0.42224204180915	0.281694670792337	0.112066025876427	-0.282493364664282	-0.15811487989769	0.279863615014254	0.0115386885707115	0.155279917195283	0.0106480347616231	0.0585849045286377	0.194487476987227	-0.145948292356499	-0.115571523025977	-0.207499021431	0.105569122257049	-0.0751086787470239	0.0298933630158996	0.034185928504236	0.259886909615377	-0.107832802272523	0.255290884328784	0.145592659952995	0.0808485763135851	0.00391428908829135	-0.248687475539911	0.245137109883462	0.165192099184526	0.139483360760022	-0.180749747753106	0.0855597389272767	0.141884374523047	-0.0573365114693532	-0.122452087593602	-0.194352518971583	0.0390389513447958	-0.0631780182970565	0.357878226619233	0.342405877048468	0.175421914857364	0.0354633824723499	0.160354834538525	0.10642922101492	0.235880555503635	0.542656800325077	0.221766547986034
0.417974236445848	1	0.608369565074993	0.619247272966796	0.192209718491253	0.461104973511785	0.295302208517608	0.046483385296083	0.00749433201161285	0.384138960452857	0.195129566332742	0.312901789045244	0.20965854826847	0.433085961660458	0.45374248955116	0.0682170260422455	-0.0672084943892231	-0.00667474764100688	-0.127597032808821	0.204042177296882	0.153444917742987	0.425507125042939	-0.0738126142246696	0.0847977011403016	0.130814656430233	0.0985538980866003	0.0881874024095172	0.32504842812024	0.531790944679004	0.281037970825536	-0.0248754761504524	0.133890428421376	0.295221841237124	0.266926409026399	0.0255811562570168	-0.132696835294742	0.0625264376985249	0.0862332271631174	-0.0356680269062992	0.350369624351189	0.498148268879018	0.235679107963549	0.0269085716489343	0.409912241155286	0.212611769224019	0.130086769768848	0.244929179578239	0.216458169796311	0.31579114239664	0.241543236499295	0.537688116228861	0.681809289973337	0.462796890141971	0.431745834107255	0.359254483344854	0.365326189361191	0.329668110597347	0.193889366716599	-0.107711763440192	0.0303777824595022	0.319662052159736	0.00469043529348256	0.248081146183431	0.108260657947049	0.577320260745437	0.22887115589622	0.095602564885193	-0.0933834183204185	-0.106121960327438	0.221631028750118	0.0624368637089833	0.126188530029104	-0.0451912128259436	0.215309853107605	-0.149874736102474	0.0422462583133746	0.170068632564746	0.266202438510599	0.523243136773155	-0.118364032929093	0.298355462308713	0.189663981194196	0.447956398585519	-0.0265854481545141	0.0246540131128568	0.356908858405534	0.0329514168751152	0.0412460491863301	-0.00287279570569001	-0.0131765292964503	-0.00530650849075369	0.409043996006724	0.328706113230648	0.200296577584129	0.223329031934532	0.197764213074236	0.525541962623582	0.28673409877212	0.234822278224801	0.376545918334515
0.433551131329123	0.608369565074993	1	0.678546037989523	0.411546622462129	0.528086665487328	0.577159958052306	0.0777440018822183	0.0805287883336549	0.16684571263472	0.197903367508384	0.276140529670683	0.226646422579846	0.342824789889936	0.352285637554096	0.119658876310507	0.152598505852476	0.0686092587066457	-0.0771069117015369	0.313803041976138	0.228284970301315	0.149325917714018	0.0973246249682528	0.0574332582291115	0.156888197916361	0.19352466323603	0.184282416097014	0.157079575827033	0.166242121547827	0.147779031452824	-0.0173125963475257	0.0891221459667326	0.308173476523768	0.332632053205794	0.179516957163914	0.00357632513093648	-0.0188377362442236	0.108197098229474	0.054080664594713	0.314359920528933	0.347062608948724	0.136689675982659	-0.00977641229491382	0.381983587924496	0.195215987001468	0.108141740202659	0.0221707371579089	0.187086361679056	0.321499092746852	0.0726289620431868	0.459184694664171	0.577884716022765	0.531181801073986	0.554771704411992	0.461427356431227	0.607491623060863	0.281328698469131	0.231575804018452	-0.0203647685854784	0.0583922064480063	0.308581486444774	0.0490468958562907	0.303208708341396	0.0629859175466785	0.519000443020148	0.434582035912272	0.215476875245945	-0.0746030810599379	-0.0103457772155085	0.294172861301035	0.0231911000669979	0.214648970794563	0.109329865817347	0.198380590251979	-0.059152007316587	0.218289424560715	0.313939648512368	0.275642322926575	0.247353959506763	0.0195578889826767	0.223692248639538	0.22970008686999	0.266956695099547	0.107215778798652	0.104935104387156	0.225217971173034	-0.145336844553916	0.235896946588421	0.0956242222050928	0.132962219050996	0.164255150108922	0.345393080443002	0.355398558501524	0.22721126381367	0.153369571720945	0.269422290091203	0.288695789053047	0.087849821477073	0.40042047583877	0.500520802263908
0.524819446811887	0.619247272966796	0.678546037989523	1	0.433047920274029	0.596630874300601	0.703064713468826	0.0364470403617444	0.0356259870068539	0.307338344624797	0.254184152133097	0.375843184330243	0.313552460849459	0.403892361631228	0.37173965678985	0.144072423404641	0.101821431235542	-0.0380114450448432	-0.157184426688869	0.233970376428734	0.306057049619729	0.30278085350161	-0.00165908437086715	0.0395474412684873	0.256479713459638	0.248187441986253	0.154634059294579	0.132611199056318	0.199788189346144	0.0787252217313694	-0.0822774358093977	0.0943896750609887	0.391060017283723	0.369983822742115	0.276818878751906	-0.00293758828312196	0.0588076763700899	0.120882256485806	0.0912221406268031	0.388830271621498	0.406396696066754	0.259199583393428	0.0123638976664536	0.452264482008994	0.142638208976632	0.123433245734729	0.08072507019256	0.215892290915658	0.112658289041459	0.181618175450185	0.384395186760008	0.507418955194276	0.615829902424809	0.582089393697355	0.504137020259912	0.736514241555791	0.275881701828696	0.177103826201866	-0.0827859545850205	-0.0281867892571659	0.421763055303863	0.164020199345699	0.352591925000574	0.174789201709406	0.441456359544829	0.476252252129335	0.143159683813675	-0.104399236001489	-0.0706610896050946	0.202379276350142	0.156628724235171	0.163789510221485	-0.023339943082249	0.295564264889442	-0.18432167092299	0.0945729718745519	0.252109401597382	0.148330545349238	0.181843448053486	-0.0948269893305503	0.269261566559751	0.18616233547931	0.253680940381428	-0.0155405409648846	-0.0233100870284211	0.345983755037495	-0.0812845001175669	0.204895537296539	0.0191605955344762	0.0496631086199799	0.145418619174634	0.460561101886722	0.336763692578249	0.198999327822999	0.105115456281918	0.336563847755812	0.22594742025132	0.341025707103599	0.467459674441528	0.490793985263502
0.66548924301866	0.192209718491253	0.411546622462129	0.433047920274029	1	0.404363644917895	0.331285221344264	-0.0971598145556154	0.00484344690548141	0.158606800037992	0.282338787939104	0.2066709228996	0.288256297760913	0.477553746985819	-0.0369401952781484	0.0213409612628677	0.171589863710687	0.0332461300156107	-0.162409241690001	0.074657587981231	0.210718789713457	0.255352734726701	0.129810712702331	0.203068309855614	0.201533717958447	0.27798063178795	0.129700323395452	0.115999330060739	-0.0284942974747333	0.131851849518369	-0.0260185826407517	0.0319153098039739	0.113277825075207	0.26145779941176	0.0417706562558773	0.0426536008681137	0.19585557992273	0.132350508327864	0.0584184826717787	0.270393775434512	0.319747410267019	0.293622802840556	0.0365429242051029	0.293784238236084	0.1278460773825	0.264935081339528	0.120578287093466	0.215941942958763	0.206892608022657	0.131848634368163	0.232555822250196	0.19061128939014	0.302212601524172	0.349464056662442	0.417294241997208	0.373102402332426	0.157315697243565	0.0837388600120299	-0.152884970216631	-0.0912903830160927	0.280174987821691	0.0270053037145614	0.245528796672599	0.067756260066832	0.0251358252668284	0.328119140114565	-0.0849820717002385	-0.0519535984510404	-0.0911147575315449	0.123099890305658	-0.0218775491876882	0.231293560857752	0.0989260971818832	0.206022970096631	0.0175155580529199	0.153789460098054	0.099002131412181	0.241749267135087	0.0668736655401059	-0.116427419459644	0.224667961323133	0.262684883098113	0.166813521074246	-0.102094115644018	0.00253359143979036	0.205906770734643	0.0300345332798912	-0.0581743156572746	-0.145408839938909	0.0610225053323265	0.0118438230398385	0.296825298647257	0.228069004072853	0.365333544182899	0.172008123753227	0.310970934282943	0.0076133992913385	0.241424319506677	0.462973972337817	0.193732107624772
0.157802051410209	0.461104973511785	0.528086665487328	0.596630874300601	0.404363644917895	1	0.682316030281507	0.26027975863118	0.191289742024166	0.46164990930094	0.307104335477016	0.454702315160394	0.426382323404294	0.213785064692584	0.393530660824702	0.151583176129852	0.120504936927042	0.233877375321937	0.0622834798680638	0.217389496889446	0.381866456500939	0.379446417353178	-0.0185251345448194	0.285929949716643	0.0846498794129024	0.00714366261480675	0.0689787161496782	0.257151302137097	0.244954828644232	0.209390029012698	0.0545327799429548	-0.0487865576807261	0.185924288207022	0.29207537642302	0.380701038057737	0.138751116517017	0.181897750563767	-0.128533193582889	0.353174795163847	0.35250334575975	0.487357947505977	0.292962286814479	0.197655723634066	0.264233402400659	-0.0140246302546524	0.217245807335533	0.169044066946967	0.643295900583943	0.258915946100226	0.425471823971629	0.410967675296248	0.364585000043181	0.381766635233446	0.692597195801744	0.605646002696654	0.528609662841306	0.181216026090796	0.237491210627215	0.056581848479154	0.120880878809251	0.296537703422633	-0.0395151503683111	0.361819973869729	0.133369192418161	0.448817518747373	0.520730286351988	0.128287456459088	-0.0511210779529766	0.0555118353216185	0.162674241444944	0.172190877650781	0.257776004393714	0.259861007000863	0.0437953054332543	-0.0446549192693586	-0.00166898605801659	0.0452868326508658	0.336701713807709	0.386533777111564	-0.0396591613998944	0.188899802095291	0.0355764819967649	0.352027597311982	0.017649913744802	-0.0604397061954562	0.299910090914251	0.108641205579134	0.238802567273638	0.117197556326167	-0.104315642066997	0.307485996308884	0.386013007843083	0.204757137582736	0.28365043902456	0.25465564091147	0.453547584930874	0.32639925930213	0.332840345879429	0.311187737626756	0.470801311195274
0.303533490691493	0.295302208517608	0.577159958052306	0.703064713468826	0.331285221344264	0.682316030281507	1	0.194677021464463	0.232439665735402	0.30428046013312	0.335364389455239	0.300608946127671	0.346545323430347	0.241598998097731	0.33408259414681	0.329281832201731	0.0976051180792316	0.140508410895314	0.12286106502023	0.180623714061196	0.339746992335725	0.165760006887532	0.0158507225593412	0.188238487572331	0.199240556625931	0.146664378626549	0.126096895138417	0.128128960921223	0.0670021724170101	0.107093103883215	0.0970246990325524	0.0507637934189863	0.274284197519398	0.323812487606008	0.74473361913186	0.327039546379077	0.12440033655865	-0.0377175355885146	0.505187547617205	0.307594927313139	0.313832549187402	0.246869522431956	0.272951232920726	0.277152763592779	0.124009580518023	0.0281468472767163	-0.0550037031478501	0.420216549575858	0.13369137292436	0.240571279755798	0.219415770533655	0.306208578318116	0.604035916223228	0.590311644326303	0.545396773501465	0.827955745063746	0.208669039331397	0.238274705441856	0.113283434061825	0.166443136850571	0.3920444908944	0.210424924361708	0.374380263884562	0.158494732530432	0.349620577766035	0.738134367455235	0.348753678421234	0.0483871742475388	0.160483567533126	0.163293007445404	0.199898051787547	0.232858607627814	0.233248596410985	0.174609939671351	0.0341235159612142	0.171745444026798	0.123926828121132	0.22027442476847	0.149302469740976	0.0856281674529509	0.108574667772846	0.0178788085173989	0.210699909591447	0.216163471651103	0.127861852627177	0.181113639664079	-0.073707269329276	0.539764074771255	0.323285235435777	0.0913604417648778	0.48410934566945	0.307936377385796	0.21812591403597	0.194607813953636	0.160425452313295	0.41757571323954	0.118690887596398	0.337883500048838	0.486288573720653	0.528207347472099
-0.072540014181206	0.046483385296083	0.0777440018822183	0.0364470403617444	-0.0971598145556155	0.26027975863118	0.194677021464464	1	0.537896072767729	0.177363136233777	0.198267886304422	0.215069256965792	0.399619412754259	0.0129950508720417	0.256941333178789	0.0216247850299572	0.405347549740582	0.616907429890584	0.289719066426198	0.6349842266465	0.2495865992236	0.102759455616817	0.0397496391869551	0.172579701666289	0.0306346671611784	-0.0175564617374383	-0.0807790286128974	0.126706258735071	0.0857102393542741	0.0756099639786178	0.11991157655847	0.0114801281073453	0.24147633022282	0.180588386822794	0.180180715086272	0.0637231143972669	0.05652734383939	-0.150253651888723	0.219866493912034	0.0423805519163838	0.13181730843256	-0.0535574138898845	0.124773751319284	0.178394573453034	0.151983555469468	0.204398675484382	-0.0100027992338937	0.317616781665073	0.253889733759127	0.15336102621586	0.0540061100179405	-0.000871881693738532	-0.0699756375283559	0.159451099783718	0.0778922173831338	0.0209900259149762	0.576517954656613	0.72628210047879	0.46471328471794	0.436453091006497	0.236851813387285	0.0562885423587761	0.100149988537801	0.296446561231241	0.120331139039213	0.0541917124933964	0.0190310271381756	0.507021979019272	0.126322647061756	0.472638954349636	0.307306855778132	0.0890612242308294	0.255486424830341	0.0417391560113724	0.332713386166442	0.255379590324073	-0.114487713047511	0.0881646590261694	0.0807134835317389	0.227426526509378	0.246160356218574	0.23180769632444	0.149819471627802	0.165650186423602	0.392066917578516	0.171821177631562	0.0187871862133929	0.0561531678077079	0.0701418581819519	0.154921802797389	0.14199271896375	0.0946227865817641	0.286801564195194	0.0825842700439505	0.320069467258661	0.0878414065882207	0.170266744578007	0.114834231325788	-0.00430600812937273	0.214272947975458
-0.0437412196549619	0.00749433201161285	0.0805287883336549	0.0356259870068539	0.00484344690548141	0.191289742024165	0.232439665735402	0.537896072767728	1	0.204870715109868	0.148710052098271	0.154899184951898	0.20540357181225	0.0534098794392868	0.162557912697608	0.269976634053305	0.274236145299748	0.498622878274928	0.624183669456576	0.600449902422776	0.319154193559621	0.0824960903220731	0.0394912669011702	0.40184834037958	0.324865135265728	0.232537818898909	0.217795883294553	0.19156685212711	0.0755806227356156	0.258928584628326	0.212666578217671	-0.016169559099808	0.139506349138124	0.207505468334485	0.308554019773956	0.323744918143896	0.18221746011414	-0.0111242759344389	0.416035549200356	0.0992214139309288	0.149648516656244	0.0773192638540303	0.215832799541228	0.230209773472147	0.0498291496348852	0.299947873045104	-0.00294933594015093	0.425031362733673	0.0841686790211411	0.229043612711618	-0.0374381231253995	0.0456601485922331	0.136782713824063	0.0230628789898565	0.106033726833699	0.138580947697106	0.422062687269373	0.527906297302484	0.714249886766681	0.89596404832961	0.260451497237178	0.13658481350894	0.106450076738216	0.299796195034005	0.11565523585947	0.206455354477843	0.219526436798356	0.562374613038145	0.565219541505129	0.561504172848481	0.320772032322881	0.227030950266865	0.501868470503699	0.287504067690745	0.427996324291028	0.375087271477079	0.0696157396311507	0.167118585104258	0.20425647902641	0.378235502704178	0.134618523811411	0.174027284139103	0.128442138830916	0.0990597939448969	0.18823322638861	0.123437849902559	0.0297016888868415	0.268040443897274	0.263939237936592	0.164918509984902	0.298457250364588	0.149012316737305	0.287299120735509	0.157516257188315	0.317148027949604	0.184842745345134	0.0546298401282593	0.227646165034728	0.0882489047546686	0.3085371684942
0.0193150074727204	0.384138960452857	0.16684571263472	0.307338344624797	0.158606800037992	0.46164990930094	0.30428046013312	0.177363136233777	0.204870715109868	1	0.515857534340367	0.633567513922877	0.258117293684016	0.187978678116322	0.513089777932658	0.296536948569764	0.176723599502327	0.318807750850791	0.236276214464166	0.212192220726499	0.580808511464227	0.617111816439225	-0.0329026056143177	0.217711999778429	0.19379000547893	0.194741699713838	0.216347587096889	0.390457516103915	0.489688666484838	0.351243497957319	0.367869064842453	0.0558197595595338	0.0274236220658744	0.323615335729345	0.201014500645497	0.21879940321914	0.160012633315929	0.0453851183056675	0.219702987352105	0.360338082603137	0.594602274063907	0.39935638399605	0.520498405468555	0.169089385925736	-0.0205616185735325	0.266123291157386	0.474710189088487	0.433668371853423	0.320417995331701	0.587942181874001	0.367257359321223	0.348810323877548	0.292507705890136	0.307803997458435	0.350612442656466	0.163244812879902	0.242839493420778	0.118810319097118	0.0867055765604045	0.169107432715588	0.339576278091903	0.247582942237699	0.411424182537347	0.354914251463095	0.395728109868374	0.293528078516956	0.181710677258905	0.0589657453749193	0.115315137968236	0.168981698255427	0.359619797412878	0.289532871990827	0.0943825739830665	0.282143384522132	0.176060127224338	0.161865943894688	0.0967211649677784	0.337983024645608	0.538562428033647	0.0608510826289618	0.362728271467282	0.178324547976526	0.455270370957924	0.0773202337962848	0.0145737755398304	0.331024658180416	0.0682060415499124	0.121994148269017	0.192963966507252	0.0448424810734099	0.0544614084558736	0.352200553441586	0.183616591029302	0.388492130079728	0.438129379365113	0.212292313962611	0.447082784703762	0.263791472227555	0.126190353422912	0.240675006915461
0.208880567178022	0.195129566332741	0.197903367508384	0.254184152133097	0.282338787939104	0.307104335477016	0.335364389455239	0.198267886304422	0.148710052098271	0.515857534340367	1	0.592591600940706	0.261915347589157	0.280772219442944	0.433783797156816	0.200579395968408	0.256904422379947	0.348306057793217	0.106809328604766	0.181018109119076	0.575817964181299	0.320370310916202	0.356346668675848	0.191614525848784	0.15401845131479	0.237659875479858	0.176329752327576	0.18940822458595	0.143125954829179	0.306762641291721	0.274392981080966	0.219511256941535	0.189588615833699	0.144933772169591	0.169049180296826	0.147397698094915	0.11821227966314	0.0846676059955725	0.161153734490992	0.127178777794261	0.337935001445006	0.280443966265784	0.35086191291895	0.139852920700682	0.08394395010386	0.187048055974672	0.334023850327995	0.292872108817552	0.314405608458342	0.363102317778001	0.222341147102873	0.254013670605573	0.249341197423834	0.376176128710722	0.230864752893467	0.128170785093508	0.329563723041506	0.242392714891882	-0.00156171850098357	0.0795076421063921	0.413530876762738	0.321470411855655	0.330627326766299	0.34243791785057	0.21723296797806	0.261092958016589	0.0472942502637009	0.166523809995007	-0.0394559390966979	0.170841053441483	0.37844681759712	0.266822233884559	0.134452726559956	0.262746630432968	0.35438858928452	0.240581209056834	0.0716572608481316	0.265322850112287	0.128032569131183	0.0298838995922261	0.304638707309321	0.219183907102686	0.11581012929478	0.0856402353705539	0.240572782571028	0.102941936302216	-0.00968547643417176	0.0626843222113144	0.06751544977111	0.0723270017362022	0.124606375190522	0.236331701283608	0.153601300751397	0.334483704717681	0.298668432818004	0.146502993182182	0.22676327317347	0.0867926653653342	0.189845891501921	0.193351850397772
0.0701831351668771	0.312901789045244	0.276140529670683	0.375843184330243	0.2066709228996	0.454702315160394	0.300608946127671	0.215069256965792	0.154899184951898	0.633567513922877	0.592591600940706	1	0.397313880242119	0.154757342153154	0.371502635874028	0.152351160068851	0.353794776336082	0.361726024213497	0.00887828560571164	0.308591273612365	0.591720443216678	0.359532801319872	0.2528912701891	0.0608452880687033	0.248153033274702	0.238082213147949	0.256835757121436	0.090864221687901	0.161414890871271	0.103574282472658	0.196711376540398	0.110895915211908	0.291387580933168	0.3157474972315	0.0208699844292526	0.0200016200872724	-0.0798298098795675	0.155936737777251	-0.026949138182852	0.214443648637274	0.340199528306251	0.149256549452872	0.325448066656571	0.217007487729815	0.053495462511589	0.100337134942128	0.418351608281897	0.26304909293419	0.178325357180199	0.520761695760114	0.292778779204755	0.23675193434627	0.214015506791042	0.334742331070068	0.196618599963401	0.121758069399172	0.280368637570822	0.110691726919686	-0.0510225511120745	0.0622885846205319	0.416679596412725	0.240604360010386	0.4282683700635	0.29014507591754	0.296485274437457	0.253734916562578	0.0406004067986435	0.0444594342273597	-0.0634713307949994	0.181395461005302	0.352394636550878	0.303396810248591	-0.00315553368014353	0.259183390963081	0.179849995419064	0.277914754502084	0.166454065685185	0.136110072605476	0.187363054865243	-0.0333661260597319	0.323689733223433	0.193944004058497	0.157838133983021	0.0502123920635762	0.113004365985136	0.185544665845328	-0.161044309449776	-0.0306677560044727	0.0901254300937212	0.0499341821048939	-0.0439410990057079	0.309316654996247	0.265872729895998	0.255177702393858	0.23497998087027	0.0916011132108636	0.328822741509182	0.0818405426390238	0.123775569175295	0.226847233633559
0.277441657012011	0.20965854826847	0.226646422579846	0.313552460849459	0.288256297760913	0.426382323404294	0.346545323430347	0.399619412754259	0.20540357181225	0.258117293684016	0.261915347589157	0.397313880242119	1	0.182489135894519	0.0851727579366786	-0.129050458987209	0.486021398132759	0.244216712699816	-0.0669193064936232	0.332705388908447	0.357150956111076	0.275355416555894	0.185532007055613	0.14945857882088	0.0926463586781167	0.242485660870423	0.0662505107393416	0.0884406641475269	0.0652415355522827	-0.0186029398682898	-0.107597877033952	0.00603619373225011	0.462730744243376	0.395168097116621	0.0527232836312764	-0.131591754474711	0.0577819642379609	-0.083337583556277	0.162269874270302	0.331019282150168	0.26532170040491	0.023733922197264	-0.0433458282614116	0.237658618735821	0.000157629897856372	0.276519886360192	0.073459826218075	0.315205700803548	0.110974379069533	0.167975179063684	0.276495706466526	0.161484606408777	0.0338072829804935	0.377514705980319	0.209328835011666	0.206924412319964	0.348983937550987	0.23147030803845	-0.0651668499758009	-0.00285876870933431	0.2700895675103	0.0425900137203336	0.289074996259888	0.261467979488635	0.0917421163032379	0.159967451946337	-0.171020466022538	0.134432495084089	-0.123450365472482	0.0507298305628838	0.196364912413094	0.115129441221106	0.0498380084706519	0.052652774871533	0.0314315229337868	0.209970708654199	0.0583550792426613	0.139950672315657	0.0998292486205546	-0.187718725283042	0.283375997678656	0.155423648760255	0.0970840312939096	-0.193659741921272	-0.0185294985810623	0.143789808817834	-0.0972670357560016	-0.0451845837711666	-0.0927880245145758	-0.175782867529141	0.101406738104325	0.426253784161648	0.278671489767606	0.234249039644457	0.205289302503764	0.0638691013432227	0.2038133219632	0.142480584101241	0.254496121367466	0.365451269218838
0.634053310299744	0.433085961660458	0.342824789889936	0.403892361631228	0.477553746985819	0.213785064692584	0.241598998097731	0.0129950508720417	0.0534098794392868	0.187978678116322	0.280772219442944	0.154757342153154	0.182489135894519	1	0.239128686810626	0.177338343778154	0.113053976157873	0.0909539003195018	-0.16234930914147	0.176513891782772	0.23770334274619	0.26398803397717	-0.0317673854204917	0.214124142264654	0.379125845222299	0.373236928097743	0.241918816510857	0.14042739096487	0.274113156463002	0.485333618436567	0.119648300803352	0.396158854858474	0.314142776457756	0.293346082701778	-0.0183019122519088	0.0816751423256499	0.206649972698692	0.193747074952682	-0.0789110233828841	0.135109693766515	0.3143417434458	0.488149144504108	0.0881834537437534	0.42805740241457	0.463059117085696	0.168192247147595	0.228899792452584	-0.00354433735017671	0.304228244107992	0.258153764777397	0.335890516986472	0.378928918445387	0.491498879032178	0.244195782427827	0.254275669014805	0.361094869196236	0.419872128243847	0.318238160998151	-0.198385305180302	-0.0653721932185762	0.3770425395444	0.18239594535703	0.326443858610872	0.100736944283494	0.229607256299947	0.227805249081767	0.018564768213288	0.0367283065262962	-0.184357500026021	0.374561038220206	0.044847991160528	0.251184326920705	0.0473683096073079	0.348263556735032	0.111843496465993	0.361007537265664	0.146203251670216	0.182107895298925	0.193849546812044	-0.0383930289144123	0.427666531699938	0.474529661874824	0.334600293959712	0.0266454094317436	0.332261534524214	0.25913710834532	0.186619005951287	-0.0225167092915872	-0.0405419043261653	0.13123450278676	-0.0424783097059676	0.256364792116256	0.2937033354401	0.272889880501503	0.217280134314262	0.157955121530323	0.276675362384535	0.330462464272033	0.425482071774066	0.09493757361025
-0.0892743434442163	0.45374248955116	0.352285637554096	0.37173965678985	-0.0369401952781484	0.393530660824702	0.33408259414681	0.256941333178789	0.162557912697608	0.513089777932658	0.433783797156816	0.371502635874028	0.0851727579366786	0.239128686810626	1	0.415253277584973	0.143497705231815	0.338616401908941	0.278630919133047	0.296494061346244	0.415695884203166	0.452477103878641	0.126715202137944	0.0602707303084548	0.210309003933654	0.0623978288241715	0.243767700723962	0.343009516215201	0.453518784679439	0.494765695187627	0.463335707668839	0.292925282512038	0.266404482082334	0.25877887617986	0.280855588912389	0.300501399465663	0.0777637880670089	0.146088878553734	0.187257118906805	0.213313385904936	0.526977714802488	0.444388688479878	0.44673622937764	0.159688889833745	0.22052907615019	0.330800903009138	0.411012885288434	0.320169366576513	0.433283519891148	0.503300919103945	0.395911460141005	0.509443637151195	0.52232853829664	0.35249960455704	0.419301345666107	0.278552108150513	0.240773032010247	0.2752765556731	0.184040888560784	0.229115873550851	0.29242587452552	0.197768355391996	0.256804193327493	0.262962357901899	0.617227883857343	0.321807058526801	0.399838364511728	0.140192676246464	0.216802823432592	0.341088879654154	0.366759486554075	0.30283002856573	0.00853867936247319	0.21653402083047	0.19856279488179	0.131887314116517	0.252082677635112	0.390429877488653	0.384770997741259	0.340863309480712	0.277828082513869	0.317853679000065	0.385111025274861	0.293942877065596	0.169828394968658	0.297327203724288	0.0314588379202239	0.31715824573556	0.232611499079199	0.182813255483377	0.193312978987137	0.255039674019418	0.13994563528032	0.362001531764804	0.410696291532252	0.345734138065724	0.524633147297052	0.0566807140899242	0.0638081738788514	0.220182201158365
-0.112189134216687	0.0682170260422454	0.119658876310507	0.144072423404641	0.0213409612628677	0.151583176129852	0.329281832201731	0.0216247850299572	0.269976634053305	0.296536948569764	0.200579395968408	0.152351160068851	-0.129050458987209	0.177338343778154	0.415253277584973	1	-0.0252940710191389	0.370893252920084	0.609023910702559	0.0507938271072321	0.277839498655227	0.0782426591367308	0.0122540956692139	0.0868054499389072	0.362711111020745	0.343179369963974	0.335874332000591	0.28725511848923	0.181550708103044	0.442755067103867	0.85699649199861	0.492307675210014	0.0349909719903891	0.248632745153147	0.604940333767902	0.824495425153989	0.110217870074246	0.377941770063961	0.317881927967256	-0.107867552951242	0.293349081130852	0.478602366606408	0.714858415934398	0.0108144191606124	0.309900493437893	0.216792460338043	0.432814991636381	0.124377256306819	0.0767718295040431	0.415332490791665	-0.0597862898768679	0.083547156887535	0.511369838281159	0.201154111635966	0.287394398583588	0.371944547249346	0.0902910787508316	0.13139402121104	0.264617000198057	0.282519231314544	0.154224673992512	0.341238679515565	0.344502425836219	0.0595438871053694	0.159001658468576	0.44909526833534	0.807289864131985	0.223274172453522	0.538541826451823	0.426166551340618	0.341305079177526	0.328650871821483	0.132691119769401	0.340444982253017	0.558797812641913	0.370493300388729	0.204736289145247	0.336754204043688	0.217995868590484	0.661754264697437	0.184539722672499	0.337981545314394	0.231698612996979	0.704736891540516	0.405333465653097	0.211678657614489	0.00464995766317744	0.721595141547747	0.669466515229926	0.391748912700642	0.323311914655202	-0.0668054833515805	0.0153254777100452	0.339691428653395	0.209551624521507	0.299380588447745	0.10093573234917	0.168073886242376	0.060575128147961	0.168496926298381
0.0545117346615221	-0.0672084943892231	0.152598505852476	0.101821431235542	0.171589863710687	0.120504936927042	0.0976051180792316	0.405347549740582	0.274236145299748	0.176723599502327	0.256904422379947	0.353794776336082	0.486021398132759	0.113053976157873	0.143497705231815	-0.0252940710191389	1	0.57428973654148	0.0746528346103762	0.374626364474363	0.445044607809921	0.20557835489223	0.19703627605751	0.0644677014117919	0.221396336973958	0.214318105312454	0.122817785018828	0.00607001229835171	0.015769069242714	0.0671225496170907	0.155329555461458	0.00823181283294292	0.233831385234819	0.180892953141798	-0.102018196512659	-0.0273099745831389	0.0508560040688025	0.0282608520232743	0.00405793678278445	0.140103780342505	0.0909610036421212	-0.0364994464621185	0.10273785306659	0.0908201284758906	0.00231557035566907	0.210493794930017	0.183705200184248	0.178631308642547	0.0944575579259009	0.148834613750915	0.199455952050375	0.101371256671876	-0.0342920518309711	0.117450512925674	0.109424733194296	-0.0437428462067907	0.25998257424878	0.228477645117726	0.137403691126518	0.171192745589279	0.207181942802222	0.167523046631911	0.204595414533719	0.34416786327934	0.0108542764850316	-0.0499476543119578	-0.120627605379086	0.264266860444716	-0.0134819988890487	0.221880624270075	0.371476829372972	0.212290807792567	0.0132359161248659	0.162351505687695	0.312018588689249	0.21723659023076	0.0895671792726837	0.0458879260428719	-0.0142081386092094	0.0836543494486266	0.270937702868054	0.318941023866237	0.0762413988467984	-0.00388021522992262	0.106405265308028	0.10781686957168	-0.0587130688414613	-0.0984454449500221	-0.0197754433649568	0.00772365988340507	-0.0118989093992958	0.149694121113257	0.108949251222004	0.217683809461775	0.24091675071953	-0.0239814330490728	0.0766194172690747	-0.0764240501879939	-0.028556008441717	0.132970925045257
-0.187979245299073	-0.00667474764100688	0.0686092587066457	-0.0380114450448432	0.0332461300156107	0.233877375321937	0.140508410895314	0.616907429890584	0.498622878274928	0.318807750850791	0.348306057793217	0.361726024213497	0.244216712699816	0.0909539003195018	0.338616401908941	0.370893252920084	0.57428973654148	1	0.493909284511513	0.371007292985291	0.354040588831597	0.179463160220381	0.078391334897619	0.179782522559173	0.0496819017626937	0.0951596641341679	0.0790882691140457	0.350396197995415	0.15318424790587	0.330965527381511	0.532758518170013	0.0413736371227524	0.0567450944470104	0.260372192296473	0.254257869358239	0.346070988804432	0.230033901076593	-0.0726725054994818	0.288265179915455	0.03037826135858	0.214288637995738	0.123795475852368	0.375137405811856	-0.0616740324088099	-0.00788013263963613	0.289728714301769	0.254371465034102	0.349004919356564	0.186835682000469	0.34931029207995	0.0401107217882088	0.0664699863747723	0.056535856795529	0.125706484673661	0.121728839537475	-0.0232878461062284	0.39513828386792	0.509214048933785	0.524698692633228	0.454218804588868	0.15724837556934	0.168480419527549	0.168091280335773	0.279687139612641	0.118044016125486	0.103038414815568	0.209126142636096	0.598693794983373	0.249388247258674	0.442561400145488	0.447573791188909	0.201379804440025	0.223919648168953	0.071533685131079	0.610872299618107	0.272769672652058	-0.0594449333129123	0.351531839441339	0.178305901612923	0.506060316196873	0.257714380128506	0.338379468183569	0.281376704631689	0.296806080707214	0.315229044538112	0.144583886053885	0.0912118257467539	0.206724486742548	0.181263070318321	0.122765117521016	0.208907352278785	0.0568723752970839	0.0231833059110862	0.272246413465699	0.367392070918388	0.134389925219231	0.181789172452993	0.127734422994056	-0.170664143308132	0.0498554382617671
-0.281998859853372	-0.127597032808821	-0.0771069117015369	-0.157184426688869	-0.162409241690001	0.0622834798680638	0.12286106502023	0.289719066426198	0.624183669456576	0.236276214464166	0.106809328604766	0.00887828560571164	-0.0669193064936232	-0.16234930914147	0.278630919133047	0.609023910702559	0.0746528346103763	0.493909284511514	1	0.20589189636228	0.245771287530336	0.128480534677892	-0.02546297813153	0.272452451978732	0.237414928805779	0.192154274309393	0.166096974383044	0.357062110093766	0.202398837439706	0.30466347580569	0.589085717125646	0.0352469038739359	-0.187499920552966	0.177996172969176	0.419334679218144	0.709328668137386	0.0116751987036916	0.103670640619436	0.464692020208096	0.00191147023296271	0.189061616365935	0.207030621413941	0.482597862490563	-0.1162209170055	-0.0875915064641341	0.243678793423199	0.0866185874344972	0.362829189916984	0.0483426558369569	0.359473525074607	-0.130564196960045	-0.0741658110880716	0.104244091968767	-0.0135544550456918	0.129877493272949	0.0461353256889373	0.10680017414028	0.235718451905804	0.70154671628414	0.669172490375128	-0.0381812556171078	0.143719422705276	0.0498634828709893	0.165090283783562	0.168635757307853	0.267245378343012	0.537583875106774	0.469581957756436	0.830141591581046	0.331918358772829	0.304415329062805	0.175108931611358	0.322707633442768	0.230613510722922	0.510978373521896	0.294179762248303	0.0879846454339493	0.353905097016571	0.239568098761774	0.67492047337764	-0.0130999054216775	0.0744504605693452	0.179887510684152	0.362910451323389	0.173695584460232	0.0238745791235459	-0.0188579272294039	0.528421403830664	0.478019645291265	0.298199259330981	0.350447730169896	-0.0265309006987478	0.0160490467213977	0.158321933946921	0.224770789653877	0.204229735150964	0.0769056086557451	0.0186300893782482	-0.214773655454685	0.101295268161604
0.122747098592643	0.204042177296882	0.313803041976138	0.233970376428734	0.074657587981231	0.217389496889446	0.180623714061196	0.6349842266465	0.600449902422776	0.212192220726499	0.181018109119076	0.308591273612365	0.332705388908447	0.176513891782772	0.296494061346244	0.0507938271072321	0.374626364474364	0.371007292985291	0.20589189636228	1	0.376901077754244	0.200829433565274	0.0859447832471393	0.0404556306690798	0.475632928508544	0.334086445661586	0.249792102011607	-0.0464630724771523	0.104285094742563	0.138285715907163	0.122877259944081	0.217645598918239	0.502398864867556	0.285274254036943	-0.0220819732069663	-0.0269175398638174	-0.0711153717515486	0.276727972786189	-0.00507245841814762	0.153590625978313	0.213366951212098	0.0775260372124323	0.152448892671169	0.55894990724472	0.400477964094021	0.238090141139641	0.135208800895642	0.164861665460595	0.251287096977276	0.1899924115003	0.279320280762172	0.202539781436827	0.195208686425903	0.174431400472036	0.11790619880994	0.160076045199326	0.485332344023882	0.505370302711103	0.315292894633257	0.48564055735216	0.407469445951054	0.0940367167644938	0.202352674124058	0.319106886078471	0.297333871269058	0.156574422770838	0.0782162018039035	0.271063455614838	0.158983145943752	0.705949028402581	0.252976415020119	0.358552557096467	0.143859973889025	0.415776630139139	0.289555351564245	0.507118163573872	0.290576540567515	-0.000538665195341194	0.0520608942772784	0.140470189512575	0.499980420575898	0.416103681047248	0.144725201728713	0.144507207407756	0.354975957509909	0.270526037792086	-0.159407943832779	-0.0167573675666597	0.133776925763233	0.401388904675715	-0.00326150317524376	0.241866097604212	0.614318180189918	0.266902290851168	0.415464447315537	0.0159315994638521	0.230475208746255	0.11310685791239	0.168560008954479	0.333283800841803
0.110044817401869	0.153444917742987	0.228284970301315	0.306057049619729	0.210718789713457	0.381866456500939	0.339746992335725	0.2495865992236	0.319154193559621	0.580808511464228	0.575817964181299	0.591720443216678	0.357150956111076	0.23770334274619	0.415695884203166	0.277839498655227	0.445044607809921	0.354040588831597	0.245771287530336	0.376901077754244	1	0.420031211620352	0.280020623741874	0.109702850525252	0.372065438371066	0.423631563497385	0.410562300078344	0.11524144349339	0.230454533183278	0.268552258666987	0.370825924406611	0.140858820289279	0.155535707672029	0.329981966462294	0.126815480400273	0.167747763591427	0.0395652650129679	0.129225292393098	0.145991946285766	0.246278283814591	0.325438300398825	0.178732677865258	0.544817971691544	0.188053346793775	0.00704590797000514	0.299319083684864	0.439471082614662	0.34720520803	0.352988988611197	0.573249471141653	0.257644436376381	0.198786682511145	0.247849947074252	0.373645359372794	0.297380941832286	0.112418791999791	0.280550398683443	0.144404172024895	0.0345533902146897	0.241060989370016	0.461457848383803	0.361732580543371	0.494740465615837	0.4437611786854	0.348674976383318	0.262755048851758	0.0914078344677149	0.0866874911076317	0.106409791964293	0.28450851808391	0.41879222973972	0.401330400227207	0.188860923586135	0.431077781040702	0.369843180640091	0.360338070782226	0.30109937258677	0.218201110509874	0.187055975648211	0.128626676037985	0.290390346797929	0.255423129751562	0.114646054076464	0.10090886493394	0.146018806548089	0.0531093407065924	-0.00545538932247084	0.133309045965201	0.22217931723698	0.180628739206954	0.205443179639245	0.251796246121831	0.21276515159583	0.377469534763758	0.438254331934552	0.24257965235939	0.254507379774377	-0.01805931225471	0.0776212015435835	0.218782650119199
0.211477321908366	0.425507125042938	0.149325917714018	0.30278085350161	0.255352734726701	0.379446417353178	0.165760006887532	0.102759455616816	0.0824960903220731	0.617111816439225	0.320370310916202	0.359532801319872	0.275355416555894	0.26398803397717	0.452477103878641	0.0782426591367307	0.20557835489223	0.179463160220381	0.128480534677892	0.200829433565274	0.420031211620352	1	0.099920838983061	0.293187118667275	0.13177863758629	0.230778696605678	0.297275033335001	0.573865533236864	0.679535903118661	0.422213158764168	0.213411514423948	0.152832720589715	0.108169612686488	0.4055076447544	0.0268400381228801	0.131933860257067	0.171645669139143	0.0389938434374305	0.179593492312923	0.620589208275654	0.688336171704982	0.401814746060289	0.2712363387074	0.297790546421826	-0.0192566673306809	0.480112041277006	0.443481500761627	0.441971462468447	0.364541223730076	0.428487132741512	0.473914290126437	0.489813935954886	0.256362881642054	0.191264663154574	0.486826730278353	0.152168974196271	0.14766513661286	0.0884926811015246	-0.00937063385602028	0.0486702474618962	0.473665880947871	0.241341395991806	0.371474297952373	0.311342980744568	0.49573926138519	0.20329441685047	0.0479507125272709	-0.037468668243043	0.0753456610167597	0.154780128772343	0.306631884796407	0.455233321222944	0.0307423271439183	0.222284388495839	-0.0211913439919504	0.0662460739941709	0.236646773595358	0.550271790967506	0.588516732218901	0.0294227070362417	0.381312175730581	0.27960930043793	0.584265662607422	-0.0997394067003436	-0.131745061855696	0.409887099845867	0.214033186883127	0.0800098128230407	0.024236633799861	-0.0769418460071199	0.130059496577757	0.605034832981355	0.258507419801794	0.675913160397204	0.648960377547431	0.260844148775431	0.600547369317144	0.270868307454552	0.212778336579106	0.158756824252916
