1	0.788416459905529	0.691845077896882	0.576399077079975	0.528905468684238	0.376343795776835	0.624974564401018	0.574768025281691	0.508814627314712	0.327301281018088	-0.0451012727965086	0.265974525259572	0.293425377190064	0.812074365150285	0.520437194415258	0.697985535047704	0.453061182901638	0.392102065258748	0.583169593507572	0.493951364894172	0.470218223975153	0.462679052306984	0.0782543775449109	0.407523213743824	0.475491832900163	0.590559510174934	0.566203692272338	0.0260377351218278	0.370928793924022	0.698202602531737	0.323677962733703	0.632562635716281	0.265482468779946	0.60800703729251	0.448144135354677	0.650490547449604	0.618458993287061	0.482061490385224	0.488234611968884	0.409434064423622	0.339690780286422	0.409195147340902	0.344114866461525	0.549899317330043	0.606218377987736	0.448442129634568	0.533912986391456	0.510914031719313	0.303183337508477	0.513512778821284	0.831258686014829	0.787154354641378	0.622744969424428	0.580165167711614	0.591849482422092	0.57044175410474	0.359976698069397	0.338274667262401	0.411595473139016	0.257508477348781	0.348767573956237	0.23731784894627	0.172019202947913	0.145377032714339	0.818790250478054	0.620782446030778	0.622396460291932	0.232074760774198	0.485879002291351	0.55126293916208	0.0917860916532572	0.387303116299797	0.122289904894739	0.47606732738696	0.255345218852899	0.641837473903687	0.667726571637848	0.271452007360865	0.521394472168839	0.491661481793328	0.51525320762808	0.452323687164513	0.606091465465607	0.595620667111842	0.72513214720023	0.287139630473406	0.394616180644786	0.604945690842884	0.409039167584014	0.668331202987671	0.445315896471928	0.476105010697205	0.690365426085485	0.696271683524006	0.547600542150445	0.565518750019282	0.539740130210822	0.454057062158211	0.552945162318999	0.420644311414982
0.788416459905529	1	0.692036046606677	0.785903271760882	0.563266682552142	0.460947778269385	0.752591573781054	0.584773383541243	0.624612333246055	0.368786309948676	0.0390296029142467	0.357565749154516	0.320720638162779	0.847960705142315	0.597789778399522	0.716397145634078	0.446338071809195	0.411823327353027	0.614308401416055	0.438802473797004	0.519592366659712	0.493276976084677	0.11684976914899	0.394540317686098	0.586811333330068	0.432825423660824	0.690785110345539	0.254384201807975	0.389340137014062	0.709928092057714	0.328417917928625	0.508161876604051	0.368934837632194	0.582662356311165	0.603279815272802	0.67695933568863	0.60466945353349	0.33254614617689	0.520929041065698	0.468787826527542	0.311668295552954	0.325138803662325	0.36144191827034	0.490727675462408	0.606664680847761	0.4267217828683	0.490092942108109	0.544921504416632	0.441468224506248	0.468947728873913	0.766171328647142	0.82555313302703	0.595800980232025	0.629653985716556	0.599518385578879	0.673332910449183	0.448191259787041	0.525472384202277	0.478859013453919	0.434263300107681	0.489066354710999	0.296874034263118	0.23345437009282	0.292466790509017	0.724962865883589	0.482295611837031	0.519461316170533	0.400401880674081	0.510144131618399	0.489742517150978	0.186772435807382	0.439125217105319	0.0862626332002514	0.583932571441127	0.207269909537204	0.582247361621703	0.653904684575975	0.48211560338354	0.508484647049876	0.486653572191985	0.416629294691101	0.417662249857952	0.65248941462319	0.46935896660565	0.63238853765005	0.134573907384596	0.335731338006766	0.598214485498341	0.375322474530337	0.568618704401066	0.443724059252603	0.4803652135507	0.585272703644804	0.683494578375583	0.401688065560145	0.557199504697785	0.567086186736025	0.591737997402452	0.626409304048484	0.497594036810472
0.691845077896882	0.692036046606677	1	0.465105769973459	0.559167726858203	0.317320715755916	0.426349576650718	0.28663935075839	0.28140241759006	0.154897466957614	-0.124779212100511	0.0365064977989862	0.0639129783681546	0.58121244207922	0.346043582044975	0.449887689391551	0.194986833482771	0.190124916517044	0.353579308588676	0.103182556320188	0.213705081121387	0.208829215280982	-0.122258499405663	0.236167137648156	0.377347534993335	0.3469841262026	0.380738165601757	0.0461265606455874	0.285595538673625	0.564939473970188	0.110421180761088	0.331963455674848	0.111545492466953	0.450191412103462	0.255711705927516	0.507628299703268	0.412931763996999	0.178968398137072	0.228989307622167	0.193077653061403	0.128393768595097	0.217533203061626	0.0945277165215267	0.304279008538046	0.323645821689463	0.0502340470329146	0.207994837182204	0.269987520214551	0.241623102641772	0.1294086054484	0.738120598689101	0.790965210187952	0.367615129522449	0.470781426363273	0.35304405415134	0.321136758290992	0.0774289312540905	0.0114707304376726	0.116073857548992	0.0709981070116208	0.126311901902504	-0.0802617948825744	0.00604368273874463	0.0248005962545106	0.55906304599654	0.241316080753905	0.357243521827399	-0.0179550706672218	0.236734305799159	0.231206195742464	-0.109254527071055	0.122484531570864	-0.0721197434034243	0.184617579362737	-0.0586040391690197	0.415969626291204	0.3703848759885	0.169720602730715	0.221417459308959	0.163600200772257	0.252488636123694	0.165853859711921	0.421840302768361	0.268131679573408	0.38135137898017	0.0950267569224783	0.26492477922849	0.305486599485844	0.124061153472488	0.380888849409283	0.238228940693449	0.178103415466684	0.339050179418923	0.349276693928319	0.171840582847238	0.32635319753375	0.400703449210045	0.372753019204002	0.433491857274535	0.264600685975316
0.576399077079975	0.785903271760882	0.465105769973459	1	0.573051812917797	0.673054742047868	0.859605775277994	0.544379319647488	0.596977465912216	0.275152666065174	-0.00800617373163586	0.302606165377744	0.202576386547726	0.724688661907254	0.717742709913624	0.586060693621319	0.262348551103757	0.264779211938162	0.611043841246373	0.457996847469065	0.315157518908101	0.471832689808688	0.178054566968436	0.326849761444995	0.54619881086591	0.34253640972442	0.618594248651988	0.285512789868861	0.266547382059685	0.4774566658217	0.242223167579303	0.34022342890389	0.300564219120002	0.459460097661047	0.629852983398755	0.576992236210021	0.459825878793343	0.276584603112966	0.418246540863111	0.408386946111644	0.31282442873366	0.246164109250673	0.304078190477658	0.376137122047389	0.528777533276097	0.417029747927796	0.37377695052862	0.574312191298854	0.398290989698284	0.355671732025777	0.620216843192148	0.634533782027784	0.583173598599731	0.726744256039952	0.678253523207968	0.78021427725475	0.331030142008414	0.519667579651728	0.537979577634468	0.474094269272734	0.487917508143394	0.294832052737805	0.292574725714617	0.175423644907943	0.45656815251948	0.268472040950386	0.386160469696103	0.340487695462391	0.39321117638564	0.293210081943793	0.129993033472726	0.364033536266686	0.123968236220661	0.544679170959881	0.122084875273586	0.398751278946218	0.460881764129399	0.390384378481853	0.387586896928865	0.381443388521895	0.215401091439306	0.198303597868579	0.520023607301679	0.293008227377387	0.382499895199943	0.0512587090820799	0.263107882218786	0.500072952311711	0.197866883373736	0.379286664552958	0.291353098323497	0.353878008359974	0.360140593190202	0.484023159095788	0.210192584720488	0.576588533664435	0.349095208481587	0.464918994770214	0.57805857842853	0.452633005806271
0.528905468684238	0.563266682552142	0.559167726858203	0.573051812917797	1	0.731919283151271	0.550151949435509	0.313533965087953	0.381801907063037	0.310654521539211	-0.0365006863137356	0.228770590643234	0.186556603823476	0.593542698645978	0.428331339745154	0.417438887362597	0.207530274318581	0.12610854296704	0.500178574574763	0.266243190088112	0.232438809824696	0.336880896118519	0.104319889631161	0.210980882838819	0.450790456366509	0.353334716358309	0.547074717880979	0.18392919783067	0.344099352614286	0.452754091727541	0.12212340798778	0.35303767876866	0.231400158437718	0.458984533735887	0.364061061996848	0.438520438731393	0.235808680115325	0.293092681061052	0.136369483403545	0.305838318380017	0.227275502061491	0.379832213838952	0.145736716641562	0.368299618203447	0.394226967299854	0.27603088671969	0.40143436415164	0.358425392902726	0.539511398685083	0.320007661997749	0.638005744792213	0.584477705515773	0.401023383010227	0.598678131980172	0.509276951050342	0.506853753044138	0.266999242565975	0.320796379176622	0.332500879608908	0.31557690692021	0.33863918693668	0.102896371510703	0.173576269516791	-0.0167447152971394	0.362918841263529	0.219835341230501	0.264030074220316	0.0926890289496922	0.304137176809711	0.308463900120966	0.133381904694931	0.267988602235191	0.0486431838852906	0.355428970828002	0.128270446168196	0.340781331021957	0.437684364343862	0.232886305183583	0.356362696486268	0.170947445673223	0.149142201539369	0.215070834365501	0.332723892784494	0.0833030435408703	0.24609185778428	0.00966413941570998	0.102468769644913	0.26642260295418	0.0735987939233375	0.172198143832092	0.0628291276140955	0.159123407112767	0.216918482590251	0.461756398782898	0.168023477481596	0.39215207603684	0.369108632198308	0.456438463598052	0.382584531399022	0.326431678541461
0.376343795776835	0.460947778269385	0.317320715755916	0.673054742047868	0.731919283151271	1	0.7415919904078	0.436540793019144	0.391158399148119	0.32273588667836	0.207377464544841	0.365164462300417	0.312420829064802	0.531651137985247	0.505275682615604	0.450775790069031	0.170082331247231	0.209761537987372	0.553315087833757	0.398369462317902	0.21733271080073	0.412029229783597	0.303789136120612	0.209129365531224	0.456524073230552	0.370889915517254	0.523733391359497	0.252799978220949	0.315692892352061	0.359340635002751	0.16313030190914	0.376267354857742	0.360418171433253	0.422193831650398	0.560522108964758	0.453803996331913	0.241987189208666	0.291655368433556	0.219254135264312	0.283904613145048	0.276064689868219	0.29753382385183	0.147652715222654	0.338590136123854	0.438274758811307	0.364753505830515	0.421788159093913	0.514333611157696	0.438086920036632	0.308272264453919	0.539364014921077	0.427276016246815	0.424398079460479	0.786507720477763	0.613512913787291	0.665239252314251	0.313060039135363	0.422235978147862	0.451173639981655	0.351553943227605	0.456486589735722	0.26329050108019	0.232778213560499	0.0431306128100439	0.298930685805389	0.138510107178553	0.369488227362103	0.247709353252087	0.351978818401887	0.297385906918253	0.193475115538279	0.319441606081165	0.259289640834606	0.346021132959484	0.141414288934902	0.309497852748779	0.364992697199289	0.270001840873257	0.290638397219934	0.283188211766647	0.15013218983876	0.146509714722733	0.37766951414776	0.171617879618965	0.247018334082567	0.0762222414079127	0.164450814862436	0.354958729677372	0.114480401807051	0.249383483909949	0.107745341437747	0.186901606948996	0.270761045475993	0.407268956392808	0.120332234520875	0.444817307625166	0.28557076252685	0.375225801923158	0.448882915254213	0.375229261475732
0.624974564401018	0.752591573781054	0.426349576650718	0.859605775277994	0.550151949435509	0.7415919904078	1	0.623016401065555	0.565595360085591	0.318473445592261	0.0946179454880837	0.33125441615178	0.350104010555459	0.762997981096658	0.598446347077824	0.662686054786029	0.370261577285616	0.39549679093663	0.640451545495301	0.547677284310074	0.410773765420904	0.495437798947049	0.260068383561903	0.406281713690152	0.575959295616079	0.44435829691325	0.65430565513748	0.199374229736434	0.335058168066417	0.558917851720922	0.340718551720469	0.515850225814082	0.362265514203098	0.547695571928624	0.705014242426508	0.637268513432422	0.554787489293492	0.375614205945222	0.478754154099452	0.406782357995417	0.415179299441247	0.309836469188319	0.310053759512524	0.462578477428407	0.633653483467394	0.442521517559069	0.452343835794645	0.624980484475517	0.431215611562688	0.430827603062047	0.656011421375072	0.594914589284543	0.566236620528397	0.7565354493144	0.788500152010316	0.813786297759163	0.396653650455424	0.515827597846814	0.515568060846774	0.381866031949496	0.553716058110097	0.334466551073838	0.226437401046307	0.137742045403356	0.550644813069999	0.337377302391111	0.491024431110747	0.352674246417563	0.432475820817553	0.423586677082091	0.190660913216726	0.450529392902261	0.241225867312052	0.53851839621216	0.203556636333189	0.52248219666621	0.559226749087133	0.361759884595526	0.442406216186677	0.465888347679811	0.295248540344977	0.308933521996967	0.548677885110146	0.39603976024627	0.518130107266084	0.0907133080652028	0.355821283682435	0.592008645237707	0.28645123830327	0.4806937566771	0.364085126925332	0.407701822630739	0.489822157296117	0.568565192131444	0.308804774140179	0.640796017431397	0.390893934746521	0.50021072293158	0.600026696086273	0.495180984900065
0.574768025281691	0.584773383541243	0.28663935075839	0.544379319647488	0.313533965087953	0.436540793019144	0.623016401065555	1	0.715727885819375	0.480331515265466	0.239254395371305	0.566915811962338	0.540218141593386	0.630563938144719	0.50729447325133	0.719155072983078	0.586654281745737	0.55958980415077	0.773177197340674	0.762732470113824	0.418924595606274	0.554372094568131	0.307803331302205	0.423875863544565	0.625920157953157	0.569560289080944	0.668174727500326	0.301683125709365	0.449698277523602	0.605569900880143	0.294038645082641	0.647520654623068	0.470174924502743	0.564328434094355	0.513039136262781	0.574954322623691	0.457212770106569	0.422693415086449	0.351632489566206	0.457160583562617	0.35792640198019	0.359334847001327	0.284263707013581	0.453072672943098	0.636620448994692	0.5679030016943	0.49050404062062	0.472321664119584	0.288076417058462	0.699991725187731	0.646859026407366	0.446246363244822	0.554673076457545	0.528357939028937	0.538988250295063	0.609810468313731	0.55756917527379	0.594162123071461	0.602030070234955	0.603492172918994	0.61142779222034	0.324087568380985	0.299944241853945	0.199453293293088	0.643637494600865	0.554276970995942	0.63280219141693	0.54181609561103	0.710752092451359	0.646729540840984	0.416841083952347	0.616825833300792	0.345412016682859	0.609395237284022	0.4820583472828	0.560697731043953	0.609780716955295	0.409907006810464	0.524296619715164	0.632644063795335	0.442276262177966	0.553098543841881	0.455049871736631	0.444850852616124	0.675633879814405	0.240822231795357	0.26108230139516	0.535960781958351	0.465413516128131	0.572122624209942	0.324508899574338	0.462900625066194	0.521845204633051	0.66627206184603	0.382239027226422	0.57274324332795	0.489848222661689	0.457204655119926	0.589284929875178	0.540152705005285
0.508814627314712	0.624612333246055	0.28140241759006	0.596977465912216	0.381801907063037	0.391158399148119	0.565595360085591	0.715727885819375	1	0.523248405594827	0.211650710853783	0.556489795855115	0.474730683075405	0.693763464568269	0.544563122761754	0.682053242616082	0.534580368700653	0.422007340555697	0.705938595232377	0.62991062175309	0.56140218618104	0.467207420670177	0.295110412410961	0.572697420183588	0.584973089277057	0.512803112881976	0.726079030222879	0.401228398872409	0.381989487643252	0.587486705907983	0.315821957419589	0.556215889813837	0.522067234425105	0.581199243275847	0.535693304849225	0.706595905342863	0.574410415406352	0.460186207689627	0.548871540138885	0.643061638011671	0.334404040650304	0.262688234360891	0.390080178609322	0.519811977789244	0.621760145621941	0.481294150441052	0.476891072941888	0.629210568762933	0.480629338109901	0.605608384014381	0.56437956371214	0.511685260873196	0.564871554238652	0.44275888103357	0.528309863281694	0.559309419175052	0.634213323109785	0.649074790398711	0.582204512349893	0.762381616607318	0.694020788954162	0.440736187735931	0.436003035569892	0.421204128059134	0.522720815578277	0.512301313286865	0.5470566544623	0.488643545527235	0.600704463426164	0.520395712691126	0.399759885189656	0.573943616895713	0.329682873128834	0.66516707699929	0.382460397369304	0.462294538827351	0.644559401509763	0.511717068764777	0.477049991627222	0.5095188714754	0.447814608617288	0.424324069441	0.52420121133296	0.444236358259651	0.583984101939719	0.201211594212409	0.317263131882684	0.611554202078488	0.505894508028395	0.638067001676899	0.477181635189799	0.619228745672764	0.558873636782331	0.638637503580953	0.334867900251325	0.62611048156075	0.456274920806546	0.439318530395077	0.617322988206472	0.617780749629621
0.327301281018088	0.368786309948676	0.154897466957614	0.275152666065174	0.310654521539211	0.32273588667836	0.318473445592261	0.480331515265466	0.523248405594827	1	0.341974030982167	0.718533384383808	0.393295060744557	0.417498924647493	0.321451960096409	0.493302616405899	0.471927803532949	0.285983660021578	0.469744707739554	0.342237272951103	0.57376376110592	0.405527134155345	0.204211749916593	0.387178873507222	0.310029834995086	0.491139001937613	0.5160281778558	0.30980554086227	0.509376536741421	0.404286980138265	0.275466175191446	0.546340471267026	0.532309709650954	0.421412998843451	0.369378714687447	0.500644214092774	0.285893854446634	0.29941193457436	0.334902340266217	0.405285445369149	0.334202360248754	0.419942695264203	0.283183680650328	0.414665596184508	0.464741607367416	0.257816812811301	0.435591273360283	0.393422864265497	0.40756143245805	0.573773092682872	0.385327250865709	0.265948926268783	0.343740136346893	0.345736573611621	0.433665387642437	0.483636763348253	0.52983170206659	0.497469600890947	0.435865928284179	0.488971073679137	0.613297142489894	0.341671719260809	0.414602424633994	0.342496396866321	0.427442548889676	0.479747258527497	0.426534683130048	0.311480955614237	0.428886342174372	0.432626060686176	0.341251998731684	0.386575296287088	0.206254930248813	0.436485557691949	0.170734628543047	0.382981939573291	0.536945641820775	0.402727355946315	0.584354759623562	0.374097375736956	0.404611387036977	0.337049315737054	0.458818995281826	0.382332820412953	0.420934282632773	0.179437752389619	0.298482485177464	0.520249628427054	0.391348554066014	0.440417422960348	0.272724201870419	0.396656723077597	0.407315951214618	0.508124442166284	0.243080492517893	0.413296483301459	0.380455497084242	0.461247304464242	0.600390399207799	0.652613264625445
-0.0451012727965086	0.0390296029142467	-0.124779212100511	-0.00800617373163586	-0.0365006863137356	0.207377464544841	0.0946179454880837	0.239254395371305	0.211650710853783	0.341974030982167	1	0.610729119764519	0.449086160589642	0.0443014346466714	0.102432848773889	0.214496681082034	0.249305898393057	0.196695730124336	0.153094182615215	0.250270805882127	0.219821580270045	0.165554567362754	0.404593276460846	0.127676374633618	0.195774536809891	0.227156529758424	0.180976334274333	0.222679682078396	0.184807255300302	0.0546806588541627	0.0875576933364357	0.256820118401931	0.455835161975696	0.110119251121512	0.343002994241926	0.210085810007386	0.0419904600101491	-0.0269333913612876	0.147102946525766	0.153374375852389	-0.106897264037765	0.0280379183724444	0.1364704475505	0.146517345408986	0.151871124555768	-0.0263237937817034	0.17909403658538	0.195490818416845	0.188269663503816	0.319302699418725	0.0957706096056986	-0.0772247302752335	0.0317068414104233	0.18730843089294	0.0555218457313737	0.172127680885687	0.325021908098871	0.298499675373469	0.19921184859169	0.347251315898702	0.33146032954352	0.28868535639562	0.284096430088077	0.283360349699963	0.0830737643598689	0.0441146512326596	0.251260942595426	0.334822805011264	0.297490304377031	0.285806872747135	0.392193626036633	0.331456905463146	0.198995351303829	0.112654981113239	0.126332538264095	0.208256284170457	0.168044303925073	0.227733611181692	0.0464798216181314	0.219266650823893	0.312754521524777	0.234602902470704	0.0632778324369127	0.178854064568906	0.145160898537453	0.349557295226395	0.0697828915898442	0.22039609911272	0.316728372568253	0.198664366823267	0.110753378900045	0.212879886089308	0.161908414047372	0.138117387140655	-0.0191059032961487	0.0588198682748502	0.252681190452738	0.100527860746318	0.201435427541604	0.219305420012776
0.265974525259572	0.357565749154516	0.0365064977989862	0.302606165377744	0.228770590643234	0.365164462300417	0.33125441615178	0.566915811962338	0.556489795855116	0.718533384383808	0.610729119764519	1	0.645784474675909	0.401209637380325	0.396209559575494	0.512227941288177	0.569846371437974	0.379811831480876	0.536614463882292	0.514871853511632	0.448857317822378	0.396355960855902	0.426369766400766	0.334496445448316	0.434353728471412	0.434060542400701	0.555648404596569	0.351483798912582	0.469411511759144	0.437799170362021	0.264346308351143	0.486408173109518	0.756503823095884	0.314799806572204	0.454016660437849	0.471401360557325	0.208181315178542	0.20367057399184	0.285537563589399	0.43187467555354	0.158038321823189	0.224315420440158	0.24534097382875	0.308646127160451	0.413651039409319	0.276238931922259	0.356733813661348	0.35622615020133	0.409900178306464	0.570930422811651	0.383401364871965	0.213532251509814	0.396227338858241	0.3715298222102	0.363562494213645	0.506933213620791	0.621318432358427	0.564698907600444	0.453006978189929	0.593248008438935	0.701546104400289	0.390522175278229	0.510242324486356	0.444093060759759	0.398168123348876	0.363087083727958	0.39847810643222	0.516742677149277	0.571467787494236	0.461462770688723	0.567367565033402	0.497477791761491	0.279905709013676	0.510289846907364	0.314514932959544	0.416370009454841	0.491897842049238	0.433320745223634	0.47061168179698	0.421856428482471	0.448402206920332	0.433798087290364	0.397587417518623	0.297254188291473	0.398222304692579	0.20337726366333	0.187339842770963	0.477950028171187	0.417667776700225	0.384521244068648	0.241350165532602	0.405146046714557	0.358267331643578	0.502265494779981	0.103918487058887	0.357133810081437	0.522181555074023	0.430031780734582	0.617332773260327	0.639964688304982
0.293425377190064	0.320720638162779	0.0639129783681547	0.202576386547726	0.186556603823476	0.312420829064802	0.350104010555459	0.540218141593386	0.474730683075405	0.393295060744557	0.449086160589642	0.64578447467591	1	0.438218288526392	0.285299599456228	0.470188182642137	0.685831944406527	0.4892750003846	0.415384696120649	0.413369576921471	0.439203734703417	0.246972803009518	0.407878214662009	0.418367288055789	0.42266643725399	0.384335531866298	0.43803375888932	0.211164441840842	0.333257356084683	0.453139032777931	0.35904810451348	0.483463878406667	0.746526460161861	0.346652813359144	0.435922014894891	0.466093065765797	0.251595255571643	0.169391480122688	0.387809364199298	0.355317496394241	0.182641626297679	0.190256658117526	0.279412658986366	0.284314860942639	0.41800745573526	0.281931785795122	0.251797076169154	0.435128428193279	0.412252595038908	0.526658859547583	0.363211469778301	0.177533973477746	0.351725434543478	0.327064993871612	0.355040314442345	0.360953671751577	0.556783585856066	0.337475902829978	0.226346393794175	0.382178753248296	0.565417785677312	0.4352345146499	0.449800464360968	0.484855528167732	0.470749142992301	0.427527204283639	0.388778418506286	0.513106188521395	0.482716820009074	0.444658973602198	0.611151941926564	0.520679612163862	0.269381215396494	0.419270648635954	0.443780575003635	0.408092090705993	0.408483138511158	0.256426808053246	0.335236216457332	0.451853224808216	0.344869872308686	0.461639992455626	0.406927493144373	0.349926187328508	0.407153327819443	0.12909731244848	0.117324976720144	0.41403739890196	0.443929284006192	0.347509544898235	0.391897651917924	0.412635515267637	0.333833395987848	0.417860139743173	0.0722977865203888	0.382062596332568	0.510086132564904	0.365893251138682	0.429333231211071	0.461410201949523
0.812074365150285	0.847960705142315	0.58121244207922	0.724688661907254	0.593542698645978	0.531651137985247	0.762997981096658	0.630563938144719	0.693763464568269	0.417498924647493	0.0443014346466714	0.401209637380325	0.438218288526392	1	0.657620463946734	0.771991304666915	0.495477064337622	0.440983499896967	0.656012116122742	0.570627957873109	0.549173827107104	0.49447855049327	0.233396777973046	0.467568569750147	0.60834842134724	0.571288602274452	0.750409140702017	0.316744031858235	0.423457655728945	0.776915593793687	0.41619745562746	0.657502980489728	0.457486577847296	0.666626964655824	0.646134220984848	0.724643122158224	0.628139769392209	0.522302497015271	0.577898509926708	0.590330703125993	0.462986359021334	0.458548534240331	0.451378111412919	0.639178765145215	0.746452109437455	0.491950659798769	0.542709984055247	0.628145081097883	0.565709014912146	0.565216481231978	0.800995753256372	0.773780712601435	0.711905667692989	0.604211808885196	0.655787275852393	0.674049980121361	0.44917423278691	0.488632948829828	0.498573691018991	0.447480759935265	0.602684837614648	0.385698958024852	0.288402364637914	0.278911936278347	0.756890744007428	0.599457044835824	0.574648740673059	0.406801075553122	0.524803114245807	0.524381373593279	0.289226475086041	0.485465681315133	0.145639400627344	0.619942641963216	0.250869754140091	0.589765734106188	0.721373885651699	0.492108314933624	0.606193029495317	0.466186730672418	0.45084963470614	0.448066339975346	0.717315995184334	0.522668547099569	0.634820190055026	0.125593165945903	0.344712390486875	0.637934595765313	0.459856346636563	0.62722296413756	0.479915844454263	0.6031953749276	0.653998807192641	0.716985132103017	0.402991722935682	0.627668030878296	0.645561856952917	0.605640859426366	0.674533817704233	0.611838769962273
0.520437194415258	0.597789778399522	0.346043582044975	0.717742709913624	0.428331339745154	0.505275682615604	0.598446347077824	0.50729447325133	0.544563122761753	0.321451960096409	0.102432848773889	0.396209559575494	0.285299599456228	0.657620463946734	1	0.50550523614161	0.15751316557117	0.177157909290923	0.474074924591206	0.490995985725739	0.203962793874657	0.396794237562888	0.251452898458848	0.135161190916237	0.52904145442139	0.380386795608342	0.583057893332569	0.276411169631528	0.374048493688301	0.535622084911903	0.00463258126893568	0.354828926176698	0.422763941428772	0.495858637875089	0.468979807973281	0.406419979665939	0.358062451960843	0.247180479443625	0.177601990751329	0.394879106233963	0.31244903222791	0.331020207875571	0.144506444191209	0.387822048444943	0.423030488523868	0.340375711767489	0.292216418589045	0.400366305357536	0.328796427739335	0.514198345247683	0.531781076719411	0.443276530499993	0.560711172776742	0.547773845112148	0.483261595718794	0.622698081059098	0.400807779216299	0.469589706787894	0.364703851902878	0.477942204521302	0.566281189259501	0.278498694768141	0.476633311640786	0.289939333419734	0.471892176733281	0.289406426574108	0.326494098775008	0.307612687872159	0.359109613082227	0.336359472090572	0.217554708422078	0.301294666284017	-0.0407571237029363	0.558185888895283	0.147734850209672	0.348955710293669	0.511388447834976	0.399939826318462	0.402738914570001	0.311349363476056	0.275202968649127	0.247073300752527	0.51736291173997	0.19452325403703	0.387966205992622	0.0589270069640129	0.246232081914856	0.380230874959979	0.160018939186523	0.310588908127359	0.0759737575222878	0.369183903476479	0.345330004852504	0.4324449081647	0.123273159657404	0.38075824885412	0.306588716937426	0.486706614588133	0.589216470771605	0.552716618038106
0.697985535047704	0.716397145634078	0.449887689391551	0.586060693621319	0.417438887362597	0.450775790069031	0.662686054786029	0.719155072983078	0.682053242616082	0.493302616405899	0.214496681082034	0.512227941288177	0.470188182642137	0.771991304666915	0.50550523614161	1	0.57558165548072	0.691808713220894	0.807845947462736	0.570071405309181	0.641156808581807	0.479665747736694	0.0874137797281705	0.586298042795858	0.47242161210558	0.582360415236207	0.638582702205669	0.195008737122602	0.422902247701535	0.69697449243387	0.642440635619436	0.675138725584699	0.443466396365267	0.557308422115668	0.638618687110763	0.785085046989147	0.615398611652551	0.482228521184122	0.545553978480359	0.502166899779058	0.359700180742204	0.439803815339281	0.527065451979474	0.557776991258444	0.725199500400195	0.40952552136611	0.536081966130896	0.541106799721136	0.470051581896623	0.566665461793061	0.737024745042178	0.677907155203741	0.68254347413077	0.552164709022879	0.573995510798137	0.621246344634858	0.527422776114761	0.580836084860638	0.619691567494127	0.537497856216046	0.585737208398893	0.397826727629718	0.358214091979881	0.268778647172342	0.748524265671178	0.565963963786994	0.732302333571763	0.549394334347332	0.727880694929953	0.647491036967751	0.332256820949077	0.584107221711601	0.399799105953801	0.547062098276316	0.378545799778918	0.64299653550597	0.70470002809315	0.384308157529919	0.492603279638542	0.705661683345578	0.506604212839828	0.508247860827085	0.570036219958333	0.626790890980243	0.739582526153405	0.28036615170994	0.399993755939314	0.77242673777179	0.557895625289465	0.734085584379855	0.521843926511978	0.523912105061373	0.629723884915142	0.724923925703392	0.416601100390434	0.573333971149191	0.58414529360792	0.438559813243606	0.637087147415466	0.556002860609766
0.453061182901638	0.446338071809195	0.194986833482771	0.262348551103757	0.207530274318581	0.170082331247231	0.370261577285616	0.586654281745738	0.534580368700652	0.471927803532949	0.249305898393057	0.569846371437974	0.685831944406527	0.495477064337622	0.15751316557117	0.57558165548072	1	0.669493577712628	0.539631892208245	0.462432680188139	0.571579450377709	0.404883949111983	0.152779069458442	0.484229957520013	0.434001657472123	0.349759169367388	0.443562479997606	0.143737273723438	0.29261593034581	0.471931656193385	0.512431761488128	0.571057876503997	0.524381943707313	0.31940217565767	0.442733090542436	0.514475397287433	0.354323809717036	0.236423183261414	0.493401255480717	0.361988845854709	0.160425947898793	0.216184437853585	0.490603313192462	0.268940476995861	0.501312019459976	0.261346139606921	0.372718143226679	0.411110848681959	0.388482707075675	0.602262991622134	0.456009112269799	0.318442995640263	0.438624173238871	0.283110677697103	0.374028585831492	0.403921954051863	0.553036362148545	0.378912622208715	0.327026852857536	0.410324799399869	0.488467144771548	0.463874153788519	0.368731309548482	0.365508888507968	0.515675055960497	0.637602219942189	0.454108187175488	0.50203997775011	0.539737268990914	0.54296027559245	0.557174994863643	0.557172193154488	0.419074740136822	0.467351810290684	0.57240972741558	0.503431342668922	0.4766588697519	0.353363540976941	0.419782812362458	0.548988120518399	0.466988753997698	0.584277715251267	0.274074012968468	0.462411632509015	0.49779371158038	0.212949111658714	0.167394393704319	0.583487449786558	0.6390527043164	0.436771167314292	0.483837636209382	0.398672111207897	0.375484854280611	0.49164865883505	0.285785582894965	0.445111637662192	0.551532613367593	0.318847484242509	0.421657198984254	0.475167435708506
0.392102065258748	0.411823327353027	0.190124916517044	0.264779211938162	0.12610854296704	0.209761537987372	0.39549679093663	0.55958980415077	0.422007340555697	0.285983660021578	0.196695730124336	0.379811831480876	0.4892750003846	0.440983499896967	0.177157909290923	0.691808713220894	0.669493577712627	1	0.562789614456128	0.402491012176319	0.476810181058323	0.303328090658547	0.0457897435636724	0.518387779453452	0.278592899012372	0.307202125728751	0.345953009523424	0.0220711860242911	0.175485254455291	0.504441187037935	0.680881095256562	0.554683030081166	0.32765639645262	0.337669177016288	0.481755336526231	0.510597863527	0.448986685277728	0.290729979126551	0.462650785597931	0.221677294428981	0.229251570932254	0.196437608856335	0.504770190080782	0.278626426067388	0.593462561907083	0.180891897576184	0.357284579157927	0.412802776328351	0.262888113116616	0.440697216579664	0.419984290208825	0.375990949462614	0.437199448893411	0.217341855280711	0.317251521557781	0.278754411021309	0.398952192087697	0.375852887397436	0.382961910685685	0.271332725549171	0.416166704540919	0.372815382722962	0.295564860622429	0.229892736424094	0.55657772112381	0.434945528995092	0.464098880975723	0.462884064475573	0.470706449199633	0.390404098789598	0.358636648284916	0.471071896545888	0.377199577164912	0.301326071081631	0.405975143329444	0.372601811259979	0.432641928772099	0.237830191054087	0.278292329656634	0.567691073377584	0.38266790355681	0.440937304647653	0.327552567265635	0.474666003172352	0.517403985668717	0.139642080278287	0.236612523852014	0.577642359460077	0.451979034278212	0.452688833665274	0.448143321654563	0.316599469065338	0.378472514876485	0.429146057287062	0.279491140973134	0.390994915488848	0.441337643712734	0.270131321751523	0.422072790247165	0.361394747642554
0.583169593507572	0.614308401416055	0.353579308588676	0.611043841246373	0.500178574574763	0.553315087833757	0.6404515454953	0.773177197340675	0.705938595232377	0.469744707739554	0.153094182615215	0.536614463882292	0.415384696120649	0.656012116122742	0.474074924591206	0.807845947462736	0.539631892208245	0.562789614456128	1	0.619654452332318	0.449159404107935	0.545092678932473	0.147224693118792	0.534886019982381	0.503362046329765	0.514058708315109	0.655723318738452	0.237383697320308	0.376508417479523	0.593132392649076	0.438773296598705	0.61262154564162	0.418052626141086	0.506308726975117	0.533331489573138	0.74084166355703	0.479378490771349	0.413802193567125	0.412130961663876	0.448352015198882	0.358466278833058	0.366938096772482	0.363168809226163	0.408426063882566	0.673084039568265	0.46613798086646	0.465370465916867	0.508600328982915	0.436280632231732	0.529496182866361	0.701389140661484	0.548179786737379	0.56474188858582	0.580340654587957	0.613409489471751	0.608212524292047	0.527174658905106	0.580101691976637	0.679583021620004	0.630226550204618	0.582130681876679	0.263783728044748	0.274114042038177	0.210941097452106	0.535226620701755	0.42257152561004	0.602295841731024	0.51603808453432	0.741603319186319	0.585862308763233	0.33054787477209	0.533483579815035	0.478098094135498	0.503416667741541	0.445547687189648	0.577575939044961	0.657578972878866	0.400124193715754	0.473968793412442	0.616184437932256	0.351928761748107	0.417366064074192	0.438433925978747	0.430009388791778	0.591689573986966	0.167504783074628	0.307336957781509	0.61939641994188	0.405655240217082	0.600700613027986	0.377092716913086	0.439752256517233	0.456994710474869	0.637060966807561	0.316596488518858	0.626169935994616	0.461324601076229	0.435753885744584	0.621077927154174	0.459894788070793
0.493951364894172	0.438802473797004	0.103182556320188	0.457996847469065	0.266243190088112	0.398369462317902	0.547677284310074	0.762732470113824	0.62991062175309	0.342237272951103	0.250270805882127	0.514871853511632	0.413369576921471	0.570627957873109	0.490995985725739	0.570071405309181	0.462432680188139	0.402491012176319	0.619654452332318	1	0.300525823012848	0.421374792875373	0.40166343610095	0.199041371083705	0.5913815800507	0.52571222075776	0.602869243228852	0.177350941630615	0.275712526262422	0.494160842323875	0.184303335832896	0.594215963253032	0.40011056842536	0.474575512884318	0.417568353308896	0.389953439136378	0.354364388326376	0.406395155026028	0.207090720196226	0.421025508430158	0.245567020366452	0.299895547611993	0.178658028377589	0.406105733689494	0.564108025956587	0.569069457611965	0.51307747518571	0.390631005157508	0.167976646909334	0.61395380345948	0.494943009589714	0.325063142772733	0.49855496234043	0.387990027372664	0.47342015284065	0.542998050257713	0.505387296652262	0.598864440030603	0.599091354937749	0.607416808162592	0.479822495305832	0.241493116937083	0.201622644499766	0.149956678311384	0.556623250643039	0.519516900767826	0.53747582677202	0.460048959960534	0.608349283381439	0.547509149619312	0.358738677460574	0.494515502267079	0.263974578376888	0.591951472367342	0.518749654335194	0.473118380122635	0.554927565110657	0.277032640236231	0.409547764008956	0.530091079377181	0.485205349425293	0.536244413285393	0.316602107006416	0.349451149048115	0.565905135819118	0.288433111096895	0.209610394871137	0.431265025933635	0.441258699264454	0.432690883955798	0.2323820768282	0.439861740773061	0.488778578928614	0.523367309399025	0.429363561214894	0.453516542245633	0.372230982068615	0.309032512145961	0.494400970944136	0.476709619813657
0.470218223975153	0.519592366659712	0.213705081121387	0.315157518908101	0.232438809824696	0.21733271080073	0.410773765420904	0.418924595606274	0.56140218618104	0.57376376110592	0.219821580270045	0.448857317822378	0.439203734703417	0.549173827107104	0.203962793874657	0.641156808581807	0.571579450377709	0.476810181058323	0.449159404107935	0.300525823012848	1	0.356990843846072	0.168214127160007	0.641413597055518	0.258959819468199	0.444469245834319	0.512242521457818	0.280981841016104	0.404671852956567	0.405584777248956	0.623438549159781	0.476200873370382	0.496478036645257	0.479914411212275	0.477153698816584	0.683860984162595	0.568269468562031	0.479169616174706	0.699849254643743	0.594392197085892	0.462197901538023	0.373235379941908	0.653789430929146	0.622204058703939	0.581533757126498	0.384819465682466	0.540617740126981	0.58371699989286	0.489012184078472	0.460952078282422	0.413805259268614	0.376464354989877	0.335146482457367	0.319159314612131	0.468429785557489	0.376496678860638	0.599471623775568	0.470595798577727	0.380082082704442	0.342256615464517	0.439827615826928	0.433070058256147	0.306143769543051	0.394443804939812	0.454579961595611	0.521541170879774	0.521810470601376	0.332749563317815	0.408795180501113	0.440745943789097	0.269157208736629	0.474306505084076	0.236261290262237	0.431207000397488	0.205431152774301	0.543568309966846	0.630642025789309	0.48198648522091	0.435153205896535	0.466091020321841	0.424668258723481	0.367219351777371	0.533053205796131	0.627592189760145	0.571186151532248	0.26086703313545	0.340898646156138	0.693879938456916	0.602258178514551	0.610595740576006	0.640745582813934	0.625381330601599	0.653825425312298	0.616411463368029	0.459201733287027	0.511500732577029	0.445922874037196	0.414554171547803	0.470078261833379	0.471306963559295
0.462679052306984	0.493276976084677	0.208829215280982	0.471832689808688	0.336880896118519	0.412029229783597	0.495437798947049	0.554372094568131	0.467207420670177	0.405527134155345	0.165554567362754	0.396355960855902	0.246972803009518	0.49447855049327	0.396794237562888	0.479665747736694	0.404883949111983	0.303328090658547	0.545092678932473	0.421374792875373	0.356990843846072	1	0.286351180441372	0.287901763891606	0.440156660043194	0.365389093708266	0.531814157623537	0.326907003264196	0.450965004473519	0.371210478151562	0.12661745491876	0.467715332348575	0.206115057035508	0.4226122238197	0.344608415749519	0.385687472343694	0.455551697281037	0.355961314041873	0.324886105173358	0.382385217846006	0.427257542287031	0.330716012105196	0.274998000933477	0.354030990368651	0.510732456997823	0.480519135998563	0.52843436736523	0.35505762190791	0.323036566261896	0.496417461972709	0.446193086974736	0.321014974487212	0.369380853518837	0.46536481340648	0.4095448106665	0.551656452940585	0.382610318943573	0.460644678182551	0.555935944862976	0.433625189628661	0.466092772133181	0.27708909707215	0.315788851882109	0.074345511921986	0.392555046952611	0.386644214639733	0.416833762175844	0.26974974014714	0.550173454351753	0.489941885163216	0.262133376706859	0.439385478312033	0.340720608128736	0.547558761985161	0.371140675030928	0.358035328737652	0.476934193780312	0.476757588578471	0.40859217855173	0.383122154211405	0.373045485775671	0.291010770186016	0.400728634601268	0.285063336330389	0.456114996358591	0.184387491581211	0.256661852763057	0.460082154900313	0.282107200978836	0.351385859208347	0.285187731325452	0.368696000975022	0.401598394793111	0.585872057916067	0.361309195112638	0.407851387571553	0.380857674351074	0.460887925317326	0.370389825033245	0.382492576284086
