1	0.705208899383041	0.670477427758911	0.733274477724999	0.633347571835679	0.485418162372816	0.646484631804481	0.526759525109781	0.454123058319504	0.425089254767818	0.382456910472224	0.446916232271824	0.336572631978163	0.67600026571193	0.499108972321742	0.505748980128726	0.33235360828625	0.232294199727605	0.491613747948321	0.294429040702169	0.412189875398017	0.342000293847885	0.312167786921527	0.424438273549015	0.19051941309602	0.142863069256743	0.273540931529233	0.204296607656326	0.508777248691147	0.24790664580324	0.367026223135723	0.273609619687894	0.127474972501312	0.199005566806647	0.580198723276329	0.44937101347109	0.277917704428464	0.216935014652419	0.411992015035434	0.30904359621838	0.249020634504485	0.370208459084283	0.44431798588138	0.101158669514109	0.208878857078554	0.140616268947592	0.19981659609365	0.449819450063905	0.390875269633333	0.456417085484204	0.558904147783101	0.608328743703282	0.598195835086589	0.517248587151575	0.62574417362289	0.694178036388009	0.289257712230994	0.444050165402915	0.449694100318505	0.437190817836668	0.483555399292722	0.359503855048294	0.314097853956473	0.405332364159886	0.529958725155575	0.551355582764557	0.531330944858567	0.584830581760976	0.465644357910048	0.288749567057567	0.4656020149571	0.293090571419675	0.327781192653671	0.288714281846832	0.405053524752723	0.239406113371372	0.155258373399226	0.209258800066682	0.303882780363478	0.408487484935539	0.383738890686164	0.264659821665922	0.248574106954829	0.40102465190382	0.2342820185651	0.360864121822238	0.231546141017486	0.564286607932836	0.283615821997255	0.203688196268303	0.360320088142932	0.24254616346642	0.153215330738498	-0.0225537195149124	0.0903425969027766	0.462909560747492	0.293770506192652	0.104976052526562	0.167362432030824	0.43270575879028
0.705208899383041	1	0.668038336129926	0.778658334888255	0.512348311559383	0.471852568198304	0.624512754777588	0.423477122080115	0.462101350498645	0.560628461169265	0.432308918462344	0.524742079017378	0.383875580591489	0.658441799008185	0.522873306529483	0.540579150060065	0.32886099692847	0.348240917575661	0.462277240597065	0.255229416285553	0.48766748223783	0.350887810426915	0.372143122493767	0.400910426922417	0.235974010604522	0.0663159657326455	0.156955981830209	0.14064496185559	0.396630882313964	0.229087737818936	0.498604015412764	0.337898176857055	0.256337955347759	0.143063373951362	0.511052766330383	0.396699081132032	0.194438976214975	0.251890655510841	0.314367016286328	0.166305199618054	0.133526825630163	0.436994727947564	0.451221154880677	-0.0271365239776639	0.200151475207747	0.0465515875893716	0.318672713966124	0.384851458333999	0.315722105176887	0.54565351699347	0.492001748616111	0.717119584581214	0.700198799457289	0.685909195280378	0.625418590398924	0.697616462224537	0.425651012713743	0.540766634684793	0.513853738172621	0.479062174842037	0.594655026562642	0.445371120745935	0.356296477032156	0.534174816537086	0.520027804009366	0.58311495257046	0.594856360806041	0.567724317883674	0.443648813041424	0.45287801661653	0.449010821222039	0.383510664970507	0.340549569672512	0.302182719088884	0.477764540317405	0.281861113717023	0.146498157461156	0.224835702859468	0.295262086745816	0.504330338521728	0.425460603754531	0.399254395777087	0.27631551926645	0.425650609907913	0.377470954923366	0.405254011014103	0.163316979737507	0.547059476986921	0.252332693336403	0.29389919421759	0.331799564664867	0.185316499637778	0.0769083472734142	0.0168390982076133	0.197703491604502	0.484263024409109	0.256820708435254	0.203895581683145	0.297802674871052	0.481808726370886
0.670477427758911	0.668038336129926	1	0.686833075774106	0.544183440479878	0.513708244265801	0.689255164461602	0.54108443982931	0.529500184356405	0.400572311954434	0.367047930394554	0.480082484804736	0.359686703096186	0.604043911684508	0.471177146581005	0.528857948864364	0.40646081294471	0.309915474053635	0.561941915801902	0.304621405021854	0.573447792050705	0.301699402240105	0.261349073367803	0.404641587545001	0.322675123548097	0.248295736074251	0.239723866903385	0.0790922195532103	0.360410237333436	0.238643325806339	0.385674055648612	0.312154167691941	0.270021006665243	0.172573416024087	0.512146815181822	0.512988510530001	0.188100374116857	0.135838453010168	0.266938719084689	0.167075345411766	0.192807800387944	0.365097920671708	0.402783186142188	-0.00312595553027884	0.216463430399652	0.096670309281542	0.275588544484348	0.204872792933705	0.184332629344449	0.551145821712199	0.556136074435182	0.67417384882698	0.52780017816	0.672525591414117	0.572888795428176	0.696897822701183	0.407478150122606	0.592570129197795	0.488192744949817	0.503129870335158	0.59087426749959	0.498821103583755	0.431281038655856	0.462655401570174	0.533896106073445	0.518001729972966	0.543745732451278	0.546620212731996	0.520861875702364	0.467336579839492	0.581406444245202	0.370101003172478	0.385526848953588	0.319373501538325	0.515144696824035	0.23882719400548	0.144250902060925	0.200203341207435	0.264558361106999	0.465530735726284	0.327054360020066	0.336715866655385	0.239089629005284	0.363168737949238	0.351743482276573	0.400056903617754	0.12477727928246	0.508367932727499	0.318684444934076	0.314835538748058	0.136101174184731	0.136968599377586	0.0602879533914336	0.0270723419109316	0.183036646219295	0.340083244257067	0.196937106782189	0.154837817455927	0.314267627794097	0.424107522757511
0.733274477724999	0.778658334888255	0.686833075774106	1	0.586879313910221	0.454869492995772	0.689010460318775	0.452427409792261	0.521737826160423	0.545634351916507	0.418969425843348	0.579627806550898	0.4436999779833	0.710304273899522	0.624413485320549	0.695153604567664	0.408416530250942	0.444274107401774	0.578453357082488	0.374258258031389	0.549040037502163	0.336281191289942	0.479833804736195	0.381169270908079	0.417047911646448	0.170879025095175	0.216143186526908	0.23246345628134	0.495935622286042	0.271056626692551	0.593779511071246	0.461472655220962	0.309614268405064	0.309379509652899	0.601820414746334	0.517833700450385	0.13052465801042	0.218082184946757	0.290039099150848	0.147147639552518	0.11413751669481	0.508139570031553	0.530762570050493	-0.0467006400763279	0.233666352613642	0.0659113642106255	0.338548926245604	0.244575259379862	0.397844839199833	0.638184956933696	0.521904303405414	0.744489565868513	0.67553662063464	0.537132325873641	0.657504126051578	0.720191265351536	0.490147712384925	0.616581560922186	0.494369148812362	0.519465973216199	0.516591248615006	0.460516662896593	0.444997496624917	0.551801707191644	0.629069592458301	0.651230934839506	0.69264737078286	0.650165779401843	0.511265454043408	0.475139351059637	0.461339550437741	0.405008501775171	0.305419277097937	0.271531280484023	0.530360368284169	0.294463651617966	0.140115214428971	0.140397088477035	0.273559719081593	0.545438969226751	0.451555936642302	0.457838913976006	0.150827915956662	0.467186105594951	0.407422240143873	0.41747196724768	0.0394888301704005	0.589230833106902	0.341263477439192	0.358894146659841	0.240159928211898	0.154087071993289	-0.00295654359491229	-0.0858149283531968	0.192181200806431	0.332395983819952	0.312959249306469	0.0310687352757551	0.17716357080676	0.480488600034266
0.633347571835679	0.512348311559383	0.544183440479878	0.586879313910221	1	0.738940135444294	0.591558135035282	0.48920660903377	0.474668404078648	0.558165549025149	0.423375038222697	0.450374796306946	0.354940113656061	0.603863854323814	0.406516494654438	0.452919098530116	0.291984157852352	0.400614130504662	0.47601466651838	0.362786008175312	0.449675623649807	0.428978226137941	0.41798984145487	0.444879095368703	0.353544690844967	0.292219715498231	0.34250420139005	0.171669587207851	0.576038518201281	0.166209541578263	0.40100948655233	0.332215874768849	0.35104806947682	0.16829696841714	0.502874718240881	0.386605355954049	0.258789624363534	0.172528958296574	0.365107183413658	0.183348667504253	0.22433456722097	0.297102800460721	0.313334759318242	0.0904285882052653	0.220861765886138	0.282442560238634	0.329837185089789	0.47770880499649	0.536496620544307	0.383382388198619	0.606460572938904	0.564166934429298	0.534303713908865	0.594335146618329	0.674788232352588	0.603384577487779	0.372259315663103	0.420878113272045	0.356592686285449	0.436935385954726	0.503570079157575	0.381691104786691	0.355332407989654	0.356769551527242	0.448555352430268	0.496142249172614	0.503656970077768	0.496003283305202	0.392074090333684	0.279831830159415	0.395706751452164	0.329131487261159	0.397183157966149	0.382375518786359	0.376643746931533	0.274229810541966	0.365888971907096	0.0370517265619561	0.178840608640986	0.377913442476237	0.25147241055081	0.402982193743296	0.0236764222903753	0.169341899802401	0.215884261068067	0.19471126914484	0.245604045743413	0.509991992637016	0.238466398703426	0.164444768305287	0.223955419898869	0.118100454747152	0.0399290075493974	-0.00713992600147802	0.120219918722972	0.40062777934392	0.270138126505283	0.129952611498805	0.20479716486682	0.456328901351975
0.485418162372816	0.471852568198304	0.513708244265801	0.454869492995772	0.738940135444294	1	0.5970309127083	0.3966870138005	0.445096861008902	0.627158250256118	0.443421388407775	0.561019597028073	0.376690610328667	0.665679501010635	0.491562636460462	0.386228798579588	0.353416680026316	0.299480848870383	0.393959453085847	0.348634725635381	0.476636475902868	0.461042092555722	0.366353625616276	0.323725219511069	0.380506830090546	0.348888182369234	0.204760589862523	0.103685175031261	0.51096197745859	0.141713473784583	0.360935342699611	0.364957529194199	0.335623156493344	0.192511183314467	0.413533991513026	0.328735472449738	0.153509280811965	0.159451767177899	0.326171909595535	0.239264026642481	0.229987357924309	0.274624483273693	0.297058858896671	0.058385617208262	0.23980392842316	0.291473529668078	0.363577518615719	0.561405885435768	0.455877622001219	0.372804782119566	0.597726862759794	0.581205777397419	0.525970404432824	0.607156794644206	0.657951725898044	0.584422668994053	0.431333785397785	0.37154990030395	0.3012417011414	0.397392349513114	0.484950812534796	0.284983005989443	0.399756496340284	0.328717157548462	0.427266829511503	0.402880253025791	0.434276286347561	0.409489654885037	0.330559027728587	0.223965302328818	0.356588092704856	0.320483246305727	0.33952383651349	0.379908114840793	0.264741368602812	0.348329415698938	0.295802808714373	0.114500294220695	0.0969070074983618	0.300747603206711	0.223476897229006	0.282752785001802	0.0180098781075431	0.0894887163942872	0.235167694424224	0.211681286071516	0.171387582886394	0.469037675343935	0.142132108673968	0.253691584843084	0.238554879695552	0.124219001911084	0.074846516717005	0.0370292914018465	0.0975560467404811	0.43283107525457	0.22022408403582	0.167659593444133	0.163589857131175	0.292386242606149
0.646484631804481	0.624512754777588	0.689255164461602	0.689010460318775	0.591558135035282	0.5970309127083	1	0.579642410026405	0.565716995636302	0.43610946706803	0.519318338776186	0.613959502156082	0.37502681888729	0.686944338515679	0.65759848696412	0.661885246071567	0.553441824968378	0.430528853953497	0.651386042807402	0.371000849116776	0.59560868698736	0.295465359264733	0.54850986936633	0.532972323755248	0.44872303015627	0.328777765696785	0.322468297034047	0.149121355077699	0.468285320352134	0.3403469350803	0.535399280889828	0.466500921531289	0.284987406705769	0.43509754406856	0.791184528337227	0.704524386911869	0.354282710211017	0.192638331713288	0.564023288371033	0.356066919377857	0.261236015648958	0.463354308761888	0.582715480299115	0.0830872944903365	0.24636100097116	0.253614087585784	0.502311714090369	0.379039714856219	0.358145058315976	0.61564684060094	0.631729917116559	0.721228799738953	0.538062165485949	0.569983405625231	0.608990002484009	0.784459935417756	0.3709156784661	0.497349404109968	0.551070251189452	0.530982026167173	0.54161979124957	0.496765558144491	0.514247497887608	0.356490815972653	0.588931306546693	0.641162368531798	0.572484853185241	0.598533753034824	0.588818985301514	0.484340922104069	0.51668200101608	0.343114696478918	0.517394120835731	0.329614693085566	0.612713230673223	0.384870142052193	0.292138107152589	0.166288989808527	0.366704424146096	0.52233558044158	0.541912917251092	0.34932998517838	0.303147693187855	0.50917107547801	0.354743357724262	0.55360030319894	0.229628707886084	0.701240427150225	0.484204256863661	0.418968368564579	0.437832679555757	0.33189902873009	0.232873977043918	0.117083327649207	0.298237918704339	0.375994006349379	0.267061203246295	0.163271606625482	0.183267275149701	0.535471274779963
0.526759525109781	0.423477122080115	0.54108443982931	0.452427409792261	0.48920660903377	0.3966870138005	0.579642410026405	1	0.784117871655554	0.351269869822133	0.457734324228747	0.558712422110087	0.493904377664513	0.537337685549986	0.466096153934091	0.552234021202158	0.635218459405022	0.556779843890715	0.79633067403963	0.434123180553628	0.554067155195549	0.199052094996012	0.408327946373849	0.580878498365601	0.299813949328209	0.392951526770716	0.231257597679933	-0.0457206259878581	0.368917964927294	0.116761405450526	0.361675275731592	0.297492534476167	0.318660999281264	0.243660792506497	0.487977578110304	0.595096764691698	0.227471961925357	0.2216374202563	0.353389564113744	0.0663525870365947	0.017256326003183	0.168813433109623	0.275651184608863	-0.0360350427768184	0.293611787404175	0.273908896906006	0.268054413798847	0.15788368657182	0.140473385577208	0.438459407771887	0.460858452427602	0.523922138211994	0.392340357162789	0.326143712819926	0.350369588388372	0.517374337516298	0.339111236781568	0.564542799799935	0.6238969898104	0.692014448884261	0.428262962980042	0.495577022849103	0.410789228567243	0.368749460860421	0.501677732359507	0.503581671123736	0.530695120150387	0.699906216794418	0.672777789177009	0.38970279302333	0.557589655272771	0.387560652311612	0.513795617598862	0.337386923662885	0.593513955869762	0.302410908892414	0.0467984307973014	-0.0909433483691914	0.0853754069604838	0.50843140149533	0.341961004416269	0.453734060382833	0.021690912697855	0.231519412805336	0.355005574193692	0.200038972438123	0.186750704764608	0.590660362251625	0.333946808216771	0.261127715054042	0.193981397048684	0.0630570292488729	0.115332436282925	-0.0954964416583236	0.146001787235649	0.22463129725432	0.144980232164955	0.122434810745201	0.113121175115188	0.432385472308466
0.454123058319504	0.462101350498645	0.529500184356405	0.521737826160423	0.474668404078648	0.445096861008902	0.565716995636302	0.784117871655554	1	0.374831264838108	0.503394873995025	0.601468218519252	0.601701955640063	0.506450874761927	0.533357264802074	0.527901730309597	0.680785317891068	0.49624703393064	0.822206381243818	0.44818046369555	0.609129273160574	0.287770264142202	0.5136360368691	0.673451825229376	0.387545994167964	0.431597813351048	0.302034579305032	-0.0692294168764165	0.330156315300583	-0.0840792359661091	0.3379982440014	0.382076761888854	0.38257041227592	0.144136201428203	0.455783575970795	0.618141673089023	0.210184142032093	0.286958451767091	0.417727066283033	0.0441163833391641	0.00382981474090603	0.19487872422464	0.342801154595431	-0.0131531716434864	0.43821550198481	0.295978107505656	0.264975256578577	0.138732919516971	0.163719709446098	0.453058547896679	0.30993768546749	0.549984982213858	0.476797514993271	0.387287255979304	0.399836715460015	0.551365691849691	0.509171410745737	0.464392163249874	0.541658479254697	0.861725980496315	0.501149913279431	0.539286700884709	0.535111313569972	0.524588299494118	0.473599866588404	0.556496039251309	0.538988765166656	0.716497521387363	0.762041504748966	0.522657680178845	0.596457814447539	0.541688761720605	0.627944332548011	0.408535227939477	0.560781121748054	0.386572348912285	0.0897078597421892	-0.0406527588644664	0.0367783404476277	0.520103670747147	0.389083698554975	0.602050684450974	-0.0765196121120169	0.274634202619836	0.488650097819505	0.13560183459162	0.183190421785446	0.584075790516529	0.309174490954956	0.321407244728132	0.225711611178654	-0.0436818090012845	0.0971569772449894	-0.0249387993106957	0.27862982749518	0.175409617998182	0.125264249473272	0.167050052607668	0.167150075334171	0.405261701660788
0.425089254767818	0.560628461169265	0.400572311954434	0.545634351916507	0.558165549025149	0.627158250256118	0.43610946706803	0.351269869822133	0.374831264838108	1	0.526520802385422	0.706522677423092	0.406770242467993	0.575192219020711	0.531194849655497	0.435338954043317	0.365066511074715	0.420409008020337	0.321822365742806	0.455938613279387	0.560268674959169	0.549690288814894	0.368159153489872	0.205998965964738	0.333560110925239	0.180027862980273	0.113025192469591	0.114611218935185	0.55409793506223	0.330017704187153	0.504877244013834	0.352288655526273	0.377043645411767	0.194447123158377	0.349233296789314	0.29097687672829	0.0926036520900177	0.22762572442049	0.170229352964012	0.11690720901194	0.245637942667783	0.47471532984086	0.361951034736425	-0.0169613064996173	0.23138724397459	0.30569281685406	0.48386697752898	0.392675812812749	0.323795189418902	0.54473523156201	0.370210735928563	0.52219048898387	0.495589076454298	0.51478319843959	0.511179858105584	0.460098404038662	0.389764674517304	0.519470342750451	0.384641102095818	0.402750647713222	0.458197200121615	0.298344023608649	0.408377762699422	0.473504143670921	0.443017975062456	0.444612092965121	0.487245146616522	0.533192911294724	0.243068159967017	0.352932089824862	0.362800127784467	0.449082803116138	0.237688509658348	0.389049552089702	0.336294316649403	0.249795882063583	0.156375029744679	0.162357802389888	0.163224828103497	0.405841324720693	0.233275870207029	0.391203561678552	0.0569693581618279	0.105730716839659	0.264324326886117	0.234930723850802	-0.00789898115987898	0.416069579148321	0.167696006780692	0.29454342458602	0.110463748047378	0.00482518763523642	-0.0824281124886974	0.0712099676629566	0.129779058194706	0.349360081316544	0.303297040739766	0.11708304715198	0.183587568016229	0.286558673275613
0.382456910472224	0.432308918462344	0.367047930394554	0.418969425843348	0.423375038222697	0.443421388407775	0.519318338776186	0.457734324228747	0.503394873995025	0.526520802385422	1	0.670521399306465	0.278417690701373	0.32814479051773	0.49545109144248	0.242385348333878	0.564129645926131	0.326728740262746	0.438810272569884	0.283526260151873	0.681435056461265	0.328785038480443	0.486558669377841	0.471379333432813	0.378049116079054	0.338677998210279	0.300953308505226	0.0165052433593488	0.364171298452328	-0.0702061496203611	0.208040243017598	0.239924785866843	0.192759352765467	0.28590373206263	0.414997679649306	0.397810642231128	0.405938043755427	0.215096862867297	0.544723075831096	0.225065682035325	0.141492065723165	0.201771219941236	0.520892306632424	0.141100494852664	0.14841077271819	0.275750407210351	0.416306091332589	0.302752608072431	0.2405208031891	0.366725841212092	0.345417585274518	0.49734698846449	0.331846556980667	0.377808756531452	0.407451405316834	0.488354575107503	0.40879630974321	0.320551584547948	0.306950169425351	0.438875180517901	0.488839209334936	0.511784477561762	0.51570792622063	0.341612554824187	0.239900419963749	0.448113651039138	0.302432800666401	0.504015855600092	0.319345625480762	0.231783812032265	0.520400277618065	0.463403643908632	0.453899063672826	0.313346942379293	0.448112575859056	0.245098164650585	0.168899774858419	0.0701047351140861	0.180291743451798	0.25597589138621	0.418628049436385	0.356404704968641	0.0791633430136804	0.289035000627382	0.191789875437681	0.12315492623834	0.257428122895469	0.520911171144075	0.530911486125983	0.239235157469874	0.514415755861917	0.11166027171924	0.0994336951190635	0.176665811863205	0.337635406037983	0.3596986878296	0.131084990888199	0.247072717269438	0.159816624610361	0.393241491830005
0.446916232271824	0.524742079017378	0.480082484804736	0.579627806550899	0.450374796306946	0.561019597028073	0.613959502156082	0.558712422110087	0.601468218519252	0.706522677423092	0.670521399306465	1	0.530234806124192	0.57024570481152	0.592354833338993	0.515838912412052	0.642216925144044	0.491984717267194	0.546197490577891	0.549495336772949	0.690655107231943	0.491755814443143	0.624717611081637	0.390381284790143	0.530437766802934	0.321172976273249	0.252714793238032	0.109669108381273	0.424425217628423	0.179037243180294	0.459216767292013	0.489317699986818	0.441773616182053	0.315028716395582	0.46809476127806	0.534644427125564	0.127475466882735	0.255197309505282	0.325060793055117	0.146104910125808	0.102718956054351	0.319151602509924	0.424301607792611	0.0209627980444986	0.226993698341001	0.304614647142579	0.585303012418344	0.33689487472554	0.25857113726753	0.67091411711873	0.459352003634957	0.671836415149156	0.49131606646112	0.508597397140463	0.510209023917013	0.566853582911003	0.538425595669548	0.548426531160809	0.504317227741908	0.554488246875036	0.485178477944859	0.521213963024454	0.693041020976242	0.504918614758142	0.54952893824699	0.545790319751364	0.505699123099098	0.643619548407109	0.4696079909028	0.349792019470861	0.61300192006663	0.577062791062308	0.432471287491947	0.416609288939857	0.55649477365947	0.280281480354552	0.065842765000376	0.118888178669426	0.156726477014896	0.484056570237273	0.297835740334567	0.478907560951658	0.0680471989203348	0.256121926640815	0.2757743167859	0.233965496767991	0.0527599923849786	0.568673671294326	0.242730918841018	0.308638068454799	0.267353953923922	0.00910874349165076	-0.0251461507730979	0.0266346320885363	0.274889214820001	0.30991723724116	0.224826667266917	0.318357843514138	0.160535381079879	0.407124954136185
0.336572631978163	0.383875580591489	0.359686703096186	0.4436999779833	0.354940113656061	0.376690610328667	0.37502681888729	0.493904377664513	0.601701955640063	0.406770242467993	0.278417690701373	0.530234806124192	1	0.456918064531497	0.358441192870814	0.606234549003598	0.583044412292252	0.576819601702081	0.548224455225252	0.552069681174516	0.483923763055989	0.353435506831543	0.346204067056582	0.350313519177766	0.362562583472691	0.391256137705093	0.194085542525781	0.0364748751949585	0.324923584784404	0.165431124503209	0.571982071354984	0.592129452510121	0.6227496551269	0.196349215525985	0.399451517094762	0.442816209166622	-0.00758767967454385	0.448941599212106	0.170899355980059	-0.0430109995776101	0.0062059882861184	0.284909938567718	0.306985787059679	-0.0494264635775596	0.534846174339034	0.0112764466272618	0.201427780122171	0.17486847014919	0.137359266556264	0.478077759482774	0.2188782990806	0.475293399845798	0.410608265521996	0.276280904659536	0.294713794690099	0.412968265418024	0.541298440796714	0.491305375854328	0.419962685866262	0.56869937912926	0.220582518410752	0.282540694154804	0.288815899439845	0.557869119793379	0.442707001665825	0.442130550554143	0.577857297907932	0.528920782758071	0.398144551855898	0.445199179509392	0.448115791683612	0.231036429811579	0.378468351367838	0.342384060191073	0.503859116702118	0.369702865873184	-0.0086707687742768	-0.0428655922899765	0.012210209283158	0.566373257582661	0.293395148437357	0.470276330084475	-0.0460322669343256	0.329653294749199	0.518827355982446	0.192587351882719	0.009259869243851	0.528247476017871	0.036834348431812	0.342733287853655	0.0243927019580913	-0.218676816096328	-0.0654183786510835	-0.253485042527701	-0.00383955550235625	0.159714157205683	0.111168515068994	0.0361027473277096	0.0727456108978402	0.346541669628965
0.67600026571193	0.658441799008185	0.604043911684508	0.710304273899522	0.603863854323814	0.665679501010635	0.686944338515679	0.537337685549986	0.506450874761927	0.575192219020711	0.32814479051773	0.57024570481152	0.456918064531497	1	0.707189467457773	0.722533220529691	0.508363977399906	0.550080948145627	0.582776373007472	0.418244050469602	0.515786162903281	0.425379332334969	0.458915855427041	0.344070273982238	0.455759912407688	0.282090594487344	0.11382690100973	0.203868640648798	0.523912728881	0.431594372231856	0.65402111321784	0.50986524078852	0.358458133417669	0.359550482936494	0.63195520907569	0.511183626740578	0.115943542180892	0.262400515724025	0.287829842246716	0.262376871292361	0.0867235465137002	0.430677778155104	0.400317527377376	-0.044493589275834	0.295839652161715	0.197790101651739	0.428581321085445	0.46502478956499	0.467727827609606	0.546247948102808	0.597221644222229	0.659823543145875	0.628801103221257	0.482623696453814	0.592310456112612	0.61291706070516	0.325821462411631	0.544602796487757	0.50159258508915	0.467245281284359	0.434608547801817	0.413450736157854	0.427002629056606	0.400181790601194	0.761845418580105	0.535492207859826	0.661704850636012	0.582433151617732	0.501023085289452	0.366186539899283	0.378173771115651	0.308681762446857	0.286472839975865	0.391936549184988	0.371150639037872	0.299681281875597	0.162281032483407	0.165570355149294	0.135372751647132	0.573024575243077	0.340054780112297	0.243166977224497	0.134880798500748	0.326385608536502	0.285388462526844	0.44621644632841	0.0468422772016878	0.619680583804793	0.122601615815618	0.362868880154067	0.204985514425354	0.232907165272379	0.0484809235312331	-0.0122982790017811	0.0404432299659594	0.437516456814781	0.389386416905433	0.0399786482319923	0.0644527407360864	0.342231642712438
0.499108972321742	0.522873306529483	0.471177146581005	0.624413485320548	0.406516494654438	0.491562636460462	0.65759848696412	0.466096153934091	0.533357264802074	0.531194849655497	0.49545109144248	0.592354833338993	0.358441192870814	0.707189467457773	1	0.571140494095629	0.558290996734935	0.501995986773558	0.593189899437959	0.335159544003877	0.543638316157036	0.269380723781176	0.400905663307166	0.411523905550796	0.447380324185523	0.171783700670342	0.152169623539231	0.207378211530114	0.367855350854143	0.303246252646605	0.535335807153677	0.399974176106024	0.284099623918598	0.364114699413192	0.595515164923612	0.567151735469653	0.209120134981937	0.291340071891581	0.449117171434504	0.321313125203811	0.124624919459546	0.412938859853659	0.507740940914477	-0.0131134745008497	0.225172347534149	0.239505046681094	0.472950603780293	0.345404437961164	0.323273543258673	0.633188348260046	0.373220312304812	0.514213802203571	0.506462810399449	0.361901820276304	0.415545569713928	0.526708155470556	0.388693800384848	0.455625552485117	0.492225397525318	0.491725887109434	0.325838022732691	0.418013104652762	0.449583944132552	0.419567991211872	0.594760697114739	0.478110121955269	0.518388850026343	0.562507696792026	0.522364550817596	0.396780305284252	0.374056072372484	0.358631734339289	0.362927006884553	0.268965823061094	0.407311037264237	0.337007574969635	0.203888522657041	0.0891683269202557	0.131866629781563	0.54608401002956	0.450112051820744	0.264353703375277	0.121779769953578	0.398429322530903	0.333254555608465	0.423084568882488	0.0498171924541875	0.598737818821375	0.285342941834334	0.445505056764476	0.349898465768543	0.286593487592793	0.111523785632161	0.0338104695753022	0.200590966153577	0.275072420184805	0.311053942636742	0.115758278312843	0.08644549071712	0.286894663184635
0.505748980128726	0.540579150060065	0.528857948864364	0.695153604567665	0.452919098530116	0.386228798579588	0.661885246071567	0.552234021202158	0.527901730309597	0.435338954043317	0.242385348333878	0.515838912412052	0.606234549003598	0.722533220529691	0.571140494095629	1	0.598951307232813	0.732862521746542	0.624386956429058	0.597059045590364	0.544074301018401	0.299766277390198	0.544261681617029	0.305951222216248	0.489933491152523	0.345447435888526	0.0833564370905299	0.0378431550058186	0.376191442276513	0.449850841811318	0.888380255243139	0.640097747578228	0.513865771178418	0.442751012149768	0.746625839150481	0.664631357250396	0.034204813311743	0.323012605869931	0.186977723093306	0.0291037411570578	0.0362920975669703	0.574320287494668	0.44528421134253	-0.242586507359946	0.442216328445517	0.0273740786974515	0.439249057382278	0.106512090877364	0.301808145494272	0.644910719518213	0.406545084391702	0.600508151631597	0.542209664573353	0.328362332129031	0.434295235728084	0.509460171770424	0.317207420470744	0.571407933300635	0.545384287586755	0.49045808158476	0.272100260361028	0.396653266266731	0.407072251875467	0.397683641375165	0.70889670842398	0.596805584381711	0.809653978840383	0.591370993726662	0.577434820327699	0.630501088951391	0.408483667014566	0.261025579200758	0.265169232781798	0.348795920812696	0.600459155520406	0.416228215751347	0.0616183971125657	0.0050538719654445	0.0743742435147022	0.771729737941455	0.465325297792477	0.374538669973047	0.148754051725255	0.511185915529718	0.503635549748977	0.531844514572233	-0.118337355438224	0.678651739445976	0.222556703679642	0.538811275126838	0.0265939748370897	-0.00342438273221979	-0.042854766583026	-0.182169248979084	0.0499666633692533	0.158609013394453	0.302226417958173	-0.0786216150007409	0.176618527377327	0.376136905996141
0.33235360828625	0.32886099692847	0.40646081294471	0.408416530250942	0.291984157852352	0.353416680026316	0.553441824968378	0.635218459405022	0.680785317891068	0.365066511074715	0.564129645926131	0.642216925144044	0.583044412292252	0.508363977399906	0.558290996734935	0.598951307232813	1	0.599838830377052	0.667911863679281	0.473100886636308	0.741560490272823	0.289935380745286	0.57406982302372	0.49424437718934	0.432054063105187	0.506114664092733	0.228840113714748	-0.0520819078816027	0.250669901580813	0.0941583529671452	0.491654117844411	0.517956870019718	0.392336351486471	0.3935705924689	0.541077098721764	0.68609990228199	0.224263466497124	0.282393367720866	0.452201130050468	0.0883171593107575	0.0409690320483747	0.261242208676475	0.471249706787247	-0.0508894386446622	0.346376421400378	0.310033289306505	0.41657845808187	0.169261012446825	0.18263408308789	0.486973749452788	0.251896695566409	0.478521103297631	0.245958474132677	0.211557398484886	0.303762180981226	0.356581139282375	0.478040867239231	0.472115391993726	0.504776803168049	0.654446136784498	0.375516574122426	0.473620174229801	0.484513082663091	0.394202316458673	0.432152843672111	0.48883496526403	0.506144894841594	0.665379118181134	0.636384934453154	0.540483974989787	0.580457550353313	0.405559327629977	0.555058224075581	0.453594806308757	0.65526982372483	0.455078532242483	0.00249370993262583	-0.0391945995160509	0.110218083829817	0.534500151719137	0.432691237824828	0.472763915315145	-0.0301279201977356	0.39071287369653	0.417590617595343	0.200726061664767	0.122988238543044	0.634935438296223	0.388294820765062	0.432317178129398	0.284480923453521	-0.00102737546880718	0.0471516231858026	0.0237420354835704	0.222339245278049	0.19898831678624	0.193537507809413	0.104876139598928	0.03941411696467	0.413118182604624
0.232294199727605	0.348240917575661	0.309915474053635	0.444274107401774	0.400614130504662	0.299480848870383	0.430528853953497	0.556779843890715	0.49624703393064	0.420409008020337	0.326728740262746	0.491984717267194	0.576819601702082	0.550080948145627	0.501995986773558	0.732862521746542	0.599838830377052	1	0.551676139822307	0.55196561670717	0.432310792288444	0.318525013511358	0.453458823160694	0.294153431179798	0.478111130308583	0.399685334858476	0.0153080583405688	0.00967549278639249	0.232505388704115	0.192674766068167	0.751416883427304	0.506373208234449	0.499227532792921	0.267919636656421	0.519150091033314	0.494507435335743	0.0146707648908761	0.346849914587136	0.147341485322204	-0.0667673702361407	-0.111297858191064	0.34874680428389	0.216768971550158	-0.219443768780553	0.436232180121881	0.162918700072032	0.358723951915053	0.118188394227563	0.147426335616716	0.50839066675589	0.291746186480808	0.441429419577644	0.29430847146176	0.237689676090428	0.208814003330717	0.312615994046296	0.27319583495292	0.518849764940061	0.473772006862275	0.463910476441473	0.189141420223255	0.371617923478124	0.211585794447789	0.324755317349189	0.47186030158062	0.384686458401929	0.626535610094071	0.480645965737301	0.44494413812765	0.463372680437553	0.315739235812362	0.229987813334955	0.205487210932814	0.363828397027512	0.494493561139728	0.403665274808121	0.080698580076858	-0.0443716826208377	0.000358263986943752	0.664272111587159	0.281722022029829	0.381443696745821	0.023134764621987	0.332167697527684	0.437896414389897	0.265850198937091	-0.160739804218876	0.531689077470978	0.120158372678009	0.46643324761586	-0.0332473827014948	-0.0329704446740324	-0.0110647204968621	-0.163780243444698	0.0515554244267493	0.117220357760722	0.179239543869723	-0.0826487196962813	0.106485944094031	0.19393962588751
0.491613747948321	0.462277240597065	0.561941915801902	0.578453357082488	0.47601466651838	0.393959453085847	0.651386042807402	0.79633067403963	0.822206381243818	0.321822365742806	0.438810272569884	0.546197490577891	0.548224455225252	0.582776373007472	0.59318989943796	0.624386956429058	0.667911863679282	0.551676139822307	1	0.392343363624869	0.604468640057047	0.249907975993804	0.511538341800221	0.643450155163987	0.36662497803132	0.41863633589655	0.328348963658733	0.0823361943081529	0.374127782291552	0.119164639221885	0.420051390228718	0.376833784139139	0.425191032695903	0.320632335287534	0.517804085970847	0.757042651383002	0.267515585247371	0.211589182243629	0.404821993362736	0.194034679267973	0.0290753744285557	0.255543195506104	0.365576540646965	0.0802203741435947	0.347250665536129	0.321310087731263	0.306586247548372	0.12417823401229	0.17536023150629	0.48991568575675	0.443122911752363	0.561759374405492	0.414046769597111	0.29312438725408	0.391954215937723	0.523167223543712	0.379028630995575	0.55712618810223	0.591515442216839	0.741930891176924	0.420041834126219	0.464641427980912	0.452971891526195	0.448497329608138	0.585204183498342	0.557134790057053	0.563845977655089	0.713325347085003	0.794480076664832	0.472535068752147	0.527115153897754	0.381376808301167	0.581258873530711	0.397402606898921	0.614252707997053	0.359160126193024	0.181532869301181	0.0394289901838113	0.135870623994967	0.511225940543513	0.426850809931106	0.425003472797672	0.0596350113911475	0.340625520361054	0.41196458244629	0.282266768527885	0.187747144238026	0.644329772482132	0.380370347497075	0.31191996123842	0.242131810855537	0.166979721575778	0.230694226966657	-0.0427106884167215	0.193689627209985	0.203892367304016	0.260242503683325	0.100537000138209	0.0945786042787437	0.435403772893113
0.294429040702169	0.255229416285553	0.304621405021854	0.374258258031389	0.362786008175312	0.348634725635381	0.371000849116776	0.434123180553628	0.44818046369555	0.455938613279387	0.283526260151873	0.549495336772949	0.552069681174516	0.418244050469602	0.335159544003877	0.597059045590364	0.473100886636308	0.55196561670717	0.392343363624869	1	0.424601259515436	0.445301972808714	0.543736459358891	0.175931203569812	0.585114510304857	0.402107944160655	0.178074034653573	0.0486382340825921	0.321846278892721	0.244190803834677	0.549947186837283	0.544075724264881	0.589548373003948	0.18170661610793	0.405200293555965	0.386793357439574	0.028271932512942	0.474264761115142	0.102423824587091	-0.0628050940216257	0.177049812487478	0.459421229634518	0.346335123636579	-0.0276735448655087	0.563343541409816	0.206709674895949	0.517178183073699	0.0462177597877291	0.175358294550418	0.45875609629489	0.240796954922838	0.353943856291979	0.32092943690248	0.258293913939278	0.338894713712089	0.277119961343732	0.209597348044119	0.443642808894883	0.442497980071503	0.361932314278622	0.283276767220596	0.361436429454341	0.395618858340975	0.255728521236704	0.430768654317676	0.405038898488114	0.583873865020191	0.408679198972023	0.371903978861232	0.486781063389346	0.388270590752712	0.425549129563386	0.174540241227198	0.488018466272019	0.445385578492542	0.277244587964738	0.072440074039257	0.0408996107992767	0.0504090147876091	0.4924042598703	0.192580804970712	0.393526483248591	-0.00612501588942872	0.220237114755574	0.296324514365128	0.168177969807657	-0.0668970204190126	0.454686878242779	0.104921068038144	0.338205154755249	-0.0344768594663067	-0.206631047069563	-0.024357732300489	-0.0951415970831326	0.0657210079356189	0.0381911278619912	0.267255645944053	0.0600334021707341	0.183729419226795	0.264454078821755
0.412189875398017	0.48766748223783	0.573447792050705	0.549040037502163	0.449675623649807	0.476636475902868	0.59560868698736	0.554067155195549	0.609129273160575	0.560268674959169	0.681435056461265	0.690655107231943	0.483923763055989	0.515786162903281	0.543638316157036	0.544074301018401	0.741560490272823	0.432310792288444	0.604468640057047	0.424601259515436	1	0.345167109418723	0.573108070760044	0.485541501310926	0.463919773770045	0.373279778535319	0.338414771615432	0.00610653865732436	0.393354535877151	0.18773566956998	0.450583228286784	0.437158118436024	0.389004543970834	0.370122538116401	0.542067407056778	0.608256422843226	0.225790374538744	0.178461485177206	0.417416990401056	0.117844527274377	0.162711156334466	0.342342710036886	0.563798142961365	0.0427909655514401	0.21595570051353	0.267711925695398	0.497554118786081	0.219863429858207	0.213624686174714	0.579648241260899	0.400250937969659	0.589178933040353	0.406903390998914	0.433035094239894	0.478867594237567	0.514738371481095	0.483170192706167	0.551195125231928	0.409627507533986	0.539831257867548	0.514998394034231	0.551235106547198	0.617302597594613	0.43740159919182	0.472954121719747	0.604749748075113	0.507218154923255	0.663582057837365	0.498870012302104	0.525366388950043	0.679507606925279	0.526280868890816	0.452166931084978	0.467190748262044	0.65875787788655	0.384149882131638	0.192440313844863	0.0565519862917167	0.207753269257317	0.479931524278403	0.487007149271331	0.48155351096851	0.0643743432116601	0.389340140495177	0.378653406355555	0.270012557521416	0.0729350061660647	0.66830968636709	0.506329293332877	0.376024266454692	0.273252745988649	0.0103937041112375	0.0281253938443094	0.0709915497561234	0.27646049111578	0.257207987235533	0.272934836944157	0.196425904166756	0.29227336250488	0.491842829866488
0.342000293847885	0.350887810426915	0.301699402240105	0.336281191289942	0.428978226137941	0.461042092555722	0.295465359264733	0.199052094996012	0.287770264142202	0.549690288814894	0.328785038480443	0.491755814443143	0.353435506831543	0.425379332334969	0.269380723781176	0.299766277390198	0.289935380745286	0.318525013511358	0.249907975993804	0.445301972808714	0.345167109418723	1	0.539615074278061	0.195756324056095	0.366268674065912	0.348696885102584	0.283848788831029	0.100169413507987	0.392303826140709	0.194525237152382	0.297420655443435	0.353749997997491	0.361206671525618	0.1536811244515	0.289959834631813	0.235598111295784	0.0203681518402112	0.204832565049159	0.159296035737649	0.119113192506877	0.355673394844751	0.332402657323307	0.28078201165147	0.197065085804244	0.351844079757466	0.590508618664147	0.442946858839762	0.25783189275763	0.224695324752388	0.313625421984209	0.269295041027899	0.394570248565603	0.27068375188649	0.392481148546004	0.452210417977417	0.290442219706963	0.290714472430107	0.393165678071951	0.262002124645163	0.337784005050724	0.49769329829355	0.366865631916273	0.323953077321375	0.352048781844741	0.355662753511884	0.314184055627038	0.351824724246111	0.448284504793496	0.25679808834345	0.264502860048032	0.373478404072907	0.432281886398471	0.284621055888142	0.373308626091138	0.367516065370917	0.286176581776392	0.182855360739969	0.175743995477112	0.138321548834806	0.344599951476817	0.0843035591626024	0.271121043764818	0.022018207586676	0.115021187927603	0.151661774481137	0.117147544090337	0.0481891797544849	0.258963204933049	0.100777258486103	0.164759372842964	0.0325662298044928	-0.00405250762425657	0.0694514132587265	0.123264541189472	0.169689830359614	0.263368888310061	0.196947763491365	0.0866721535604966	0.253377534647954	0.195599062903144
