1	0.726493968632862	0.715564645531539	0.520605566844982	0.559051361442943	0.505023758100116	0.625350555481656	0.297679872853035	0.585020052749704	0.478887026483528	0.152452371469675	0.445069194878766	0.0420640420340617	0.719798788786071	0.301835744551649	0.640806849016782	0.231719540684671	0.316949541639413	0.71537991692336	0.252523935062232	0.370381206067748	0.365088591939713	0.286464331801175	0.169620814637966	0.457189306964562	0.361569954444056	0.502398050139395	0.343376112096122	0.164482728670846	0.0845549722915546	0.239062489171168	0.44020401908144	0.325638356577081	0.321948311529155	0.605076377238471	0.64326006413988	0.331583661800759	0.226609008832491	0.326282120463011	0.265780331443277	0.276154903277123	0.420845998053065	0.0508690987938688	0.527782428632858	0.440384251652602	0.257353341387914	0.35582612444191	0.311300388299682	0.0957902114776023	0.453478982918831	0.76912591421333	0.707222991485488	0.56372709109641	0.71666673106489	0.503191013435606	0.691997071056016	0.24067852355332	0.43246595703767	0.532647062943424	0.598120832022352	0.423477212025115	0.347814483093383	0.465096888279172	0.381106621544861	0.671902794403725	0.435240890974524	0.600522620577941	0.274164418702972	0.701060725474583	0.434008261749775	0.401447170921502	0.27560694229371	0.186459678057551	0.313090972178144	0.172097296899889	0.230213534937	0.280016674132778	0.43785984338137	0.367365953514371	0.220981934169636	0.251081021603077	0.236859057091745	0.153837277032475	0.355989240858389	0.393459132517341	0.542571943615359	0.0583699061096905	0.686345676952776	0.279150627435944	0.365862463714706	0.203321465264203	0.228408879430809	0.448690844323205	0.419783077619176	0.500960499014301	0.429990072255134	0.503346753697797	0.147687908592847	0.326469473235647	0.449941682588456
0.726493968632862	1	0.75656187786371	0.761448996277591	0.62509301218908	0.656951263070643	0.735182543904456	0.231131139889012	0.538437495635999	0.639351913542129	0.284226544103523	0.520346863690537	0.143605536293607	0.707560704681545	0.563677081142213	0.628946644404879	0.237151126768658	0.321725615873833	0.599658142777631	0.269799723596622	0.427148183831899	0.462202295359128	0.265759664819605	0.218266879517171	0.526151733752609	0.386605123993039	0.506317171492185	0.492317628491666	0.302971402878568	0.0416809066621186	0.307226486081993	0.410621717655846	0.206381662895	0.315522669582153	0.599365924159186	0.583535677830679	0.359783799879667	0.19215054265778	0.269600279876774	0.299410853360009	0.427509381505492	0.428380645908131	0.139747297377531	0.569865234624889	0.478009198391244	0.496652589556128	0.456631203793463	0.52020746632354	0.24021188598563	0.516005729081309	0.68535049936682	0.712034813402089	0.615057806273098	0.801108054353642	0.5549715118589	0.748889228878928	0.206424761289361	0.364481605406531	0.477369980759816	0.567602689631834	0.525431475357588	0.450257960114247	0.523368931519298	0.352071275991778	0.688457562281585	0.430639261468557	0.572953879882133	0.253615205823757	0.669896399974425	0.478727553391336	0.425295488919067	0.477702729177794	0.123571819684426	0.421789192571293	0.169294015795468	0.191897111128428	0.363639074175262	0.570469829825156	0.430515218628613	0.250428801974107	0.25220036883128	0.336398908589468	0.123188508815986	0.399298218613308	0.481211513853216	0.576367540444755	0.132254679593804	0.709615726788033	0.333307952353243	0.330523099952049	0.219460714099313	0.233244487453525	0.440793423175009	0.665859593738862	0.591336978351968	0.586628169789034	0.458608849322217	0.310760707965079	0.359994922530305	0.535132610940866
0.715564645531539	0.75656187786371	1	0.683307338010146	0.656287478891561	0.661281523685712	0.756735582651737	0.172349624336248	0.487977489343986	0.594947422742022	0.246959151345453	0.493652253017419	0.086183106413229	0.609514439380091	0.394551734460694	0.704264123310627	0.280920902751929	0.205347481384346	0.595074831809169	0.269026050830277	0.494949701133157	0.388181717965022	0.387864395134622	0.288407382136546	0.457526440010455	0.465404429492032	0.48559864404146	0.434058515544345	0.305370673369088	0.134043765352754	0.356205294987622	0.439540250636942	0.137690236064963	0.277301528471025	0.712011214604688	0.637310235594854	0.308096282042462	0.338652450410735	0.32525524373109	0.236654594049957	0.456283315930923	0.43381624591922	0.262463286141403	0.575951206999227	0.48348000234144	0.501299521562178	0.497766863479753	0.438010057217202	0.117737141589351	0.394584901238148	0.717990050198626	0.767344448180743	0.609437902834761	0.801734401776854	0.590842158350574	0.808568631642041	0.154102661706645	0.310245883280233	0.339427195835528	0.506026262724774	0.391276440931545	0.492588267409506	0.552221178560662	0.342824130910554	0.657606429203093	0.326883595934813	0.46521477792118	0.171086959780796	0.577494365514741	0.33726038319093	0.430552947359055	0.44207428117676	0.145084193436138	0.345338535421174	0.0566361704658281	0.0963663115329581	0.279882581713814	0.454910059073227	0.511118477379629	0.126110098348409	0.262574334000249	0.375442545542297	0.10825073103639	0.30079139622587	0.304049586555063	0.460894017373772	-0.0500313090337927	0.690826210060026	0.271741785996959	0.241823116540471	0.189983156263567	0.0923723039945514	0.350814199731126	0.566191156493031	0.621387019304282	0.601034443234402	0.469693026781905	0.351771840625093	0.297557392282404	0.508345699745037
0.520605566844982	0.761448996277591	0.683307338010146	1	0.716296026819238	0.742804698300358	0.882398836322661	0.208322212557559	0.45652491150564	0.789066978287092	0.39908498219139	0.614149233522802	0.319674860811512	0.540759637488821	0.773022543153566	0.642910117811177	0.21784637195184	0.197304880694787	0.49609963850973	0.329053354663416	0.520717746847151	0.479286494838171	0.305934742781611	0.166303419637305	0.58342378837344	0.343178986675081	0.396835784726119	0.559323884522207	0.42800961278097	-0.0492294629571164	0.224674670081591	0.379040081399122	0.265106334429086	0.221554465115713	0.69967781431138	0.428648147922428	0.301384654231597	0.201100704439947	0.187647863687792	0.252650602225128	0.52753360661012	0.536529844315594	0.143751695081229	0.450808361579103	0.476699594710236	0.497828288168683	0.430205604373735	0.532178118608921	0.167096687671581	0.488792218045749	0.585129306374998	0.554661085971085	0.757497107633032	0.755233122193414	0.594794221127978	0.812781522638308	0.151971007359721	0.290725439250853	0.276757284323978	0.569994166652087	0.511020582129998	0.542151205549111	0.690706027916738	0.278717021340854	0.602463590639979	0.481595302289807	0.471797840351027	0.215120358980468	0.495044495443908	0.573601261973708	0.487248936416767	0.575159274510363	0.156699496965499	0.548515384416955	0.109706393837917	0.0457341991698	0.167376277159294	0.53370507981699	0.604563304653378	0.0994901387614782	0.264879540340875	0.505355180673541	0.145974596290793	0.243428460738971	0.524727285059851	0.350115338240349	0.0621031649226364	0.683764599357347	0.21841411596949	0.233974764665073	0.138347402964164	0.124850943518108	0.276284595122491	0.607892520297964	0.614984218866229	0.624313705239208	0.448242722656323	0.300350403600577	0.290438731776001	0.481601511033791
0.559051361442943	0.62509301218908	0.656287478891561	0.716296026819238	1	0.787183014221057	0.748604237524981	0.232676305378265	0.502823105518787	0.685948485208694	0.419655799168273	0.595411646689435	0.299703758620809	0.594396862962658	0.577507950959081	0.574965408700454	0.247727279049806	0.186356124521686	0.470193631512543	0.322509459379459	0.404182666291426	0.473809274045515	0.469388278217041	0.276592698802498	0.487440089067997	0.421971679117496	0.499855468669879	0.442875194713683	0.466599048253782	0.131193844102819	0.177830625073859	0.34097024517696	0.271654190459197	0.263678197388539	0.660075394175913	0.398926936421524	0.317207236742996	0.226381814036881	0.27941752293889	0.36733375296812	0.563357923658814	0.480412983223849	0.220532630344407	0.541964285803673	0.424660167309018	0.488910940080065	0.411224873553519	0.570003265103372	0.357210076002116	0.504886482141408	0.683379603061727	0.624324927643836	0.728283941039004	0.76206167852581	0.634179379016092	0.720411692544933	0.187619095610624	0.269465267990448	0.26264934369274	0.500826188428556	0.439338250383483	0.500347008007291	0.590683920417098	0.239057394777693	0.620636240891463	0.333706187964003	0.402203677623362	0.206001275592729	0.490888914016226	0.436701944602303	0.485182537346215	0.435425495551263	0.19907247267146	0.459815622434122	0.0505130783749965	0.0445798575114491	0.385197974322161	0.515564183609263	0.517075784670285	0.0232666489021756	0.259664406664835	0.464549717562224	0.103475644990407	0.165421447585227	0.509218440802298	0.41544502524487	-0.00479717304831002	0.587028418913317	0.221882542533494	0.245354880403646	0.208732204210276	0.178677213686548	0.360913270957746	0.557982714142478	0.603854421979754	0.661104035238363	0.590164402946038	0.393440638298341	0.298761636796418	0.362788218250966
0.505023758100116	0.656951263070643	0.661281523685712	0.742804698300358	0.787183014221057	1	0.822334833167145	0.334813256623428	0.583586910859694	0.73545400997731	0.354503839060532	0.55357069851297	0.308199408702182	0.563978690531483	0.627059708775506	0.633833851641695	0.216433948376696	0.224174084120841	0.513947960820526	0.496031665876889	0.457586097670888	0.500478507784468	0.432838371412838	0.350819982139333	0.592194691861085	0.437916221167007	0.414781627749845	0.398029703925469	0.359438852746424	0.0372967817066928	0.268532277881171	0.386745947332631	0.214212410438973	0.326053087497247	0.73180425615856	0.4797687118918	0.459220286955882	0.331551203042632	0.345024943799976	0.392591959066247	0.492083230788275	0.439892891478759	0.281827238148616	0.52710386301742	0.489796060097319	0.474906434895114	0.458218902358579	0.699271638639831	0.328017163155587	0.532560360781872	0.564701052664319	0.546314263449048	0.659356702387221	0.824216086260315	0.704373850440102	0.76542010329888	0.251246035679539	0.337657385974445	0.310696944259445	0.651142274416429	0.52592985087614	0.545454863254914	0.667025464275102	0.270260217973183	0.520814245409946	0.362230363647	0.482083596446765	0.255787323920434	0.524983882766974	0.55551965023748	0.511063133332492	0.578245516608644	0.301350829498708	0.51607718870803	0.128066604354554	0.181888223163999	0.358078581540375	0.482738565504073	0.452943219864908	0.190988268271822	0.301957986182446	0.47056055071158	0.0184875519698303	0.310833408998418	0.523464827980101	0.383795605036021	0.179587995130862	0.70965546201574	0.380325635323456	0.323709326208633	0.368185385388625	0.206242060306708	0.40062586202553	0.538200023850719	0.594370269757657	0.737327437860648	0.552473033308778	0.404007884518681	0.34658557178458	0.471862733509843
0.625350555481656	0.735182543904456	0.756735582651737	0.882398836322661	0.748604237524981	0.822334833167145	1	0.307385223092999	0.557678687547032	0.805913895726946	0.412297589991907	0.632289770905919	0.249796788566957	0.597526376449339	0.637768729528852	0.680091901382559	0.170206310500789	0.199906888713768	0.58301275724275	0.387588020802043	0.508150426819126	0.424750589652398	0.389683148025688	0.273542219391277	0.594718293633364	0.439684433596931	0.419914916208541	0.454608845107282	0.317062800973553	-0.00612421303980781	0.245120479566916	0.352900666646536	0.221958637280927	0.308659375836058	0.853988183933449	0.556343292263571	0.335242688422286	0.251839746568015	0.320482672526999	0.292948615700742	0.505678856429207	0.483917340039973	0.217347746411901	0.531505011961131	0.444439675463069	0.407638766654239	0.404092077290694	0.643457967364752	0.191108746959126	0.452740641377084	0.682994728887083	0.666061363660135	0.753624628364732	0.859210285991885	0.699024291211513	0.910703932470173	0.123790255944575	0.303851061745911	0.294454089958808	0.640146011435562	0.482111422823584	0.593746428259139	0.73623846118785	0.287406393481333	0.614667588371474	0.465371778729575	0.477411494525813	0.200626409989426	0.51956550949874	0.620313710714973	0.530178574908557	0.591335205496294	0.130864895929534	0.520566443604817	0.0667130233922608	0.110527887333111	0.253925436313121	0.47711793806415	0.544795288706108	0.0540505220676849	0.337266160021004	0.490420684656741	0.140943898051067	0.213849368861573	0.510531998118591	0.3535038616283	-0.00838698411569897	0.782107617885828	0.250001872068892	0.246952668232593	0.260818636278714	0.124091048897834	0.321688015040689	0.558859250139567	0.654983869823476	0.692350952139948	0.503721873612963	0.288481648127979	0.28936882737965	0.480773747972239
0.297679872853035	0.231131139889012	0.172349624336248	0.208322212557559	0.232676305378265	0.334813256623428	0.307385223092999	1	0.672634929871389	0.365502762379911	0.388379224424787	0.54787233851624	0.229655920204511	0.348000739091227	0.382982507396533	0.353424724895494	0.428450066590968	0.569318800078838	0.658729464257027	0.738773422588322	0.456607480890265	0.511949281251855	0.528984809374597	0.0427410085446486	0.670689712587102	0.472053357137157	0.380846995116544	0.0766156601727892	0.106489323713728	-0.120712621297332	0.144673854891732	0.381732375557435	0.254806853397143	0.341624797726581	0.268115867040371	0.38013323529655	0.383090448449773	0.268252857342171	0.154304335080248	0.146697116861935	0.115203670073125	0.265382575185433	0.0454560276929708	0.290924343602157	0.491827867482468	0.32550534397909	0.309403542919152	0.189325887404018	0.298148421896026	0.432665619363525	0.403130002354098	0.17480340747786	0.106104197796377	0.418237012056801	0.436403183634376	0.281529946482408	0.362404342858294	0.671090780956409	0.670263117254524	0.653444699599291	0.506987946633526	0.307925146015967	0.373189953138106	0.464995615062061	0.350869509988724	0.372149776975795	0.26026019479071	0.416014437550132	0.44588344407249	0.553753826289586	0.395294059656018	0.454795707014648	0.209697220319507	0.445313889233415	0.50307520276846	0.458058422930246	0.458995829511331	0.143931350343797	0.0795922118607592	0.401605975428706	0.338268423100897	0.339419620457269	0.0790185380294874	0.348808066123508	0.57368491286722	0.426699375032298	0.155278382709325	0.422197615564139	0.279562691842328	0.582556775125859	0.253892364324085	0.130071039119841	0.566522074734094	0.17679868388644	0.484346886324659	0.387175621117765	0.479984552042293	0.100353101734941	0.285651392797805	0.426018842287218
0.585020052749704	0.538437495635999	0.487977489343986	0.45652491150564	0.502823105518787	0.583586910859694	0.557678687547032	0.672634929871389	1	0.513919844483353	0.395695202402802	0.549119982918891	0.172985643765042	0.667461170363541	0.464134656166792	0.70949085216151	0.287015971932989	0.452571280430926	0.791599377355128	0.677920385260955	0.382263797598724	0.550113442145951	0.358249566361296	0.438048691458961	0.728159365789922	0.551732229986968	0.438794896512077	0.198800670022027	0.195069436992433	0.151507317777577	0.365990436863425	0.444713591965042	0.308597381483006	0.586827485125421	0.654348038930828	0.695968738224757	0.62998447628638	0.402442654719922	0.566443244103815	0.510537729654495	0.225161425639181	0.32935510679365	0.33581231130123	0.425994157155157	0.538642463969634	0.333581768934559	0.308828738426739	0.596603214852045	0.369042305247957	0.54585325552328	0.556951370091833	0.486599867868222	0.453485326936525	0.667693708842268	0.542815431114006	0.508530184639816	0.295609178850842	0.465011173928016	0.561191440004707	0.773734559235485	0.484186981674269	0.27831625070645	0.404275612334125	0.382710614002369	0.536781671256609	0.54445305297156	0.644433034915129	0.243280413199066	0.71928768170922	0.672802899299292	0.40923263617557	0.364448698247184	0.4381329784936	0.452467434320708	0.240653738541082	0.39167894104078	0.414696139340598	0.390594580068664	0.254193116250499	0.492568878315625	0.219066274552244	0.226970397228123	0.199636258742949	0.613294398646637	0.479212600521995	0.393516053268388	0.316974881873573	0.719801337422018	0.500688016494545	0.545810168709081	0.563045457108841	0.331654326234866	0.537448416601638	0.358701180175017	0.493736367586152	0.659742710406577	0.611143113117604	0.34584885298439	0.283504389723063	0.448677484817367
0.478887026483528	0.639351913542129	0.594947422742022	0.789066978287092	0.685948485208694	0.73545400997731	0.805913895726946	0.365502762379911	0.513919844483353	1	0.546006008684578	0.796777518926077	0.404581384628335	0.479957759467494	0.695895546655195	0.52393783027403	0.298162449582652	0.215949400725835	0.539002661822519	0.469826744719595	0.639864036008119	0.582516179421825	0.537299161747565	0.117247083444908	0.661688060540199	0.384079010648177	0.368391864788072	0.439284994365098	0.425160243842384	-0.141505202801964	0.0591337984900197	0.365144422790123	0.253430832309639	0.155482315393957	0.590909637298875	0.352015731917039	0.295268984641819	0.142334650274598	0.0683468484475237	0.11382216628135	0.551161231293027	0.609877733838863	0.0981982963475314	0.43936535228339	0.486565095266271	0.419558164801169	0.48128814878094	0.468821092335764	0.226913242604715	0.572802427084533	0.613936557329732	0.490433109945146	0.601201339398151	0.73441265623717	0.642887747380861	0.746430546900714	0.24401807509732	0.432426441424717	0.383371305924777	0.678057869876115	0.576531607486029	0.714523907199362	0.828572735995697	0.346674096375132	0.562948638684442	0.410802509240876	0.36792330603328	0.291052968615161	0.447119357541487	0.599313461330352	0.605432316916764	0.720990217261382	0.163097576714522	0.644698642758597	0.149466710258252	0.168673360086508	0.201580510015557	0.408727044644533	0.515511974315689	0.112447518448646	0.393194485727861	0.633128985693065	0.0637973654067344	0.180045995010145	0.645170208928909	0.390284064825129	0.0188274254197819	0.605874713537604	0.23468819950064	0.275436095884432	0.0518004296042619	-0.0306268768170721	0.382859707724419	0.601296742244569	0.741001167596491	0.566839166470528	0.561970479614853	0.241113314545005	0.391219974018988	0.552406912640599
0.152452371469676	0.284226544103523	0.246959151345453	0.39908498219139	0.419655799168273	0.354503839060532	0.412297589991907	0.388379224424787	0.395695202402802	0.546006008684578	1	0.670533829485527	0.342619330557943	0.230395123029853	0.434781365969585	0.242980738380499	0.136120924478388	0.094730249372447	0.294320609273937	0.434080861185859	0.377592165146736	0.398441805189055	0.30757616699876	-0.0193089407587944	0.485610454255271	0.296208262368445	0.261784549118358	0.134157324344732	0.34069682185955	0.00281985439136269	0.029815262103997	0.110888332030478	0.134381697067658	0.201996833101027	0.346337158711071	0.127688308920846	0.0992317251853141	0.0205946671200226	0.124258319732531	0.210129998266179	0.215883152112129	0.30506227275688	0.23445284683116	0.210659453736002	0.211045378746256	0.267995998942337	0.244432411147346	0.338212729438599	0.270855031371798	0.393426275390079	0.281705763510507	0.175598491450431	0.356821110754978	0.438283701394897	0.39374679257432	0.31742623584726	0.0897894617550985	0.213463783904684	0.247470797311187	0.509392892605788	0.308770415739819	0.383814452162089	0.344083733029871	0.246963327295701	0.154010403615419	0.306192135518669	0.184976808707864	0.139983654769188	0.150750236108289	0.417929150573772	0.308379850029929	0.504345052205494	0.10394040090936	0.357141138429587	0.184709813525782	0.144058126440236	0.227155799514373	0.0983997139286673	0.172683469998396	0.147560427246541	0.307894244681247	0.40787769138918	0.0602529454862271	0.132650793088387	0.352509576224909	0.201948053266971	-0.0504672230159283	0.349377234500195	0.108613852253446	0.137793250516281	0.209207551603803	0.0560101186306019	0.274638136012857	0.279024938478288	0.460839925161455	0.383024929083371	0.312991541792805	0.13545758472062	0.214654232954463	0.147829148723336
0.445069194878766	0.520346863690537	0.493652253017419	0.614149233522802	0.595411646689435	0.55357069851297	0.632289770905919	0.54787233851624	0.549119982918891	0.796777518926077	0.670533829485527	1	0.513855551405152	0.407863187393428	0.613149507823201	0.449688152084544	0.417186798359148	0.323555419373522	0.591246821015447	0.567122298022809	0.726909798738935	0.629773837804999	0.648028331723651	-0.021138196988273	0.685217396318239	0.427710784103899	0.480914132071912	0.274881591956593	0.354596546418068	-0.100605696648753	0.0978337459957186	0.456243722494876	0.494152289775404	0.239707131895048	0.457054994950467	0.345803931968681	0.239374102132732	0.232456233338592	0.100881063765687	0.0724956699686725	0.391002865092159	0.553947934346809	0.123957764600482	0.449109417995713	0.497008764887109	0.414945360347147	0.513746322927985	0.305971175275706	0.260655080046998	0.640236311018932	0.580375741185923	0.38894979253299	0.469666407684872	0.664535892263819	0.626101233646893	0.610372596214475	0.324436815152428	0.557280189772903	0.548609187326406	0.723635043926542	0.611375838903903	0.683689159469313	0.710681090476937	0.54259300697305	0.476358970728402	0.468922687939269	0.382782029241474	0.417499218842149	0.45404608348632	0.533677746602933	0.674253384512539	0.759473610928077	0.0994921515400373	0.530492941132427	0.330713799000785	0.437511275335589	0.357002445837468	0.299210775990021	0.390380778817657	0.259701856383444	0.585678492054645	0.71253656756253	0.177451756116808	0.260343967018628	0.702717895152088	0.483276153557253	-0.0180678846267156	0.572541480808148	0.32157107548907	0.46738564921807	0.101867157279177	0.0602163800895748	0.546675633817478	0.500297084903671	0.783803934296713	0.487144791168872	0.524488275105851	0.157706789545988	0.439735400485061	0.537823988892301
0.0420640420340617	0.143605536293607	0.0861831064132291	0.319674860811512	0.299703758620809	0.308199408702182	0.249796788566957	0.229655920204511	0.172985643765042	0.404581384628335	0.342619330557943	0.513855551405152	1	0.07428430832247	0.452634721004859	0.171237954835109	0.490431047826791	0.257846797482807	0.181342035358517	0.246186170860492	0.522319866668053	0.481987125870929	0.30495589994586	-0.0694427534696788	0.307845548547373	0.0228282702112026	0.271615720196318	0.0995422495530414	0.302693762910411	-0.102538435888536	0.0571293030115802	0.34484611778337	0.542008034854857	0.0753751748612167	0.103770340544579	0.0220253171469452	0.236897883590931	0.190852713299912	-0.0764540790184273	0.00471740046929824	0.276595787469919	0.30789341320097	-0.122903673901895	0.289408247768466	0.383146123775901	0.291435368201371	0.410754418331616	0.0723437862555641	-0.00757423909671341	0.340672150415081	0.143324721830466	0.0284506282407648	0.259797886795507	0.297039356491784	0.326288862657726	0.274424824384364	0.385050136649215	0.460757994497245	0.331453641446429	0.379368955968728	0.367965981676163	0.411653648485373	0.415953898083619	0.386307012546856	0.172907055570259	0.190716033486348	0.19444544546752	0.475239897532968	0.145661505677791	0.243927822278872	0.425005074224871	0.454269913758514	0.0827106833493262	0.33807758910444	0.282748801118661	0.411423913881932	0.163476192821662	0.20780632723691	0.311650175602582	0.139570676213183	0.455269657248406	0.540055695233092	0.134979449316694	0.0677207880907072	0.585262886578299	0.295425102307792	0.117488354203553	0.20384654572755	0.0279061277356091	0.192302077269443	-0.070231144137017	-0.0397818485196518	0.338590918183416	0.337015070659266	0.438346800795578	0.233532352619003	0.142865122885184	0.0381917741116207	0.26742739553183	0.198798060772477
0.719798788786071	0.707560704681545	0.609514439380091	0.540759637488821	0.594396862962658	0.563978690531482	0.59752637644934	0.348000739091227	0.667461170363541	0.479957759467494	0.230395123029853	0.407863187393428	0.07428430832247	1	0.461735599600003	0.759830314695831	0.238305195088334	0.428329520068113	0.752170649458763	0.354972032612236	0.287625041494902	0.410341845974622	0.28992131754303	0.361256214680233	0.517261814524452	0.427301966034119	0.612218043568489	0.44016936406868	0.345113934015255	0.172812061040088	0.40321970794604	0.526426967215054	0.279052838668344	0.483462915124514	0.654851631357652	0.739856946197616	0.511049413276352	0.361049016898844	0.48335119872549	0.432995927731067	0.28554879884912	0.361931242726525	0.18777739473156	0.536051559551722	0.53648037807824	0.418563755490734	0.393850660732429	0.568564363285698	0.421690325544739	0.521018191803836	0.745983441079041	0.725030592078438	0.595379982862667	0.681840019133128	0.489238073685266	0.559801435008595	0.277880168862171	0.431401638408512	0.451776495270328	0.555084935112051	0.354456085093881	0.264855239132535	0.388940549071373	0.353150275963581	0.763592550133376	0.502967943310595	0.671314500309216	0.261832892475842	0.775919446180159	0.478603256336473	0.31471301300926	0.268970747800362	0.316229986132913	0.348621427934028	0.0970677021444022	0.296044845359432	0.358484726415467	0.55968140550997	0.405762859113131	0.340621884533334	0.181390255084034	0.145176412483584	0.167885400493598	0.49826374137063	0.406065603394791	0.498440596485201	0.179237725552807	0.692109180541452	0.330350624792838	0.442268117952611	0.367169528239742	0.341545506608385	0.461785708820167	0.482360116581194	0.495991478576537	0.565214708138502	0.630610716552878	0.425725324923292	0.226252559189481	0.441105815658767
0.301835744551649	0.563677081142213	0.394551734460694	0.773022543153566	0.577507950959081	0.627059708775506	0.637768729528852	0.382982507396533	0.464134656166792	0.695895546655195	0.434781365969585	0.613149507823201	0.452634721004859	0.461735599600003	1	0.478408744433688	0.252895651519405	0.277394018914869	0.43473596642431	0.449459005072829	0.440457505229339	0.530075206360313	0.345191214288235	0.106952839394894	0.595762788192114	0.359253604979444	0.382235480148067	0.440369967332558	0.442163640441717	-0.169311129650848	0.131375207279686	0.319455681965862	0.275168451636336	0.25404310930384	0.474148539705012	0.288838636500709	0.337939886458585	0.230338523783067	0.0901399807545708	0.231734620868732	0.383656849250773	0.437726723131241	0.0295835971939498	0.423508643291759	0.538844847712198	0.454468446685889	0.405856563022429	0.461270388411361	0.275474367348361	0.573017288147447	0.431320082315671	0.283387438851803	0.602624347960193	0.561013610574127	0.481994415556588	0.555718831361273	0.264177630879072	0.413601305376984	0.32988047568583	0.564572272204741	0.573061469874763	0.48234366563945	0.583822815412801	0.328372660528848	0.521512524908429	0.477301123341168	0.375418483339061	0.276159636235617	0.415016885546871	0.599128825437298	0.427966298565992	0.561132830662807	0.173647364241129	0.544621883151238	0.199519845105798	0.217657725528268	0.246137834787228	0.427670613756403	0.462590638902266	0.213786507499174	0.271478258490981	0.509212082304339	0.152715968139928	0.249575896723627	0.622469468259797	0.368001058455346	0.197540633588652	0.493786682341135	0.184092855205823	0.352449422420128	0.166272165055482	0.162457713560322	0.419459841677811	0.508275989877398	0.592506965566751	0.579715983769973	0.348617963815822	0.309333089071827	0.33196192738072	0.444653161448854
0.640806849016782	0.628946644404879	0.704264123310627	0.642910117811177	0.574965408700454	0.633833851641695	0.680091901382559	0.353424724895494	0.709490852161511	0.52393783027403	0.242980738380499	0.449688152084544	0.171237954835109	0.759830314695831	0.478408744433688	1	0.403290422110762	0.479051085820038	0.730669669974748	0.390040334156646	0.421252982675352	0.442987608481022	0.277045522468844	0.526971746902923	0.601263092543304	0.585493557755389	0.538190993996646	0.356034613524019	0.309431177805399	0.197576517816673	0.659487536798497	0.616531405956293	0.286961378604554	0.576753180530578	0.763372779068735	0.831969585679705	0.528901043126534	0.567326976726502	0.596477010035073	0.46179029413884	0.338004498197339	0.393915751047069	0.369613618196023	0.585387914354049	0.645883029208762	0.448814691948483	0.454566443503879	0.576243400683672	0.279342373847506	0.457067516975578	0.674927688183326	0.624024518834938	0.628173283235292	0.702796047358918	0.553523709681133	0.604955860197186	0.296472655493688	0.424395123101865	0.359110829649776	0.551547209663145	0.4174367090086	0.326205687905561	0.479910295830585	0.352138410621849	0.662252695363898	0.538730171367787	0.70280556754289	0.209029008543875	0.770877741470334	0.538079034625534	0.343167019802975	0.297564830417346	0.425186656869878	0.424114679317698	0.0626674384477701	0.302074430926037	0.333630864198162	0.511794781549534	0.467506637547988	0.394039675414474	0.189045087704485	0.230132281297188	0.25989386118799	0.5742931995684	0.408941214680983	0.422231404516854	0.168950273394533	0.792609196266671	0.30672136388149	0.469275706945294	0.439568568369371	0.339190675125688	0.421493190150911	0.445054674698352	0.482662174773299	0.650226634720538	0.594141259522681	0.470600946453709	0.235804357135433	0.453438060775041
0.231719540684671	0.237151126768659	0.280920902751929	0.21784637195184	0.247727279049806	0.216433948376696	0.170206310500789	0.428450066590968	0.287015971932989	0.298162449582652	0.136120924478388	0.417186798359148	0.490431047826791	0.238305195088334	0.252895651519405	0.403290422110762	1	0.709243542116637	0.47916367044402	0.257479125215422	0.712690567036663	0.629632852076901	0.548061724445762	0.0155489441461379	0.385196917445554	0.373618042805895	0.439904733576307	0.131835623076968	0.3279517956063	-0.0482763033753206	0.380563728536909	0.621529930940096	0.28412421896244	0.16553927063928	-0.0178287661742641	0.293828860095854	0.265104569837097	0.312165511710165	-0.0892662044026699	-0.114762788019747	0.394589757662287	0.396269818628035	-0.00868379708979587	0.506770263257446	0.645866685476364	0.426637602488935	0.603034163938014	-0.13909036273901	-0.00601526264802118	0.442448683739825	0.419694929979928	0.288791552596506	0.119847076766679	0.256133699593263	0.277973259920862	0.253350670008836	0.500292657926751	0.698553180515025	0.57944909411906	0.336683561387127	0.397143316026266	0.420133864267671	0.441011384982175	0.683996537452299	0.457503042593327	0.196888113691696	0.103095617607147	0.537828649944557	0.418492319848498	0.0859316540662032	0.403058981859355	0.379837520714514	-0.00341624865804304	0.360664730272457	0.271615797064181	0.378195457038568	0.318191634882916	0.285594544029906	0.347156930040912	0.271064205022275	0.398759207723841	0.477274074592078	0.146012030236535	0.225256047577257	0.529103634745	0.580684749173494	-0.0359248602722322	0.188029217559062	-0.0464025527656459	0.412261988950381	-0.262589585987244	-0.0574884738954387	0.478546524013794	0.470372766994154	0.513970228531022	0.0918595863279976	0.434130795756789	0.218744868897151	0.408874254372327	0.381674110296208
0.316949541639413	0.321725615873833	0.205347481384346	0.197304880694787	0.186356124521686	0.224174084120841	0.199906888713769	0.569318800078838	0.452571280430926	0.215949400725835	0.094730249372447	0.323555419373522	0.257846797482807	0.428329520068113	0.277394018914869	0.479051085820038	0.709243542116637	1	0.572943682790333	0.426125888019639	0.476113628026427	0.5329448938811	0.362488785997563	0.0972683608204168	0.514591252646406	0.440335899167007	0.47258751652855	0.0688373328573838	0.117799442718962	-0.048742781990297	0.50370413965092	0.594839657739921	0.260647999000897	0.355495713214016	0.120409335430135	0.523967087816903	0.443386793300022	0.412401635892689	0.105148295478892	-0.00169724459445406	0.296899611866793	0.305610674353082	-0.0144835732202544	0.478533484808466	0.667784639351928	0.429388783179091	0.436532445057958	0.0426721743360106	0.168506644816683	0.442654797654607	0.393758643542062	0.315607200002809	0.138237038635544	0.306701104685078	0.23494776213297	0.217397752588757	0.43855599503374	0.674329576053654	0.672436971307893	0.435990457918881	0.416761429583245	0.215361428829669	0.295318680463819	0.585572879675697	0.481801747507733	0.28595189446415	0.334891635664222	0.525954507748184	0.614866579716791	0.231031879987411	0.332563663659481	0.335605874241764	0.149613342695276	0.384793283382558	0.354161267617837	0.475934360177132	0.407235647581362	0.247921753143981	0.228029970964747	0.441224872102911	0.302366450026975	0.259369566369108	0.230542049781116	0.423415368186355	0.533323668864044	0.639176898743703	0.207123844525321	0.321290968838483	0.120861961875355	0.612925600971321	0.0222736853601677	0.165281707266957	0.480374325121563	0.384639786770646	0.418830862219688	0.246620815165234	0.43097446523705	0.239995571976254	0.313069417308427	0.432792474843671
0.71537991692336	0.599658142777631	0.595074831809169	0.49609963850973	0.470193631512543	0.513947960820526	0.58301275724275	0.658729464257027	0.791599377355128	0.539002661822519	0.294320609273937	0.591246821015447	0.181342035358517	0.752170649458762	0.43473596642431	0.730669669974748	0.47916367044402	0.572943682790333	1	0.590911648797066	0.530896551880095	0.521244805409082	0.495380376310962	0.246449628280336	0.681829661323988	0.533818939180546	0.533413228533061	0.311062677969548	0.276079779421931	0.00777233280220367	0.332185237031953	0.597008318516323	0.420977302860604	0.433517150297823	0.558686917028978	0.750917359358905	0.554199548924217	0.353303445352222	0.387723001387411	0.253216578752509	0.314817519359578	0.442492814939169	0.102686211351272	0.508691604761033	0.670417128693874	0.41269839922388	0.443290519503304	0.357823169686585	0.215653277680286	0.555127130976409	0.711297860227525	0.602400729085231	0.379772583990102	0.678402788138938	0.497782557490571	0.570532238120124	0.395437548223855	0.672971216105317	0.704878947566071	0.731102985055923	0.498494945014718	0.395081586604938	0.491604803916097	0.588427680082583	0.679260065105338	0.461260143013716	0.614348539075106	0.423481612046045	0.799721589357744	0.588536036459825	0.462977577324724	0.407882514511924	0.23068870535865	0.45478692944211	0.288194636960057	0.418089628303683	0.393731849950529	0.399328226291457	0.349123613639554	0.401146802830909	0.336486625976164	0.330379364389803	0.259747606978224	0.537223709215309	0.545681358025711	0.552188653954726	0.16110993208273	0.715225726416369	0.373926403934678	0.59061951186122	0.284292363622369	0.205355222885206	0.546019365135932	0.484628401215172	0.617096825996035	0.469889117120779	0.642251781871027	0.307265967951663	0.307714131202958	0.551366615329191
0.252523935062232	0.269799723596622	0.269026050830277	0.329053354663416	0.32250945937946	0.496031665876889	0.387588020802043	0.738773422588323	0.677920385260955	0.469826744719595	0.434080861185859	0.567122298022809	0.246186170860492	0.354972032612235	0.449459005072829	0.390040334156646	0.257479125215422	0.426125888019639	0.590911648797066	1	0.403325130359886	0.510121767535822	0.527293732219102	0.0368194165845119	0.777519286358668	0.416540516601391	0.276475411278644	0.041440798669228	0.185038885418494	-0.172950605922719	0.0541974739921047	0.370136779582621	0.243005496388234	0.260578694847774	0.364143260572815	0.347116469759318	0.398615676311237	0.327255839371507	0.189523506752607	0.128020432823048	0.154724376795132	0.202578748737733	0.0834683938732676	0.190870538025333	0.474201134422185	0.339544859193583	0.32535008269408	0.349599654555526	0.308184545687274	0.537786167485188	0.349564879270708	0.234821101121336	0.237052378417108	0.457076743567649	0.458627869052511	0.336419574966588	0.281624616366019	0.502026877105224	0.513983551301639	0.686036780702455	0.443810908209266	0.341358199395077	0.381930225316813	0.370995075139547	0.315183871827583	0.339522006006822	0.337398122339482	0.276715449626272	0.43078936320789	0.555421425354925	0.402124004736162	0.536405295849745	0.304223226813704	0.503168474924358	0.341474698878209	0.399999149354204	0.379672945427303	0.0547408942481929	0.158282968551218	0.336724512169242	0.463065185732186	0.41375706064934	-0.0163699750777335	0.323476371290836	0.521316186201342	0.371159469796654	0.20636688823092	0.47508631555621	0.380083257054558	0.543177668771128	0.366754804686674	0.0975796032947629	0.395379238419119	0.259349945178744	0.529561100565998	0.51389694249464	0.583193966060735	0.129641807214981	0.102536782153469	0.411948125187739
0.370381206067748	0.427148183831899	0.494949701133157	0.520717746847151	0.404182666291426	0.457586097670888	0.508150426819126	0.456607480890265	0.382263797598724	0.639864036008119	0.377592165146736	0.726909798738934	0.522319866668053	0.287625041494902	0.440457505229339	0.421252982675352	0.712690567036663	0.476113628026427	0.530896551880094	0.403325130359886	1	0.621456785113883	0.626226623944311	-0.00850153529131539	0.569945981342062	0.412374679855098	0.457137002143521	0.287842591305105	0.374315182863615	-0.0990169652425333	0.242585969212864	0.574880051328187	0.365847122648676	0.171095614778654	0.257390269817306	0.322356158431441	0.232354770820262	0.226448351915136	-0.0667523577685544	-0.127468753783878	0.481594574006804	0.583120439517725	0.109879502373695	0.533486928868357	0.594692984184427	0.463552294847342	0.685319840812974	0.062910577267603	0.0303525838355329	0.557388609376177	0.512702574037265	0.346922038488508	0.289085225573558	0.520474222713032	0.546877192983025	0.554471648203077	0.406899095936615	0.669956540078187	0.64140827751115	0.563014303600602	0.625965644723437	0.752234821657305	0.735209462094606	0.675406139772397	0.478568560372858	0.375036912905365	0.256943182552248	0.572643451548341	0.454860757279025	0.337505305133804	0.715089539047823	0.748573627398365	0.0246398232168345	0.529320467092652	0.395174577620436	0.43861501261589	0.264719850723621	0.295089886124789	0.527614114074963	0.316886359977479	0.598526618994028	0.680396029375081	0.0895922859492672	0.252166280807423	0.629966961936718	0.592494269176415	-0.103710564618662	0.436720258450102	0.209015072029554	0.437320922437009	-0.147640975127442	-0.105191367800487	0.550465355765836	0.611633090018142	0.736298119279956	0.326603606881803	0.440640487043986	0.120731520091448	0.485947367947869	0.631513027710427
0.365088591939713	0.462202295359128	0.388181717965022	0.479286494838171	0.473809274045515	0.500478507784468	0.424750589652398	0.511949281251855	0.550113442145951	0.582516179421825	0.398441805189055	0.629773837804999	0.481987125870929	0.410341845974622	0.530075206360313	0.442987608481022	0.629632852076901	0.5329448938811	0.521244805409082	0.510121767535822	0.621456785113883	1	0.636442291382674	0.0770087822887114	0.625942465268305	0.428338393188405	0.440654127244293	0.296027084677919	0.417154677190351	-0.0469916288859342	0.225944828745613	0.576769121132761	0.256785655610894	0.185422535059321	0.287154098734423	0.29562259123949	0.392899498072813	0.30223884386269	0.0550517020663039	0.111724457977869	0.465663366825795	0.530227694387093	0.0889430334356277	0.433561934692697	0.593429285202259	0.563957002886983	0.560186846694372	0.188687099706114	0.212421070237756	0.634804195017122	0.539629887152424	0.382623603432637	0.440384748637894	0.524948496844207	0.508925911075641	0.443997339567255	0.522756719758103	0.601763646996985	0.559301368656209	0.614846359857073	0.526945119322627	0.489499977632225	0.56851633223165	0.560252322621888	0.46671246279529	0.310199953045229	0.230174248585341	0.439240742919999	0.436868989525614	0.354297188985507	0.530691347025832	0.59955572899738	0.0556956729620867	0.565745294771697	0.291674356870905	0.34080352835222	0.323808700039621	0.408077312449416	0.431189141282875	0.271728746461768	0.4197938387427	0.492095055476313	0.0842551538360508	0.248703322444356	0.61280741520756	0.514691521525081	0.127867507383072	0.355948629441426	0.155473295004931	0.453579246378669	0.0218858017009733	0.0217523820260151	0.45696148953276	0.553729885269607	0.642714946548284	0.439483117062955	0.546277914602804	0.206834130538609	0.365402309492472	0.483151303107419
