1	0.685267127735028	0.55748865198231	0.698204843387132	0.632032016992398	0.601520136122219	0.53286495927886	0.520529732322233	0.378255715889521	0.508403626225611	0.604662836215256	0.548877168640965	0.560540872288125	0.12046793535427	0.267565054688686	0.0879279901944069	0.0532691046128294	0.00258584649998348	0.386403944296732	0.210450699079369	0.403018789571333	0.0569169437486609	0.0189912313321644	-0.058696797555602	0.355589796129934	-0.293411532934729	0.120791338291198	0.102014810947471	-0.173740153269504	0.449618081825025	-0.0115122498673274	-0.26996186126574	0.0678817067101126	-0.266882201561585	0.37866349913414	-0.0115333684028484	0.0439820597701124	0.195808511049148	0.10940711972013	0.113677302063653	0.326098453546281	0.525371240304395	0.330697437591537	-0.175080780003989	-0.313243359389736	-0.0214132334711891	0.265271762190588	0.42227328540141	0.0879971494122844	0.393166100716881	0.442326320279336	0.721901984113989	0.075636546871264	0.54155006390224	0.316127576724133	0.732919667877327	0.411274288358283	0.656945482456097	0.485044459889496	0.47934634090418	0.468562565081485	0.341490042026494	0.367352604428892	0.515122099862263	-0.317058506506716	-0.324068701573828	-0.0112105429512781	0.0596890559356146	0.388589640495946	-0.207209103051952	0.195541694081501	0.0375705591484461	0.414036655252567	-0.218694169889813	0.0573887840959559	-0.290967876128317	-0.25127193044734	-0.303689771134621	-0.390768568926821	-0.141737924861383	-0.119230982709721	-0.204963795358072	-0.428125087241301	-0.126844258497892	-0.16769248181103	-0.157059830790782	0.075174061865157	0.300743459573903	0.0933660049358893	-0.309352686917639	0.272387412399576	-0.20118995931543	-0.111637825063081	-0.111746997016505	0.0392553763343918	0.331639256816025	-0.406585295002331	-0.212205621335207	-0.0368072273463547	0.193429706661453
0.685267127735028	1	0.696594200501123	0.784555123826121	0.491266522461001	0.673234304163917	0.681716119062434	0.51723086541891	0.356511654636345	0.527366810427738	0.556875521013632	0.426258272647292	0.503350609781506	0.355368068210637	0.304975245608438	0.255656584217309	0.189189675185962	0.210911027325268	0.405008065147403	0.335716386679905	0.353085183540189	0.208313275994904	0.0645866052252426	-0.090177238639419	0.183711605558117	-0.285609277581589	-0.0300460055081479	0.202366955959598	-0.122911664397724	0.344550302241421	0.180046834242022	-0.037873732604739	0.154323788408485	-0.16147955551229	0.460010963504573	0.21731428794524	0.00625539787208177	0.178001960879502	0.128149369434318	0.0983693197891012	0.357396882558778	0.435690706896396	0.27807119455066	-0.268946762249497	-0.11662956032529	0.0566419484660648	0.367043346016169	0.490681389681341	0.294098924872759	0.325821644210924	0.584556497365507	0.789006838692995	0.356968650725414	0.682167524213693	0.444431785159113	0.683643959399793	0.404342182504765	0.666485699119307	0.40987649359226	0.433909834122689	0.599930821416693	0.343446724717942	0.30040886686017	0.401685765452656	-0.0226707938709029	-0.138791961928914	0.162700189100208	0.27874035039504	0.404702907769174	-0.0165638972490151	0.0729163794065441	0.160758971105764	0.266783525276769	-0.178528534561203	-0.0199599828459954	-0.177810155992817	-0.219919142366477	-0.360866492941427	-0.250175873282089	-0.095938611877125	0.00154672652910764	-0.113551998048773	-0.369042420709337	-0.175487785374937	-0.104604179274572	-0.102546047970654	0.126479203471606	0.332425966182266	0.00396139717526386	-0.289176386654528	0.282357214061305	-0.194765288190119	-0.186375348139937	-0.051585850389523	0.0136141136162197	0.424595048859641	-0.187262595420406	0.0271687664253225	0.160482628977839	0.194614913690972
0.55748865198231	0.696594200501123	1	0.733972978533282	0.639053689300818	0.616836757450307	0.677310813215293	0.478516432231309	0.35861315553134	0.558052806390811	0.522363246211015	0.48431952547934	0.49821697849036	0.0982074907257285	0.179653967567698	0.289604827585608	0.209562142712104	0.114297791976764	0.42447423307393	0.180918786742707	0.379122401115054	0.258733132265089	0.21119934986482	0.0889485164011987	0.112399924377629	-0.277799824796409	0.0676402832567587	0.190590180240274	-0.171505606454763	0.368838914352366	0.12291696198343	-0.0879628565805137	0.174803015300327	-0.219687001863942	0.557781258004367	0.26873830324132	0.181991521471426	0.129344386063408	0.230118349431492	0.152450946211102	0.324044995558923	0.434665729133383	0.395115275003063	-0.258571441852931	-0.0932931731393827	0.065248811283755	0.387544594072993	0.45490352750298	0.241156556507588	0.340237172509651	0.449845138529636	0.761295032443438	0.307947211316009	0.703698078370656	0.525024785658698	0.717329835344071	0.471186221564903	0.581752203368988	0.479399073938531	0.461126803537741	0.530511883552456	0.427652477446213	0.353901647295835	0.427344106214013	-0.124028862670306	-0.0921293432617835	0.263005402151276	0.151425624131253	0.555388187618115	0.0302299685438241	0.251873537181124	0.117527582765063	0.357391000001163	-0.274639230553956	0.155117909419995	-0.103326167628657	-0.274120375069629	-0.319395482898546	-0.241969131607346	-0.065794241226278	0.0931232132776586	-0.0733238395934039	-0.302620456675235	0.0262053577487464	-0.0493153036133952	-0.0563480737614237	0.216035255042263	0.44457689048766	0.272097591251238	-0.192138057031895	0.44384965623333	-0.102906445773989	-0.0893380939913106	-0.00773054118412822	0.16035586376748	0.474065050197498	-0.341754822032008	-0.0186370333292009	0.0247736317782883	0.373085547750232
0.698204843387131	0.784555123826121	0.733972978533282	1	0.633119576879838	0.749742758273307	0.819731793322978	0.579227760150932	0.558787470219499	0.606114002236192	0.62068341372913	0.641216517787992	0.663160088802957	0.226090505135746	0.384977337884585	0.336379562858202	0.309331745101069	0.207491838019004	0.505513874949016	0.291913579742288	0.515742349146913	0.231597498858526	0.22645509976175	0.0736056751240111	0.341104030000174	-0.242965016621909	0.197851634794825	0.247205556156266	-0.22100800425253	0.417950853397604	0.127633139325184	-0.118162873859127	0.190331299482149	-0.312141027508593	0.645348040970835	0.213809989858001	0.234309120516641	0.252207040322152	0.291115120416748	0.198248397502816	0.328058810552298	0.448248906126959	0.49031129099079	-0.268209943966477	-0.176606197082907	0.0257617330351839	0.422289702525572	0.581211785684603	0.382225491650904	0.400567256769831	0.517624644281611	0.848093461580654	0.295297119662708	0.712619863326455	0.542344512172142	0.870650727356134	0.61834537177421	0.715849194563916	0.526561385049454	0.58432335877804	0.611922536284117	0.447804831356028	0.523640393665216	0.545463313085332	-0.225027909661082	-0.0723642625741555	0.231485580782144	0.288156011721903	0.500791807521524	-0.114775023209534	0.353854227606017	0.26144066115219	0.439486091301119	-0.201512280094222	0.201463022464783	-0.157643552108464	-0.270683725417545	-0.376138033387002	-0.415441788151135	-0.0517876009137401	0.127962941984154	-0.0264061987369123	-0.488593030106578	-0.030605593013312	-0.159989031864204	-0.141276599232371	0.329456719111432	0.554413167312526	0.300064404284049	-0.236068314464243	0.475000128199144	-0.176310957183605	-0.144064174293929	-0.00755048270263586	0.152682690623791	0.465117334823826	-0.35596384148416	-0.213321102593541	0.0511660616328173	0.417067209907229
0.632032016992398	0.491266522461001	0.639053689300818	0.633119576879838	1	0.699374892724888	0.557510372468349	0.485344722395481	0.485457968231704	0.450763761463173	0.599685233143191	0.403612630310627	0.523070330946744	0.0224848054084148	0.233707000126627	0.0977725499361781	0.0993440518913807	-0.0916041664607761	0.489010563908204	0.152733167740009	0.43786455485798	0.308662970325164	0.0465768995055024	0.171670932763967	0.251263795931975	-0.422087791360331	0.0112157461693379	-0.0623830877855507	-0.295846578290038	0.403478948527046	-0.0355754756109492	-0.392309214187574	-0.0176054001498438	-0.346698520063796	0.461930331162575	0.103316309692236	0.289317696589126	0.037533810477392	0.283227878231281	0.120450253458834	0.261925475150238	0.353456021204252	0.346605090008433	-0.386065340017562	-0.270061893911678	-0.116676604819288	0.170349698764884	0.554637981987508	0.331246915428166	0.318284452272351	0.477752593587463	0.647087678409283	0.0506247463763697	0.580065850446214	0.456865985442486	0.668037139633662	0.491952811602928	0.553686738658119	0.375547959098829	0.442219045949813	0.488476698812884	0.427470724010915	0.443174375273096	0.522060660984871	-0.295661447329827	-0.258858657776167	0.0715531554374213	0.0254638831942581	0.410878083183714	-0.176296293918117	0.225630868346893	0.0116664400577013	0.511960047769234	-0.354205183443223	0.164489012737152	-0.317534995178922	-0.416740245787687	-0.443413128528034	-0.355279171948683	-0.115965085465668	-0.0525734414048514	-0.165358868289901	-0.414677038286196	-0.0502019573524672	-0.269288626979201	-0.239148098694093	0.336281696373894	0.30579225287831	0.264112215965893	-0.329892878057774	0.391758884611562	-0.157991767849203	-0.286574587338482	-0.0530588699619933	0.0719495979811709	0.403008891025396	-0.376732269300615	-0.293490206625997	-0.0233446327289664	0.375498016999446
0.601520136122219	0.673234304163917	0.616836757450307	0.749742758273307	0.699374892724888	1	0.788440418573662	0.608162124421662	0.595695396803095	0.592119168750199	0.6259203791845	0.56648871937113	0.677133130018485	0.283884920704689	0.392289950664724	0.41486570723323	0.402304856866136	0.256020763060958	0.593981811187142	0.480515304542401	0.602837779690984	0.420575360714388	0.328559497249591	0.293479901406626	0.418839894234267	-0.211062722071003	0.220345410068669	0.149450557916251	-0.174208149455245	0.406602676664147	0.286835956401448	0.0132069912990975	0.341739672653147	-0.301126635420361	0.683267442803674	0.383343958503903	0.3667896586307	0.295808443255411	0.398861763189777	0.144370071987671	0.458453497412588	0.378279112646957	0.501766876582795	-0.136774734864732	-0.0374758961393226	0.176688279911265	0.482694225868204	0.744955253148618	0.437704610274634	0.42976510927371	0.50073184583245	0.702372709689542	0.34472752619459	0.737526718137978	0.671004866929759	0.761485570460307	0.660670757434616	0.662878384904732	0.457525065236185	0.602741512969157	0.651537832217821	0.491626560834412	0.544187643746651	0.495927940641849	-0.131552549125738	-0.00899282821571754	0.37303992488853	0.359166012637145	0.525365223683963	-0.0169295065433862	0.291234719744528	0.371143264676254	0.468774079693978	-0.103114339972552	0.303762905737657	-0.0988804767688292	-0.242486753827462	-0.440951270986536	-0.277584663600539	0.0870119076691507	0.24277166914347	0.125559184081812	-0.313178273926586	0.0666510796302553	-0.0262240396383392	-0.081008280439069	0.331879093862212	0.577648257710533	0.327328156898335	-0.194060410438443	0.452825247983847	-0.242800861672292	-0.148627935422653	0.10730285796694	0.307650042613265	0.582632731169275	-0.279254854035239	-0.178425039723583	0.115582081237595	0.389832144765761
0.53286495927886	0.681716119062434	0.677310813215293	0.819731793322978	0.557510372468349	0.788440418573662	1	0.552723129737089	0.538497613309548	0.572242217304046	0.519419467767356	0.634887150668282	0.635323749118665	0.381574511768357	0.464577293701106	0.56879387512897	0.416950309310043	0.238565598756552	0.540858215496688	0.41746645191595	0.561944936374683	0.389637579046741	0.399107230304943	0.327514570018845	0.43403276467182	-0.113183887507743	0.298644686883167	0.346917236149108	-0.109315742907171	0.358092165739368	0.321856567829033	0.120550299043165	0.398192106167347	-0.136903941755522	0.796725245241018	0.453182915522096	0.322581247491872	0.338150008221906	0.397165327125692	0.259659101104982	0.376702980601979	0.42331425574992	0.601661941187157	-0.110730984452543	0.0803093537714757	0.257149952011052	0.535692353757866	0.696720031746847	0.491218607233155	0.471304200817355	0.492704183635582	0.717999518284389	0.421027326221638	0.811284071400195	0.646411309224777	0.751856157352851	0.692687202675142	0.633602512892234	0.468307960033843	0.523068374481138	0.57000430825051	0.418145453437843	0.451453933073182	0.573694230105159	0.0139941558917299	0.147424102498574	0.449441287241871	0.372976753357182	0.514877362336611	0.0528574752439527	0.343815393394267	0.3718097718089	0.38006702712609	-0.00541669198315917	0.29941209366855	0.0704103828166607	-0.137755782404927	-0.276781187905543	-0.237784375713244	0.160983865057985	0.276146705278721	0.140813986444215	-0.263557976044034	0.130919930017059	0.0517896588260221	-0.0236326864045495	0.278277123558447	0.558781745778157	0.416229633009653	-0.0302421078863904	0.431640610231277	-0.135521943629248	-0.0600026793964831	0.0792583898497757	0.277514068197503	0.576071024595654	-0.146775396694589	-0.0831114016321984	0.105694452984995	0.515001711958496
0.520529732322233	0.51723086541891	0.478516432231309	0.579227760150932	0.485344722395481	0.608162124421662	0.552723129737089	1	0.733065277681194	0.476222654999171	0.499602161729538	0.542853460418741	0.626675923764516	0.12294140055911	0.270449698571845	0.287841820132361	0.55351058650202	0.532468101812902	0.665594202315844	0.595110249430861	0.604043733257735	0.298465271561398	0.244975891506104	0.252278854377607	0.55472358558427	-0.229672519219092	0.117122305249489	0.221315595366215	-0.269409561819938	0.18652501297273	0.141458973098517	-0.0132474949886159	0.329404742358663	-0.332766692699821	0.526522440386915	0.290094627498464	0.35882168805771	0.138409465021656	0.21716128017266	0.0856768458254554	0.276209146222001	0.355302293136164	0.372893080220871	-0.212187636145866	-0.153963202806924	-0.0537271536099158	0.308054603334268	0.429924667832994	0.285168179731192	0.38929960482188	0.280660012119063	0.598340648586455	0.048124478661096	0.558884690497064	0.416790250653537	0.622018675257324	0.451185247362963	0.694037172558095	0.535854344985794	0.644774192195758	0.42963978093131	0.434807603006748	0.377846407005089	0.354740477163148	-0.222203507827136	-0.0879766184122976	0.233521224384187	0.426386957403389	0.52814285809033	-0.0683734434194786	0.047989454902653	0.293085200807528	0.420820958595872	-0.159341628288223	0.289793441256851	-0.157993822330936	-0.324502280195914	-0.443956442817259	-0.470389401232747	0.163090383417825	0.299984475087001	0.0893723791134552	-0.470941091427572	0.0565854614746385	-0.159939180323258	-0.204924538387977	0.264794996610308	0.420345609995071	0.298121504119573	-0.287864389701965	0.36776369041745	-0.273352662792133	-0.197682666286258	0.0662839546288852	0.153780188831931	0.392963683093323	-0.277977962680209	-0.264071751032725	-0.0678504312402528	0.230364971061514
0.378255715889521	0.356511654636345	0.35861315553134	0.558787470219499	0.485457968231704	0.595695396803095	0.538497613309548	0.733065277681194	1	0.318850875520247	0.339156887908827	0.464760794760127	0.53705915014462	0.1938876218131	0.364650195442116	0.423996899252957	0.444509960988223	0.416688028280806	0.709411005490388	0.626580196569114	0.598838518960485	0.289059648367135	0.1829779476058	0.355109706108809	0.659753525986358	-0.259558460381555	0.124154079593613	0.144137347408295	-0.27710327946279	0.192717560894331	0.170354576698036	-0.00136367269502937	0.258495971989144	-0.306267679189109	0.533397721972433	0.381504119733107	0.419714782186255	0.302242132474439	0.264264282696439	0.113418710178978	0.0824775892931402	0.283512935739906	0.438111527578005	-0.156849820645039	-0.0894441609916519	-0.0448444632384796	0.188906700976151	0.456566788874783	0.345651583463299	0.264696319656301	0.159689404008058	0.499218093645204	0.0492605071962276	0.458235549024962	0.369847141561665	0.561969523771413	0.434837130437315	0.516283839157752	0.550439085267207	0.746909144299693	0.291783291921655	0.368733060276102	0.384152375249861	0.394172687721915	-0.27763717985505	0.0431821960573525	0.365638917753052	0.451494989051073	0.556421346850232	0.0380709826496197	0.219482439432026	0.235444204479395	0.403956002353461	0.0346053625947527	0.353460166483828	-0.109621228723395	-0.391376773784251	-0.382424395312908	-0.521676350205318	0.281161119225018	0.265398277587479	0.147443251532786	-0.421718158837958	0.12659892479793	-0.108200020750313	-0.228153409227053	0.335396404931535	0.571781796211678	0.377520311774314	-0.173280971220247	0.358582486284658	-0.225185730692146	-0.243437198762358	-0.0283332712953236	0.180377645061758	0.355745332179328	-0.23975795986039	-0.444710359057193	-0.127848874331912	0.331125078490038
0.508403626225611	0.527366810427738	0.558052806390811	0.606114002236192	0.450763761463173	0.592119168750199	0.572242217304046	0.476222654999171	0.318850875520247	1	0.614616147025627	0.733048550011019	0.637490254413566	0.19858867987781	0.235760709930497	0.248276725546453	0.304022428176786	0.303885218098171	0.391751007310889	0.207022232405934	0.407536035748658	0.514789336442054	0.460879816256638	0.144164395929	0.289028344036103	-0.110150642558647	0.327360411307036	0.0825204265690541	0.0324458008741612	0.395149597885345	0.0579178535484829	-0.08249409336998	0.220411284773679	-0.304310744690358	0.475956003676322	0.136106073210488	0.206822464064701	0.0269207545323255	0.258257629839082	0.0953536443594666	0.59969383799949	0.649326986747426	0.220879471226536	-0.214882019903878	-0.172886883467411	0.174175900877661	0.410812660213626	0.549534358396196	0.359832060370403	0.469658958070258	0.44183521151457	0.602515702930835	0.299446332587972	0.510691723541192	0.479797701434479	0.62198566466436	0.357206281374284	0.574531461124454	0.360811185787368	0.412061957951024	0.716073355705458	0.364241757294521	0.540718647920808	0.445403608745073	-0.0665386903566259	0.0477566461544238	0.208055390867292	0.217280883422189	0.409914099846122	-0.0976539370224597	0.396715184181127	0.414336193791234	0.385143938315039	-0.210061905444331	0.343977521189826	0.0207538670626723	-0.0907828408361148	-0.326211325298511	-0.044418467263237	0.0048656285467113	0.201053513409875	0.00167412943730403	-0.287156280426486	0.0108338258325605	-0.0893039291472075	0.0687311977702392	0.1798171179226	0.473918547529614	0.29026634581587	-0.164333080955903	0.370519001294189	-0.163507560615944	-0.00675553501225829	0.230301740483245	0.193630792543496	0.453680328188016	-0.2173236448991	0.0346790528499772	0.305194418538697	0.471228941713022
0.604662836215256	0.556875521013632	0.522363246211015	0.62068341372913	0.599685233143191	0.6259203791845	0.519419467767356	0.499602161729538	0.339156887908827	0.614616147025627	1	0.563018350249611	0.617958677423979	0.163504253242038	0.209131266063428	0.0254948752752579	0.338730075243659	0.0805596472053663	0.340393364353748	0.102652223472068	0.374292522337871	0.394341295282523	0.276410811025209	0.152460441160775	0.214318429071181	-0.352243480761446	0.0955215127399812	0.120884843760813	-0.171698818466546	0.354006392905522	-0.0782679333657582	-0.317278409291318	0.0430929856788224	-0.445471067759293	0.499931970286779	0.124729325131667	0.235959270564488	-0.0772044328538935	0.338223774876876	0.0524520530351893	0.498475345797343	0.417043988374818	0.206091862848561	-0.366991796924166	-0.339960391753507	0.000674103748851248	0.191797915940266	0.442004470455807	0.301695348447033	0.232184400680355	0.494565309264499	0.64058494233544	0.144198479360678	0.516077024852929	0.468311487663055	0.634771472543587	0.400753315082027	0.668088611706933	0.318219209632405	0.46008226885833	0.572829727770261	0.31233808223002	0.40158618853836	0.403695170954987	-0.242922812617696	-0.162125051059711	0.00875714045805697	0.207897426651497	0.335905609539678	-0.285187143610734	0.219328482906687	0.10306842741745	0.441270191414321	-0.325714651531149	0.0935046430454015	-0.301992053234589	-0.31483723400141	-0.466547071613237	-0.359034194306816	-0.196867776038838	0.0287743327594814	-0.120385956194144	-0.424213345147969	-0.193237003766342	-0.32715067556666	-0.271725215186525	0.316641772134616	0.315967848097721	0.0654670163631714	-0.417484763056596	0.363012374205927	-0.185588922424168	-0.263230485670479	-0.00137174063810861	-0.0540397709978172	0.464399496884596	-0.397204814646672	-0.0388343796755314	0.127488085066286	0.273425220936639
0.548877168640965	0.426258272647292	0.48431952547934	0.641216517787992	0.403612630310627	0.56648871937113	0.634887150668282	0.542853460418741	0.464760794760127	0.733048550011019	0.563018350249611	1	0.718021685387817	0.174409747540863	0.389482019286467	0.307253557330997	0.438769837962828	0.277848642208674	0.517709640771564	0.27096826141402	0.592986950977981	0.396636775512773	0.616461807589378	0.336381927121511	0.496181096245968	-0.0681394382729005	0.510718777051868	0.288177238955147	0.0436078748044839	0.364451778125626	0.00377923732803292	-0.0948921471192138	0.285683612039645	-0.377465937090073	0.65599875622989	0.248035472399118	0.394486703013377	0.162517680603582	0.373330434263847	0.184819743470178	0.37465174859	0.435255906831637	0.373400721007671	-0.0792566607407053	-0.249558929410478	0.286668836935751	0.363888460963482	0.521112767484674	0.356346343200697	0.560545947610443	0.281870708851638	0.533766091873898	0.198050683158358	0.46063613687501	0.463841554096532	0.680002803973844	0.474705650532161	0.535207698133058	0.496047113444922	0.53240623265408	0.589832401312715	0.493810398722965	0.538954287489744	0.538895938150264	-0.138978795783401	0.16082849523458	0.212105932123419	0.351784746234403	0.520836569879604	-0.0683181630648919	0.583886632164381	0.417971201564013	0.450451184316846	-0.0427792883735153	0.416503358716698	0.101210362005652	-0.0524080512478207	-0.189955496194468	-0.20095805877934	0.127307102565113	0.3434325160068	0.0856425217933342	-0.28576966360911	0.113635871641607	-0.145413626435189	-0.0469056490426426	0.258945849704087	0.594812071818777	0.496595992799911	-0.119373272138681	0.487457317328194	-0.193351006073386	0.0704661253274299	0.152720300873542	0.257230173544377	0.505981033441664	-0.236362507771414	-0.140255278708314	0.235724814882207	0.564262825775494
0.560540872288125	0.503350609781506	0.49821697849036	0.663160088802957	0.523070330946744	0.677133130018485	0.635323749118665	0.626675923764516	0.53705915014462	0.637490254413566	0.617958677423979	0.718021685387817	1	0.141864808565486	0.318410557319324	0.289237148744373	0.483342219051711	0.36643559388322	0.506970714837044	0.372218127809295	0.645079815878435	0.323752625718659	0.43178482637008	0.299810082922611	0.49306391702992	-0.117445837632254	0.370300003572873	0.292685975527554	-0.127989842951276	0.336232184982922	0.112697768277476	0.0057849661028866	0.489330768612894	-0.23149689312787	0.584713550671219	0.283597837077714	0.401739390020619	0.239981445946748	0.371117142589264	0.268758722998853	0.337032925479079	0.359462581801429	0.396812399228642	-0.0977706678798537	-0.0811581476583859	0.145274984413793	0.478922781927997	0.489870307953143	0.263166802387674	0.4109393566493	0.305158757780391	0.626379817268087	0.143027944685134	0.513442819107849	0.394126072874729	0.701571770322042	0.599402417735576	0.627307104849656	0.465229231737317	0.555365269005677	0.575299704261948	0.419378385205298	0.510513195725297	0.648910189461427	-0.104375353891292	0.00392250332243281	0.230455575521786	0.383649445528501	0.441269260060767	-0.0652877823184741	0.325517038175531	0.308838410625154	0.428359662465176	-0.00662907521696275	0.390191648805292	0.0667413717646255	-0.109627734868115	-0.279573643986065	-0.274832080168167	0.092255935221701	0.292156566651599	0.105324963535972	-0.296779280879294	0.0688495102861784	-0.0616364385014449	0.0313166373648594	0.307239403764364	0.495019701332594	0.399854114904592	-0.0671206213085774	0.390846761588508	-0.208837760326847	-0.0447765157864567	0.221569446437964	0.300207758717242	0.449411670722121	-0.304634254176975	-0.182070242582148	0.150655316015945	0.506701217167672
0.12046793535427	0.355368068210637	0.0982074907257285	0.226090505135746	0.0224848054084148	0.283884920704689	0.381574511768357	0.12294140055911	0.1938876218131	0.19858867987781	0.163504253242038	0.174409747540863	0.141864808565486	1	0.557266635219054	0.479156770821895	0.242845187426557	0.30023835951976	0.290512042315591	0.3339139393618	0.205533902446875	0.198218970524399	0.117960035803412	0.251234492712773	0.137133739437479	0.102793656950555	0.0269650635305336	0.203111216106992	0.207137128674411	0.182077516964894	0.300946693518811	0.318734725537342	0.333220562098507	0.166165627116838	0.26498515342238	0.354402073364291	-0.0116695019369506	0.309474295268856	0.00047567880369254	0.0609953082797124	0.113176339893195	0.137798643286992	0.241132298249322	0.107628500909836	0.247787143216971	0.219373618150726	0.127556991166364	0.25178723568555	0.446507529057729	0.294029150274759	0.418937465978961	0.151548890218225	0.472993951529976	0.378071487561534	0.310368328154152	0.032164626315698	0.294661475229178	0.261244416753711	0.279068124169358	0.231294712344049	0.211527533057563	0.10545804332853	0.0823820312152053	0.259591535709552	0.462958037202988	0.383136072241335	0.339989240999068	0.445780811818595	0.285828443284359	0.349883765205054	0.22403200431002	0.26676568921311	-0.0680721460819478	0.336724063406444	0.296991876188696	0.209366065246918	0.0255740931828675	-0.01889761033537	0.0901150797132538	0.251075750328212	0.160422646018354	0.129176682824664	0.0462554011724326	0.0890961914955797	0.068583490596613	0.132863369509937	-0.132270532606157	0.192502425293187	0.15457207197276	0.0671818336103443	-0.160509016897891	0.00782201591407999	0.0303186599740095	-0.00285785370222735	0.00268597990857371	0.221194962996672	0.313110630237147	0.116302343859496	0.231194052811335	0.194356486387046
0.267565054688686	0.304975245608438	0.179653967567698	0.384977337884585	0.233707000126627	0.392289950664724	0.464577293701106	0.270449698571845	0.364650195442116	0.235760709930497	0.209131266063428	0.389482019286467	0.318410557319324	0.557266635219055	1	0.321008311186026	0.254326397536531	0.176433995112316	0.37455697935995	0.240341336809249	0.230371227894185	0.203894002031693	0.255255127787574	0.353136163394008	0.330864000768729	0.00672119080523046	0.10638577712553	0.217786438248654	0.0387216165892607	0.235204226421006	0.00303613971432444	0.0770229349500866	0.236716479347251	-0.166583851136607	0.437657322822868	0.26459608392385	0.164523875223943	0.181539951008353	0.204051041586067	0.177457563832904	-0.0351900258907158	0.0446590284064589	0.249025048506884	0.033396612284404	-0.0758372720969638	0.0768546950255211	0.0968648374371818	0.286101688737738	0.373730114160784	0.3532463887117	0.22669530286265	0.247248792781486	0.324001020877263	0.372637689275886	0.269880868226886	0.274468503959985	0.34105805417199	0.242815769645626	0.376987441439357	0.285681368301315	0.356834393607917	0.330536228224531	0.384855922576412	0.227699351153254	0.168866911784104	0.294950666959826	0.142180055531407	0.349058283466704	0.309062714223967	0.0351219468797385	0.474825673732822	0.284228536811596	0.200227553712658	0.151364422934537	0.346639929223257	0.0371829161235826	-0.084429878022477	-0.0740705878336208	-0.147741315195709	0.0453503298536229	0.176764082705481	0.0841954904639568	-0.179328955638285	-0.0706261867637408	-0.199372987840319	-0.240207442283889	0.0637175643790065	0.271493987151185	0.251617251573261	-0.151390545330522	0.156584450351164	-0.0870088738900565	-0.0753037789768308	-0.0282483347434424	0.0588971581832801	0.31232227564034	0.184720965601947	-0.0264072068919817	0.129173330219771	0.331427347537003
0.0879279901944069	0.255656584217309	0.289604827585608	0.336379562858202	0.0977725499361781	0.414865707233229	0.56879387512897	0.287841820132361	0.423996899252957	0.248276725546453	0.0254948752752579	0.307253557330997	0.289237148744373	0.479156770821895	0.321008311186026	1	0.407487268235531	0.529274784758704	0.526013892655883	0.596563114188854	0.454388225686513	0.20616511356355	0.395042641576821	0.359766968766824	0.387721153696053	0.168931737889797	0.319951307411821	0.281084722703462	0.0298925785923305	0.134955254383841	0.780852713735931	0.580792199010139	0.592075067924985	0.204525013061777	0.513120109411202	0.746631532997414	0.156526633750471	0.497803619986358	0.253131464281113	0.141849594533212	0.0722913564517259	0.282260945514443	0.554643665901162	0.217234842781219	0.52428200654406	0.445010181816127	0.555887393014937	0.410914909554527	0.377493293331696	0.423725776283305	0.279456121188039	0.185936270352184	0.48165471299844	0.453098846967153	0.414569902523885	0.269807647915912	0.537878690987289	0.308663655233888	0.437761856454057	0.432010620164965	0.260656947610997	0.129274943369256	0.224722295398372	0.241953950146072	0.277478595855898	0.368160081849782	0.857777286595798	0.403855419333965	0.541641918833144	0.545661887900159	0.147446765379517	0.46117193329556	0.0866663713689525	0.381577426085598	0.478026418308561	0.406205119025042	0.0154002729224683	0.000584724259351529	-0.00958735358355662	0.710985879753114	0.487944584734696	0.444235305151742	0.123560824750599	0.566730857155258	0.422929339640359	0.30256307630223	0.0549555279783955	0.575054366708447	0.512272473014777	0.378569181252259	0.205435287963583	-0.0742000739888298	0.177897395916651	0.309476687306817	0.533663666544715	0.326812945769549	0.230310511081254	-0.00128645823351199	0.128196747263908	0.356997855840829
0.0532691046128294	0.189189675185962	0.209562142712104	0.309331745101069	0.0993440518913807	0.402304856866136	0.416950309310043	0.55351058650202	0.444509960988223	0.304022428176786	0.338730075243659	0.438769837962828	0.483342219051711	0.242845187426557	0.254326397536531	0.407487268235531	1	0.657793612554015	0.459456580636806	0.415582136321234	0.601089709494305	0.410869964531305	0.437946043871737	0.420206021027951	0.336287267198626	0.0152088931920969	0.208602725080688	0.267377565523672	-0.0299068883465289	-0.00289491815677899	0.349302660596957	0.313784282643502	0.461953316067381	-0.138794000402332	0.565073597130454	0.506238869751182	0.381072858758189	0.127744337226101	0.398669007296851	0.178508135156178	0.0949103402328878	0.0634502040422154	0.403977751685431	0.0638585006097952	0.211521116234896	0.241976252141685	0.314568738962594	0.380474977801846	0.37583178573601	0.377308121797826	0.132048847533707	0.23873019953394	0.337529232065066	0.30709006684789	0.38119983720998	0.319400598159923	0.344068844306966	0.325238425057512	0.257683639075586	0.373047843542245	0.241733409570588	0.369890759037468	0.319579071007173	0.252195793534389	0.088375187546946	0.312556541489933	0.419025413755226	0.51623664672825	0.339249517995508	0.122001344055959	0.20367223796285	0.421241215423356	0.216755057630276	0.109425115285642	0.358341342131237	0.117385097557775	-0.0881247429004973	-0.268906243483529	-0.17917204071013	0.332787818907033	0.466823328768146	0.440729674403391	-0.139357465713092	0.216705923020758	0.061562126490305	-0.0170637533310673	0.266186649249272	0.458819453097435	0.37045303345704	-0.0646516826886111	0.273766637895638	-0.163305962276201	-0.0458020789276585	0.178746132367973	0.243438508161748	0.23471501904733	0.0124002090554806	-0.0921628519043262	0.081163475216178	0.233178466513255
0.00258584649998348	0.210911027325268	0.114297791976764	0.207491838019004	-0.0916041664607761	0.256020763060958	0.238565598756552	0.532468101812902	0.416688028280806	0.303885218098171	0.0805596472053663	0.277848642208674	0.36643559388322	0.30023835951976	0.176433995112316	0.529274784758704	0.657793612554015	1	0.437449322573207	0.564730762233889	0.412641545780567	0.181564239854111	0.315636804624353	0.246439087340201	0.349441486482889	0.0906550027253745	0.184522600707932	0.180515667464706	0.010411431112378	-0.13875374358458	0.500129590947132	0.503119902637709	0.549845616640061	-0.0267181650940544	0.26569267120155	0.454855710110713	0.15091993061627	0.250404765389911	0.162847387769584	0.00459455142085589	-0.00648956106464499	0.166324868332289	0.17286946126547	0.0956309373351346	0.256601607272228	0.172666789539187	0.324456750483751	0.236561842123646	0.217175553529255	0.279663922656261	0.141356063741527	0.148453773563817	0.32399098582949	0.203737313744941	0.257793029205771	0.154905371852097	0.234513384229206	0.29200970472837	0.352358334874811	0.407346737236699	0.205782360009667	0.229539972664719	0.195202512721239	0.0846725996686459	0.198235724482408	0.227518044247905	0.520856754266873	0.475586224582444	0.362086762460402	0.261365325939602	0.0651864466921647	0.390030697090154	0.110997676257667	0.245781893102831	0.35771381069292	0.200146539662366	-0.0525881053837564	-0.128226601704751	-0.11075659817537	0.506189163220405	0.451612539979354	0.361852320169358	-0.0914295650166672	0.244643304745262	0.154245332747544	0.129524785580354	0.0813087721110097	0.431818625573227	0.250592055349903	0.0289643934160396	0.211534550181346	-0.201867659253404	0.0660393943231427	0.208502948117367	0.32865716058932	0.176052944443786	0.149228595577924	-0.0578124701970986	0.0305407469965629	0.102830057781814
0.386403944296732	0.405008065147403	0.42447423307393	0.505513874949016	0.489010563908204	0.593981811187142	0.540858215496688	0.665594202315844	0.709411005490388	0.391751007310889	0.340393364353748	0.517709640771564	0.506970714837044	0.290512042315591	0.37455697935995	0.526013892655883	0.459456580636806	0.437449322573207	1	0.614944471221637	0.556482596605628	0.282055128262521	0.270513992785062	0.47327556842007	0.543461874095512	-0.217546918098631	0.250032055619788	0.219420351254137	-0.211136615701301	0.254326803687506	0.253925830619189	-0.00326180367535179	0.258234094258596	-0.325514935549747	0.536331318176241	0.57661442664912	0.355806070247801	0.229313820204038	0.374117616571174	0.237134261441534	0.214970361255199	0.335650724499155	0.385851445804805	-0.0961108535209087	-0.0768350272126573	0.101127838666414	0.239155707439923	0.439307902885473	0.402164055649024	0.424217222275923	0.25951216025516	0.422107160979327	0.250105626529996	0.55068357974528	0.453897976285192	0.536208176214637	0.427350495352995	0.520382679246726	0.632580023305692	0.654186111854012	0.42351601489665	0.377886083902223	0.259983608181457	0.341204103053484	-0.144190636243956	0.144825641303691	0.432311718163166	0.351682389403195	0.701739833198319	0.179140232278973	0.19657423550824	0.381320979753244	0.411450375064216	0.0671152301001984	0.419726381253754	0.00225785690055285	-0.238076604850994	-0.414125987095523	-0.392256151526473	0.332219297291164	0.340324843171587	0.124504258860819	-0.294641445509155	0.13892987997564	-0.064572618393424	-0.182700063632474	0.316377443167095	0.533296036778971	0.420454844681813	-0.139504827841432	0.433502808622786	-0.242985483038095	-0.172208472252346	0.137837768357294	0.322537114013852	0.408067534124198	-0.125042896028587	-0.264790691748071	0.0301966580223578	0.377155094587066
0.210450699079369	0.335716386679906	0.180918786742707	0.291913579742288	0.152733167740009	0.480515304542401	0.41746645191595	0.59511024943086	0.626580196569114	0.207022232405934	0.102652223472068	0.27096826141402	0.372218127809295	0.3339139393618	0.240341336809249	0.596563114188854	0.415582136321234	0.564730762233889	0.614944471221637	1	0.464416927236266	0.226946735226322	0.131929994535584	0.236541423160642	0.626991321986589	-0.0393193249482376	0.139890624591555	0.214430589354189	-0.128532797038747	0.0562812555841249	0.494326788701625	0.39843921056092	0.499481635307808	-0.052682295990438	0.319013122534668	0.581959520325333	0.225040782876203	0.427457391299062	0.120022952907929	0.025447128431076	0.106751530865505	0.246370872206926	0.387381318253516	0.0859112765768197	0.330916500209563	0.130103336689225	0.324869298637099	0.26913746036984	0.302235843823796	0.285199735880291	0.198320017099397	0.302766382206568	0.192981570171709	0.409638979161168	0.324221953671049	0.290026304760964	0.466367231742667	0.38908537746033	0.39781085697784	0.598964650995694	0.251247576432576	0.21752961247935	0.199824033665409	0.17148216391346	0.106461233492525	0.159626060388181	0.531029661858743	0.452832979182065	0.462263249857188	0.420014259723332	0.00923803831995364	0.372061166733586	0.211331472142155	0.317094201013081	0.293525270516666	0.131743636955346	-0.14257509956437	-0.257060926745782	-0.2334962949311	0.490712125779518	0.368946131202593	0.268396194441394	-0.0619996378054193	0.312937205958608	0.227319981904743	0.061226040198911	0.101971785925718	0.350578419654185	0.347039620471552	0.152203482411	0.112022951547284	-0.130159462472511	0.00663661833530024	0.234090866446938	0.302961429003795	0.249697272511204	0.0654400538051743	-0.192011684261299	0.0293164236855962	0.177404430154917
0.403018789571333	0.353085183540189	0.379122401115054	0.515742349146913	0.43786455485798	0.602837779690984	0.561944936374683	0.604043733257735	0.598838518960485	0.407536035748658	0.374292522337871	0.592986950977981	0.645079815878435	0.205533902446875	0.230371227894185	0.454388225686513	0.601089709494305	0.412641545780567	0.556482596605628	0.464416927236266	1	0.257782669625039	0.332325570722875	0.248227379447258	0.595869823125031	-0.0945391921177698	0.382830129828175	0.311189041662039	-0.203124997722394	0.445313158967205	0.398086703318062	0.186895751851051	0.488623604791923	-0.205442237342136	0.577305362407874	0.427393721746179	0.430426722410143	0.339839547965049	0.338620685047477	0.157300929997577	0.113211791257558	0.372843258564341	0.67718947248131	0.106570524398219	0.128725027178031	0.220834008672965	0.539636221619277	0.461703572358699	0.257862276686424	0.590205171125783	0.217910636519854	0.467160469040118	0.055130887451002	0.44395579553757	0.370596130350753	0.604282447406464	0.593361327884137	0.486827507253665	0.410950608968998	0.567838879209882	0.314996758679708	0.41554765041485	0.349755496365641	0.520699898584557	-0.21738775092922	0.032606672769307	0.423799984644991	0.379666216497419	0.470963600179657	0.179808267878861	0.155877798474812	0.243079994368596	0.382673795723025	0.107377867851165	0.377186272531513	0.0565817547377944	-0.112360587901426	-0.229103159297463	-0.319628421810753	0.433242517218241	0.37295436244388	0.256921505606949	-0.238724326181967	0.413937039586289	0.171406846479534	0.121268427956747	0.310556268378255	0.556424576565391	0.528933226331507	0.0412437406608996	0.34378781504065	-0.178041320724164	0.0391269698121251	0.197607868961184	0.394222974436678	0.242235611599446	-0.258581925095727	-0.308199609328432	0.05827989440262	0.318737398077698
0.0569169437486609	0.208313275994904	0.258733132265089	0.231597498858526	0.308662970325164	0.420575360714388	0.389637579046741	0.298465271561398	0.289059648367135	0.514789336442054	0.394341295282523	0.396636775512773	0.323752625718659	0.198218970524399	0.203894002031693	0.20616511356355	0.410869964531305	0.181564239854111	0.282055128262521	0.226946735226322	0.257782669625039	1	0.574678891367933	0.329304452884504	0.0848000403308984	-0.017448320605648	0.14205762043566	0.0681878992563538	0.304775185903896	0.0546055432186266	0.0555853008104006	0.050995800814743	0.190939405500091	-0.104448717970784	0.461968026378513	0.278572523838932	0.194105780424131	-0.0318857294692831	0.335789853574027	0.183926069452432	0.487626018923614	0.185504146866838	0.173238575867696	-0.0645122486354188	0.021031094418606	0.320736932927569	0.307746680483058	0.5207331121423	0.513239873023786	0.220210069894359	0.300068859258093	0.290375778696808	0.330013911896414	0.351365779685608	0.487527009971218	0.296788494841036	0.283102414054959	0.291941343697649	0.122501502129701	0.26346408783872	0.531732566398038	0.407050329303468	0.329443945386651	0.31574057941037	0.0613081261264869	0.250143198949588	0.207119612032962	0.33341231490475	0.231818982846	0.095549811546542	0.285450076303914	0.4344540560709	0.24612964933246	-0.123477542364536	0.252787690362254	0.0337074074716116	-0.0603924472929884	-0.235148709943605	0.1004280812809	0.0479583482895407	0.329677499037656	0.222090214387243	-0.069638227401016	-0.0304093347700063	-0.105628026730798	0.0192455421499307	0.0693325861983165	0.317846466058599	0.227467733370707	-0.196790509160472	0.244990160992411	-0.0584127433184414	-0.0895988840635625	0.320386015067871	0.119804276467702	0.49592153430467	0.0756473337368826	0.164179558129917	0.278088328133028	0.415434640885192
