1	0.744851265760755	0.775805633921437	0.605650750219981	0.544935393921445	0.360561670332006	0.390337221921437	0.408794932799744	0.303621335650221	0.475292998926007	0.271835796204934	0.511891117090727	0.446895285404039	0.54496900842268	0.539560822824772	0.415637366371243	0.180463896209308	0.0759220338431478	0.327075997894281	0.216498973859693	0.443842753624986	0.132269908527989	0.352961743189594	-0.187283714649236	0.316093176527018	0.0773802436332559	0.144379731523718	0.122011172137565	-0.0234116716597798	0.0524277698053211	0.0914914622922122	0.129497516038173	0.444358139405962	0.0705766662629288	-0.0261441883571729	0.000579504596830285	-0.0367394099658044	0.184878025489791	-0.250168572381151	0.0965568347267365	0.133351944386982	0.247517842827191	0.0113885250814592	0.395866300220718	0.371397748797056	0.106979686722937	0.231627703760229	-0.219073638205035	0.169801681657247	0.236218252277585	0.670852353481694	0.750914685868524	0.530806637317693	0.593128619047394	0.286891439391071	0.515649421462733	0.287205730625616	0.412365291164587	0.436068772037728	0.268585782268625	0.484731482571632	0.423972095279186	0.421359915692196	0.170329761930643	0.658368436291303	0.361310926756748	0.532581356116	0.357535635113948	0.454238001107368	0.213707027991698	0.448269462606063	0.342993437571475	-0.10198630785458	0.222346463800489	0.327725968259834	0.257444731409972	0.10400309842184	0.224368962794549	0.374151023923165	0.222408496567268	0.294481572590318	0.418757357097281	0.307154273853848	0.0621484597451243	0.49470418766564	0.422057349550458	-0.0119481665025094	0.0838572785072497	0.17043570149168	0.286705730637527	-0.186778530734948	0.383517642647375	0.271831450925351	0.28215345318899	0.544547872057511	0.0253093820052043	0.348819994266343	0.187294746819965	0.599022677989567	0.436949899600301
0.744851265760755	1	0.704311746861635	0.676425695519185	0.420807471622947	0.33814399256818	0.448530659209982	0.453262387039551	0.367547295122009	0.485066989972979	0.270387625665006	0.497824910267827	0.467596808789616	0.503354604882819	0.547393223806496	0.495205113068721	0.342108780803357	0.233076074534036	0.419075824883964	0.243032112604947	0.510475254593934	0.158548688184197	0.355907578223809	-0.0773642062697277	0.322096942389846	0.115841835180515	0.201183147065364	0.186926302313254	0.00346020632586601	0.151036438295365	0.210558942324279	0.163867452712869	0.458012781256155	0.162829669304543	0.102418889969159	0.191160274867915	0.00694012238985574	0.282554572502343	-0.0986611691044911	0.0541693833111299	0.122761939023613	0.224218778132897	0.00780114148729694	0.421072268206693	0.32400087870126	-0.0217815120076582	0.238971839149286	-0.166286569814837	0.0218190337618002	0.31788188889979	0.552808209646288	0.706475663845471	0.456551234621967	0.530953747524348	0.225484370870384	0.557252250611254	0.247910131733305	0.402610596176386	0.435340149095507	0.313307210101026	0.415313960927567	0.315593932111982	0.41731615103548	0.200910047554301	0.562863958307534	0.383820276844721	0.586069629250261	0.44761915412823	0.546033510870994	0.307191709964965	0.519210924645742	0.339608197064713	0.0430048623586502	0.202689162552523	0.340899157990462	0.301682489810654	0.0889690594321473	0.289947923475977	0.262047170786033	0.334427251906608	0.277404930321828	0.517108053720627	0.322454498600757	0.0938958619111532	0.609805813107913	0.436868295677765	0.0379377770530623	0.198272229287087	0.101196689808278	0.330703550649993	-0.0759262437588758	0.350873715430061	0.357238600132102	0.265827704628293	0.497256313812924	0.171221887954187	0.279536939681901	0.207564683103189	0.569694354248191	0.445678052989682
0.775805633921437	0.704311746861635	1	0.677231539802099	0.487117921142889	0.366145007546965	0.400219704201712	0.330994976182021	0.111667118407621	0.401166252110903	0.153584417796045	0.42460550751349	0.281441362658875	0.396568384844228	0.5380006518437	0.27342289840287	0.14194407326658	0.0418132463299429	0.306957165812472	0.151099812031693	0.384598943185981	0.0306228010039646	0.171798987786786	-0.164858577026198	0.14618381923753	0.0883795659002797	0.0752071711716243	0.123352224400039	-0.200195166954307	0.00798475451277753	-0.0363152864162173	0.0417755895658655	0.25550601499902	0.201957726604527	-0.0827659241436905	-0.104384513579677	-0.146627518519099	0.142253658076011	-0.295304299586633	0.227481841039241	0.12899724655528	0.200733284486464	-0.0276423447165888	0.294872966643948	0.287944871899614	-0.0652731539306985	0.139558401158681	-0.212884363683274	-0.00764615855936246	0.241720038106484	0.603773147087554	0.790290599861702	0.547364693820168	0.710921283975567	0.214925388273725	0.593040662826269	0.150125454793599	0.228786903023423	0.276259232456651	0.0630869887085305	0.416165531740926	0.381966250950249	0.343560006453508	0.198741997952684	0.555365409322241	0.370088208639441	0.408636392839546	0.268457975256337	0.347154879163454	0.202317143673411	0.41250453626383	0.230093313519816	-0.0869936634566871	0.133862147781145	0.125061774046084	0.255431633000883	0.183685492929983	0.124511531237497	0.192262699719789	0.090462494798762	0.141989074182451	0.318906635238065	0.182035712211144	-0.185080385951408	0.424022497824024	0.338216880673313	-0.0915116538929092	-0.0180776585693679	0.083730742247716	0.167100313391628	-0.279858416644981	0.467963206381099	0.232932037567702	0.231793670079969	0.482347767456914	-0.0749320567565973	0.206910111980137	0.240073447493336	0.528904876060042	0.413120977257877
0.605650750219981	0.676425695519185	0.677231539802099	1	0.560214494907786	0.626628219374611	0.749585896125668	0.462582034929506	0.347511840352148	0.526140001562921	0.328134922521034	0.506041290202105	0.369677827114074	0.39987519667795	0.711695722756146	0.506064121598608	0.142892853145631	0.10123521925882	0.46413335576766	0.298042111688654	0.431111311064851	0.341919489836168	0.394949188851727	-0.169049829175946	0.329799593151064	0.181672398853508	0.23386004104045	0.329038149159153	-0.0613883182260098	-0.0490739614112136	0.0978989810896623	0.121465891093685	0.377978263897492	0.256686396948021	0.249522838881718	0.133108605440438	-0.106262730131594	0.267510292910269	0.0107943114315453	0.229236874912668	0.035417309150922	0.159114644456311	0.101495360013763	0.43088984173291	0.331606315963565	0.201923203205533	0.375386616710631	0.0576087468555972	0.187103404133894	0.332106644653865	0.691178508953289	0.639427057399816	0.657550663312432	0.736888857431377	0.503942642790207	0.699493436438459	0.214338670831055	0.296350320375195	0.37652480415354	0.350797906459418	0.546209274276694	0.415215800869514	0.510129094524592	0.348075966524989	0.539006983516604	0.627399999201517	0.676772609233178	0.357476883668014	0.49579718512293	0.324606841178325	0.423836921093483	0.505030370258405	-0.0112771634397146	0.223821221888793	0.152024038216352	0.342257227536175	0.0918674054239898	0.204540453633401	0.28317054984677	0.179441983746983	0.228210588985898	0.40414861863656	0.191835444313235	0.0769835375052096	0.550217158922937	0.378345230687092	-0.0150319009550195	0.305960427663921	0.180363649838809	0.277465800503614	0.0656684916698644	0.331109389527526	0.351884205374587	0.426891949680705	0.590603068455052	0.23880480170313	0.445483084546031	0.237919915844467	0.561873939982501	0.495546984652427
0.544935393921445	0.420807471622947	0.487117921142889	0.560214494907786	1	0.632324261298867	0.470694516727859	0.315725273879663	0.394428617579395	0.213995363904122	0.0832055527080641	0.308435325073657	0.282370763864723	0.363534950679971	0.54365810844659	0.274053818278647	0.0612414650754702	-0.121869221505058	0.119416746114031	0.193850806375347	0.259717332385464	0.127051511849692	0.202190111929223	-0.00882652750176631	0.260509399443518	0.0628266730009967	0.293589892279513	0.0753074061868884	0.0632769499813941	0.0931382180979958	-0.0937963891890248	0.108997034472019	0.305612173582495	0.0970819016647262	0.320223828239777	0.0829268434813361	0.131305237857281	0.141030940434552	0.134852617510765	0.100511617694417	0.16099426988271	0.133499917412762	0.0478629967799407	0.325244688731889	0.279087146086914	-0.00055975372536565	0.182605754397099	0.160802490047493	0.48603468616041	0.0623490030600665	0.672907716916445	0.498169504946334	0.532799754618565	0.645723912320021	0.539114014515083	0.412435910269229	0.0713421508839893	0.201102496293025	0.186654752030628	0.342312636033031	0.346444430127913	0.308662534455738	0.284435134656264	0.263906432435663	0.369115369390941	0.349963600112891	0.418329162698689	0.108322511973442	0.252584870232168	0.0913934420261853	0.323362360559764	0.267573593603322	0.0985910400826557	0.156398465839915	0.0217690712272166	0.214791223691614	0.107125046715126	0.111630306905087	0.211878831563712	-0.0421481928942924	0.169693251614265	0.26907616896673	0.236666498298574	0.0699340982205991	0.374232419959064	0.196205213582773	0.193397737425133	0.342319818399002	0.125960743725383	0.079213859163196	0.162495618584795	0.0414375011881659	0.174156349903053	0.334476141193301	0.296148771239114	0.272606616732526	0.488285755308736	0.333885548677588	0.341227674645365	0.362747365753779
0.360561670332006	0.33814399256818	0.366145007546965	0.626628219374611	0.632324261298867	1	0.677088853232511	0.270808508865564	0.361765940086909	0.282641239509481	0.116448621149793	0.346646998914987	0.350265657875883	0.350421937590316	0.46640178625016	0.38042106602635	0.137903127068252	-0.0591635663943613	0.316728202816063	0.276401015880127	0.355275185799796	0.319983726821709	0.240531103955204	-0.0672528480701683	0.183628826298359	0.148112790249245	0.224223903411174	0.134771843960004	-0.00702632673818841	0.038598458504068	0.0318415381011347	0.00820555744129113	0.269221806889996	0.0440872298593821	0.433350470834278	0.298640073825433	0.000104740297048108	0.287416630573068	0.206178997646615	0.150356919467187	0.118029051204583	0.165240650715546	0.172186648002543	0.325710082151776	0.285935606792746	0.114043484025462	0.300619836992164	0.342339819954699	0.372364345522274	0.178884338609743	0.485755126298829	0.366918635008584	0.476764032378514	0.624267347915381	0.457009336512702	0.502701329736013	0.105321508671054	0.108495165816505	0.0828822281301816	0.284706926032592	0.344126050921573	0.282759139615337	0.30797025139796	0.414851286957114	0.158259726655881	0.363795034963542	0.395085579750853	0.170355267339739	0.282469909849248	0.150621602581771	0.25317847229787	0.357066586349224	0.0204471097213185	0.224338327871907	0.0502989616424867	0.20016376633627	0.276194684434669	0.124291285040535	0.136994136921853	0.0337306578268555	0.113122694774255	0.206195139341221	0.0682310897168257	0.108487958081257	0.218710443055354	0.158977887966757	0.101346319522498	0.449298906121039	0.128162766271415	0.0649619764583468	0.2902185329568	0.0843499067115123	0.204029513997985	0.382049941632144	0.331871896015623	0.388106966817037	0.404261929857948	0.279865680887229	0.308559273898788	0.317904695626807
0.390337221921437	0.448530659209982	0.400219704201712	0.749585896125668	0.470694516727859	0.677088853232511	1	0.405729040253554	0.374831417814183	0.487317371830173	0.378216063074529	0.408806928868729	0.37518695870406	0.456561137076871	0.616022696727478	0.585992956589346	0.114478775591189	0.0906790989302431	0.54956876054124	0.318476272381817	0.384525689670976	0.369371619573011	0.416752048986609	-0.177966271104466	0.322031694346379	0.077859298727282	0.153539192778126	0.221935050205035	0.0609732486934221	0.0959158061753505	0.30753141423214	0.210001082243709	0.429716417371879	0.146942343250964	0.53776663241193	0.36560280966616	-0.0767736864864451	0.253882504118988	0.296067872131634	0.0429371849152441	0.0414316829520541	0.24711095755929	0.268134474939547	0.40667976953908	0.454845424140402	0.233893738641246	0.411520355422456	0.254563518566348	0.282843633344042	0.391453063819429	0.504892597633777	0.48475629492947	0.5138007974741	0.592453076986596	0.418740832097912	0.64521419270358	0.206427530224054	0.291060628506296	0.361396049865105	0.330663336245576	0.47290619435493	0.460006412672463	0.430978102849449	0.43157923876406	0.362501839025713	0.582625630695224	0.574622368739266	0.351295018482393	0.498273295822011	0.239756170196086	0.376606873107317	0.486536635248317	-0.0192055197304181	0.239915232191433	0.221116446942265	0.282593372969506	0.145234421500542	0.247588305070274	0.325196984947215	0.30006614994912	0.310787393713663	0.439627931705845	0.234737495391025	0.319314677138043	0.43163096557055	0.266294047945631	-0.0645081590637621	0.493567234604361	0.277679324734114	0.263932752591114	0.328429544175802	0.189437653061554	0.351252738106098	0.455474149124463	0.482308036122889	0.386951780676971	0.459241841541406	0.291192534041263	0.455039380111555	0.525291156531077
0.408794932799744	0.453262387039551	0.330994976182021	0.462582034929506	0.315725273879663	0.270808508865564	0.405729040253554	1	0.51930446247661	0.430325777544584	0.442015153094739	0.546923611522338	0.670755690657989	0.445883449770334	0.533997117023245	0.447865688680275	0.405738385487536	0.373648478562092	0.57552244506067	0.59878537237027	0.413603445905069	0.362914277882326	0.498292818415036	-0.162999544620441	0.598859513414441	0.252466881106633	0.343970034359583	0.220337935310345	0.0914702710044865	0.0448059515422524	0.209840082164224	0.220423421544426	0.497904018486693	0.150960128896977	0.113447996857671	0.0724856785623215	0.0879389450549046	0.487128900895913	-0.103046780289793	0.160396108690343	0.115191409100729	0.113571755733256	-0.124723007466783	0.601233124681445	0.59388973252188	0.271173218130766	0.419884507244057	-0.0634331037029923	0.105288801343741	0.217119826852201	0.500156557026613	0.456784680261262	0.447026464984929	0.374658377113471	0.390953487875699	0.351864266256857	0.531913954753738	0.579340723403224	0.607187025477321	0.482510198807103	0.526400978003281	0.343005997556703	0.550700677998093	0.434534291286782	0.422773640631853	0.533434585610189	0.599355649573048	0.517862701973998	0.553337881220382	0.574653445580044	0.504174708626854	0.425983696894055	-0.113128252454183	0.424307145232094	0.341750072557816	0.339556523213688	0.285810745773209	0.285540296235377	0.238447430611354	0.334729636466981	0.368319854084214	0.542756885229755	0.271083653790545	0.142708242116976	0.596396678238715	0.409618216144165	0.123370057709654	0.183101482954429	0.184847054150839	0.596185954202305	-0.0821982365274708	0.18935528224969	0.522827859386986	0.4174895399509	0.472969278902124	0.215345541579211	0.504808816889162	0.234816310128004	0.471555326983174	0.415199220762263
0.303621335650221	0.367547295122009	0.111667118407621	0.347511840352148	0.394428617579395	0.361765940086909	0.374831417814183	0.51930446247661	1	0.445365621516063	0.322458796079094	0.443116302107924	0.480660210465698	0.351097571923782	0.457420612272446	0.525202802942954	0.297643526654551	0.216708119605961	0.477134243362653	0.374269780356632	0.194685623244433	0.374616582967495	0.310542371357088	0.376785150911955	0.696892667989608	0.380427309355551	0.629022759088478	0.344533318773954	0.29484941116715	0.154422970315213	0.279705964878575	0.287329376255317	0.46174267733728	0.0371852236038365	0.526671692231819	0.577218533712266	0.395754436790066	0.354924652756915	0.42211908084521	0.134511953282405	0.215783279364219	0.011551596068053	0.146192188317372	0.551562746448036	0.472084232487462	0.151379220529175	0.195678709917101	0.346417004482762	0.490042326967118	0.170441703075472	0.409008149483038	0.294740240605599	0.371678338976658	0.19612860048877	0.25649981195996	0.209156002227583	0.246496994975895	0.298972147268312	0.357134644498461	0.83164377986686	0.354724070553451	0.172886276929893	0.466021278707915	0.427652561793664	0.301271410931785	0.432967310603666	0.556781431787752	0.343646545957691	0.665441508375212	0.471058520188646	0.228696532248758	0.314680661527918	0.208229330708748	0.530884153553076	0.187805023300207	0.254055132956203	0.308747175700637	0.230660027134897	0.388267785920843	0.193699675952601	0.32505777541955	0.548464874161249	0.327523995848735	0.492389002380258	0.484327280384935	0.319164060590354	0.409148602011806	0.594961022654529	0.167492151565201	0.398787044278612	0.359840433609359	0.0538952486468988	0.334383721522035	0.312685554127416	0.204391256506897	0.374902591820754	0.435662612956995	0.413091589029655	0.255500188432959	0.231664908360487
0.475292998926007	0.485066989972979	0.401166252110903	0.526140001562921	0.213995363904122	0.282641239509481	0.487317371830173	0.430325777544584	0.445365621516063	1	0.574770292364385	0.677878079474945	0.47916220954231	0.385623153061709	0.632386983560705	0.614234503455394	0.095103942448458	0.156708421638747	0.425737583754435	0.351235924610192	0.534737305773411	0.47298603657478	0.489582310520693	0.017078703159193	0.459694296122363	0.152913579565073	0.274830131640508	0.20108060876561	0.186104389790446	0.140130337345671	0.335200938049052	0.349172530869232	0.462545351653179	0.0688017322898408	0.168949538234927	0.210811692054826	0.0990251773205205	0.323903780126327	-0.0126997698102442	0.0873288691348496	0.151599799854831	0.308398872756081	0.239120626472663	0.495302722823546	0.437208090557874	0.243660494952028	0.493382298670743	-0.033397587690698	0.0880122937214516	0.497760845612766	0.432894243402011	0.493974492787487	0.480300433853309	0.404726840311832	0.291941010523216	0.457869670176274	0.271410995091579	0.408122670535099	0.441607907326688	0.40988335728992	0.566797216930908	0.391378941105733	0.477987297804469	0.371973568322544	0.507095029316914	0.491943380588257	0.607426312721001	0.386851053695912	0.548849314476884	0.290202433888195	0.397121122017508	0.583537100547502	0.020545800289636	0.307825504218407	0.31877722596606	0.370714109330597	0.233405855883884	0.0425051669102207	0.417974097300373	0.298855539730917	0.394432815683345	0.605734142056649	0.243813665459808	0.261870295384449	0.554677860241872	0.426428867193469	0.151231199706328	0.295499198082312	0.240771540732478	0.285258589580175	0.0552881759884074	0.135133260876468	0.253427358325116	0.362582460265487	0.573611372173115	0.248231669322963	0.342390852814212	0.218537885291307	0.566425814805877	0.535658650147746
0.271835796204934	0.270387625665006	0.153584417796045	0.328134922521034	0.0832055527080642	0.116448621149793	0.378216063074529	0.442015153094739	0.322458796079094	0.574770292364384	1	0.576139852346371	0.527472561301317	0.31303442818172	0.38146927682485	0.411347935707631	0.185709003456929	0.142667823504476	0.288400713717247	0.382232313877242	0.324236904538171	0.248627658487925	0.49379935208529	-0.119369620048063	0.333553163527049	-0.0442566416554572	0.136835210968042	0.128219084746673	0.0870867218470447	0.11163020801935	0.150326160900828	0.227403062813309	0.414349725773303	0.0677514499297196	0.192666906788711	0.185595000985544	0.151136547489452	0.125766743661959	0.0930607448663473	-0.0293260994105332	0.0886875643432883	0.0730901562204422	0.0965581100139479	0.329087620206672	0.281794537132035	0.163510039149859	0.328489510384015	0.0466874624496902	0.022444137256391	0.32737783956162	0.304078901711684	0.246221457407532	0.379403548386102	0.247097252714494	0.315622304687981	0.348652392675471	0.360212659125452	0.343405940721096	0.343821557497226	0.359176560166995	0.351569503825491	0.350766508267302	0.340099342400221	0.340132039160244	0.387991524082464	0.442595583313275	0.454665272888988	0.264586087439564	0.415109122777582	0.309396183767487	0.32649061605113	0.414557378396096	-0.13729950756081	0.110903105302102	0.217692270051167	0.206598868572643	0.0438039549020134	0.0584587021467665	0.397084174845393	0.247827614184267	0.258879858548942	0.503551735468213	0.200239824138471	0.280074408792412	0.425219818239178	0.297338001168576	0.0820442036367253	0.285882715531928	0.384078114119766	0.263316481763439	0.108605858689767	0.054072445867688	0.183112460839984	0.243401295079558	0.341275588263222	0.231133803212056	0.316117329937283	0.104958196710211	0.325760317157563	0.403362288189562
0.511891117090727	0.497824910267827	0.42460550751349	0.506041290202105	0.308435325073658	0.346646998914987	0.408806928868729	0.546923611522338	0.443116302107924	0.677878079474945	0.576139852346371	1	0.708310377479937	0.457377266300965	0.571012048034131	0.511898276922498	0.337926317278614	0.188496305451709	0.409751780940623	0.487165673911937	0.632008774195258	0.357217821142735	0.622628576398214	-0.0618761947193974	0.526246410993406	0.213298687151359	0.204577929926118	0.190167149413971	0.0546429291628879	0.13869116120416	0.240518088923025	0.348673980976289	0.594760956178598	0.166195341787893	0.179238349592506	0.102311409382551	0.175476547101818	0.357424301525217	-0.063608002236142	0.246725170658415	0.135975412134012	0.0216661960894631	0.024492263785034	0.577284556444401	0.38838099998719	0.135246210620205	0.487835152145915	0.0992172130386852	0.13764433689726	0.311654044739856	0.421656267551616	0.506744126441724	0.506862982170969	0.440805406050598	0.302839122720008	0.418728403558884	0.259459156284975	0.460523802585485	0.473130200178426	0.46473489575827	0.622049003770233	0.509001300345271	0.593945859543232	0.373105647540934	0.513927038603271	0.487994254735289	0.630167964079857	0.465444991465879	0.547723907551482	0.452867422916254	0.565753140980148	0.558831678405814	0.047841337673512	0.266374653522228	0.332285895727719	0.297011840495027	0.115561194848745	0.0774219370791224	0.319793071272798	0.312203679459844	0.366478885587681	0.6048457776642	0.271471821144456	0.292584889351786	0.567407808877588	0.584747581338177	0.248350338809288	0.316632020759095	0.220539527258899	0.421841111073826	0.0471148086147105	0.228477663878054	0.468868131818915	0.367244381393325	0.53246672779147	0.28500296994604	0.343120681150269	0.38119913023776	0.656031394939103	0.530039531615568
0.446895285404039	0.467596808789616	0.281441362658875	0.369677827114074	0.282370763864723	0.350265657875883	0.37518695870406	0.670755690657989	0.480660210465698	0.47916220954231	0.527472561301318	0.708310377479937	1	0.479599939648551	0.478570576004348	0.489082390279615	0.452615087501841	0.358805264814409	0.543204746395952	0.475379260389133	0.531048079313183	0.36877426115771	0.535388619607324	-0.116745290271474	0.579135780915301	0.106936680604248	0.216372000467146	0.121268755076933	0.130277861040447	0.155404781282039	0.273750287849486	0.315945759145436	0.673020481835243	0.132923012846688	0.159183769371884	0.186196063054953	0.0950727413251898	0.283426301109801	-0.0818475191745009	0.0412206461339285	0.206657713808414	0.00846635214956451	-0.0373048707418717	0.503239661627858	0.471792449986807	0.214157795158031	0.389672367723778	0.0441295594429516	0.121819549646161	0.237669412509433	0.372355995989868	0.374626369455127	0.361583488370589	0.343885512402336	0.218198941629369	0.417741744594772	0.53800609554443	0.577604426322609	0.537175151942659	0.579661696632101	0.434289585973334	0.328138869879888	0.433593510495204	0.422692465480862	0.348049408645809	0.395249909104723	0.611319805814734	0.548503444531923	0.6212755435005	0.550846511596316	0.499849725375765	0.468548353877138	-0.0729984033030545	0.393090210201781	0.401995651115695	0.27458472415703	0.2303707248264	0.19594355123102	0.147736190690818	0.405013074687186	0.410334307458249	0.631885828982296	0.140763690209045	0.233614271365416	0.522866729604562	0.423686555621655	0.137104877955276	0.267249706570877	0.241736109601418	0.531125370155748	-0.0093415164024461	0.0551601525413513	0.448892909008608	0.476834492508517	0.47499519403263	0.197806717751401	0.307950714627576	0.195102367263156	0.453584529913259	0.350681889226641
0.54496900842268	0.503354604882819	0.396568384844228	0.39987519667795	0.363534950679971	0.350421937590316	0.456561137076871	0.445883449770334	0.351097571923782	0.385623153061709	0.31303442818172	0.457377266300965	0.479599939648551	1	0.523313340784763	0.534582141926177	0.19597076423073	0.125066612559664	0.425140758499644	0.354371692486291	0.440660941192014	0.204894619701511	0.445952184873215	-0.180179935466695	0.394308416848196	0.168397439648007	0.128812289219812	0.0553498759963984	0.176869810089069	0.43238150012411	0.375780372122306	0.312178873215751	0.533301208224509	-0.0342572494226054	0.245327034137038	0.253623718623547	-0.0219200665829866	0.302925862613109	-0.0153601887406725	-0.0305622548895063	0.0681595850410819	0.186544411971063	0.103684484614794	0.434339716613922	0.428635706715185	0.257218676660677	0.387631047928626	0.00716485763017574	0.219386531217929	0.377687415638294	0.524255582265554	0.5487878296625	0.366560288629429	0.386317942608245	0.198026764677412	0.290931667789383	0.328680851480257	0.487874059078702	0.460659612520065	0.351007425807676	0.484107665648922	0.391455989476712	0.429059868333549	0.207236655178416	0.585716511612872	0.40250492882331	0.473518897939145	0.353473817835143	0.473619636527601	0.287644359191702	0.431321547868222	0.306375675063112	-0.0911273233861241	0.265663575696977	0.396947552270097	0.172951142770654	0.0924332142268744	0.168873858616141	0.501554221547222	0.34478353323474	0.420326275993789	0.553636470771418	0.350588672058692	0.241915042294432	0.572013806143973	0.287573316672711	0.0403042455428938	0.291133750252883	0.241754975379927	0.433743856878912	0.0377410341839523	0.16443819643044	0.360433079748248	0.304240271944888	0.46976823396451	0.26477789145531	0.39612072787032	0.177926122248281	0.553485588245415	0.492323857545947
0.539560822824772	0.547393223806496	0.5380006518437	0.711695722756146	0.54365810844659	0.46640178625016	0.616022696727478	0.533997117023245	0.457420612272446	0.632386983560705	0.38146927682485	0.571012048034131	0.478570576004347	0.523313340784763	1	0.544411746476362	0.121246040236905	0.149474109932805	0.424946213380404	0.482635097694575	0.360414786339671	0.354164322105693	0.407575102284698	-0.0081058565506587	0.497586622575891	0.203044230350176	0.387726288298301	0.244730220737387	0.0896442650638053	0.0483196684521533	0.228291721580973	0.23308246870877	0.463527544117556	0.0923079984289662	0.241438120814066	0.125955645740382	0.0420603482195307	0.383222245891521	0.0742853738853911	0.0553023312136548	0.0748750667475844	0.132487141856365	0.0405423966866768	0.499124508620757	0.484825001989142	0.279740769290696	0.374344510437353	0.0979500002486317	0.332598613914004	0.312985806028373	0.719543334864679	0.595596899749949	0.607442288594751	0.62450965433158	0.484157214454841	0.487402065556931	0.229892180963429	0.469164352031924	0.474818339578683	0.504131149361822	0.634357606178383	0.462480474550248	0.42535181690991	0.284310279591752	0.647400246680553	0.614083590849303	0.716390310665951	0.354098857743083	0.52087737111036	0.457927647823551	0.474103337856086	0.520338418875686	0.0825050733480688	0.392982813783562	0.207979875186951	0.292553386168031	0.122706308684772	0.150702794738687	0.323606389944573	0.182203781573801	0.301017497052781	0.583009045447927	0.325832176154274	0.125438916486184	0.647360191406022	0.328564784287777	0.156801635982018	0.371891787851692	0.137903490654099	0.375570677517811	0.0585417487328586	0.0346553915319315	0.358998822808013	0.397970767502471	0.530645742203462	0.287781679107246	0.55082293824339	0.302062575212481	0.540346307471921	0.566434103857817
0.415637366371243	0.495205113068721	0.27342289840287	0.506064121598608	0.274053818278647	0.380421066026351	0.585992956589346	0.447865688680275	0.525202802942954	0.614234503455394	0.411347935707631	0.511898276922498	0.489082390279615	0.534582141926177	0.544411746476362	1	0.193880030106638	0.41850636188894	0.700360989885305	0.239049900045455	0.412140318535465	0.358441017747291	0.459975388597278	-0.0991662673896251	0.393014905688557	0.163511261500211	0.219055026398116	0.173769034286083	0.148285897384789	0.233574366805428	0.764545381641062	0.498679020286632	0.598205316355965	0.012805546313671	0.398988709394447	0.457606214125071	-0.0986103824927392	0.355951131203636	0.122986543726131	-0.0289671993040367	-0.0686634279518437	0.136667782137936	0.150160080639729	0.536368150883337	0.544615016505044	0.299934596839059	0.374851875363154	0.0630851810099104	0.282735102923795	0.389555888646478	0.416611206754916	0.487180871218636	0.249525027995757	0.254823130866238	0.208076528079292	0.301085001669249	0.307204952058918	0.555172867785915	0.601047395903862	0.466913753698701	0.513511678481889	0.370767555287026	0.472000988352646	0.449111445013998	0.529224663877053	0.457084847243251	0.669500294850578	0.579714403709163	0.75538017518419	0.210684895638493	0.392249732416644	0.437349014291613	-0.0844237409999517	0.267266501653757	0.582602555199246	0.408302652874146	0.12702037006502	0.21973980919869	0.417699591544878	0.662290034995085	0.628242009953355	0.599682218269326	0.468611557805427	0.535662234377373	0.548945292651279	0.443890637609296	-0.0319099885437048	0.461534997029656	0.209749645421699	0.443896476197467	0.226261894094304	0.0200699809969575	0.346231334322104	0.29936085537911	0.416639718856181	0.30750037282038	0.330550802271338	0.169253996478113	0.542793502744272	0.513812610904531
0.180463896209308	0.342108780803357	0.14194407326658	0.142892853145631	0.0612414650754702	0.137903127068252	0.114478775591189	0.405738385487536	0.297643526654551	0.095103942448458	0.185709003456929	0.337926317278614	0.452615087501841	0.19597076423073	0.121246040236905	0.193880030106638	1	0.400844387026443	0.345625272544852	0.254516225880801	0.467489097398746	0.163888836357938	0.231244955752771	0.0381614910845212	0.19134366621441	0.208183659549806	0.123390214731384	0.0140593616698317	-0.0463576960729973	0.0280451604280327	0.135628753986162	0.199975008906455	0.332420078868694	-0.0156318476885627	0.0711088591470189	0.13855435015995	0.202471882446313	0.268911512525877	-0.0445257290042323	-0.0193573508641512	0.110120056917648	-0.0275862033710444	-0.15152487375924	0.322151973600576	0.327170534217283	0.136615057567702	0.212580862829955	-0.129262109785607	-0.0514305881267686	0.0110212151444883	0.216993722602507	0.245758969825429	0.0761315412671344	0.223053961519292	0.0542004235847055	0.168093991722424	0.37282109252801	0.341622729592648	0.358878375511037	0.253919762713564	0.314784864297483	0.14656188708867	0.445832440058516	0.338997358408356	0.144193114000138	0.0962858164926846	0.336441179121414	0.475362107319983	0.409769923986812	0.294584001473706	0.469304599461369	0.137435276537213	-0.0230418801735402	0.156136572251987	0.426074218203168	0.248956942229025	0.0992116215375664	0.396269603652911	-0.0187082116537308	0.374683444641114	0.244612916546037	0.356075357204354	0.199755121783474	0.189531901410543	0.309556612993867	0.294387054098587	0.167927683461317	0.150049285077788	0.271445556711928	0.347054359439507	0.0222872548716116	0.131707447924941	0.374369562423512	0.406777515158995	0.265364321902729	0.0830150526558443	0.187050493124402	0.192885935547261	0.322015728544085	0.129342008661221
0.0759220338431478	0.233076074534036	0.0418132463299429	0.10123521925882	-0.121869221505058	-0.0591635663943613	0.0906790989302431	0.373648478562092	0.216708119605961	0.156708421638747	0.142667823504476	0.188496305451709	0.358805264814409	0.125066612559664	0.149474109932805	0.41850636188894	0.400844387026443	1	0.490575556344334	0.0902009342466895	0.1771603174298	0.0565176865693116	0.190386631169283	-0.1809406405526	0.104799337585789	0.110443643936296	-0.0446257359181952	0.0133517274428011	-0.00748185424615894	0.0400742864054569	0.512918477772844	0.316388968792197	0.273391212356444	0.111443231448628	0.0481197624607196	0.146786115129602	-0.137068306324181	0.198086178522311	-0.10513317709617	-0.121840513322613	-0.0546250074846518	-0.0316548791069861	-0.153342459231543	0.254333685293833	0.224021913983517	0.12273963265171	0.165974001750489	-0.140866710880299	-0.0143753174075209	0.0886400333502675	0.0482817885339746	0.180682739679658	-0.0762306023177533	-0.0267588159877043	-0.187829172398362	0.0670243857520696	0.374825516378611	0.36994606634616	0.413303614354777	0.162777440851903	0.0981214972478645	0.0663170929207667	0.260740808980721	0.218474263447701	0.163662174207492	0.15048559272702	0.310510419175668	0.602730983413319	0.437844867602982	0.23005123850689	0.337772125822712	0.0860346408234179	-0.220077465344108	0.210710815238126	0.548941713022222	0.175201371626061	0.0357326979964124	0.24437063904613	0.0295701808017897	0.514546858627158	0.372654718322733	0.387282596110047	0.27183058770008	0.205168246762834	0.222912310969229	0.160324132577467	-0.214746566575105	0.062429858341783	0.149033457465396	0.323655386100291	-0.090563127063281	-0.0753306441061391	0.231340749435393	0.162238241138489	0.153349261526223	-0.0558882244824244	0.0592809508469169	-0.0249739861605922	0.242262877526117	0.159834428822582
0.327075997894281	0.419075824883964	0.306957165812471	0.46413335576766	0.119416746114031	0.316728202816063	0.54956876054124	0.57552244506067	0.477134243362654	0.425737583754435	0.288400713717247	0.409751780940623	0.543204746395952	0.425140758499644	0.424946213380404	0.700360989885305	0.345625272544852	0.490575556344334	1	0.314416828704407	0.313011836849736	0.255157855416021	0.404971923405997	-0.162706314740938	0.449288729687264	0.358932704399026	0.131152491176881	0.222931617741501	0.0707886614844601	0.138159443319342	0.545297738809672	0.408277137242522	0.55665070207707	0.124670196953721	0.224435624722982	0.304608863249621	-0.191010173465984	0.306443694271887	-0.0183238987122559	0.0947479698031801	0.0110931782786945	0.120361422493644	0.0116835162881293	0.488920844795576	0.539623072744787	0.304236505915181	0.303301702591566	0.0745789814710731	0.089863707561116	0.280794565649361	0.288576823845046	0.456605217167182	0.253901957132278	0.211545148877721	0.0774904081171911	0.307030958352876	0.359145801606838	0.483280140945658	0.576636579998423	0.405964599141078	0.374006300196168	0.214036619824516	0.443902664590305	0.491443881780242	0.402730520533928	0.433526736716803	0.578125866636975	0.654339253381475	0.701676357707678	0.401039694429679	0.367317386453802	0.327515653581346	-0.26996884553994	0.445866571652455	0.482012041993581	0.409524373406231	0.190777184789371	0.295495710935408	0.230237909648056	0.586019208872391	0.503503521488453	0.574740677855904	0.277425966834392	0.28889582697643	0.521936147767776	0.317558990135916	-0.171330547384757	0.218204026769858	0.106254214254755	0.582500058540951	0.015803282148412	0.121286591410974	0.406086040279998	0.391234795822004	0.438729290416592	0.0336478010095309	0.281577345581348	0.21941164000096	0.43816293898489	0.306635369614349
0.216498973859693	0.243032112604947	0.151099812031693	0.298042111688654	0.193850806375347	0.276401015880127	0.318476272381817	0.59878537237027	0.374269780356632	0.351235924610192	0.382232313877242	0.487165673911937	0.475379260389133	0.354371692486291	0.482635097694575	0.239049900045455	0.254516225880801	0.0902009342466895	0.314416828704407	1	0.304226603747668	0.25783620165652	0.399262498831634	-0.0513218542964492	0.595841540504579	0.235323354665454	0.347461565822318	0.1289457091781	0.116449651152089	0.0677991974468313	0.0686365742052752	0.157021486993338	0.345404334925881	0.12336467903781	0.119193615967458	0.0227670430882368	0.127227321508666	0.551553300006873	-0.0265285159673338	0.183610277587853	0.0632731351905295	0.0953875191235039	0.00398439628410779	0.465454474970004	0.514112404359568	0.201212057437484	0.376194599527277	0.0438733996100083	0.113989163351418	0.185237393359345	0.368138265074234	0.241770371580687	0.353086616289848	0.261887138719398	0.301261201219432	0.218720075534922	0.250345793887504	0.348241051422543	0.294517666487299	0.438287377478	0.342984245624632	0.248154233521873	0.387363110618336	0.184454004125828	0.280310707665438	0.459349932177739	0.433279655707517	0.187870014173867	0.266949804879706	0.495509836315865	0.300232259084914	0.432029179902268	0.0938011893032259	0.485246080192585	0.0644085332166705	0.137132221828189	0.301164028690686	0.0350949603410209	0.248978419734912	0.085618954890319	0.177100590277934	0.316937909230298	0.0898128740829195	0.0827730959269707	0.437079938677298	0.265021329690325	0.247636911262442	0.254258902258784	0.13453073600055	0.513997619969891	0.025505604533911	0.124451498558448	0.505364876219152	0.350593167759483	0.40259339888909	0.170831747673018	0.357428614350671	0.233965900767207	0.280431581843099	0.309352819971943
0.443842753624986	0.510475254593934	0.384598943185981	0.431111311064851	0.259717332385464	0.355275185799796	0.384525689670976	0.413603445905069	0.194685623244433	0.534737305773411	0.324236904538171	0.632008774195258	0.531048079313183	0.440660941192014	0.360414786339671	0.412140318535465	0.467489097398746	0.1771603174298	0.313011836849736	0.304226603747668	1	0.362387369076151	0.553368468384381	-0.212645649863937	0.246520740419528	0.0193077518459371	0.0672601549815117	0.072719783369036	0.0430860538664341	0.143611978401718	0.208291442702242	0.308849314245511	0.391065663348216	-0.0599499375644227	0.100584866293625	0.0522689011896462	0.101735760257009	0.30160643208219	-0.16347673130121	0.0480042268200822	0.164721251420046	0.17505648189147	0.143066683980053	0.430515549835945	0.312561900290629	0.183417841993968	0.555013843454654	-0.147170915155384	0.0473154580084919	0.338902923931236	0.40991877896136	0.464120695282052	0.379917720689711	0.496106046831064	0.267583876371344	0.503575123538019	0.207286304371286	0.380591248125117	0.352378330559555	0.187428919336376	0.585107052162213	0.479041443954691	0.585553979076168	0.364514064531906	0.399399469594321	0.325440322290214	0.52264106632158	0.450757649555593	0.400409552579547	0.0922164438751368	0.658222493332309	0.512961912698822	0.088039110002248	0.0336574915813033	0.46849446862841	0.32288813833651	0.0415334163003002	0.106938951091354	0.18521444743644	0.379745974020713	0.371557017926805	0.474845188115149	0.102900257703517	0.247855914931694	0.453101863103522	0.396125296739558	0.145342936697217	0.251470646374637	0.302215642147605	0.3268745186995	0.0380958263748217	0.16514454405842	0.387427539525157	0.462122075574256	0.602449953406251	0.253324107028547	0.338700758622045	0.0902691249743806	0.616686595935454	0.542564713933775
0.132269908527989	0.158548688184197	0.0306228010039646	0.341919489836168	0.127051511849692	0.319983726821709	0.369371619573011	0.362914277882326	0.374616582967495	0.47298603657478	0.248627658487925	0.357217821142735	0.36877426115771	0.204894619701511	0.354164322105693	0.358441017747291	0.163888836357938	0.0565176865693116	0.255157855416021	0.25783620165652	0.362387369076151	1	0.580769072516031	-0.0439383687806837	0.4237785650179	0.0214340820102941	0.320392938310494	0.17461830649493	0.209745339348655	0.0385652858137804	0.135914385525452	0.228736665069125	0.227271351958367	0.00148682524587034	0.233453430718152	0.215605766885979	0.0970622758348541	0.274359623017754	0.104199344012259	0.077345951359747	0.219692891705403	0.243324308732285	0.209076821271862	0.449249332492142	0.399439480067703	0.334190781378826	0.559614370201521	0.0900146569245903	0.190285022558954	0.39310570271435	0.266637615131972	0.171788336807132	0.234491377558057	0.220022028883048	0.385172005608211	0.366096747375545	0.353224532454447	0.443546537181658	0.312217449826435	0.451643642653088	0.438572556007497	0.379393258561696	0.419829346676309	0.409060095347147	0.179505731989735	0.260244682683967	0.426776708251854	0.395469810234869	0.369758968489531	0.16390864486745	0.36611496548723	0.551974583203393	0.0203850691281044	0.243146372713411	0.288134699650753	0.402359447605404	0.314294688283891	-0.0532850039201046	0.288499415068618	0.179901887092239	0.341933335108467	0.298668949875988	-0.0387401255587386	0.228446859706799	0.363061422929234	0.312439196504102	0.221091878281503	0.361507624035111	0.194217663694079	0.219439528473949	0.196413742976945	0.0737570389485445	0.268243376696194	0.355130523751658	0.445435351389692	0.293905252373931	0.288441838610544	0.07947651665818	0.304125466821465	0.278320086222558
