1	0.350004509003189	0.338712469689505	0.197032573004494	0.465700010174375	0.188997609481937	0.169813119573607	0.42854823018094	0.256344316435527	0.362919055321781	0.164424566814185	0.22864587908384	0.223716068839977	0.590737317690988	0.18377037909466	0.37444575087689	0.310143511316924	0.400090181552575	0.460325119945442	0.181535090076129	0.450688204331598	0.178936863340213	0.276877701170196	-0.0931152238147374	0.0710627062302664	0.0802008178374712	0.0684926398283765	0.100264560286426	0.184004137201255	-0.00243330168848491	0.252129507886113	0.268398507471345	0.070318520359723	0.109539624150385	-0.0724198760077407	0.327101171102753	-0.115604107925349	-0.0588536200399858	-0.107163296697406	-0.128234829643634	-0.0084038159064393	-0.351058254199448	-0.216393459679423	-0.0664946022604307	-0.108097637743309	0.0742867369361131	-0.04051819715765	-0.0162715678956219	0.416101219593913	0.211856302724721	0.473354740735133	0.314377737853335	0.473084027598414	0.293983726933508	0.440898368990831	0.336692604314911	0.00838061259187091	0.384095892838068	0.380887908298954	0.239374526932835	0.434657433253371	0.226366494026746	0.322625659382091	0.196549351316481	0.335713726809666	0.200934131014808	0.34954229506743	0.466919877968244	0.361736173944374	0.203262325675208	0.439345933531335	0.393650987240317	0.183335118207298	0.186777075096282	0.331064358731992	0.384951558548924	0.135994786916944	-0.000991778045331764	0.279487016756061	0.303856311805148	0.347954092976893	0.222507382879753	0.0856302860226358	0.058464782665064	0.225586858659758	0.193210977230079	-0.0472669793875382	0.167908314636147	-0.25203174035363	0.0879284468628253	-0.108664694884836	-0.0716233472985453	0.0227182721364693	0.00994292593935834	0.115830997748502	0.245610672659867	0.372926623792418	0.173749681940602	0.278700642135975	0.387298697968851
0.350004509003189	1	0.439665314388437	0.295267113367419	0.258068241791394	0.132257928035139	0.372021258250786	0.224325980902237	0.0869369195530772	0.259410980145466	0.0719070353376211	-0.128186931802703	0.00495821704551511	0.258847861469276	0.133910806012108	0.0660846185829046	0.0328316464074309	0.276514241276979	0.0453466631210622	-0.0118632861175665	0.125239576046496	0.0106480242409786	-0.00265131841822506	0.0442695539080643	0.180724267485665	-0.0776845509161403	0.111695934112266	0.03673322329104	-0.187144253166875	0.270979086692396	0.0907247096995994	0.257258693096078	0.00535587913404187	-0.0871762561057392	-0.00459998209693652	0.240690067207556	0.0162754766883602	-0.0975075842115359	-0.114774235162199	-0.00375388559793829	-0.0722967355026062	-0.17572529801821	-0.297623687060023	0.0754449750860842	-0.128682481577884	-0.0668181372875801	0.0782519889835484	-0.0737659198359669	-0.0554530706141336	0.21252152425141	0.485029487547117	0.515694618868035	0.277612114674931	0.219698130068583	0.217572269893356	0.441937146850144	-0.0336847509952654	0.16021020915713	-0.0667401045464452	0.043491946038091	0.326025193218246	-0.0695222839107637	0.260096854645861	-0.0677619821083288	0.513444966779148	0.238973201584555	0.0612685772191429	0.248641535214803	0.00810949484993464	0.125360472768809	0.284286284670488	0.18172707030796	0.0616785201294572	0.276124555523909	0.215574937042681	0.156185082238489	0.124065845291708	-0.111094120785354	-0.0439530767944322	0.243796116919797	0.257424526976426	0.067790712117276	0.290592657598786	-0.0832034905260028	0.125387480388517	0.335520715743419	0.0743699282536633	0.27034896477951	-0.201281517146669	-0.0802642239612792	-0.0600578751483965	0.056694271376253	0.00427237455649025	0.0659251537046765	0.0758907881492112	0.130243630930882	0.0794692438143689	0.0922189909302993	0.394442854036225	0.270700449361467
0.338712469689505	0.439665314388437	1	0.598268565731499	0.654204607934261	0.682518053704344	0.645185836495509	0.12324306496669	0.0683757695227307	0.0606204560610804	0.00342846938889409	0.169437374870605	0.300446276675293	0.179120076782797	0.235527541199195	0.346280727803955	0.192024518721704	0.0237179656999877	0.0321204643358925	-0.0613485513545246	-0.00142287803876403	-0.0770592946382503	0.0355200486649526	-0.0322140473141871	0.107933918800566	0.132639303282182	0.188188981746934	0.148308679644785	-0.0274000966337706	0.105015928988675	0.179293103819967	0.0969058374902013	0.183943752829416	-0.0270072906827585	0.269839168374302	0.277654301178767	0.085990035490617	-0.0207451876379128	0.15154272856698	-0.00774384790497026	0.0546178644119865	0.186353540295842	0.0743844974655354	0.00274315333127023	-0.139681215039241	-0.0378006536826777	0.0434638001623294	0.135884226951415	0.15691780753108	0.144358097756862	0.461833737223423	0.231261198942011	0.365121207296885	0.759777873395152	0.557393873084088	0.652227310414351	0.059797370401068	0.0287853779063686	-0.0132018720337601	0.0292719608963945	0.148245129190065	0.023757820497664	0.0766475891027079	0.188946627552515	0.337995829160837	0.289442094209046	0.331771174132467	0.117475424073121	0.0485623994382412	0.0460285208125201	0.000145842669056596	0.0458465585513167	0.102855052989968	0.127681087703171	0.0711073219991983	0.071051002920241	0.179205611421586	0.104492049192669	0.0953843131079685	0.138113764906081	0.0627617287276098	0.117663389965376	0.12759222711567	0.11826855316243	0.180068211421409	0.0986921282750307	0.179999883009531	0.329725571847076	0.0488539215936997	0.0273971236814996	0.168316193548581	0.0261522523965413	0.102065694292116	0.0922291659191484	0.0500916540061494	0.536505439999098	0.231100068931952	0.232355946382309	0.233624079997602	0.215921096992831
0.197032573004494	0.295267113367419	0.598268565731499	1	0.477159395550289	0.599056519035616	0.654417042704367	0.176851316871224	0.223718895067688	0.372205842495808	0.09567098414948	0.379169913054334	0.350553022838513	0.318240646532318	0.488118517910831	0.591638034944477	0.154832486045598	-0.00649015013871205	0.265155042945533	0.0236778629897157	0.148018577500372	0.251144181862423	0.10264203170819	0.00108936029747169	0.120666317515184	0.195352169935312	0.100135067174753	0.201166625722123	0.175410929452886	0.164754487216263	0.375464771574127	0.0152765252552817	0.29582720553463	0.0172574922925693	0.291135128528628	0.323801551161345	-0.00868050812129496	0.132950487982972	0.157116271482061	-0.0859361376690589	0.430113589665014	0.271763610317431	0.308632852348205	0.070127432963724	-0.0648739560225152	0.0916816167438766	0.149206592107613	0.275793603079901	0.216807473759926	0.307915295668507	0.341593889209958	0.184427757286532	0.612383960853233	0.640450511205785	0.510895245803888	0.710094616251238	0.25585269534324	0.298357449114624	0.15124077458939	0.184674190882955	0.324642608035403	0.177383280677179	0.31250580565735	0.345104891925547	0.373580259037904	0.422549490048177	0.643866617300387	0.178556135625204	0.260684938813792	0.165569711974499	0.108008112340977	0.157963359388846	0.123539088264489	0.112235424155874	0.223782221116956	0.118685221898838	0.189695915968378	0.321522491473542	0.281649181177985	0.228215326197078	0.233993796596298	0.332955491086605	0.342467745295947	0.299049250227876	0.311313901903931	0.226213754676808	0.0947791929190247	0.366428582678044	0.0652838530700347	0.176440841876008	0.116660515480961	-0.0298478670088977	0.296857534372043	0.293993040751235	0.209918244543723	0.422252805501406	0.380278499647946	0.435000814906707	0.311429793386887	0.239604428999597
0.465700010174375	0.258068241791394	0.654204607934261	0.477159395550289	1	0.737344457025556	0.592554337411197	0.276398850532468	0.270045716799892	0.211744335172838	0.235325086388084	0.308998499904349	0.226858193649519	0.498497425951122	0.281449092491279	0.531918710875869	0.24518747254128	0.267743210719656	0.284484377821979	0.113600901879391	0.303751602769229	0.128425859020507	0.165929870445579	0.0967219261018747	0.16524319439835	0.0975321700710249	0.123159638491979	0.175853502466244	0.0496209672656043	0.0250169043887221	0.336033730145032	0.207214386761329	0.218554517012893	0.0682057972731907	0.341522669543712	0.46801470003072	0.10879329254283	-0.0231486311890249	0.145213392839726	-0.0680887192600959	0.0728149411029617	0.0132583133833725	0.059452453742345	0.0021876127856193	-0.144504522881171	0.0357828719520934	0.0785632448619552	0.130247500456656	0.306492851944157	0.256413325892473	0.548929657223262	0.0256700438641873	0.429228228012468	0.737127586207322	0.814807416073985	0.649997712638503	0.131540096486317	0.306618735475337	0.255611900042532	0.213040277777008	0.348119154231005	0.172457343902639	0.207994237205161	0.240251011022312	0.475848601575498	0.254505405398889	0.373933817439303	0.355212266506056	0.270436746791347	0.1247711250614	0.269508541439641	0.274647362739492	0.106310878139034	0.147763548054762	0.242957258043839	0.29198915152456	0.117545086675272	0.18482984813201	0.170008246092744	0.251621880866273	0.213954195403624	0.151056304140549	0.160474889222584	0.115635064825667	0.245927815118001	0.138942182458896	0.176194439977433	0.415065946539708	-0.00676226166421443	0.170237342654296	0.177938976583127	-0.0501436060195509	0.132720213068279	0.112980492820592	0.0253946638151142	0.65487848276601	0.420749303759932	0.362608494401213	0.283578484975617	0.391298250956205
0.188997609481937	0.132257928035139	0.682518053704343	0.599056519035616	0.737344457025556	1	0.745937693214737	0.139609459603657	0.19646775348928	0.0439672442004298	0.19751602020476	0.273604462319301	0.244301892654278	0.260105974168302	0.296691756250422	0.472260680827608	0.156037429014051	0.0315846781411436	0.106749102398474	0.0629496153946915	0.0369176049701666	0.0853979172292893	0.0607081417882334	0.206262228925922	0.154613757705961	0.302255641330262	0.190065271387655	0.45263739739019	0.213207687425586	0.113260716303763	0.257025035230022	0.0378532930193267	0.171905399007332	0.148053610872691	0.451728873932492	0.367365307470503	0.277061331042556	0.0668242314438538	0.445794221773337	0.238578848839777	0.338321673177794	0.308760848997684	0.410612613494838	0.143982155843998	0.0230093557219949	0.196932578829591	0.0267957642111931	0.51076097253644	0.389987295343315	0.215105136126635	0.336184793951509	-0.157984779805149	0.441525238582202	0.769690732924772	0.750064433745559	0.689850740652886	0.212763929037079	0.0966255117016714	0.131245932200158	0.168578812173476	0.172655910630616	0.205313329453572	0.108240844270363	0.219197343908895	0.328459815810716	0.404617772942988	0.336702893716182	0.0323820852133116	0.133892811316683	0.0259809911987669	-0.000360416810441312	0.125639362343329	0.112580705213504	0.0438323748167926	0.0397047761572691	0.113356104941505	0.0916673778142208	0.281552483517621	0.264392059419036	-0.0296954531286522	-0.0447264390630412	-0.00580345320272348	0.10517043570741	0.0881409924014834	0.0802351665389553	-0.069636991602062	0.221094748436162	0.37332770149627	0.327723671513798	0.0468056007873864	0.37638508177682	0.202706931034798	0.263325893399383	0.237693709192985	0.0528741422710757	0.788327939230255	0.410761602986529	0.377200148944661	0.145014368324928	0.223346321547907
0.169813119573607	0.372021258250786	0.645185836495509	0.654417042704367	0.592554337411197	0.745937693214737	1	0.109917684138244	0.315079352327001	0.181581361087923	0.156239523698947	0.0927850883844861	0.0765891020261844	0.29232442498676	0.305964680557036	0.495069490980629	-0.0029282000719692	0.101356850378836	0.215535865322677	0.0401834860492981	0.0808014771066755	0.142943627053849	0.0419040694254598	0.384436386617216	0.151563949521204	0.20203317131156	0.315892940199043	0.457936041263048	0.0798653294899598	0.306700427191404	0.355166625105464	0.124395255253561	0.0353371335141697	0.212705089392129	0.650401369770289	0.540064985543345	0.362170743559108	0.076122662199913	0.477014804701419	0.293098964012699	0.234999102203842	0.201483748801202	0.250490345455603	0.163628469271216	-0.0101173387089971	0.0951074481175092	0.0357930304092178	0.435947720774768	0.187687106408829	0.189097511973912	0.404669812500374	0.0814794563575227	0.468901450156292	0.621306903062672	0.656037061203291	0.843139831445544	0.0526189883442869	0.173692358932903	0.136058092980129	0.285509776667766	0.300045562101051	0.0610271022317541	0.224072188932375	0.0205439244307106	0.420292904053093	0.498944240867298	0.343714418854911	0.0976719520625456	0.239887446944824	0.112851605121857	0.192325677968867	0.244036684267244	0.356671542530553	0.304997016227172	0.173607682205599	0.22474769800332	0.166717908487083	0.261440828613639	0.159244548567627	0.140642302341979	0.124754218413076	-0.0102187256011426	0.352462089329367	0.210095212901076	0.124536022395713	0.0783282455718862	0.325727712764384	0.712154141969541	0.122574091661802	0.144074312495918	0.505335312018418	0.335983354657734	0.098931999323788	0.157191225854356	-0.0359010527201811	0.754676692360394	0.369389319798266	0.318770878611548	0.346994249929697	0.212682094131744
0.42854823018094	0.224325980902237	0.12324306496669	0.176851316871224	0.276398850532468	0.139609459603657	0.109917684138244	1	0.668793977923234	0.480387573667905	0.300740153813748	0.385005154377599	0.454531249651277	0.454358304075103	0.195934137727484	0.484792463569678	0.596993250559979	0.736228114767593	0.642460795223691	0.602401417141795	0.582101755994376	0.504097036781697	0.375597340544305	0.0616993144608087	0.528847822310208	0.206079423905822	0.38255679080378	0.0762246837413027	0.200726048459047	0.0562553139233885	0.513190215883039	0.502701422556122	0.376334370102229	0.106849242564831	-0.0716251623219364	0.492939867191572	-0.222950705234705	0.127351385907638	-0.19055573398352	-0.138571392043239	-0.0338247639368845	-0.174952546825184	-0.231799513017764	0.270952902384053	0.142741898652894	0.0810282217209513	0.22640076364221	-0.178896837656375	0.143947395485401	0.38989265782231	0.256100202282231	0.103661247829097	0.262749217407832	0.146492910395762	0.293710750477618	0.19568211807468	0.27799437966862	0.565632644425013	0.613190167308598	0.552594335715264	0.522656040688672	0.325638020036534	0.474750372471706	0.317626455299249	0.305858632041426	0.232569916060945	0.323137895112075	0.582559386210229	0.615553190203398	0.588642665502887	0.523527549760071	0.503596239918546	0.13310902675767	0.558815109699015	0.518911493964761	0.426615022011173	0.309535762483606	-0.0871884091476819	0.0573863205044297	0.382243713931167	0.450098772669463	0.448316100283667	0.112536480745323	0.0518207567740276	0.505461705232898	0.29806273279207	-0.2144506234672	0.13996242745116	-0.183814125963749	0.408697105251314	-0.203368568526863	-0.150088387151535	0.248260954139965	0.179956357535533	0.263775470732175	0.0764334535384168	0.112884538179034	0.123973672903868	0.379757911980481	0.415061177641939
0.256344316435527	0.0869369195530772	0.0683757695227307	0.223718895067688	0.270045716799893	0.19646775348928	0.315079352327001	0.668793977923234	1	0.291806428081742	0.342243484113764	0.29246887644609	0.329316790646252	0.448705478550998	0.267960053657492	0.561594701371585	0.361724701071936	0.56792164659312	0.646494245658562	0.624262404486725	0.49168910394422	0.535348687154285	0.301565732395386	0.362704111476162	0.466118227884053	0.229353096561284	0.43512995951479	0.216525168254284	0.03056189246012	0.0975106992690474	0.591632398427056	0.477215210877404	0.287054953447093	0.297966063031752	0.297167045553252	0.623022247501266	0.142781524953607	0.316740841939954	0.152056951981057	0.0786351793411148	-0.000644839431235963	-0.0517005227660627	-0.0307298308964515	0.361164256636292	0.241200804700502	0.151025260292667	0.189274967564469	0.0558382878033193	0.0395796166278541	0.312188863340042	0.162001148477586	-0.135557392871812	0.226154359911111	0.124159770878932	0.293734911551273	0.206752655166912	0.255075262281891	0.635940810305729	0.626067933244207	0.852372321020523	0.483525783812402	0.368977443188878	0.403293354068484	0.205902303058268	0.25631895503553	0.305309441986888	0.361646763254327	0.534616358935074	0.622309673369823	0.650175869293546	0.456082689500607	0.506864055207202	0.437140343023845	0.669010944359599	0.467430872441976	0.44409600814537	0.310561472257849	0.0449202101810974	-0.0375386170618115	0.440384073147874	0.454242253352244	0.327899286638015	0.186380426211727	0.266211137489547	0.491415798373932	0.286254306827985	0.153383397575316	0.463320583010678	-0.0640884615815077	0.556954839708843	0.192896547026437	0.082117062600139	0.231889551787967	0.24788969447871	0.146964190849102	0.225294434446018	0.161911483404665	0.151999011007763	0.408052513467456	0.367138954395197
0.362919055321781	0.259410980145466	0.0606204560610804	0.372205842495808	0.211744335172838	0.0439672442004298	0.181581361087923	0.480387573667905	0.291806428081742	1	0.346869918905662	0.584119879482703	0.201094874498168	0.515137551849855	0.474329778965367	0.464582045937077	0.192627270535722	0.374296110715727	0.549198324640501	0.285825096225561	0.641139859846301	0.389768929388078	0.313951744231441	-0.118626104420516	0.229512957005296	0.118433059501726	0.10933011558731	0.0270122020521597	0.209211262598848	0.197577947370325	0.383116924629665	0.307491256432266	0.161239196071152	0.0317944339427253	-0.0588085834630262	0.319332938672226	-0.317635847074441	0.0695440558203076	-0.298487517865312	-0.300816505342441	0.187217578471431	-0.126888040150555	-0.192296419881643	0.0581364828282587	-0.186208499392201	-0.121285784014621	0.116227574203561	-0.129509436012398	0.232688888164504	0.561311434966492	0.386111809442809	0.326676864736218	0.369368901758148	0.126469280043497	0.227160680433028	0.326762420118253	0.0372620428403477	0.462051912084622	0.418698410934474	0.284777904721238	0.674569771720832	0.423794494336862	0.690689961140848	0.381225787565162	0.343221294904967	0.29340430982043	0.490518760303029	0.590127352378285	0.576230158071683	0.429456275977824	0.692296639646233	0.664488110510037	0.114673416987523	0.379604812617051	0.559994950567628	0.539708828487473	0.283837523734962	0.190707292531695	0.322147160041317	0.437286542154328	0.524437032343631	0.46421717350275	0.331724563684063	0.128436903541532	0.404191983668842	0.408853723335843	-0.222669626628121	0.19792270615908	-0.268481615623219	0.263039175681589	-0.236863254132198	-0.213090274836099	0.298721784491437	0.227562123944333	0.270928681686824	0.0496114110682447	0.354810772066755	0.375365349423761	0.433918990643823	0.533188805348996
0.164424566814185	0.0719070353376211	0.00342846938889409	0.09567098414948	0.235325086388084	0.19751602020476	0.156239523698947	0.300740153813747	0.342243484113764	0.346869918905662	1	0.451572674857557	0.222699866865892	0.233981477374598	0.205528808418526	0.375355336207276	0.323682510311337	0.306473639605837	0.227703507867446	0.161659025891934	0.468012457065858	0.38158923194366	0.325809663295722	0.0730471463418085	0.292120149179829	-0.0354301694801936	0.0172112701500813	0.20555953883973	0.186009262164234	0.0991340495344375	0.347135585430338	0.166260314703794	0.234940898443988	0.0482143403321117	0.126181297147936	0.271822707988305	0.0769529226272357	-0.0256763841037173	-0.0234330417751136	-0.129479452855559	0.135644257077059	0.0409996954918357	0.0111210500653901	0.0726061963705775	-0.163582516683126	0.133073853558665	0.224286025884767	0.123335371416823	0.136970449444423	0.357113992697959	0.167422715318609	-0.0799604383079237	-0.00192125141413702	0.0879875557937344	0.208709569348594	0.12472745158759	0.214808773233573	0.376661481126745	0.357616393695588	0.355822423567148	0.409032643964194	0.313308146924707	0.457345782415395	0.289080338985094	0.0395193978042198	0.0252427514281101	0.188192530573122	0.400128663819951	0.301008227080847	0.369528347140278	0.351949076390202	0.418806242033295	0.102635517765397	0.180535172017161	0.292715229168053	0.145001404601356	-0.0278867342648577	0.0224846164774734	0.0743678533055281	0.255650263768362	0.205973477327409	0.3144552053657	0.171007335234779	0.171846783915368	0.222821170122937	0.09511664348572	0.117019944615809	0.180609888991674	0.169968977016236	0.118514790721772	0.0857120658287122	-0.150038769258797	0.0709875156304227	0.135337418466588	0.197616731153166	0.190444110981166	0.211296853279135	0.180862995577212	0.321509090276519	0.326422619420618
0.22864587908384	-0.128186931802703	0.169437374870605	0.379169913054334	0.308998499904349	0.273604462319301	0.0927850883844861	0.385005154377599	0.29246887644609	0.584119879482703	0.451572674857557	1	0.583081579844042	0.380082575081249	0.409846328336166	0.590534046098036	0.475968003005057	0.247711153127912	0.366731286657798	0.247862607042511	0.496526734555955	0.4484787456232	0.468596263687649	-0.257944993765116	0.269506535943558	0.225466768396786	0.02642867489186	0.109516934061439	0.291976849453901	0.0321518056152877	0.467456494117004	0.224905841725523	0.436902595586111	-0.00827721535462479	0.0472502950739409	0.231727967155926	-0.223698774211282	0.122008566266447	-0.132550067204697	-0.315644137070225	0.359000403254864	0.207706167264953	0.19111277361836	0.0748259631458598	-0.162542767165258	0.121840192626666	0.220386844304433	0.0706395598020985	0.3691904410833	0.409792218833628	0.285468326928128	0.0697436421066441	0.341953410840614	0.268429317007314	0.332995695760741	0.210612073741642	0.263802066553402	0.406530016112786	0.418383890225374	0.263058013675397	0.44516879690199	0.54095351450105	0.477792538113454	0.625636176812299	0.262646889621238	0.257750872138174	0.606881965946639	0.450277467021442	0.45585592668704	0.374941896852454	0.323247905853932	0.469703279991919	0.0100231481545347	0.161504027076227	0.34079984282461	0.263093931319711	0.137392616696963	0.2168382351851	0.343939771674466	0.294395645433872	0.334201044075414	0.51558672845161	0.155053311878725	0.267586565946833	0.427676375092279	0.177275734101549	-0.0906451819651081	0.0741118385032098	0.100584477586065	0.120640589642201	-0.0859861032826467	-0.342654328985143	0.321797375114107	0.293102294241252	0.362995220249868	0.151756581522632	0.415333581942262	0.425745132686876	0.315036057946611	0.541719388992416
0.223716068839977	0.00495821704551511	0.300446276675293	0.350553022838513	0.226858193649519	0.244301892654278	0.0765891020261844	0.454531249651277	0.329316790646252	0.201094874498168	0.222699866865892	0.583081579844042	1	0.245099090888981	0.29326295965324	0.487644340822314	0.608988932294804	0.158248632472739	0.278063692539194	0.299171630307991	0.213263401333176	0.245380130127561	0.400787855200493	-0.285127508516337	0.319035690007733	0.285738286264044	0.272382169980041	0.106110338941231	0.229533129207919	0.115242550106021	0.42865057408138	0.334747139116271	0.729501912946973	0.0270394979140584	0.00319230495359672	0.249901893068297	-0.203962160362697	0.193148952877266	-0.0639378763912806	-0.181781157967468	0.276986561844184	0.270067911029564	0.133902422124477	0.269147328887857	0.0226445941636638	0.204147568561644	0.422025370917549	-0.0353006096069911	0.209655908675029	0.315516781911356	0.142862359962471	0.0976574025988116	0.269519668483188	0.32140817366942	0.282217113356124	0.158824176448752	0.46219436783576	0.337974983192549	0.26219084502674	0.3061151140013	0.397411527034301	0.396890172484786	0.378581195216134	0.592962892460844	0.276560087091692	0.190862449976142	0.552154074390297	0.311666194151159	0.372169564533239	0.406709312963457	0.0514382061337749	0.199403924150244	-0.00667515222852768	0.22115793357025	0.161921519105594	0.192540604113473	0.267834258308443	0.0705954764748889	0.187055440253433	0.330593725217158	0.390670997596356	0.462567052581255	0.0953131628743552	0.276780111161531	0.46114961826823	0.250084290270923	-0.0924533402269947	0.0466882212836976	0.116132573207276	0.188884921365983	-0.124837917286549	-0.193838632649285	0.362351481192231	0.353923554899939	0.438868423564478	0.0914178855942057	0.204363712731929	0.319401898395362	0.328307116641876	0.393202811259075
0.590737317690988	0.258847861469276	0.179120076782797	0.318240646532318	0.498497425951122	0.260105974168302	0.29232442498676	0.454358304075103	0.448705478550998	0.515137551849855	0.233981477374598	0.380082575081249	0.245099090888981	1	0.386632368953908	0.604987586498898	0.292476616798578	0.314773816448026	0.709135400192078	0.253639222968876	0.53461797606745	0.364627595745515	0.42732081735011	0.0514507873145643	0.0909903408349888	0.24042657758885	0.202801413996583	0.261771168437488	0.270462792979547	0.316662360649138	0.491788622768697	0.477890394094648	0.244655405583668	0.172538565528443	0.121608394699182	0.605581651080872	-0.0717427435830298	0.0341586955004675	-0.0554697501127894	-0.127025121407872	0.174694898916283	-0.173770893506849	-0.149773120362888	0.0624405196598854	-0.0883670325000741	0.0859433641293931	0.111098731420177	0.0164375872159077	0.42211865135457	0.439797978972764	0.553800332338847	0.241711762398465	0.603006015876711	0.284584519718652	0.516423376594496	0.418656900737593	0.0773502978552526	0.416191769658171	0.409323005695234	0.310817543057347	0.556910286405845	0.32572633697456	0.430294035226914	0.206632547903831	0.534881077016844	0.396774692524214	0.519470652285629	0.533851635818349	0.578741549969072	0.285154344367679	0.583494150552829	0.556138900048421	0.329990724645529	0.332662956055706	0.448644111080929	0.541171486721372	0.26079354955032	0.262586339112766	0.405760936730128	0.433111887606923	0.525106384900488	0.393371704871423	0.259269229822992	0.229573139202923	0.37528906998141	0.336045331144627	-0.0172227620348819	0.356512277881068	-0.288637053544431	0.225488572186782	-0.0270280382033883	0.0441908015775432	0.120617734957283	0.181823652382616	0.0974621928583289	0.253230505400181	0.462106484037504	0.322362024287432	0.484314403982645	0.480229597609309
0.18377037909466	0.133910806012108	0.235527541199195	0.488118517910831	0.281449092491279	0.296691756250422	0.305964680557036	0.195934137727484	0.267960053657492	0.474329778965367	0.205528808418526	0.409846328336166	0.29326295965324	0.386632368953908	1	0.435455361005696	0.110251469145089	0.0280475014158782	0.441259012432758	-0.03175542720857	0.256202080276053	0.264717217174293	0.128328110627737	-0.0718134496384181	0.000658451933802597	0.161497225812592	0.0210726937247233	0.250065518433709	0.304383791751759	0.292314777555614	0.297937496501294	-0.0600556165184666	0.152201015907545	0.0646839075119744	0.131768326555393	0.237246040213438	0.000362142424961839	0.0333440211787171	0.0797171544960932	-0.186327798048357	0.421476496599104	0.369111251203283	0.234004998230118	-0.0443496506082768	-0.206565754176966	-0.0730382603791279	-0.0420280491401727	0.237521344484958	0.316599556454587	0.586732855168566	0.238754400354491	0.0971561213783467	0.537477641757856	0.243945660687745	0.2485847263767	0.363738243070475	0.231039741889466	0.347431924432147	0.316788736933788	0.241729995042971	0.425706678980727	0.48482298015026	0.421380993141087	0.35354539170048	0.190511899371032	0.388088794612988	0.563657259782223	0.221844947442734	0.432869494974839	0.288180082391756	0.299648784623067	0.445468319211853	0.327622093848753	0.178867087097795	0.344568470315557	0.205845432549742	0.291834036899925	0.51049534198714	0.412628271053742	0.303063561064317	0.290032271633093	0.368655318555613	0.520601102792668	0.386523735009445	0.326750968678655	0.275499212803987	0.13671186030346	0.221936644832816	0.141916108077759	0.244363849089211	0.18198690201189	-0.0244417309935265	0.303671856580759	0.346253603455546	0.245079876888539	0.172098903805814	0.469491731611138	0.647799542223418	0.416425114021904	0.387062309552436
0.37444575087689	0.0660846185829046	0.346280727803955	0.591638034944477	0.531918710875869	0.472260680827608	0.495069490980629	0.484792463569678	0.561594701371585	0.464582045937077	0.375355336207276	0.590534046098036	0.487644340822314	0.604987586498898	0.435455361005696	1	0.519946747634697	0.340912130637451	0.66885044442339	0.311388750075549	0.572699361349224	0.478712678666282	0.538177144188047	0.153347819192924	0.28390459825744	0.384378774188134	0.332677784951056	0.338183871097672	0.352692134692337	0.217445513109636	0.86962431403367	0.393752511462469	0.483136085943305	0.309886713525683	0.469849221996817	0.688273392581673	0.124108530890303	0.139307753346046	0.205992518523868	-0.073223236870622	0.345552172336574	0.113615895758898	0.293111732738012	0.156949341627357	-0.0443106820295145	0.147521566853843	0.275404083421222	0.197973807355938	0.436791245878313	0.420625570162713	0.350238765763312	-0.0111123303422522	0.484587111071573	0.474841777992124	0.498947411194367	0.515637604991124	0.310573288937446	0.553389999234625	0.589487545075069	0.508098984325078	0.521413916812788	0.463988383268345	0.464961393669515	0.521052633617294	0.370872427239546	0.321911561209332	0.791353732380218	0.564662542419477	0.697553044528869	0.465859591440287	0.480012106080634	0.514188102773537	0.42155185197562	0.356749603103459	0.495702078005639	0.476672987047756	0.359967374563141	0.382412865218529	0.415340693033162	0.474283364863285	0.503651025068928	0.528986491630471	0.348625867560746	0.431074032319055	0.516143352325745	0.307043971994618	0.235281570817604	0.528693470671733	0.0499137352321314	0.353364438442592	0.227307906147613	-0.0129762063888803	0.288092310306453	0.361107009567827	0.321343579067008	0.397108126812951	0.477704107662984	0.456968343715838	0.458388293498361	0.394869241979544
0.310143511316924	0.0328316464074309	0.192024518721704	0.154832486045598	0.24518747254128	0.156037429014051	-0.0029282000719692	0.596993250559979	0.361724701071936	0.192627270535722	0.323682510311337	0.475968003005057	0.608988932294804	0.292476616798578	0.110251469145089	0.519946747634697	1	0.475146795755355	0.437803673150439	0.317121140260012	0.404571802698466	0.418901017578561	0.446051868638988	-0.19953717413467	0.243808312186172	0.160978315900858	0.123170191657678	0.149805393531605	0.371315139004054	-0.0223202970236331	0.529695871445445	0.266410856799467	0.454618217871679	0.0924575178832588	-0.0415774764497297	0.377184109927989	-0.25013809487809	0.0180212630747788	-0.198268312324942	-0.233795062631804	0.0962726150569227	-0.000277284612766188	-0.00510037180008801	0.0933944948527258	0.0198592585625315	0.143669698289378	0.25055152867836	-0.143857793608886	0.244415821343657	0.270171659004672	0.161308570690422	0.000434700135774415	0.147766569749222	0.242305397284574	0.253570263938861	0.130107695141214	0.299113114816803	0.37157059597591	0.472978902501551	0.261766708170399	0.313938308482152	0.396966056889867	0.322132727272305	0.509477923920937	0.238549515003351	0.0394867533426038	0.406160383849506	0.432494791270572	0.471661814330633	0.316548331320287	0.241609530495963	0.255288416508647	0.0787617899087726	0.167346789898168	0.352519877920882	0.225130686824206	0.138589816548448	0.0374296834327644	0.177078358704166	0.286423138500405	0.275804647580827	0.401440890262425	-0.0331191461779041	0.144088092556004	0.362622091505857	0.187283801060951	-0.156586147988462	0.044845486833712	-0.0713497692851295	0.158024505182094	-0.204694334652202	-0.23608844570858	0.135122224447391	0.0730068118868709	0.215598416727513	0.0838034463415529	0.110653700394502	0.214356723971818	0.196219126790868	0.269069181589533
0.400090181552575	0.276514241276979	0.0237179656999877	-0.00649015013871205	0.267743210719656	0.0315846781411436	0.101356850378836	0.736228114767593	0.56792164659312	0.374296110715727	0.306473639605837	0.247711153127912	0.158248632472739	0.314773816448026	0.0280475014158782	0.340912130637451	0.475146795755355	1	0.550021026608495	0.478869326805373	0.569789219203552	0.446533412589512	0.34554421093329	0.0702732656916668	0.414348390856931	-0.00414846768284024	0.236145887982494	0.0339752203042499	0.0594999155545411	0.00353806913002928	0.406784621621145	0.387275243979004	0.0871615170074848	0.136049633586302	-0.0503455027924763	0.456528705035037	-0.167521901946035	0.0667502630861302	-0.212935138238881	-0.0803033009927898	-0.170305450907927	-0.409131627589549	-0.359629865172819	0.138455323340317	0.00841929745439585	0.0239228781125369	0.0479224778329827	-0.209964285536708	0.00651345486314553	0.152003336901222	0.242573910300698	0.16286892413592	0.195376073914084	-0.0164625292204128	0.197595447610467	0.140073784788906	0.0774590958461087	0.475832509058254	0.555804122752016	0.467213375186922	0.401768604837812	0.168534595758888	0.395828647322131	0.13972452565627	0.290008666441103	0.176716675642919	0.140593543907458	0.603336140196104	0.539470655113718	0.440428702228667	0.587675513602748	0.483737826783215	0.201367252313305	0.540071516709608	0.419259566133492	0.388010200491489	0.153321108478492	-0.222308280131795	-0.0308443863238866	0.270019488001669	0.306013724286652	0.30381303276949	0.040078754277967	-0.146086198376286	0.257111920023336	0.154809986852439	-0.199963502625176	0.148140479603414	-0.29102027913707	0.23252547591599	-0.172960827247653	-0.109971371959024	0.0564735299846847	0.0147258082607042	0.123901476199249	0.0469270386455656	0.00977946025915262	-0.0424880061787636	0.262611686067933	0.357331150615881
0.460325119945442	0.0453466631210622	0.0321204643358925	0.265155042945533	0.284484377821979	0.106749102398474	0.215535865322677	0.642460795223691	0.646494245658562	0.5491983246405	0.227703507867446	0.366731286657798	0.278063692539194	0.709135400192078	0.441259012432758	0.66885044442339	0.437803673150439	0.550021026608495	1	0.362151481409609	0.671650919942173	0.51658837975274	0.41820610588249	0.106480931213163	0.162117028418168	0.227032230721106	0.242791079772579	0.193598684654985	0.354202694517419	0.268087827931428	0.63520768250505	0.399368514438477	0.180344117405735	0.248282690377462	0.103340122207816	0.660571491264611	-0.156576938119637	0.00153594405738725	-0.14523596687099	-0.170612522285177	0.146209770917785	-0.170306082954294	-0.168097949643693	0.0634693163134794	-0.0745791559668656	-0.00410210789761637	0.0226636556190071	-0.127908818896826	0.230859975541325	0.418975080934484	0.236469879511546	0.109907113917052	0.507086499544414	0.102490592276353	0.281381382496681	0.280921874042769	0.118199738156633	0.564448673061566	0.650162363525798	0.535128946191672	0.548892562951325	0.41963375917229	0.548149600395489	0.233717230477873	0.284821081266502	0.312972235849529	0.582009095328447	0.655059132408585	0.866395543482879	0.415875922453728	0.726524987135978	0.639002763606616	0.463137428648535	0.457366374716948	0.611881546801668	0.627728692280496	0.304131248031369	0.286641259945178	0.334156160152583	0.492713107357162	0.554209644747657	0.52055111554814	0.284821787561746	0.22531947698323	0.497862487852513	0.330672446551031	-0.128513464836376	0.330463460834726	-0.326196443584301	0.439774340012662	-0.0899844326289434	0.0174937044629784	0.191902582115078	0.192897885155045	0.137074344530562	0.0495552135468931	0.295092557817266	0.241474069741426	0.388742316816138	0.363628794905806
0.181535090076129	-0.0118632861175665	-0.0613485513545246	0.0236778629897157	0.113600901879391	0.0629496153946915	0.0401834860492981	0.602401417141794	0.624262404486725	0.285825096225561	0.161659025891934	0.247862607042511	0.299171630307991	0.253639222968876	-0.03175542720857	0.311388750075549	0.317121140260012	0.478869326805373	0.362151481409609	1	0.473505325514329	0.404954753672955	0.436330964236825	0.254504524500138	0.626651391186489	0.305500893719683	0.52878285504176	-0.0477396498160706	0.00761800168038996	-0.211188476894493	0.366656496089527	0.442718425431337	0.366406227771124	0.304643586219074	0.0282684275838035	0.412707879629663	0.00372911333891883	0.476000659998427	0.0628340986320908	0.139045779495747	-0.17369144297052	-0.160436015676628	-0.0414145835035691	0.50411278427953	0.43347955134707	0.199086935794303	0.295903298521534	-0.0231970464943747	0.0422914616108905	0.207360873728903	-0.022270087246198	-0.0473980399306287	0.0579831106247042	0.0443332913323075	0.172743595768144	-0.00592651577782451	0.140167470789485	0.451282225816358	0.496881913688602	0.61879034837964	0.303963969858762	0.25870810584538	0.189897909790181	0.209777805169963	0.14719295985176	0.192916284806524	0.160256882043084	0.437540692986412	0.408903429680604	0.643379705341205	0.326722501719966	0.347233379770399	0.0661673973944423	0.633798376465676	0.285341513113862	0.324486068280264	0.318728062531487	-0.241226504892064	-0.107207671226202	0.211935994275425	0.322024755821699	0.235787703852737	-0.0848719713521346	-0.0226733799042153	0.348339456869851	0.117834284101088	-0.10173088742868	0.137215974530972	-0.0574116754294337	0.340966932979782	-0.0459991425413149	-0.0509810834217869	0.330273486293166	0.225744184350072	0.201349712321571	0.0945929199636269	-0.051925903328803	-0.100094150035803	0.237486352668039	0.282240235829639
0.450688204331598	0.125239576046496	-0.00142287803876403	0.148018577500372	0.303751602769229	0.0369176049701666	0.0808014771066755	0.582101755994376	0.49168910394422	0.641139859846301	0.468012457065858	0.496526734555955	0.213263401333176	0.534617976067451	0.256202080276053	0.572699361349224	0.404571802698466	0.569789219203552	0.671650919942173	0.473505325514329	1	0.553967888358716	0.543467202269856	0.0763396265141536	0.445588154816742	0.0787872550203012	0.256174040226407	-0.0789776058991577	0.216462282438461	0.0557520466249441	0.576170987819533	0.486618001021291	0.25616891787591	0.0811466770538093	0.0288121965235451	0.522191878436993	-0.187191016458208	-0.013028886047827	-0.255271798882792	-0.327108970071901	0.017971066614852	-0.308645065884814	-0.202051672367589	0.188556689268769	-0.11423765300892	-0.0671029519165079	0.23451440805569	-0.19785389141615	0.146444507268665	0.434165836007498	0.287479786107338	0.162300612899062	0.247819755091835	0.13758410431198	0.252635126799004	0.174574955122173	0.0419021107376887	0.566477219179009	0.622206444594773	0.459541921876079	0.540384362053074	0.426187855027352	0.55457847627717	0.281583884657715	0.266893097302297	0.190650710669628	0.437825432293572	0.808697914000169	0.678681062507497	0.561107944401833	0.783355210043924	0.739139644517691	0.210924149080386	0.514904390265947	0.629952737400804	0.569923242791538	0.284768191526981	0.0971786891226427	0.239532392483238	0.490969012009763	0.605596786143289	0.607847759748471	0.264446791272397	0.0941687394709771	0.469280174121375	0.340957723741889	-0.142409572956013	0.230147869325485	-0.229205611573097	0.297717042483341	-0.154411552848929	-0.279530595514503	0.25090433632177	0.252800228076089	0.376557841213406	0.0448174905573162	0.222479887056708	0.221172499067115	0.435935017491944	0.496950263171041
0.178936863340213	0.0106480242409786	-0.0770592946382503	0.251144181862424	0.128425859020507	0.0853979172292893	0.142943627053849	0.504097036781697	0.535348687154285	0.389768929388078	0.38158923194366	0.4484787456232	0.245380130127561	0.364627595745515	0.264717217174293	0.478712678666282	0.418901017578561	0.446533412589512	0.516588379752741	0.404954753672955	0.553967888358716	1	0.511087689198638	0.121493702930204	0.310411135045079	0.169743043422728	0.277614321921468	0.209586032388505	0.313807319514815	-0.00468699701502047	0.467735093258491	0.316094884943348	0.359157456764328	0.192156333013807	0.119381435828835	0.476234692944737	-0.0785269161995729	0.0979236197717771	-0.0786586341603094	-0.108744987694321	0.251548864886842	-0.0016151730450976	-0.00731362441652701	0.262647163809813	0.090781429098142	0.11184498170299	0.267873836240706	-0.00478062885858792	0.132589001901384	0.278865658128735	0.101613878862735	0.155435393881186	0.329429046709798	0.0644258036593734	0.168249605271175	0.15876110721499	0.206194900001411	0.371839283603385	0.429401284011592	0.454162832472826	0.359079511325136	0.317848050292172	0.276149091114647	0.245631368921551	0.191317560614137	0.270466141939283	0.364705626196749	0.469462976409629	0.517615251997712	0.366937499000243	0.489856677245539	0.508079230569114	0.281915827041232	0.374478776252123	0.512385519476449	0.287150582274187	0.170542079762932	0.14018575165262	0.251204291337007	0.275612237839343	0.366967333902292	0.496521986089885	0.142934217490307	0.153372003353314	0.343724534074164	0.109617787711741	-0.0625906475817524	0.182073282441229	-0.116240518771857	0.20818171636353	-0.0211872316094205	-0.0920831022324221	0.23869370107822	0.302564049827125	0.238625017934734	0.0280770758015145	0.175503879929507	0.275790748068574	0.343993134208192	0.376218015811897
