1	0.848761089409923	0.822005888360105	0.839089179864831	0.785370927494589	0.682110196858539	0.746189610172431	0.433418486209841	0.485245170536977	0.648405234072681	0.600013999625899	0.647046843853463	0.419756683938625	0.520592733023212	0.752118885270705	0.307876497684972	0.460763593545731	0.261220647478514	0.27848896955429	0.112653134552568	0.382249739669373	0.430839260011463	0.449062863696367	0.282992129534446	0.453847102784565	0.292549540812567	0.294308970676909	0.266663544979216	0.211596106008612	0.0795684824407063	0.0169602960926834	0.0152094971227563	0.412186574907639	0.236047528838108	0.476806115367951	0.323306652545605	-0.177268346218342	-0.00390272173387946	-0.0492203149315516	0.231215713059953	-0.134678677882741	0.0931509986590178	0.230009609074641	-0.00487623074437272	-0.199337504360988	-0.107989272259882	0.010023805033892	0.51394188425867	0.297278084711243	0.384836776572744	0.631061046547078	0.71334459055337	0.57492127758388	0.763465003720673	0.505000992460614	0.638740358305989	0.294482492032975	0.479016055123742	0.444578071989364	0.395093100326524	0.57073420605884	0.122687749989053	0.412300765510897	0.302432676981588	0.0437408173726808	0.0210618006674706	-0.0574758346680376	0.461792543638522	0.395745282615453	0.0466522508544627	0.314943696212269	0.286351638532735	0.497628858615201	0.405244201664002	-0.190401190437583	-0.0997109889260099	-0.365620054706259	-0.100906711645677	0.206740463975683	-0.122916301871995	-0.0250887803244369	-0.315829586083004	-0.0571372476946886	-0.395897021924278	-0.434429779616749	-0.281507030589107	-0.0999043993538701	-0.156546768774577	-0.152886930753494	-0.383876727426296	-0.200420593714658	0.0427182426662824	-0.237383870532946	-0.270573550428246	-0.169730677265961	0.122939298377018	0.385171083205969	0.208556079671648	0.141962865096725	0.0197670672639456
0.848761089409923	1	0.844917966756653	0.841080980289241	0.717131251933524	0.62498270940386	0.747838739558293	0.404049312020131	0.488752038641633	0.552661360729708	0.533692377293882	0.61502520949424	0.463841968166091	0.444182929148726	0.698797413927895	0.227967611217142	0.378466079314952	0.199292325987061	0.201956707631795	0.0880667273881925	0.276192323522338	0.407976398619245	0.367850208310524	0.295753426838184	0.431190400895251	0.202926177507333	0.184653509655348	0.180147077323905	0.133438673931398	-0.030253193019225	-0.0499578932933353	-0.0606538993836581	0.354499904586754	0.124439419257813	0.414034380889357	0.300273291080074	-0.235860743755936	-0.0913594919084652	-0.153547889219023	0.152317026725092	-0.178703503170351	-0.0182123263412682	0.0989340453596366	-0.0838728268345018	-0.290820863914315	-0.224615783480465	-0.086189685632093	0.515033714329976	0.173934038315286	0.358623368552366	0.592366760098071	0.749289057341373	0.471857337731756	0.689263436303524	0.493856141054644	0.636337564710882	0.236842280332051	0.492518961030341	0.479745735718564	0.384433789367144	0.553062352116205	0.150107196498492	0.403629119813348	0.272270940117412	-0.0580943986578714	-0.111127435400294	-0.100247056984209	0.494232593052058	0.441848006244531	-0.0019392015664893	0.185672306872262	0.187785734680719	0.485407837575072	0.332910829752334	-0.199501868077178	-0.214007241451668	-0.431750731196466	-0.165553478216407	0.0837883274315299	-0.144494373283638	-0.180973783277546	-0.439944865835333	-0.195364505627973	-0.487314139161983	-0.518612311178959	-0.389561792767209	-0.184317360659514	-0.185709791606156	-0.304674794405333	-0.482273391819985	-0.273744179738884	-0.0958678014527321	-0.338349892966896	-0.376800533484594	-0.272252576210909	0.114621025122463	0.318268420441392	0.0905054826043259	0.0554812456376234	-0.0679168219314937
0.822005888360105	0.844917966756653	1	0.8379056432783	0.828432739784448	0.721828687230403	0.798821732312633	0.450953371473579	0.514329285704336	0.653016949319035	0.587621133358983	0.700236854407071	0.544348369304094	0.541302234307507	0.679222315455004	0.301964090729433	0.399447271205523	0.262363078248341	0.27775233525132	0.112943830943379	0.369669190254771	0.372208955483361	0.442725289649388	0.340907722842003	0.439587165972231	0.35075860552792	0.359593423883534	0.275502177186641	0.222653167468856	0.0282097853431304	-0.0600940112429872	-0.0476579164262281	0.4168269781944	0.218425548227179	0.441457921945076	0.394419662761454	-0.178257343940293	-0.0665954434109219	-0.0800318144431869	0.250336292725019	-0.157050791524991	0.0192886203566229	0.143493596986118	-0.00762750121414938	-0.265341142525845	-0.107150628629574	-0.0288529553901935	0.581365486719392	0.313622593423735	0.400179757247795	0.701283167356785	0.810139803242166	0.650758469134036	0.83689748696874	0.596311234327439	0.73792411060287	0.275645598332817	0.513457760404922	0.545530386514383	0.433736686809978	0.648166803490243	0.227915870305684	0.454504143033274	0.434063355962875	0.0891778878360272	-0.0626577770450532	0.00575317329863459	0.597051207795565	0.510984644141704	0.0565641378662503	0.276849636781151	0.238757982375828	0.567043468085952	0.472655254490298	-0.236487003934764	-0.0724816830040835	-0.302157808385419	-0.0739661696703074	0.135943720809164	-0.0931788205634291	-0.114120984457858	-0.324224725400541	-0.0870520379269196	-0.432881717031828	-0.465814965692944	-0.30995404986077	-0.0777378410010813	-0.0995845021818678	-0.239299819346965	-0.439311171764719	-0.240541686731869	0.0328023212651237	-0.249069108980178	-0.289014854020595	-0.203717221830615	0.196149544269216	0.436630911950686	0.20530023604	0.168362819775496	0.002096540701067
0.839089179864831	0.841080980289241	0.8379056432783	1	0.799811392358712	0.744331223858077	0.898365156345058	0.448258792464972	0.501281712383657	0.643694506016699	0.577316295089709	0.685541094644117	0.543109291570357	0.520473863298207	0.807859767680527	0.360725469078861	0.465704905016887	0.287382163242325	0.361423754343655	0.0719605294956841	0.395754152941553	0.373252657711407	0.465364492055915	0.304911600861792	0.453956879292094	0.339910820022862	0.239555131082849	0.215471460858068	0.103017012741467	0.00542456297287214	0.0118584296811452	0.0309396612925966	0.43949831406965	0.20909954684742	0.537405089474427	0.41597568593281	-0.26923749666269	-0.00340253504909578	-0.10131667561252	0.181827745944564	-0.267254918623509	0.0350124146922356	0.130289829294293	-0.0215256550422962	-0.223557562691027	-0.165007264611011	0.0119510087694681	0.492523076625008	0.234592479156612	0.387359060537934	0.638921638641692	0.74480007032901	0.620864897987622	0.736010739130559	0.565724704689983	0.768505020331147	0.268191171214092	0.506310540782033	0.483655748443764	0.441805888038333	0.609783488730606	0.196729745868992	0.505097733673077	0.389864200779248	0.0629006133720621	-0.0712085506545734	0.0601251005090815	0.520064655674307	0.484267583164357	0.0692517912987705	0.315231282179835	0.265749828055435	0.534377791798453	0.432693438177691	-0.232993047483782	-0.0784879557477855	-0.313947972033499	-0.110241664894248	0.0838139864185872	-0.106639982085376	-0.108678818188175	-0.308450769123931	-0.199844510289483	-0.428602877843726	-0.470252252806043	-0.293940805924325	-0.137401232923204	-0.0483201163359789	-0.222933173643456	-0.415030087369273	-0.211973799956126	-0.0290697268328138	-0.249423627509171	-0.302140563162495	-0.177602269036036	0.0979343867350567	0.424412751887332	0.153106654478021	0.0986495427436862	0.0049453648248675
0.785370927494589	0.717131251933524	0.828432739784447	0.799811392358712	1	0.795054492803997	0.768909350579528	0.510694223679866	0.491871852051247	0.664792750570285	0.55034048470729	0.717136374302082	0.439992650928017	0.558970476902012	0.711407910428144	0.358112181268118	0.413599135817477	0.2625037237086	0.404506141432135	0.192778967446868	0.450393443713107	0.402972349514225	0.492052436822775	0.251142859069053	0.477167326166472	0.34741052198814	0.340291729287663	0.254559064838365	0.168701622048214	0.0401984717261359	0.0174041980655792	0.0711594055417213	0.369044027919106	0.280837350357429	0.465867345237933	0.381991896620794	-0.170243722543602	0.018899528908049	-0.0256180475736524	0.290313835664476	-0.0812431767257614	0.0103695000758265	0.149210539854832	0.033948817267339	-0.133744564965699	0.0165394991991458	0.140892994813363	0.551441108858598	0.361086788885071	0.370731963209717	0.692764332704684	0.666631372704077	0.626290542272792	0.832307725890554	0.653588080256992	0.721316476984141	0.328582023276146	0.556093391555652	0.505370578462641	0.462940262009237	0.628998958582166	0.233816272712601	0.433791469652757	0.336635604558504	0.105246402236729	0.0244763693709737	0.0809755139818954	0.536862515044035	0.481631382008258	0.113789925077485	0.340253022370403	0.348558632063858	0.464916665440419	0.538224918074974	-0.0871939213598437	-0.00704622517145962	-0.166603533720226	0.00615192282967202	0.113469672291007	0.0297525782250309	-0.0251849224973113	-0.177572806375193	-0.0186286204438493	-0.294573907383575	-0.318844446430347	-0.146979039624852	-0.137427387285919	-0.0240451360897494	-0.0720095081350259	-0.247302864535234	-0.105146449838977	0.130763890245102	-0.115072102330758	-0.160972510215641	-0.0750261658577492	0.12340309821589	0.393203635567604	0.190766550949107	0.177127047475586	0.0942235301622567
0.682110196858539	0.62498270940386	0.721828687230403	0.744331223858077	0.795054492803997	1	0.78348421036235	0.492367802943767	0.558205654883586	0.545302310987795	0.510334367401653	0.65750228974896	0.493289219626977	0.619648352369895	0.756042571747629	0.460597834379986	0.514341288344817	0.393909526016646	0.429741840531526	0.256888250215253	0.491786672297986	0.359973247431811	0.469728251354077	0.319862818401293	0.502155644934307	0.331273116187463	0.324554252636522	0.305847876588688	0.219954094764476	0.214093353558035	0.20971620607469	0.214434717889153	0.421277086620931	0.357646684633948	0.562581186865575	0.506283398343326	-0.0377257866097223	0.126219545968884	0.133157768948016	0.299624221868209	-0.0611921790764265	0.163995312313387	0.27446823571273	0.0725738272001049	0.0550594777073985	0.117082539608703	0.291149396713479	0.659636209078752	0.487460909304952	0.413048138532536	0.681531309286102	0.585039646882136	0.567839690371626	0.751769945107715	0.696406923209722	0.633551626779623	0.35934267023975	0.513955614503086	0.498022266383451	0.486588224484192	0.541070113701282	0.17385373281131	0.334949693817692	0.331451396983014	0.230813162831347	0.106384953703483	0.227672759075643	0.505821151556279	0.426364653696511	0.188069035001611	0.386307651592271	0.322030385469132	0.44757175781101	0.515480329805364	0.0375094088779187	0.0267480884817776	-0.0567979871463224	0.091938034202088	0.190191138187315	0.238935326451119	0.159019925344962	-0.0562602399621184	-0.0259809277337717	-0.06045467265911	-0.132187111666601	-0.0157031182393527	-0.00268353783840166	0.086736102596856	0.0560017716982827	-0.140473077699925	-0.0545780535207765	0.174962823547256	-0.0321760053964686	-0.0316396918748507	0.00968539847222175	0.195523684357478	0.413329993664052	0.254385786693087	0.145178619638197	0.156605887597446
0.746189610172431	0.747838739558293	0.798821732312633	0.898365156345058	0.768909350579528	0.78348421036235	1	0.388258680433772	0.47262254005625	0.588608612878485	0.549352624226724	0.6255928917222	0.504461827578702	0.441388865009947	0.748961204585293	0.377683262973113	0.45365731717295	0.246272695343489	0.306117857192325	0.0711564065267728	0.40776177405943	0.346131402678656	0.388127891704216	0.31174973287235	0.397598422948723	0.31128694253584	0.233889633995629	0.2516434698347	0.137228289293188	0.00938747820418953	0.0171666406361746	0.0286492130062494	0.356536452023562	0.236249562845282	0.643312780489506	0.424909848966488	-0.216468091848461	-0.0129970813957521	0.00451692644594115	0.197609337510607	-0.179731259458128	0.104511257386046	0.18485143817841	0.0213383045031812	-0.217083189718887	-0.138276377740029	0.0303806388395778	0.586062758951066	0.246029480622964	0.357028072140606	0.624522545361175	0.659991039461832	0.495683139621716	0.68203817578705	0.569111934123315	0.720461097888674	0.236606866964766	0.464369737977423	0.462927837803381	0.396829407925257	0.567756908764944	0.179588763593358	0.451747815183349	0.335405485342646	0.0362586029525465	-0.0707774009836464	0.0443642187595628	0.479619548204405	0.419977043922509	0.0302370351974071	0.333862514068577	0.271617916093614	0.506583534621832	0.453963808917376	-0.208796538943803	-0.0722766066328172	-0.277236885096309	-0.0214037088185524	0.0646323074380231	-0.100805502927469	-0.0869091547357788	-0.290166114394223	-0.199687484837584	-0.372775762269609	-0.418948077794948	-0.244303224400162	-0.174632639818071	-0.0147361926013511	-0.212239812176326	-0.370106681578837	-0.11384545860084	0.000966520935256471	-0.186844655650751	-0.217193145523265	-0.143264824720069	0.0931444826898346	0.409758717180501	0.144645773761408	0.0409480071982341	0.00441499918303419
0.433418486209841	0.404049312020131	0.450953371473579	0.448258792464972	0.510694223679867	0.492367802943767	0.388258680433772	1	0.613954202068699	0.285125065579416	0.266388433267939	0.447711355187453	0.28669677484663	0.368480708137288	0.48713990357327	0.479411876462578	0.517907219040482	0.75123673352722	0.652611382978375	0.627248957297846	0.420638372503295	0.352011268189157	0.395497110915439	0.325417123906231	0.574397832078375	0.35223177786402	0.163514354518582	0.309257081725496	-0.0464516848877351	0.157655965746089	0.367938704348464	0.133827623136061	0.327617344098288	0.169301172721988	0.320254659274551	0.456985043193432	-0.12671194733958	0.29290176664073	-0.000785634001915097	0.17097167371046	-0.170101346763449	0.0537677308603198	0.267404131131171	-0.0373595017254619	0.307904807872026	0.0820175115760893	0.166273308052703	0.302168659250572	0.337889063726801	0.313421568541465	0.315527648157422	0.306158994024847	0.370823782427563	0.454862692238875	0.291011071629006	0.380328277923908	0.353775083929407	0.525977818161984	0.327664337126603	0.384023631316083	0.246034416100512	-0.138764510285049	0.0998143735865645	0.132546382093618	-0.00132114487061679	0.0691312437280574	0.177625510897595	0.426364325753868	0.333812573165829	0.434105306945938	0.208702541594388	0.166335406852257	0.304680503531764	0.395837679560327	0.116031453294901	-0.0244994341838669	-0.128853783295915	0.0129462577508001	0.157185910018356	0.32609425003043	0.0217686159886616	-0.0978697667414072	-0.0652178784137483	-0.0394598160337367	-0.104419175571715	-0.133315107674775	-0.0818319560743653	0.104472706615983	0.0719542164252378	-0.0861821714163259	-0.107181973183574	0.0956601989665977	-0.125931779959024	-0.173269243032006	-0.0261625117792278	-0.0326527421360863	0.0103960195138474	0.155843474054458	0.0276027355389128	0.0687711809428388
0.485245170536977	0.488752038641633	0.514329285704337	0.501281712383657	0.491871852051247	0.558205654883586	0.47262254005625	0.613954202068699	1	0.389411454701157	0.341977035297166	0.468276909341848	0.286592474042672	0.396047343751937	0.512943983042681	0.335969059541633	0.280723397491466	0.3857069316064	0.689396396976922	0.466121394177418	0.386225916541222	0.313697380034036	0.377741107131784	0.492901069121748	0.638669551681268	0.308845642721819	0.263641793257796	0.268762978027269	0.0870390506935134	0.228743095399203	0.15738306995867	0.0310292903873653	0.310391184961186	0.277791404196067	0.398501534157497	0.508782664165793	-0.0133680915737886	0.286367838217298	0.152663550202748	0.217749057612292	-0.0854774674790661	0.152879281822691	0.201950021043209	0.0789893158062926	0.105649286861556	0.0845931310945053	0.118237122415562	0.502612377697752	0.355196721338519	0.386142369768833	0.463724625930015	0.456534397349608	0.427912285845349	0.539982651343745	0.427050383118336	0.465096248559155	0.425111762982697	0.616837301702637	0.637320643603926	0.775188868430784	0.548195023135265	0.109558271335178	0.296129091209878	0.33296650472103	0.20781240167332	0.218698808126509	0.158221729078939	0.547549818898424	0.654711083073236	0.428884360292347	0.413303450407706	0.383014984009195	0.604658081787312	0.556766176808373	0.115418336275584	0.141797677944274	0.0144416200116938	0.219377632566484	0.244237495333947	0.234520307666188	0.144573958451271	-0.0642374698727065	0.0813321059817847	8.09203525400774e-05	-0.0731368492131548	0.0114538998297002	0.0518306579627964	0.145160419207374	0.140188994825514	0.030732510079503	0.0580027651270746	0.141279326009111	0.0564489662481546	0.0555665459953956	0.138262682533961	0.0814038314207589	0.106743706123162	0.276255329023089	0.232409150842048	0.246757927236971
0.648405234072681	0.552661360729708	0.653016949319035	0.643694506016699	0.664792750570286	0.545302310987795	0.588608612878485	0.285125065579416	0.389411454701157	1	0.629877835772701	0.773504409523083	0.494539711601246	0.494871348922278	0.601212773463233	0.305558436804814	0.418516149997581	0.130728664914461	0.24237705988061	0.108926622288098	0.477904534116179	0.508266000477907	0.525288113046337	0.414770555569183	0.436787589458749	0.454404568921878	0.414572388513772	0.249119144976048	0.283407310500101	0.0565602379517783	-0.0538657264465818	0.0997508845118841	0.420010620699717	0.270259739849461	0.454414582709794	0.3249475663056	-0.0226383681168699	0.0212228318825108	0.0843650878700317	0.306459290387584	0.104931489371313	0.159145000654756	0.189613734916372	0.18269148254456	-0.042939605600842	0.0309507500513294	0.149582001641634	0.50603805242191	0.252831447856006	0.559938726230957	0.644449601567058	0.737319682351625	0.578919448510205	0.662499994903794	0.483746073912351	0.57792087186788	0.399065682831996	0.530402399629786	0.407135751721304	0.443767853247016	0.6905402156786	0.369044362016276	0.480951717319961	0.516477366625898	0.238945983824417	0.131623539379509	0.147737216566259	0.565861208586507	0.434100271010557	0.161118506418146	0.458659078542516	0.311605215043908	0.469646677183991	0.49427496741679	-0.0966996240220202	0.178231901145845	0.0138007459503037	0.0253480811010521	0.212118991310128	0.00404025487450003	0.0826019619488169	-0.059470654276516	0.182811182623502	-0.245796372066488	-0.208625235356373	-0.0324088294554535	0.025299965422796	-0.00939528164997949	0.0854191762137554	-0.145076409599965	-0.0129412714641279	0.241256348610397	0.0576778707238527	-0.0212742589517001	-0.0206677999040533	0.235078579182763	0.361744020884293	0.354237907258001	0.42129573098254	0.345009686171631
0.600013999625899	0.533692377293882	0.587621133358983	0.577316295089709	0.550340484707291	0.510334367401653	0.549352624226724	0.266388433267939	0.341977035297166	0.629877835772701	1	0.651956673199483	0.336630338768423	0.341898364737033	0.468121067486292	0.134360616755817	0.284050287910149	0.0891794331259561	0.153460305315784	0.0297314025291963	0.216607659743873	0.361854701265414	0.491757027822773	0.179974858559125	0.333700165403403	0.163524699829259	0.160636207827154	0.0173327033686542	0.176183586537263	-0.0500141098558608	-0.134238370617309	-0.0497936407821258	0.368902115158353	-0.0493422835798095	0.288900426587123	0.141329192462937	-0.181707114298122	-0.180201299342326	-0.139453445501699	0.0604842710072374	-0.107919845172437	-0.140945688655574	-0.0470013147442278	-0.0789739686624948	-0.204491357101631	-0.0615386625845673	-0.0403748135978974	0.351274242300134	0.185194917849591	0.304103392924398	0.517529616786427	0.485570239699628	0.368233199444513	0.594878341280945	0.433737367023873	0.547019248325825	0.223429467540046	0.308841233676044	0.322405884558368	0.344958635590426	0.541535643920816	0.359051622156681	0.449229099378148	0.344559869974098	-0.121393325481271	-0.170589261306395	-0.120411507137871	0.39670859478983	0.384966380197402	0.0109518327960002	0.294860581582356	0.224057574520297	0.386576971248132	0.4032552785078	-0.396320319980617	-0.18528192358436	-0.320995217254657	-0.274040049916393	-0.00487904087672493	-0.158992384405908	-0.165665634292881	-0.304538700546516	-0.151635163187849	-0.422708527549392	-0.415234911600644	-0.326144981112881	-0.0669914995107741	-0.123630575327914	-0.22333220775262	-0.391883346093141	-0.188093768517694	-0.0970795004606175	-0.241185008857814	-0.306752027279666	-0.286101673353251	0.0325536924660505	0.40306256786362	0.0384768584308616	0.0586412808344362	0.032427675303084
0.647046843853463	0.61502520949424	0.700236854407071	0.685541094644117	0.717136374302082	0.65750228974896	0.6255928917222	0.447711355187453	0.468276909341848	0.773504409523083	0.651956673199483	1	0.698465445005917	0.533338670230048	0.696703808427163	0.315542150760951	0.461448038126923	0.268086023427176	0.30126070454942	0.21011730168027	0.575240285041002	0.470567989784676	0.578662602477928	0.374591668569067	0.479028753255105	0.397439147552372	0.295116024257392	0.164602386038866	0.211419111127698	0.00171838132672915	-0.0251575958754081	0.0974388614554842	0.542123950447318	0.134446162945437	0.410185464373531	0.335114342994879	-0.09004944280088	0.0561304644563137	-0.0445988909306826	0.24984583620689	-0.133814988789782	-0.0395980569703379	0.119455675265677	-0.00272080903809709	-0.0618990712016909	-0.0359588563415449	0.11799022712685	0.534215088834069	0.304014751610827	0.552438882506839	0.632146817503815	0.674732366142619	0.576078399731865	0.688701774538962	0.53795145071598	0.678129939988366	0.447737081698117	0.655107898008521	0.560513424118554	0.435211639006777	0.690649025559312	0.343229940615983	0.472124570275446	0.538097706007272	0.133410119344534	-0.0537414800253187	0.113137039108725	0.608746864361894	0.52108826348733	0.243999422231105	0.422385962102917	0.324646752419354	0.539859258238997	0.510939365239832	-0.165113402676059	0.0440031860941942	-0.109648163978292	-0.097685314173857	0.162218121842597	0.0416054669058534	-0.0024733516695298	-0.126238449304666	-0.068511660698014	-0.321195451703549	-0.298007519029307	-0.188326039721402	-0.0231092160456371	-0.0555165079907286	-0.0846960655178408	-0.276215517685062	-0.221460518280582	0.094918827044268	-0.137118440343172	-0.178685003841789	-0.11157389553064	0.159107505171253	0.488276064157307	0.209806337805873	0.256933291515642	0.196677836648389
0.419756683938625	0.463841968166091	0.544348369304094	0.543109291570357	0.439992650928017	0.493289219626977	0.504461827578702	0.28669677484663	0.286592474042672	0.494539711601246	0.336630338768423	0.698465445005917	1	0.438744662955236	0.461607660702359	0.318051543476948	0.492028549888479	0.28877275998862	0.165600081185996	0.0773211410739968	0.522630393079772	0.308727149555039	0.521553275798033	0.37643625834183	0.356239015224273	0.426123565269483	0.347598132466975	0.114035955619149	0.121746385176875	0.0721311154196198	0.0797843433951784	0.133147155896847	0.640738511601247	0.181268318258937	0.329693130388293	0.392067219646891	0.0860819725553516	0.00623475489306397	0.00974583842672286	0.164569480975179	-0.234905486974407	-0.0174108267078298	0.0508129642339253	-0.0172342769793843	-0.0919496517521586	-0.00756964684596763	0.123032740676512	0.375282915897636	0.332254750415142	0.479611112498032	0.547401381128659	0.596226599815563	0.544360185385294	0.432933407251697	0.416981570288382	0.632612193303796	0.34472371192802	0.454455129057685	0.38979813913758	0.257324353493851	0.558130675003572	0.197949414167403	0.437279567060245	0.68573972166023	0.196601212011298	-0.0843209593301657	0.149494492261787	0.51021210980055	0.479741950341307	0.247355853906098	0.417737389036874	0.169946460668795	0.513836485351645	0.476556305017995	-0.06201813007528	0.114373954876886	-0.00653612781206371	-0.12494041342509	0.0679455817283307	0.0210688913857191	0.0622462653291469	0.0305040941641725	-0.151844039170631	-0.269945358321351	-0.210344865253556	-0.151151192126547	0.155618849650867	0.068558928070777	-0.0901733986824798	-0.255815440839271	-0.182243000053989	0.000248282592600359	-0.129562300231605	-0.187850850616458	-0.0608632231417379	0.260586893044988	0.32841482225161	0.121114038193106	0.272792363941433	0.232836410072593
0.520592733023212	0.444182929148726	0.541302234307507	0.520473863298207	0.558970476902012	0.619648352369895	0.441388865009947	0.368480708137288	0.396047343751937	0.494871348922278	0.341898364737033	0.533338670230048	0.438744662955236	1	0.612192514828301	0.621036753426397	0.506722169398803	0.431270490358304	0.355184596465801	0.335905241610916	0.496120108318597	0.341257489918125	0.578286397160304	0.357532913652039	0.573775521026302	0.418192892230474	0.523279576947158	0.418700887974867	0.195711571664957	0.54289997406634	0.444499683004936	0.490069236453832	0.424675635120312	0.361524606979424	0.559648539413431	0.574347864622953	0.255009569379514	0.331304023801747	0.278074845037123	0.366757338379654	0.130462295179745	0.281149804238275	0.405189509024705	0.205173457771079	0.299310358184631	0.320754951230865	0.382875018879555	0.499528087194396	0.511882060549782	0.618368453437096	0.529929069023399	0.440746766984043	0.560495170142302	0.538988328513688	0.457005722265945	0.470808314299221	0.421574873816638	0.358773076768663	0.265636389443316	0.320697090414344	0.568146451887533	0.117157334734638	0.322927404336699	0.362910808780923	0.486571592949371	0.248398549287109	0.470086604613444	0.490037315691206	0.366906897834834	0.341965980504991	0.325853294829771	0.366461341749498	0.415004964649309	0.491698764932422	0.235729496032108	0.200163293984178	0.171422618391353	0.212276623884585	0.194864386250584	0.441441100314545	0.307267556571053	0.237941954050138	0.227649292617221	0.136015641279616	0.155213469674096	0.150860983661644	0.246941578738736	0.379702306862411	0.232126018508629	0.0524251001689455	0.0866765531822475	0.346647877828612	0.181654407565708	0.164049153372078	0.127258128956634	0.343435952897891	0.395502194646509	0.423270961654984	0.407714487108366	0.295119843081189
0.752118885270705	0.698797413927895	0.679222315455004	0.807859767680527	0.711407910428144	0.756042571747629	0.748961204585293	0.48713990357327	0.512943983042681	0.601212773463233	0.468121067486292	0.696703808427163	0.461607660702359	0.612192514828301	1	0.436738432398624	0.491446262726811	0.373039230935491	0.421464130351247	0.28333334844617	0.50075653515452	0.437192707169467	0.517449385306545	0.332183607875847	0.533836808148935	0.310584325038842	0.219089087458639	0.261507836966016	0.140215805387278	0.127901404895964	0.209495964719972	0.218278094687188	0.479408111068081	0.243695874623403	0.542267310026105	0.461244711516647	-0.157860524161509	0.20400502523362	0.00115509966754777	0.176437898102576	-0.155212941413181	0.132136500788371	0.290659240225652	0.0121722427445565	0.0202041646707289	-0.00998998974459955	0.173704990643741	0.551543480521513	0.297843349460772	0.513330871713783	0.491560753566472	0.615972600376908	0.506277530593912	0.60423322435187	0.468338153223195	0.589751500326896	0.38269341135455	0.505262668186149	0.44086976261547	0.40379998499295	0.539147218767267	0.154594612768586	0.396098423627768	0.306682962642395	0.108069213613662	0.0609978068668861	0.171055112487171	0.494117582523056	0.36728941518132	0.203349377006145	0.341426319335605	0.30682093469418	0.43849130436373	0.41025160399534	-0.076717552212719	-0.0461824128583903	-0.188902804038523	0.00394574205752709	0.223978525993714	0.0925806719241545	0.0491171334088943	-0.124274495271679	-0.0458327032605967	-0.225959192968652	-0.255296467449131	-0.160609682055254	-0.076365406424761	-0.0187745490985986	-0.0218609743575182	-0.265391925873666	-0.172236913501457	0.0731333096879546	-0.134025063524718	-0.130038728968176	-0.0952930120116171	0.0952906201629505	0.384353204411703	0.263678177615252	0.128348329355467	0.185245148244678
0.307876497684972	0.227967611217142	0.301964090729433	0.360725469078861	0.358112181268118	0.460597834379986	0.377683262973113	0.479411876462578	0.335969059541633	0.305558436804814	0.134360616755817	0.315542150760951	0.318051543476948	0.621036753426397	0.436738432398624	1	0.657815137911686	0.645489499914128	0.533713355141217	0.492806051918791	0.62486719688906	0.28837569717814	0.509059006871598	0.371442561249396	0.528699104620097	0.463790247221808	0.438065323666883	0.35467408282793	-0.0286599291855495	0.550215835533492	0.823878068886717	0.692749073417738	0.481493254245635	0.398247130809103	0.688115674575167	0.760099699246479	0.223372568740521	0.524583999841364	0.433481219151878	0.284183123708861	-0.0286330658705433	0.393019384192292	0.575741635965071	0.23364650725271	0.580548047815752	0.326386220748937	0.497350561313547	0.403401386569582	0.347928951797088	0.565725596218689	0.295002941428227	0.170908862567956	0.434669112123746	0.240656668866732	0.270355676515558	0.316992219990368	0.253940227253944	0.215093624983607	0.108551570311298	0.185691233025362	0.205306774312199	-0.0619745651478874	0.0746011436744395	0.143625669996633	0.413906192241499	0.323852595399708	0.744352539348815	0.347019593310682	0.3009747859986	0.453558524342189	0.348915855273579	0.290280368092808	0.198253681813277	0.455915783260599	0.445033500766176	0.244770662764209	0.321840443470815	0.240901216183804	0.208913195288423	0.668357464756241	0.476636297617301	0.406254249629491	0.166272774436168	0.395120991641385	0.386376160461503	0.289791082229707	0.201946119976671	0.656726616820168	0.392025846578064	0.26770299775404	0.345122549553469	0.340664452555993	0.305364056978241	0.249345134467067	0.290336857528805	0.352071956095914	0.155951963978991	0.283526329260997	0.238144095690827	0.311414268530678
0.460763593545731	0.378466079314952	0.399447271205523	0.465704905016887	0.413599135817477	0.514341288344817	0.45365731717295	0.517907219040482	0.280723397491466	0.418516149997581	0.284050287910149	0.461448038126923	0.492028549888479	0.506722169398803	0.491446262726811	0.657815137911686	1	0.705130953526846	0.320332674148051	0.449686756120251	0.665296909636419	0.502500903693133	0.548796131317902	0.337468277456099	0.593901594668722	0.410683507901373	0.345318881451406	0.306021022377748	0.0765232570389403	0.230757760064318	0.567795115265735	0.428446162919823	0.451926314981621	0.265593680310994	0.420845312248231	0.540976280576745	0.0594711623768701	0.210021229564479	0.143374968817756	0.261156150769918	-0.107206822995637	0.119294916381052	0.333477366432824	0.113273983613759	0.357070615416223	0.191796960582998	0.288547656159065	0.352768644129657	0.36202242853678	0.492252068279202	0.400092158603065	0.388005202544465	0.400917220876948	0.343336018477057	0.33620296063216	0.400820600671009	0.413795778369948	0.287658700145178	0.0573556642135962	0.0893027281682333	0.218230505581702	-0.165773623480255	0.119351907250983	0.169537107704564	0.252804651250291	0.104178464746584	0.374965249823085	0.416900855250448	0.156813515559613	0.430481752890797	0.426415674264075	0.223871351912283	0.240980130817901	0.455676564801999	0.284144734854511	0.139135225892563	0.0834880545355545	0.0943750021797403	0.255312272613729	0.35569827373784	0.268414701883766	0.202720270483234	0.030563067787065	0.0475618477872762	0.0827550783199635	0.100337417367892	0.0235608855097191	0.196195856539175	0.195615844426108	-0.0094101670993702	-0.00333896923354572	0.230397967961463	0.0744347959075117	0.0214948199904708	0.126526292203039	0.304311140193182	0.289903023095993	0.27506191776698	0.186727360194943	0.256106299021707
0.261220647478514	0.199292325987061	0.262363078248341	0.287382163242325	0.2625037237086	0.393909526016646	0.246272695343489	0.75123673352722	0.3857069316064	0.130728664914461	0.0891794331259561	0.268086023427176	0.288772759988619	0.431270490358304	0.373039230935491	0.645489499914128	0.705130953526846	1	0.522299455363291	0.601166805215699	0.419523766306163	0.326438560165135	0.415615886442129	0.296842856748382	0.489320584423976	0.325644361383483	0.178968096362846	0.277302738922571	-0.0920604050075336	0.298973881959481	0.681560583936807	0.34912806092928	0.34097321763469	0.195423387303937	0.341351449617667	0.522451902415914	0.0439714519866554	0.337553787393489	0.107241204690724	0.119586477221995	-0.172865834707959	0.122309877774173	0.306426040156547	-0.0337510542884297	0.494848821904927	0.209894960900945	0.263650338087057	0.235109868720279	0.340770752585072	0.270482442359393	0.196367131711961	0.145078101919367	0.241111704803642	0.208302334425194	0.186922699518897	0.20339217315515	0.334245074710488	0.189792845364436	0.0228295286209023	0.135800313534331	0.0318186998846308	-0.336315158483209	-0.0889469812272205	-0.00354304350905633	0.166501272442878	0.100696156391993	0.400840239080067	0.243277045498875	0.151345282292186	0.428224617231174	0.179556775328571	0.123422133399329	0.169865349580365	0.299878170670462	0.260369762537517	0.0368591070243472	0.0852841984897102	0.0855644921517329	0.146267091463604	0.513645957119145	0.177563920505237	0.122818636830411	-0.0284099829459018	0.234154218709035	0.168872909969851	0.0833156906952972	0.0595020228780929	0.328092382983991	0.192852688854843	0.044100351366225	0.0173848059695114	0.15525054321856	0.0318507226774906	0.0153646140185963	0.044000297918351	0.109491824469332	-0.00176598032051389	0.226570617598435	0.0455416545216022	0.0970718406095418
0.27848896955429	0.201956707631795	0.27775233525132	0.361423754343655	0.404506141432135	0.429741840531526	0.306117857192325	0.652611382978375	0.689396396976922	0.24237705988061	0.153460305315785	0.30126070454942	0.165600081185996	0.355184596465801	0.421464130351247	0.533713355141217	0.320332674148051	0.522299455363291	1	0.502072593483595	0.353713686845064	0.173877879048289	0.335909806129309	0.216800211382987	0.554645575872444	0.329250795909361	0.170860476773043	0.176954278338615	-0.0636619261218811	0.267513792265856	0.373985549660916	0.267383663300778	0.294660449038237	0.19854727187672	0.339744635409514	0.564982117006631	-0.152126344176021	0.349735730461526	0.0966850439883501	0.12295068380887	-0.174383092540406	0.109311167559486	0.173057249000131	0.0745250257906426	0.292607181180687	0.0760827722142341	0.153761457434615	0.29685319403433	0.250791663064741	0.270588878604268	0.212741807419035	0.216256064485036	0.344674044220768	0.318828239520669	0.207979581549952	0.284970817698253	0.250875705702311	0.382406269042434	0.355826394428149	0.462400916705512	0.205452222129633	-0.0431649213750014	0.158679050551502	0.187757986446495	0.127288221796344	0.199484968845814	0.295030022684425	0.400204092582678	0.433592054022156	0.385726210883214	0.356272900229369	0.233128924201938	0.315634699904503	0.376498610310378	0.187162115132534	0.0762676756698439	0.0408124243534565	0.0716057960877035	0.0546458777715835	0.412734299135331	0.224689032537719	0.0662308219100429	-0.0261206695115632	0.135019269628939	0.0574169060019583	0.01041365873007	-0.0818585679331421	0.257588521169982	0.204272674398455	0.114022145714463	0.0103172915748941	0.1121728239427	0.0899025528051122	0.0128408941932505	0.0968276426803875	-0.101303590823218	-0.0265247617608329	0.0984358199879904	0.019579440290389	0.134516604954827
0.112653134552568	0.0880667273881924	0.112943830943379	0.0719605294956841	0.192778967446868	0.256888250215253	0.0711564065267728	0.627248957297846	0.466121394177418	0.108926622288098	0.0297314025291963	0.21011730168027	0.0773211410739968	0.335905241610916	0.28333334844617	0.492806051918791	0.449686756120251	0.601166805215699	0.502072593483595	1	0.367782912827074	0.165202290565272	0.344052892758908	0.305439684506701	0.674220145904804	0.246343035631653	0.13870993463481	0.242616735303358	0.14894903523061	0.243082440167611	0.521285012296058	0.334783133446623	0.315162986368284	0.0931263180476959	0.204328537840396	0.449503024275942	0.0512055737722776	0.441148694116847	0.119775360250203	0.131247073618051	-0.00996662849210232	0.108807546365744	0.271372207540696	0.0548434241921576	0.570122352799231	0.321450413894063	0.301613877450711	0.174298756461019	0.291505593128984	0.309393903841082	0.109831799722937	0.046728292945525	0.141853051520819	0.180816872050612	0.134449134216186	0.147214395177077	0.431193475257019	0.347697601720114	0.168364598525198	0.261407101118727	0.0480038402938023	-0.134409483482207	0.0189202175690215	0.0149700557531799	0.104421601940633	0.166051790906534	0.342452421243983	0.2864216142265	0.199803969515245	0.55216562246804	0.111967215393198	0.245320744373482	0.00962110520756549	0.393009727387059	0.279870356863698	0.111524275110994	0.154264953626732	0.156290468440433	0.218212097109325	0.456931203157202	0.13804573710421	0.228992445224593	0.153804008638182	0.23452546561775	0.243626907157235	0.136209853739711	-0.0056240883143987	0.286986512291941	0.316065086162114	0.207358814836372	0.0576967167933028	0.196432954122772	0.129821010438721	0.175698702040393	0.195998235344849	-0.007481247273647	-0.0601015452542252	0.244444997615585	0.0874958207367239	0.180791413753291
0.382249739669373	0.276192323522338	0.369669190254771	0.395754152941553	0.450393443713108	0.491786672297986	0.40776177405943	0.420638372503295	0.386225916541222	0.477904534116179	0.216607659743873	0.575240285041002	0.522630393079772	0.496120108318598	0.50075653515452	0.62486719688906	0.665296909636419	0.419523766306163	0.353713686845064	0.367782912827074	1	0.536630431377353	0.578357349064935	0.463250624841777	0.494037791133548	0.614413111122663	0.549643084213897	0.42213242495944	0.108418617603537	0.362496104546926	0.417188232613408	0.430837829336461	0.558724493834119	0.520364538609072	0.522434149535935	0.568272467149525	0.256683527222176	0.44460333057062	0.353707859080806	0.489573908732834	0.0500987110268774	0.316897980491729	0.574479897060419	0.352742158405342	0.316608816537968	0.319380006777161	0.484306299787503	0.477431986089673	0.35192493906299	0.704369273566911	0.358308117477535	0.394136922126862	0.57026045313706	0.352783057692815	0.295602152058943	0.449877209611402	0.422540623030172	0.480309573596909	0.304913795474862	0.269981757018278	0.432567581852732	0.119224357226334	0.23068717657238	0.341436605551797	0.394362070576108	0.36667601133488	0.438242077453698	0.46705387573447	0.390748296274118	0.4997232249024	0.576828564003825	0.460860470605971	0.368728296982152	0.59274261770567	0.446093749115749	0.427885336457576	0.339481843054833	0.339605588808271	0.437965473282289	0.367100047188947	0.452044203977067	0.356502565164947	0.236867651968653	0.173857058239151	0.189404038278758	0.290433022194506	0.24355936941613	0.266565746959244	0.380591360467212	0.146479082739465	0.149500921814509	0.422518609005737	0.294989194996313	0.296272366274528	0.419941048655186	0.382545738625095	0.298473389946195	0.45704804392855	0.432401917924342	0.528344505263001
0.430839260011463	0.407976398619245	0.372208955483361	0.373252657711407	0.402972349514225	0.359973247431811	0.346131402678656	0.352011268189157	0.313697380034036	0.508266000477906	0.361854701265413	0.470567989784676	0.308727149555039	0.341257489918125	0.437192707169467	0.28837569717814	0.502500903693133	0.326438560165134	0.173877879048289	0.165202290565272	0.536630431377352	1	0.474076349241311	0.418438693128675	0.412380017021221	0.530771485191036	0.430485111228552	0.326619288415881	0.203190495548186	0.192377393885714	0.1290282075505	0.140117935870523	0.30503196312897	0.364240502346264	0.370517370207408	0.339335967915091	0.211108301554334	0.300566883226695	0.249651353135654	0.434346556198224	0.244902217659393	0.160571381808819	0.302258017199429	0.364876935419482	0.111765666127157	0.283617730375023	0.442101146665977	0.356593748445636	0.125095569390753	0.492469708315379	0.354986998460716	0.436891728399308	0.373494459007252	0.337545506867307	0.251430513584881	0.320834431667911	0.333952640343977	0.36388546202993	0.26753601999802	0.202230364886896	0.470115035269945	0.143029833565851	0.227464449513218	0.190200561315067	0.250310167821415	0.322998458042281	0.179711767056419	0.378223586147682	0.336105539493417	0.360418851956997	0.486928464145775	0.398331684877112	0.312303008692528	0.487022783101143	0.231922211832513	0.254065143274392	0.16328637986825	0.179898739245198	0.329802509092772	0.145974914620541	0.244900226603334	0.0689845068698129	0.169101941777242	0.00762530020282083	-0.00174705451910589	0.204644432009121	0.225648823012238	0.059921089611221	0.229477284784825	0.0314931808676893	0.0207663741861117	0.388408905555913	0.204324780917265	0.161298642335254	0.26805043180258	0.175490784522495	0.141592687602709	0.497030785698433	0.423566324936134	0.429676009329921
