1	0.531424465402223	0.545340591150474	0.367348670636226	0.631452452460576	0.425623421636411	0.426933884119967	0.214330190389982	0.556357520480904	0.369128746776295	0.399422469481308	0.336121330087089	0.304929624705753	0.693674665441256	0.60164580595692	0.456872616670763	0.26611928417832	0.102470135446817	0.505362371770172	-0.101517139460625	0.351168451238079	0.0273918146585354	0.253904594167763	0.309964084427668	0.320637926376785	0.487974977715204	0.496461658542235	0.412380055614241	0.0306790643262038	0.518772763545157	0.170324166801436	0.411925927305497	0.315090548119744	0.595279645578393	0.417804575295766	0.542314318385391	0.327244917849876	0.104256758241006	0.39250294251444	0.296292501372791	-0.0477159418586961	0.249350326647316	0.210632218971164	0.361224208800429	0.302610541252745	0.022823709441904	0.266489853695921	0.401579636292436	0.132733795462993	0.515419644146749	0.629526678181255	0.553319015044637	0.371141769638519	0.481981685439503	0.369393698792372	0.256484635968839	0.164369321927668	0.294073076397951	0.386198955483669	0.519907723846335	0.288181216641414	0.11843107726796	0.284020780634251	0.328846889340018	0.573930920248388	0.424684312998701	0.356948702629511	0.1576976301158	0.615735156383393	0.32752046411938	0.0408812732007688	0.10487867357775	0.286545156506935	0.324308434828003	-0.010108126428124	0.336042714551176	0.383171012831548	0.305488912286389	-0.0776137019223173	0.169464468725613	0.418747035951362	0.173129957465132	0.389141676393662	0.0319373916788098	0.337354439643556	0.541315910997884	0.256180630698122	0.454532171104983	0.299164426170058	0.196690538931031	0.426240282321364	0.337143744049087	0.333117675573679	0.108807251717624	0.131315514979839	0.408747021436695	0.373489057728037	-0.0334106066556363	0.239322477603161	0.229973589927223
0.531424465402223	1	0.480363761529972	0.588550368168304	0.281650090902323	0.25150362457587	0.523692018602684	0.225893897938767	0.512019712290491	0.241517055959965	0.233113546036537	0.0683439373863358	0.167016267008933	0.580810638527132	0.557033875283306	0.491167658663038	0.264475194129162	0.192128526539812	0.395712610475698	0.00310724253636932	0.305395460389972	0.122874836989955	0.178395942684228	0.306809592233794	0.323579885303115	0.381114065721904	0.391255774731334	0.304899498116107	0.116138410182384	0.428454587599365	0.33926281558621	0.326100239008822	0.189636742975578	0.441379118866134	0.426419988631436	0.52439789843096	0.33335014915891	0.225385189591951	0.444193864203897	0.394699686578813	0.119598381971157	0.42157816167213	0.462756968191169	0.344617821422445	0.376077584293295	0.0453779594467295	0.362700553496104	0.348949903271242	0.143848355811574	0.497985081578333	0.403538774191084	0.578102853233365	0.420593374091206	0.314052988374107	0.21109577082494	0.312039217992657	0.196030252590291	0.306194038859945	0.332984190308167	0.47771612164897	0.130187640535974	0.101774161500603	0.137419683587871	0.215855682152023	0.581252148949833	0.439809554408673	0.436614041042085	0.272922768016626	0.44465794818761	0.395028481254341	0.195604450195375	0.138462769411196	0.216614223986454	0.35271503968388	0.188870059149228	0.328989457992935	0.346517534187475	0.372779122769987	0.103638723752685	0.348461121572193	0.363579714069516	0.227074185791296	0.326277556190773	0.16818381115073	0.500504457670422	0.499474750188642	0.343779761501148	0.449409490368999	0.395962297879142	0.333048573761721	0.421791378472273	0.359996433538106	0.355006127244465	0.243058110024515	0.274459471320871	0.306938847230816	0.296024586052209	0.106275744508466	0.214798329284231	0.228455764691319
0.545340591150474	0.480363761529972	1	0.646327428265354	0.519752854420831	0.475368473390722	0.639032908999964	0.232102335092358	0.496156584439639	0.249474009603851	0.197536970165103	0.3097259550313	0.248178290010576	0.587982988153016	0.530293597506947	0.351474803740807	0.281933297587015	-0.00139283085488574	0.245671285301819	-0.0601835558798459	0.253245490871194	0.28333305611821	0.22180081001534	0.33381826151804	0.350121099769692	0.366520949399062	0.321918494395731	0.339409420581145	0.269793262861447	0.513328263123894	0.276473502712143	0.182805270827915	0.213854880682378	0.443977815177695	0.486961549509051	0.491823372626423	0.324220207169811	0.0786811222562741	0.331143163531209	0.323016150166283	0.227692712580379	0.324394433347704	0.361170504753068	0.478221839740579	0.241865238528067	0.1445725751792	0.235737693821117	0.373339189359595	0.130042611658737	0.388258397933762	0.64400059419393	0.638487562724989	0.541715498017725	0.694185470331901	0.361392052179794	0.603911387581238	0.34077902777749	0.459913349642094	0.382450179695218	0.527209144459566	0.278520052639377	0.0853764519905942	0.227405750031413	0.434981436494425	0.609664870717388	0.438346122521639	0.240750800684714	0.173327893175897	0.471091340779182	0.43388404122145	0.12518615221896	0.113278887901981	0.296018986941584	0.290340934410746	-0.097318744236326	0.221647568040843	0.200010085441873	0.35554250146319	0.133379240546002	0.05036036657945	0.102994770969563	0.274422591169569	0.247493692523207	-0.100866890280205	0.187285484062645	0.268314675055383	0.347108765551962	0.499790600083027	0.0910780155817033	0.164081437193449	0.443693853805468	0.321182397799778	0.475718469731894	0.137480800353114	0.15794203830338	0.475260945959774	0.287348367082967	0.0738125916181837	0.308375896643765	0.282028985575568
0.367348670636226	0.588550368168304	0.646327428265354	1	0.403856583059133	0.500020991068191	0.705692709394102	0.329324161604486	0.50833987435592	0.32147558421081	0.200532197934179	0.291934123724517	0.236840148457816	0.583641815611223	0.675022293682773	0.501700195622483	0.275526111760111	0.13189846666237	0.329794905023353	0.0914590125421987	0.30177655349119	0.508655845204389	0.165467014041684	0.273656940967495	0.301184675879657	0.2885030068858	0.220597278153164	0.448018847327978	0.532594663154003	0.539881191296254	0.437622310217947	0.295310582021658	0.279786636638804	0.468299968101984	0.574488539088276	0.388247456527747	0.406407905572044	0.142437944763126	0.444755794877286	0.344114691174453	0.536432222197057	0.529010405281647	0.668983279567849	0.515741220197732	0.422233314006722	0.264418473280699	0.332097135236731	0.428981752665173	0.337237598964202	0.366898820485202	0.53826196760762	0.668848281949466	0.767183177206765	0.469473630204682	0.264012583637128	0.719533828123996	0.429764386879438	0.523714468735942	0.419328728016566	0.604833435378428	0.346347508029164	0.161179044938411	0.199651661970554	0.407187448878472	0.710720357617076	0.552707940976675	0.317021422268124	0.12490983299606	0.417290247161864	0.399008921788664	0.199141651367967	0.0884318413313427	0.340145395097313	0.184126069886857	0.0700599787572845	0.191710249404864	0.124416723339622	0.533869506096278	0.448660479161868	0.173496720695766	0.150428349672226	0.158555268764443	0.256129734419737	0.188463459030803	0.279163231740481	0.270531314970739	0.447560292308116	0.488842071444675	0.245382970662829	0.127135785140147	0.474551796998353	0.345254147845043	0.509284525294757	0.318481783914457	0.150019984727614	0.432787239913622	0.383339540236641	0.161623817341711	0.421946054241628	0.451912853265273
0.631452452460576	0.281650090902323	0.519752854420831	0.403856583059133	1	0.759084451309681	0.566546229249758	0.422157097085347	0.501925335302052	0.435490608809277	0.585363846356512	0.538272562697327	0.343259833781676	0.63998280503507	0.575104607431016	0.43812548858463	0.422702049189245	0.256344748697407	0.423599669975254	0.214536586285175	0.461667979834141	0.383080361613443	0.376993086626166	0.314336089019509	0.400343141684327	0.263981522764799	0.369739494011573	0.379402503387966	0.18658574995742	0.499659641402472	0.291156287222131	0.46008187078149	0.311392528503674	0.476670506577833	0.538387731882303	0.357273443990956	0.330097756154975	0.0636047793239625	0.43532921891197	0.237553613510552	0.227106643210614	0.238428985233024	0.229198714828579	0.321281767107271	0.326517032850303	0.150415656401726	0.358165820810254	0.59164384419031	0.456674653538624	0.36363984746285	0.675132109124375	0.429526568168746	0.429002077518765	0.59842353046956	0.610205525265819	0.444005632162609	0.244243494325059	0.401872412280422	0.515069449327545	0.568685215859712	0.494226546239379	0.363278053141776	0.500142237637875	0.367702399545004	0.652408240913348	0.467239193659021	0.357711566278278	0.221608679873401	0.518026985882076	0.411271568788102	0.202636557378389	0.268224290644932	0.270019292605669	0.35501649195463	0.20631589282465	0.216429657669571	0.274463412647627	0.31060901060936	0.175550430682918	0.261226030965627	0.388608245649095	0.252039013581348	0.361076003484771	0.185241622195671	0.386426806475479	0.371270903713374	0.286662966031014	0.515164503837773	0.333549159468099	0.131923394920223	0.481726441169637	0.25358491407327	0.341304326501793	0.0279043493134897	0.164341199803582	0.595678783427033	0.476720090713533	0.134976234342712	0.342428402221103	0.31616171884892
0.425623421636411	0.25150362457587	0.475368473390722	0.500020991068191	0.759084451309681	1	0.652733728039161	0.380439821293995	0.476038649867692	0.408028384227941	0.536754577090276	0.547114361055548	0.3561489456656	0.523882066790176	0.578770727796707	0.455579696408089	0.440971720704709	0.225208939257279	0.356167927597891	0.28539905421633	0.487875063656915	0.460773136557311	0.454491185700468	0.289071771035544	0.421006780144526	0.381003205030334	0.403694582061446	0.322443791657756	0.14500148920479	0.442006095506869	0.304688448074747	0.399409831059747	0.226282859161049	0.485429073407249	0.618581873803713	0.336656520358775	0.327213959968195	0.176048480680883	0.4450278722037	0.239450814907804	0.343828579201576	0.299311013549004	0.335840416455834	0.434657201524193	0.317175622288891	0.213417301516107	0.362474160796848	0.701754551332419	0.472694014380077	0.318002162998209	0.675771107404098	0.372651476824045	0.520501409321021	0.643190845519346	0.612763782485013	0.55683557787013	0.330896416487065	0.453010314655679	0.502007851128588	0.599985448582154	0.543582158361903	0.327069679465034	0.478100039802986	0.450933634077425	0.591930186654401	0.4984436149493	0.428650033484714	0.307615989422048	0.476417920851647	0.509767592020361	0.315280399631224	0.364045201283134	0.418587639654506	0.385199849289706	0.270836094034012	0.24009220416938	0.350710300231754	0.369735837309072	0.190720421633867	0.293219521310353	0.289317174191772	0.354925416102783	0.342802124096609	0.275782945673075	0.384274932213464	0.324890697918836	0.339186580330761	0.575552457369475	0.423641867511136	0.148951621026088	0.509101023119541	0.261104768789949	0.451324730532892	0.216076280721513	0.174771363796955	0.681861234597776	0.440282615922383	0.201592009951136	0.440190460547783	0.384329780781671
0.426933884119968	0.523692018602684	0.639032908999964	0.705692709394102	0.566546229249759	0.652733728039161	1	0.365454357124918	0.577173636390869	0.270869984899792	0.338257157247345	0.233040052038457	0.232271159631377	0.555222803519089	0.608028577782578	0.62357894108102	0.369506579989583	0.274953227230846	0.40524717274323	0.208190477470655	0.294890004760999	0.329649969297739	0.303206455082061	0.337342931377238	0.419776461995343	0.335619657287989	0.344309827098178	0.257348657967073	0.13518886707421	0.402076872562295	0.476767442920825	0.305989327009416	0.148766040019041	0.49116744388055	0.851980810653636	0.579309083550863	0.420549249210142	0.164455602044388	0.566925523214323	0.298856373943299	0.203562937754324	0.382424582343665	0.451494624028425	0.472489869698402	0.244544733139063	0.193642739880358	0.289048844192827	0.661631374443434	0.234137433635275	0.382177599994477	0.566671352599133	0.598403861808418	0.630513661405968	0.642209469127961	0.496568682820262	0.729410801097896	0.366571086714438	0.424770168191656	0.487483004258771	0.532874118687282	0.224112400049592	0.132698672146882	0.255959136761613	0.353061576180882	0.600360605229003	0.540510496311176	0.575622713140371	0.257951788295018	0.595698549551193	0.487599387566424	0.159280310861177	0.187631496112629	0.288479803517782	0.388633902092268	0.198216648986652	0.326275686281921	0.26197849933771	0.284942500584609	0.143854373354154	0.380344043101361	0.215869203986665	0.188111832813656	0.181398699365312	0.289042096777699	0.307681614944747	0.302361387715416	0.4377409474501	0.708485569521339	0.302918799996187	0.238941051097309	0.60462253604337	0.270684016865624	0.487786683482899	0.373118854899215	0.134316285629294	0.692095272194054	0.194119467987922	0.0545039047697671	0.200903568983709	0.258409419017306
0.214330190389982	0.225893897938767	0.232102335092358	0.329324161604486	0.422157097085347	0.380439821293995	0.365454357124918	1	0.70599587462647	0.371323746213579	0.479808452175763	0.38601704819341	0.416618825565287	0.554363642963648	0.366083286483933	0.648466212045905	0.640415606340821	0.700574260510504	0.696513431471275	0.574010536983806	0.494357950383334	0.345781051927623	0.162964110327602	0.503522817525565	0.487202698966384	0.0746434381689442	0.222227319776947	0.350688987710347	0.14729770298111	0.318303196630249	0.527891076177558	0.504749369559829	0.45511210811766	0.368510276619272	0.458218010124339	0.485360095160083	0.546275595074905	0.263895454572057	0.595452911598468	0.283862753344096	0.24469687835711	0.212962932714668	0.259657905970448	0.229815321241678	0.510661918329235	-0.0991456630875328	0.247298229396828	0.556046189029345	0.390780128119379	0.338629121239642	0.412783974511491	0.479087765208493	0.278857129390685	0.393428037487721	0.359845040832318	0.291187473997843	0.273361827602268	0.525308947223452	0.517412512713689	0.614381822753691	0.342325513012425	0.205265569997383	0.327992455706592	0.195039011366247	0.380584095465198	0.248997669059894	0.413318852035978	0.291355139466152	0.561614476539348	0.454189200317129	0.159461215051253	0.156516837664157	0.423711528749928	0.372118256123644	0.154393879811304	0.226114735688368	0.247121858688018	0.338032078823121	0.136914087105222	0.399126547855209	0.243048587690356	0.22479809928024	0.241542670885152	0.207137955444119	0.51826028765251	0.289849790672407	0.494779733071183	0.524948444340311	0.209339281987838	0.149131805996313	0.564717408645381	0.278717492613579	0.236925075602206	0.00800968550414842	-0.0666450277375229	0.465556013893214	0.275634723986434	0.276123831213353	0.195869976645454	0.225263128652176
0.556357520480904	0.512019712290491	0.496156584439639	0.50833987435592	0.501925335302052	0.476038649867692	0.577173636390869	0.70599587462647	1	0.448562826496378	0.494621827720098	0.37532601404986	0.373987103069345	0.764235630432007	0.585519655312711	0.826841387748624	0.677463094582756	0.586021960033189	0.779066066212796	0.355163419941071	0.593339576124989	0.310135561587617	0.327537320654121	0.624380295951712	0.605518326225979	0.415523821061654	0.534482556497397	0.549580461552404	0.108228761088037	0.552816822337161	0.635200625495159	0.609127765046623	0.429981010515448	0.629963327120953	0.582909180060576	0.728849411097555	0.667069990668349	0.343904408147568	0.772841661442606	0.54650825346785	0.176800093913267	0.307261560515557	0.417056522409851	0.454569229528285	0.523848050025391	0.0300443186876993	0.387091394366501	0.619003023800437	0.256595713444861	0.586774452544139	0.621367261304926	0.727700766544104	0.450438591669998	0.602226155782288	0.465209613283879	0.339960203678419	0.264170203376299	0.551929587684602	0.604271838032734	0.808419952460912	0.350055916140349	0.259004029996569	0.311931598625179	0.307295597042145	0.60740609945846	0.527372744026204	0.639228062297621	0.473658603691596	0.748432951540333	0.630467861543318	0.209529286631333	0.233028560473386	0.542244556539681	0.612607405651164	0.110253147222347	0.448701651472244	0.458536564457432	0.527447069068056	0.0460857555400138	0.524507896551403	0.417316839761444	0.388719081190653	0.427440170844926	0.258792846254238	0.58567568333576	0.536352363718507	0.56698731869225	0.719703618210244	0.367085336223945	0.271210509385376	0.743969220616436	0.51156596885155	0.395061506953656	0.339389989019875	0.0801004189727993	0.553270281844943	0.395446086699881	0.218415725756661	0.294477461323104	0.303886970872496
0.369128746776295	0.241517055959965	0.249474009603851	0.32147558421081	0.435490608809277	0.408028384227941	0.270869984899792	0.371323746213579	0.448562826496378	1	0.513893959281506	0.753250726891696	0.469368896337781	0.495494122664594	0.507234791460738	0.38403931287003	0.49566214298401	0.260082958292895	0.322709954618261	0.259767756326986	0.66435731876037	0.511489512581663	0.459618879883757	0.325234331801537	0.262960717582057	0.337267671871271	0.525309229932544	0.571256942957912	0.42453190847163	0.540610429907764	0.224424239272988	0.448879870437763	0.417743822074926	0.450145685751591	0.386019935478341	0.21727129772985	0.396853689974498	0.158653032641157	0.433422070818762	0.496132472844747	0.321068425231655	0.466348291662147	0.37342407042292	0.306680704852843	0.424466986035727	0.313092992945958	0.502237156388956	0.530327013214109	0.427766638746438	0.596410760500299	0.508950013862098	0.292496700967147	0.382457379870296	0.361806040346615	0.387584412071423	0.32904467939399	0.275813891765269	0.611567336908793	0.493516287887809	0.61181249626366	0.696783985639733	0.583749435070028	0.512708005545287	0.384296204245978	0.484363702691798	0.511954063115739	0.237490632399732	0.340537343408368	0.37382373657767	0.483024295082272	0.310678393323587	0.493105667035141	0.412090830128558	0.364159861016894	0.112735766360318	0.388072629344943	0.419210236736755	0.51414452212206	0.429158228896688	0.252221913148888	0.437148800446716	0.467574509065713	0.273922347089092	0.214581542710338	0.512179650749814	0.468633860316132	0.223630712865943	0.439973149570045	0.434299490760761	0.222515828113467	0.407469921345237	0.476900937975856	0.33666824279096	0.294382220716245	0.296443068802195	0.368373388358261	0.605978736085582	0.498134321461271	0.486923466069023	0.580607902672896
0.399422469481308	0.233113546036537	0.197536970165103	0.200532197934179	0.585363846356512	0.536754577090276	0.338257157247345	0.479808452175763	0.494621827720098	0.513893959281506	1	0.488480238513103	0.371493186627153	0.516849587473287	0.463818020958586	0.460848150505698	0.539308409985262	0.436533735124462	0.497549569292218	0.27212155757498	0.578874824193851	0.364097039095886	0.415198989873782	0.453062361022373	0.308669649157264	0.304243333587771	0.500869367159258	0.312422618700092	0.0163746899635447	0.373482271424369	0.292157611504962	0.422667728802207	0.268910412449918	0.493901260057453	0.420212524754482	0.351637107904844	0.402182202548865	0.293953447646356	0.516595908511508	0.366363719957272	-0.00863211582923954	0.145015251660046	0.171719661126795	0.217914095686351	0.343559919390231	-0.00633248123162747	0.245980906853706	0.563517061815777	0.366720330482865	0.403823711612263	0.495471376235504	0.293026343651313	0.167214468281789	0.437612116355195	0.541732742338325	0.183893319854921	0.296226702333861	0.462656122150751	0.515730392795961	0.508529753627585	0.425735710357822	0.385784300813564	0.480772223608568	0.300041214065691	0.335970391285108	0.380658053155945	0.475119033857775	0.423121557925016	0.491578391470525	0.420004849970789	0.130469379992657	0.367582384307366	0.385218625161333	0.37720134541867	0.294988430368386	0.406102617629496	0.382902412852109	0.319356714539437	0.00647868785338746	0.413477403464056	0.571701976239818	0.430849455683048	0.25167942476345	0.226475071331387	0.554652227088953	0.499072784462934	0.392558715122885	0.498189542850759	0.372395976506099	0.20180080129601	0.514708145216428	0.346306792650769	0.165661172792445	0.0497854958543226	0.251649967447912	0.560886653664977	0.395597672346521	0.230505540160752	0.1972387798098	0.227317516549822
0.336121330087089	0.0683439373863358	0.3097259550313	0.291934123724517	0.538272562697327	0.547114361055548	0.233040052038457	0.38601704819341	0.37532601404986	0.753250726891696	0.488480238513103	1	0.630250910305933	0.442739108083168	0.467883444269291	0.295508715125737	0.521144093269924	0.205439192150414	0.311130872606885	0.262759354812879	0.67870900778474	0.555910357914087	0.569789625302305	0.244670666586042	0.337796494580288	0.256636207885396	0.472956218240743	0.396187662719001	0.465206278623192	0.511449123066866	0.173428550849016	0.390405940733796	0.496864220875479	0.448195104758982	0.386639572872707	0.127157801372859	0.247425564192157	0.0719407208775204	0.36041464145895	0.359530218038531	0.4663450772725	0.341640171051701	0.351438412948571	0.421085027045988	0.373819481223047	0.341594357234141	0.39731270166325	0.504672205886239	0.536422066986808	0.380214318307171	0.559966885251385	0.26543437734017	0.451553516963931	0.406217668529106	0.46371282499832	0.454985856360315	0.303847238958594	0.610082083966257	0.496073519868786	0.590217415624902	0.838720762350682	0.66303779054833	0.701392875209105	0.611363300425677	0.533045434712122	0.49436078664532	0.169364478289908	0.412918062205544	0.307400326311711	0.426269544803028	0.401712654525881	0.473305055191051	0.452367110198348	0.407291028511775	0.210268599477759	0.263221351393783	0.395389976749984	0.470399502324771	0.488119374654431	0.227838110300431	0.291529886877067	0.420598547146253	0.317394817000334	0.240970445996568	0.285072192135763	0.325797589380367	0.108182245293084	0.458532934149315	0.405279774462584	0.0953280617645295	0.417004348732772	0.370330832884476	0.453797679197309	0.248581481346197	0.227827301929551	0.486843006434301	0.596660202878935	0.500897959577115	0.578919205676485	0.539999053280279
0.304929624705753	0.167016267008933	0.248178290010576	0.236840148457816	0.343259833781676	0.3561489456656	0.232271159631377	0.416618825565287	0.373987103069345	0.469368896337781	0.371493186627153	0.630250910305933	1	0.37377477490414	0.412383684445388	0.456238464317686	0.581848370309843	0.350436702855373	0.388733722737882	0.273380289603718	0.508941736233454	0.354151766901247	0.423010440638039	0.207976528834568	0.334350521226924	0.274609824657116	0.254082482832807	0.320472053749428	0.256113657031443	0.327716280282572	0.347485287742664	0.432610248026522	0.610791731260937	0.395480511770173	0.3963242587335	0.279951544074208	0.299062410898852	0.174911570180311	0.353297840792879	0.229995563429898	0.305836011496239	0.231628639000671	0.330793942905593	0.390457485675736	0.35012322394192	0.248739729755497	0.249866590102225	0.433099243689415	0.374624138910879	0.181984373718609	0.408020162760639	0.275603521670414	0.423792457656867	0.34475167826513	0.480888012937417	0.447831275848525	0.33630073435361	0.461902903914311	0.450869442252562	0.4903634579614	0.600388376174845	0.480476866507993	0.515455249601896	0.590992273091226	0.400379527802949	0.363592646381146	0.344283816069715	0.360932051414334	0.337973921474744	0.327879921421969	0.22868064669328	0.264394733499356	0.335611943624797	0.274319570970487	0.318462720458536	0.202665103951181	0.176075888992133	0.304916180402004	0.26401834776848	0.287496860659502	0.294963138097897	0.343278455418102	0.319288384142381	0.340775756614828	0.305688005693588	0.287883455990883	0.127787246467206	0.458146080156374	0.348127268565469	0.13742700261752	0.366048649313199	0.189871178943716	0.367965667718175	0.108432130859726	0.0656944028480933	0.408886732224805	0.459667841630918	0.195081123937011	0.333030344396671	0.332344265475563
0.693674665441256	0.580810638527132	0.587982988153016	0.583641815611223	0.63998280503507	0.523882066790176	0.555222803519089	0.554363642963648	0.764235630432007	0.495494122664594	0.516849587473287	0.442739108083168	0.37377477490414	1	0.733749138193514	0.663399818185059	0.548119072321533	0.362022482679884	0.662262888538542	0.162957185221069	0.562210675121437	0.290807430727316	0.28597942515029	0.466936433230101	0.395202344609851	0.432660515733637	0.578074218846977	0.505755947160437	0.224289002017324	0.713536253276173	0.422271292495699	0.521358259469623	0.366061183705999	0.67771553151171	0.531284235009194	0.57232459467944	0.553491656397059	0.25768400131692	0.582590468262864	0.49203195697211	0.262477267897151	0.406848255567597	0.379136502928188	0.408677798252353	0.521499588085898	0.041472318690226	0.323328745317478	0.579989642983316	0.343923313115307	0.632758380214856	0.66203886739246	0.587161725441147	0.549195241513152	0.517271776554872	0.459959812835605	0.376315199455947	0.279909311540734	0.566137097535201	0.588280432755965	0.716275689493466	0.457502733565471	0.279067190485623	0.37002416799316	0.407668120122052	0.692210419957172	0.565612590727464	0.522730765843753	0.347512105179665	0.686235223322466	0.520161122389125	0.192142664024898	0.198110564862793	0.477623344641089	0.417273145237523	0.1187233886067	0.412166076679722	0.458388421305556	0.53688193723918	0.141194453812153	0.394702916030805	0.501241267105535	0.367339208332996	0.385703030982772	0.174196777055948	0.521133173117825	0.577608074046779	0.489474348246361	0.632363278953935	0.371350550280918	0.177698984235565	0.659748833926641	0.527213434843847	0.361711598785605	0.238802779520759	0.211280343059799	0.543813660903111	0.428104103520546	0.209406845186141	0.374573360864831	0.418243417236008
0.60164580595692	0.557033875283306	0.530293597506947	0.675022293682773	0.575104607431016	0.578770727796707	0.608028577782578	0.366083286483933	0.585519655312711	0.507234791460738	0.463818020958586	0.467883444269291	0.412383684445388	0.733749138193514	1	0.611716535702534	0.440242867640373	0.317953306520466	0.492673203564698	0.209792134442301	0.483977918584632	0.389938699480811	0.360175212589276	0.309799857130694	0.332964434781269	0.447170633453424	0.427544118192184	0.452675604413234	0.263979901970139	0.605598735714733	0.434964419471145	0.511186749733379	0.378320861575462	0.579097485155659	0.5985284420315	0.439468765876384	0.500811949217081	0.259961171775582	0.561846019532518	0.371670741878075	0.335846013052652	0.421320595980032	0.60872074658396	0.443543697088773	0.597279190652757	0.171328155898661	0.386457495268412	0.550610227545613	0.314448100603177	0.62409622335602	0.567041652668348	0.552521770751767	0.670491717623542	0.469716422921072	0.428100655561933	0.559823766927229	0.38789350823167	0.496651035346572	0.554793538385714	0.64535938053069	0.435456132425975	0.299185198022059	0.368682662274784	0.419608776810702	0.703502440692649	0.641411335275717	0.489370607540873	0.286396371075118	0.595863968093592	0.507241920611211	0.182221247683974	0.181759768891804	0.451129732225434	0.243165070366252	0.190056874899167	0.332485268609175	0.325931342782558	0.440151200204101	0.269868390277559	0.355968618459491	0.463079528839958	0.277601084807865	0.366980229029175	0.320932370060092	0.430006778370198	0.494329293747844	0.514671777332372	0.617684493716235	0.49444153884442	0.200889641128884	0.645790776788186	0.387563423619663	0.403512615822445	0.28467748509938	0.180968616281832	0.487538297296909	0.377879507213661	0.179456127182171	0.398490062375144	0.414255234011787
0.456872616670763	0.491167658663038	0.351474803740807	0.501700195622483	0.43812548858463	0.455579696408089	0.62357894108102	0.648466212045905	0.826841387748624	0.38403931287003	0.460848150505698	0.295508715125737	0.456238464317686	0.663399818185059	0.611716535702534	1	0.655079500415869	0.695055703028273	0.822458544117662	0.388954812258537	0.447524069465453	0.301019552192153	0.251646333679007	0.52331395806556	0.44976954761918	0.420959718701691	0.403302723062025	0.489036423488421	0.0745113165839698	0.466741511063506	0.782071660675223	0.584662472874041	0.421878724963675	0.619886177437837	0.622760926908167	0.75630804149827	0.63017605407869	0.443253256257032	0.814592681011227	0.46702673336986	0.14690019326624	0.369874850912636	0.498239192277235	0.430108454357047	0.511210976753587	0.0754139488960329	0.30243585861175	0.675792924502726	0.253697783538496	0.522766608546602	0.445053345626901	0.560460410886162	0.45967999575936	0.454442734197744	0.434594515378461	0.392109640591418	0.296614194970882	0.491489754516691	0.566889158858586	0.641986393450124	0.298470469807202	0.208489992635973	0.203332960550732	0.248111924443198	0.544431328492986	0.530599807556175	0.784699078012077	0.413630499507945	0.772302163784361	0.576462188311361	0.108057410681428	0.124825618503065	0.462492791684901	0.484881865105467	0.25052785385599	0.472714001333136	0.365112318567546	0.468349640531879	0.0542375725226319	0.633894241392529	0.407041537358614	0.270201058918101	0.406174194994241	0.415542029335164	0.549528374425259	0.521784771062452	0.552661027485707	0.738201039885556	0.449619671341823	0.345644821415627	0.723572158910247	0.445733225998047	0.306559212619	0.307251546777112	-0.0415284158822216	0.56008389382256	0.28805179276092	0.192072193876739	0.168141443736362	0.248378991899063
0.26611928417832	0.264475194129162	0.281933297587015	0.275526111760111	0.422702049189245	0.440971720704709	0.369506579989583	0.640415606340821	0.677463094582756	0.49566214298401	0.539308409985262	0.521144093269924	0.581848370309843	0.548119072321533	0.440242867640373	0.65507950041587	1	0.629102896309213	0.593345471690311	0.501463067357387	0.64573041760566	0.441911814921526	0.512549773582184	0.431763715260783	0.510615970050499	0.330619073174531	0.412132777067342	0.40338100612494	0.142784601602644	0.337708768034431	0.544712015150244	0.603851870552489	0.459436612429652	0.533779015961654	0.446010128924819	0.481178336593386	0.46818997758378	0.32313285090149	0.579604051455638	0.333319105204035	0.277055091111793	0.205065744106664	0.293984314558276	0.296215829637373	0.524141637854243	0.183169701149314	0.265342470924076	0.628544246855967	0.405073078242803	0.360546628372095	0.475594453729363	0.406930561958756	0.345306003352959	0.402717577614838	0.429092462379621	0.338043703260305	0.248834600135684	0.473717486741095	0.496146815929806	0.602965118521043	0.457677888760155	0.36537261125946	0.36702175005926	0.422848228144765	0.435526775636418	0.458485171681079	0.521830857283323	0.57598919842695	0.499359075288282	0.480597195910259	0.253955211179397	0.296285005152684	0.459195976865139	0.45378389881271	0.272178139015581	0.3320023610082	0.317337787332512	0.408601691541874	0.187068661984883	0.470318450434473	0.428533793526232	0.438276308393943	0.359618838613351	0.261788934518016	0.538416508124672	0.343038162647783	0.376597194134539	0.591822348443562	0.416504561037031	0.170430516204529	0.583007227480972	0.326954282097227	0.244634756560276	0.16852588604836	0.015533909362412	0.527086174477678	0.416159718167447	0.346108986838436	0.296405584456473	0.333392006488139
0.102470135446817	0.192128526539812	-0.00139283085488574	0.13189846666237	0.256344748697407	0.225208939257279	0.274953227230846	0.700574260510504	0.586021960033189	0.260082958292895	0.436533735124463	0.205439192150414	0.350436702855373	0.362022482679884	0.317953306520466	0.695055703028273	0.629102896309213	1	0.696767213467262	0.58713021609405	0.380549641952344	0.245106884666533	0.233847106397004	0.41679467446189	0.319306855640375	0.165592544945605	0.288975644390108	0.252963551768472	-0.0613102949576773	0.0803154641024494	0.659542277600719	0.467425308369604	0.338578968098649	0.34724129323472	0.295603405095023	0.472717129656041	0.445001641861425	0.34194809829413	0.549862295928979	0.271120613611407	0.0527831493283432	0.109560877937168	0.176485375754483	0.130345477815349	0.482341951372205	0.0423332256641835	0.146403252604201	0.478484370098012	0.218225801714114	0.316241687068129	0.198397743304614	0.268202040091324	0.114698109126213	0.218234750325319	0.305122938616846	0.100809559457548	0.102698098846223	0.254550248578668	0.378501316419379	0.380825317898289	0.175248319518986	0.160601245851464	0.159614999535948	0.0165547114204258	0.263188593043494	0.234069287537265	0.55806042313595	0.343441295611878	0.519004660415962	0.404515611943479	0.00774248644176546	0.0824313235542959	0.276129882567819	0.391516918200251	0.241936137157957	0.284103874409262	0.26609132265473	0.219138822880041	-0.00417762711664582	0.550286215610591	0.323559334088489	0.221134552784929	0.270148136722921	0.3361312668405	0.523264643123126	0.306924212954492	0.349059329947933	0.443588573575589	0.317872123968114	0.30366618678867	0.505778834066716	0.264224899927475	0.0562514053504207	0.11606571429365	-0.132968848932473	0.378666646114094	0.158777026418102	0.215276065527484	0.0323507396225184	0.0949056541040653
0.505362371770172	0.395712610475698	0.245671285301818	0.329794905023353	0.423599669975254	0.356167927597891	0.40524717274323	0.696513431471275	0.779066066212796	0.322709954618261	0.497549569292218	0.311130872606884	0.388733722737882	0.662262888538542	0.492673203564698	0.822458544117662	0.593345471690311	0.696767213467261	1	0.37572120287682	0.470217545558698	0.196647835799069	0.260793850966831	0.509294629886305	0.531145715820248	0.315589307703999	0.400887320591816	0.402049867239219	-0.0239561556061901	0.381549767713013	0.591482846700125	0.624363309714912	0.439881054232824	0.578416206181049	0.475410103586518	0.704726946867434	0.459660799916085	0.359867563350775	0.68989573096566	0.380477758632253	0.0752932767274821	0.28534089098787	0.264313402536079	0.33680753943733	0.514923695617834	-0.034709192322076	0.277574478083755	0.572010136741317	0.247627506313154	0.490536952149038	0.449734852548043	0.527615350352326	0.321642501237757	0.357396923631938	0.321622505799994	0.219787685291936	0.23429497883222	0.439448037315492	0.563623339715186	0.601086124385259	0.318895809836864	0.205332168610948	0.207330618000185	0.214016276929769	0.498381494422179	0.387361900693917	0.646026211350535	0.350489585046768	0.822207560361904	0.545517352843744	0.0654185514309265	0.0795316601173292	0.426692633572469	0.467475458597266	0.18515285998255	0.474188920977041	0.369819082398668	0.38288051298001	-0.0219505688198088	0.529431159123858	0.476163421819903	0.293798851552853	0.338181308969843	0.327953016720163	0.565978585172719	0.464398201818769	0.380772322561956	0.619832678025628	0.40366774636112	0.214252660581918	0.584162566615622	0.370336460997937	0.22104612811669	0.134208773664464	-0.128248752863336	0.454981378364265	0.262948352092209	0.213836518231197	0.122472068440893	0.189246405278335
-0.101517139460625	0.00310724253636932	-0.0601835558798459	0.0914590125421987	0.214536586285175	0.28539905421633	0.208190477470655	0.574010536983807	0.355163419941071	0.259767756326986	0.27212155757498	0.262759354812879	0.273380289603718	0.162957185221069	0.209792134442301	0.388954812258537	0.501463067357387	0.58713021609405	0.37572120287682	1	0.397159688063781	0.386689051418335	0.261078093710712	0.157602731491467	0.467378403296454	-0.00508800580662652	0.04021858838749	0.0847068777581314	0.0698553324012475	0.0645172415551108	0.507976028950764	0.394670416009441	0.288858712205056	0.0775447280846081	0.230362730894637	0.138467067879112	0.25887803231085	0.387041600366687	0.253649367275003	0.0510689724268555	0.222751940621899	0.170380125870177	0.20164779504095	0.0822776386902491	0.335228548733797	-0.00272571503283334	0.196687662659638	0.371355328309919	0.253864228209267	0.0799545361332228	0.0513978098588072	0.13791162248595	0.15815947168271	0.0987902097857327	0.125741682959932	0.150314123526394	0.122437747837761	0.217444472721583	0.32724743442607	0.341923661281053	0.226401836387173	0.174159943677848	0.213410590564522	0.0914723459817479	0.191898322086439	0.107914111401983	0.29923385996183	0.183560021602259	0.233562262922647	0.40765668131128	0.165875762948103	0.220251951434454	0.120645323089016	0.325685724133899	0.196617046163786	0.103413420187206	0.139744705794257	0.132772688073908	0.277294583698591	0.366204168936294	0.151357734755122	0.167752186803404	0.056511680016661	0.204789641785639	0.326392450847224	0.0522623728805756	0.194679154810514	0.230050938601547	0.215149650507162	0.257242210737163	0.211011113429397	0.0934344123866288	0.151293601190061	0.129995942763929	-0.0693409337137796	0.226286923618456	0.138851012717404	0.306710360738918	0.161427260396789	0.106722904295242
0.351168451238079	0.305395460389972	0.253245490871194	0.30177655349119	0.461667979834141	0.487875063656915	0.294890004760999	0.494357950383334	0.593339576124989	0.66435731876037	0.578874824193851	0.67870900778474	0.508941736233453	0.562210675121437	0.483977918584632	0.447524069465453	0.64573041760566	0.380549641952344	0.470217545558699	0.397159688063781	1	0.453099430637314	0.46582846585535	0.387095382352148	0.516119286864904	0.351554220836627	0.605591000643728	0.434477226171189	0.292125657114055	0.501150249597993	0.409001229387785	0.547835789562176	0.465343875258481	0.54087804928792	0.43414238700359	0.346571165985219	0.373661360055364	0.323274982509306	0.467122335635947	0.481988451213981	0.327351221774866	0.252588823090711	0.433077631370437	0.46886612223073	0.428705030533545	0.245175050681965	0.426596715104495	0.52362115752402	0.405273419547174	0.538936442028919	0.556803315880008	0.381567629023053	0.357873435681497	0.405289813604092	0.43987025830692	0.290218609847617	0.184601995320322	0.483908408943985	0.468201803392364	0.690266799002842	0.640167871613645	0.570006558085765	0.644538076221739	0.562110140529023	0.569222295620307	0.499030978241732	0.333052762653823	0.54611207479241	0.410258179299797	0.545511757102008	0.461439298785395	0.501243528921167	0.509625527102933	0.524572809086567	0.313236252907685	0.357609017887053	0.550257446182807	0.455088138458412	0.277525922527482	0.331935875224555	0.497523913258358	0.612675929002444	0.250780429530646	0.227996833718884	0.571994572408079	0.414054085075385	0.246968608477635	0.472037545303408	0.51516813697681	0.227440553719137	0.496248994970471	0.419687759727313	0.438138890492518	0.349464496600339	0.308450362531923	0.494450380124326	0.585837092092969	0.304163818022053	0.476105350764048	0.478115448617512
0.0273918146585354	0.122874836989955	0.28333305611821	0.508655845204389	0.383080361613443	0.460773136557311	0.329649969297739	0.345781051927623	0.310135561587617	0.511489512581663	0.364097039095886	0.555910357914087	0.354151766901246	0.290807430727316	0.389938699480811	0.301019552192153	0.441911814921526	0.245106884666533	0.196647835799069	0.386689051418335	0.453099430637314	1	0.412747473942273	0.266459502190194	0.303700028027279	0.155518499141704	0.194228551736095	0.38969002179019	0.587093387853659	0.365024889909785	0.333890328730822	0.282248582208197	0.300474404855647	0.336968168659324	0.323249491286021	0.0768045431356924	0.273848886307935	0.219314658816425	0.344937099069643	0.268901747024613	0.559990832321852	0.352736201461039	0.437944230139824	0.34683707421528	0.417308886223412	0.389853523149035	0.37498120386748	0.442995682404411	0.419057173931066	0.26006443251723	0.37924299249339	0.294307938840601	0.453958022322904	0.385389555270071	0.353869108956453	0.468845254269924	0.417028880999831	0.509359552052774	0.366543013089544	0.480037834696763	0.541738100391908	0.409699992601262	0.324873028031251	0.40479631321082	0.419255524529602	0.346879481078634	0.208228295377651	0.335086502533213	0.181339802618117	0.354827610025192	0.380262337576017	0.424308346482601	0.253862365377114	0.309908777041092	0.279344057599136	0.197243175665247	0.151109039061768	0.407944392003555	0.514777865028875	0.198855009582699	0.15486394568737	0.366683472189322	0.209509534265432	0.187941829596002	0.430418245898357	0.0786483554848739	0.238334170176292	0.37527098783182	0.219780666483271	0.233607247295974	0.358015218827708	0.19502437035533	0.414473829024501	0.240437673439801	0.158140283290762	0.394978706293594	0.454337415227171	0.464615010154897	0.500354105710203	0.442094900596696
