1	0.65550469023718	0.649283850756883	0.562246983232381	0.681109247227055	0.644096868295447	0.266167072506296	-0.100986819563571	-0.017524712814112	0.254824639185941	0.0498504058477986	0.110900637672799	-0.0828031784844713	0.677096689366008	0.376660998003488	0.360302012581116	-0.181870035045874	-0.0657838114323073	0.181010487589915	0.144130893535496	-0.033314803767759	0.362208803903467	0.0857471144867364	-0.00704845676885813	0.231470309826215	0.200598263991918	0.347781324486929	0.111725755982375	-0.0331347432731502	0.455543454343081	0.174293263663385	0.274050824775222	0.175112013330326	0.321337582329771	0.205626733866435	0.25047227520382	0.163797368534931	0.266757569338505	0.104050365866826	0.113291167811111	0.293823069397917	0.370665073467073	0.202830220079086	0.330870572033848	0.287962141265235	0.179192979332669	0.334049429009053	0.376731812534127	0.321943778467135	0.227390513135082	0.607515737275438	0.484749488491428	0.263221415090093	0.612602724812521	0.40670375818951	0.273481448344172	0.187391469724914	0.213535982617934	0.192886923891641	0.190637137666619	0.398948606829831	0.0713263450100802	0.108852162310084	-0.0434820205672428	0.460103894653887	0.233364101035692	0.346443245328737	-0.102308539877507	0.0711953888198622	0.16045871726856	0.138282909471427	0.168926633271204	0.0851232522390962	0.383833819408709	0.00580588712426674	0.200088833298983	0.247998525192349	0.375974462756908	0.0702759434998953	0.12411940112295	0.227541822663649	0.147008097831544	0.501939345526412	0.352228964454009	0.168244329979146	0.348013032272055	0.104563756199274	0.127121549784341	0.113883401965772	0.147524449914913	0.106493675566281	0.283917739153943	0.277650041811471	0.340780038637016	0.223503783608638	0.277982903595995	0.436796587879209	0.409129759381019	0.394877123167448	0.273481234640725
0.655504690237181	1	0.566654137254425	0.577879645430308	0.362958658753829	0.59898762874297	0.332600528260569	0.0037138937582383	-0.0409653421548318	0.306157833457116	-0.0578869869152339	0.118810480681317	-0.104857068969941	0.427222750847943	0.20581558214296	0.349587067462607	0.0210095031182189	0.0260084045596771	0.294904688943834	0.127726841914833	-0.0291487011097369	0.211342896962345	-0.0409725177861474	-0.099005025902139	0.238912353783564	0.19821752956301	0.265256200261803	0.256141306328152	-0.0441861589393294	0.568026346036547	0.305361370273937	0.195506431702681	0.0936161721873905	0.279751426905096	0.192656443126502	0.198215761440528	0.122875944832744	0.339708768428481	0.179367770751151	0.284401513246203	0.379711463401258	0.378807801285694	0.266287003011312	0.346316636870396	0.214942447988973	0.100698552604658	0.364529906844403	0.400712985188001	0.112565266174314	0.211089599135779	0.308236646454135	0.568713381332807	0.361700492424939	0.491673343495697	0.283650468849505	0.306081742713008	-0.0156803375479458	0.000694348271557344	0.0146796506208348	0.16664058634555	0.295520844956002	-0.0888236728877125	-0.0949981803073172	-0.137999604881829	0.5271009535894	0.201644224393679	0.311911581407408	-0.181209485600116	0.0991411300507451	0.151423629147654	0.0185270207916031	0.00110027468912055	0.105798504041899	0.357938265209868	-0.105453895220477	0.197552969106224	0.266622733884753	0.585386631255992	0.157483949076693	0.0624295703165002	0.188124355928107	0.0492900437635376	0.609429369735276	0.3088282276037	0.111047975076359	0.485991492238424	0.125441633057802	0.151209444559815	0.0669641390581307	0.242167130746374	0.196739107362609	0.464536295685756	0.343762931606917	0.356540202764816	0.248749579064695	0.191343782589552	0.419407172045997	0.378370100106396	0.461325827308392	0.1805955909558
0.649283850756882	0.566654137254425	1	0.671463158718587	0.621514758946762	0.680983519325637	0.585767054082057	0.0293541713255277	0.292860362717861	0.258236309947235	0.079048734721877	-0.000504727557580108	0.009191245662328	0.464659765756952	0.479432875619221	0.603676003692871	-0.0444423356530613	0.148881709787007	0.496108142610597	0.274227020793173	0.267701436760871	0.249757370595528	0.0182638837399001	0.331144385409127	0.412871389305466	0.205747764215315	0.31016129852374	0.332154157935445	0.114859662698672	0.329458445742203	0.357860154516025	0.23314707339519	0.265491383444487	0.317237519154681	0.521385092121505	0.572110904368063	0.363236760791204	0.212160435708381	0.406517080599884	0.299480638553466	0.319429136200917	0.189562222274205	0.445858438638398	0.170703187587461	0.194277529851372	0.0451939705866201	0.300864091308121	0.4334578899814	0.216547739340859	0.406461859945654	0.564014854550698	0.722086889227291	0.426010905534311	0.687121629594016	0.565565537228884	0.583368925736031	0.261648298613424	0.104651569285044	0.269068267317223	0.47876475760977	0.449497550387052	0.119145252891773	0.193384815285361	0.0735239888196908	0.517754980307807	0.460117681000591	0.530089067281808	0.137457480802613	0.522044373936839	0.287394359847789	0.186738186943119	0.287215042715278	0.340267983861487	0.457684205331913	0.109161924502358	0.232613605475848	0.262737635769621	0.363004484862804	0.30585586279969	0.223406846689957	0.214709570504985	0.256496234282664	0.438637393132372	0.280813908678141	0.196739509372575	0.43194000210506	0.303131247898663	0.541417162504613	0.312624233977332	0.17353746071303	0.395852663772732	0.320854537315027	0.153623940910815	0.211135085775903	0.225523791508742	0.469872222664146	0.474113995892944	0.344498507438243	0.464588702568643	0.467455093028518
0.562246983232381	0.577879645430308	0.671463158718587	1	0.486557512604296	0.552885752340928	0.606807772216862	-0.0447013433634836	0.103132713848993	0.362999074346563	0.268530809341332	0.2214070672348	0.170002179344653	0.430556148383555	0.448779469915698	0.536077798367078	0.116692855946022	0.126300873450407	0.260551524013952	0.117430454537153	0.286437517863751	0.270127119797861	0.161920432630714	0.233151938264321	0.308905135649699	0.334109293689185	0.27205808241493	0.0247084145259177	-0.0591177249296827	0.275294624161045	0.354225336348946	0.300390739314371	0.348715344180563	0.32183483016789	0.487097037450619	0.329496372044758	0.2450696210765	0.308606966342211	0.296424034704288	0.275833640394059	0.190640601354798	0.280772857083846	0.411165794650551	0.250182784400903	0.199100198102209	0.0445307090613933	0.358598646217538	0.34941373830823	0.17482400250676	0.304837548576967	0.585310164017479	0.688863131066539	0.549449048423325	0.676880333936162	0.461267360604604	0.612828578041984	0.430934500816747	0.153436111646792	0.267456731422303	0.327612350109023	0.456534405548568	0.229929025325895	0.270716083356958	0.208663007579081	0.429845225476341	0.427576310582097	0.483410817908882	0.151847219063584	0.288938251698127	0.20767220007731	0.281574396615545	0.219087609890729	0.301165683524427	0.395200087077533	0.232595680288518	0.24935062981849	0.284577081456369	0.197635685755366	0.0291803630386213	0.177629332690556	0.180922931086812	0.266649972645626	0.386983958517002	0.300047365975786	0.197690635871561	0.286465359698957	0.309208110899756	0.381196782153364	0.422386747056596	0.106775504527742	0.334627506172962	0.338405838766018	0.188491761007108	0.217053717176871	0.29281980732599	0.399399484248904	0.407942739181272	0.330728114719635	0.511178292828557	0.424625242245057
0.681109247227055	0.362958658753829	0.621514758946761	0.486557512604296	1	0.697042036845033	0.47773085218569	-0.031260852491915	0.186542652871873	0.358904685114607	0.147989758783177	0.152927289095774	0.158392164773823	0.508274542529927	0.461872052183443	0.330972767722054	-0.247592170564594	-0.0626136452215051	0.198180251773927	0.219610775661402	0.203004249026757	0.404562129960703	0.1782458216154	0.207116512393245	0.3297035212056	0.0507225107948331	0.376158019101372	0.176482933153649	0.233273241952478	0.0305350385822636	0.0353278273317104	0.170350217693073	0.224881109563338	0.146336691709788	0.340674950302288	0.327543729547177	0.0862848300631333	0.0672141854543624	0.207920713646265	0.086507119980092	0.208287305023101	0.100048218388072	0.153663248772922	0.0692860967835108	0.111608257598856	0.0777083839786673	0.243453821051684	0.360995330618722	0.49558758276577	0.360142348183077	0.706750258564393	0.469661559229564	0.32603956822526	0.661220690520011	0.625529033981057	0.43342789720596	0.325427814061153	0.222880156128903	0.277317501196447	0.305480240791551	0.538043539818101	0.277061575677487	0.364500227348146	0.138531635652448	0.349575342992598	0.290460694173143	0.329657803286054	0.212233946626516	0.245199111860982	0.181524995687321	0.258345947617307	0.351309627150524	0.269954210055858	0.337504247831509	0.118093218438695	0.14570874949606	0.15499621549079	0.0287569810608144	0.164897951899642	0.19261026601448	0.0630280496141141	0.159248510949243	0.163642916602253	0.0422514732309103	0.0632446420718017	0.212713305007929	0.0692522042944753	0.325314810289033	0.167873818890703	-0.0240699030237654	0.144155009814395	0.168950799107282	0.0373926720742842	0.148014474308576	0.173547912385202	0.365304724344803	0.506305831234262	0.229819707359136	0.322570362555994	0.360203323301845
0.644096868295447	0.59898762874297	0.680983519325637	0.552885752340928	0.697042036845033	1	0.662828742213301	-0.00112977135766744	0.191251047638585	0.423013983047737	0.116525409757706	0.220706937989042	0.140587111281387	0.436898989567616	0.466545255194535	0.547032939260948	-0.0509556749440838	0.0830601845468554	0.374632023986077	0.268119022419315	0.30767676012852	0.449745068561373	0.202890496083897	0.225896622341094	0.460841809149783	0.210478512825587	0.395075024210771	0.369286519253373	0.175981643918151	0.119882423128643	0.254621628337467	0.205438339903371	0.223692979644993	0.234739223982425	0.49278235691395	0.473475181922384	0.231388525470663	0.266806224653518	0.346336318487	0.274977459743299	0.305267625996475	0.16206822405674	0.388972229670733	0.205856255862476	0.13178092503242	0.132531362852049	0.363030639087915	0.632289348324108	0.296624737451106	0.514495444621489	0.52776342507686	0.594257255060628	0.402862522776536	0.85393404323538	0.717502011932669	0.547338382467482	0.180866965660073	0.0469421502906447	0.268722903604092	0.34869349058815	0.527809775040992	0.189494031525183	0.22582481984459	0.0607642949421178	0.441013353614088	0.285175078810843	0.437300951002101	0.113757094845627	0.350582824993936	0.247202977715912	0.2348645712218	0.370945979120198	0.23958743507284	0.438251329747304	0.067971597482414	0.199872421384717	0.256164134100908	0.247335089231011	0.232863067359867	0.145969010254362	0.208780911400391	0.157368624306731	0.33521427696819	0.110231957548947	0.0355912143810942	0.413009216157648	0.196472478709628	0.441536097879477	0.198292313047574	0.111576435203402	0.29700254480968	0.351856397849954	0.136197309627479	0.228115920822956	0.197027267703683	0.451981269904338	0.480298509180072	0.328346213679055	0.509021531745131	0.35553857514681
0.266167072506296	0.332600528260569	0.585767054082057	0.606807772216862	0.47773085218569	0.662828742213301	1	0.0438428568784002	0.314901719526526	0.454237979011536	0.194623046932551	0.26188474919004	0.320879818261191	0.167018681859208	0.50553057064492	0.560868203828884	0.111360681833943	0.249026557753634	0.41891536533793	0.163663558423133	0.526039728766381	0.232390508273994	0.114751114191739	0.359307761040723	0.379297877474884	0.185656071334171	0.146600203228437	0.234414928897922	0.173599927785001	-0.0103500234299116	0.285239378385338	0.149867204939248	0.218015105539916	0.153503080882117	0.686250364986631	0.417330463682131	0.220326978454068	0.102224712533787	0.333542792329564	0.372108370528055	0.145939500532115	0.0415628158653789	0.443499265630225	-0.0675746724069955	-0.00891148157815442	-0.147019802013936	0.226446153880989	0.377153634264111	0.179686801907509	0.440024687902915	0.412473881941937	0.539403920299535	0.532233108268206	0.709363179912622	0.607208382186272	0.772898383652528	0.377900247493073	0.145278228771424	0.417360378588366	0.449830451285659	0.546892591216961	0.365944470709872	0.341298347482425	0.276592987297968	0.220054962663783	0.377428701004211	0.481551728972513	0.442290216711687	0.489859913272381	0.160369019148945	0.359812600787611	0.449049650143894	0.427421961092727	0.359319705571395	0.220983258256129	0.158536892265272	0.174817561424431	0.0391342692600266	0.12480024590518	0.246175041604022	0.142984005771845	0.216799519203859	0.243789292878258	0.0157935063030841	0.0310787374158068	0.340937680857004	0.229160377914842	0.617337460825123	0.265618508168752	-0.095825564000949	0.245611201793991	0.303343885862153	0.00329927766708459	0.0783842794942018	0.167277316938404	0.37838752539379	0.269668272789756	0.245783074047759	0.511197426857234	0.411010206704857
-0.100986819563571	0.0037138937582383	0.0293541713255277	-0.0447013433634836	-0.031260852491915	-0.00112977135766744	0.0438428568784002	1	0.464477683933258	0.165537094058175	0.0927505359965593	0.0235629557425121	0.248704496893655	0.00762906426824293	0.158071051006053	0.0308599492491854	0.395265108986533	0.550312010283996	0.293021587957334	0.384701643094018	0.337446166623684	0.0505273450548752	0.142120768335068	0.288352806562533	0.434330460381744	0.065171571431974	0.0207524099610297	0.0449408105004008	0.108682821176075	-0.040567469069483	0.240225241478923	-0.115321765192051	0.0879488509430501	-0.16736297072791	-0.022722691089836	0.195736572293598	0.226898885013873	-0.178429475990262	0.134811062765875	-0.0547566239277158	-0.0706671173716307	-0.148711613724204	0.0212820590711283	-0.182561422424925	0.0995779826513157	-0.257604040837779	-0.000396553843170939	0.123233407659764	-0.117338863911582	0.253575506980915	0.119699611348566	0.146947388013018	0.136579534198694	-0.123452260961664	0.0702095682349781	-0.039385206819056	0.139980548587725	0.131091299908649	0.352757479898186	0.314946309646062	0.0639004695726132	0.122311040282921	0.0936101225254942	0.0647827371864548	0.187608265918961	0.217405764474144	0.111893646154433	0.241442857721457	0.387021146297364	0.291291924079227	-0.0199346700147377	0.233229242666178	0.119052877841522	0.229944610009172	0.172754372550931	0.0746692581506337	0.117647876449428	-0.0148798662741868	0.225086361320351	0.408264792236874	-0.0401798906201007	0.153635926834175	-0.037972589925645	0.0190925566233087	0.171548998048386	0.0821011466326857	0.28371422525736	0.0485888421465538	-0.00139298714188867	0.0982433876631172	0.191755659283482	-0.0566519967367533	0.00748867865965005	0.0137007070314882	-0.0402341499461729	0.184144510738794	0.0725257995402747	-0.0258835663324639	0.0748311066236108	0.155996522837416
-0.017524712814112	-0.0409653421548318	0.292860362717861	0.103132713848993	0.186542652871873	0.191251047638585	0.314901719526526	0.464477683933258	1	0.207136957159976	-0.038361667502816	0.146308904308168	0.345142478066553	0.015552667674509	0.343622118730907	0.23795203391469	0.24332142921162	0.447555365427775	0.460990526432761	0.395202412179809	0.566751444576826	0.188306536536161	0.126682026359724	0.544853570553873	0.538189927751953	-0.031971750971325	0.175915076642106	0.158343842416107	0.269887251913408	-0.277872079190516	0.250308982313742	-0.062709593977855	0.190047076668264	-0.136547940794865	0.18666312721831	0.363351729689284	0.218620999072103	-0.149228372238658	0.168210013199946	-0.0244969651451975	-0.058204012758664	-0.15353801301614	0.156737735037949	-0.298605008479231	-0.0448806725023353	-0.199989540583215	0.0211780526153976	0.111156225052972	0.130764640282443	0.487193285102236	0.195274444585289	0.258340143704263	0.287065370317598	0.195050243630865	0.323800227019911	0.237645614276375	0.26281484713492	0.100577589593689	0.544548640864542	0.765591415182768	0.283144058421632	0.426459830339079	0.403305252575522	0.112382318396149	0.212325362315666	0.330830409095174	0.226523027434542	0.405564543077879	0.704596030399245	0.255966525122327	0.247152134164065	0.368997204872731	0.443629838378832	0.324925847669487	0.218315512818066	-0.0701639740213074	0.147335033315307	-0.139233521941894	0.398908511985265	0.375119967945003	-0.0582044017516977	0.221653863466536	-0.104656198357351	-0.0959405694749718	0.113847411263415	0.0782901613713521	0.224993002826714	0.257507248366415	0.150730803770448	-0.0645620877172321	0.123181013273898	-0.17195582403031	-0.209511417360635	-0.0902531863602973	-0.120714052960001	0.283516996386083	0.046695134125255	-0.154029836101593	0.210754438787399	0.403102852214242
0.254824639185941	0.306157833457116	0.258236309947235	0.362999074346563	0.358904685114607	0.423013983047737	0.454237979011536	0.165537094058175	0.207136957159976	1	0.371178724985927	0.509471507086914	0.448253601374554	0.235788980081983	0.38863597505583	0.232339474932055	0.0471375284432325	0.0420331885986582	0.210760523515486	0.180303175703344	0.396314696615056	0.517848882662309	0.169641161173796	0.315501936653861	0.369184205761479	0.21417660976966	0.377856727181166	0.315053840637645	0.440604561243042	-0.0803580020550248	0.21177810390217	0.167804886762071	0.208987418279611	0.128938984541241	0.267668097746712	0.253839861096419	0.310272368641019	0.127156707340875	0.16079348839216	0.260988818801662	0.218928229337988	0.115190132250517	0.256938917797569	0.110193647184665	0.0372750090382579	0.076244467612226	0.230504723767261	0.423113945401212	0.399095332749123	0.506687211735758	0.324410633872849	0.381203356644261	0.380653444231697	0.471004824528123	0.430091148115838	0.192576513532031	0.235504070827903	0.165163061162231	0.419154515377696	0.280670435926789	0.510104288361585	0.327223904101865	0.27017229182901	0.146814436469519	0.473191798934412	0.262282929435431	0.268427615576806	0.212295303857907	0.202463599799803	0.245449268463472	0.263891256804166	0.441708128138198	0.302661980414372	0.505562453194724	0.217217697926775	0.200231924234295	0.332721196378471	0.227257836007506	0.329485015523178	0.217189859932055	0.237070630602253	0.291289130488272	0.339792771157609	0.00522140759145632	0.166686537446435	0.364140017925537	0.193003770977847	0.235522239423537	0.130411236616267	0.0927912587466963	0.114335754568021	0.397788158323583	0.111019164642173	0.302284658973012	0.293595288754523	0.289863004500257	0.520897582622534	0.373721253284343	0.349871197137638	0.442879193187609
0.0498504058477986	-0.0578869869152339	0.079048734721877	0.268530809341332	0.147989758783177	0.116525409757706	0.194623046932551	0.0927505359965593	-0.038361667502816	0.371178724985927	1	0.349734211533607	0.240276617967862	0.00310784367788769	0.2463748571861	0.146675331954694	-0.0475114183964208	-0.0854802059326783	-0.0328796336638281	-0.00806115772950613	0.182842945919755	0.162205072660404	0.199044205483617	0.205024480530194	0.125289868626271	0.110819057506386	0.152474512966156	-0.133024651932798	0.0267570155893939	-0.159141169692093	0.057947552474625	0.0396546404424447	0.155821731042382	0.0102713727774184	0.150423613360839	0.19925074057707	0.235116556035791	0.113716477534964	0.117341917342228	0.106511817031732	0.022663617478851	-0.108677862208416	0.203520818077794	0.160816058108525	0.0617189332762301	-0.00673707186307995	0.110655771052193	0.0956030515439038	-0.0242774823013635	0.167196430171731	0.0911290792508175	0.0838693272792245	0.0663625304138522	0.206024906868341	0.217214444838219	0.0588821978102513	0.327532269977499	0.23404864010296	0.144876595045547	-0.0121663899044714	0.228514968251156	0.20187099539174	0.299105180468651	0.317832071679073	-0.0274357337430811	0.103230075956297	0.267087348711701	0.205016826370086	-0.0516647914936717	0.15668355972286	0.219709983398307	0.188018573213468	0.277571213176942	0.254353563303254	0.204221070163171	0.176116401921928	0.159690636308986	-0.0666362885099247	-0.103642299155091	0.0522662293618242	0.107179730678735	0.152796355443557	-0.0113187607130249	0.11778960034257	0.105364068348513	0.0661495088400862	0.303581242724767	0.12061170017741	0.116261138176444	0.0758074669311605	0.105486693295914	0.226166687415145	0.123540053798276	0.0846608402703919	0.115794692464721	0.255431887748696	0.166388352459569	0.112629799839287	0.00858715759736292	0.144952393663252
0.110900637672799	0.118810480681317	-0.000504727557580108	0.2214070672348	0.152927289095774	0.220706937989042	0.26188474919004	0.0235629557425121	0.146308904308168	0.509471507086914	0.349734211533607	1	0.359695898514916	0.079202790401857	0.134478348017018	0.20961121667673	0.056976960980201	-0.0996817417050251	0.172543163841917	-0.0128317852370195	0.391800580945078	0.288723232659513	0.364700502453405	0.240388141079071	0.295951544707208	0.259507829492415	0.194095567538424	0.0239192958235506	0.0562428141123698	-0.188541647626564	0.0738593862325737	0.186735270366228	0.184624450399116	0.0318338767132641	0.187787357879132	0.160610219504107	0.235617457426079	0.14786283281204	0.048299669252842	0.116359882849995	-0.0560487494141895	0.127152246507321	0.18212681481039	0.113375414446701	0.00867908945921117	0.144602981937824	0.247384257694247	0.0721927157047181	0.100342227711973	0.244703161336566	0.0561333545199533	0.0163512279004587	0.142853370568563	0.234800997872306	0.17182514131777	0.089839016377083	0.124849509020378	0.10262690026627	0.27186977939289	0.137910326693859	0.396068910800801	0.397725685770204	0.390354989684364	0.196663073346275	0.0551630604441876	-0.100765777507564	0.216800385540504	0.11692583622158	0.0432652916877062	0.142186523808648	0.335539699028528	0.32429794614612	0.206283026171	0.410498763293079	0.101953793726685	0.22372536296942	0.22535213413994	0.0250819613780096	-0.0044658369819402	0.0175729808033588	0.134441497347116	0.175295901950531	0.0263239590875815	0.00511810067820709	0.069559721257166	0.132889190955751	0.115183201266833	0.0317156494319409	-0.00167244803585646	0.0708379476470263	-0.090435834586961	0.227967186577271	0.14433655837426	0.122782937589758	0.0573423579596842	0.0273004394405389	0.173811725199224	0.260224717474235	0.156666049394793	0.143075900483459
-0.0828031784844713	-0.104857068969941	0.009191245662328	0.170002179344653	0.158392164773823	0.140587111281387	0.320879818261191	0.248704496893655	0.345142478066553	0.448253601374554	0.240276617967862	0.359695898514916	1	-0.0102600059075237	0.242505504102722	-0.0965873011013397	0.260809345581849	0.18257691295005	0.0516629895401222	0.288065499375714	0.419435339637627	0.242223109722307	0.178543501242975	0.263005307847932	0.283700271293786	-0.0203584334343225	0.106305107605731	0.202597872793113	0.394162514720357	-0.386390526872799	0.0547547508814266	-0.0427827115410589	0.324761250857947	-0.245834596051938	0.101429095605842	0.0477953875917156	0.209908258305091	-0.0555252039724871	0.0570684447127426	0.0958269555987546	-0.0654565658663511	-0.184116728146071	0.0513779312787751	-0.210943130605927	-0.0671028128514687	0.0133734176340561	-0.0454740877601158	0.125911258231392	0.222239864131546	0.431640852444414	0.264926086631909	0.183875390110388	0.297025842876848	0.197648437741347	0.309776294909239	0.18218010423732	0.354905268275231	0.126204772835393	0.480935278116755	0.315009153413125	0.345883277398794	0.468303988510777	0.334102785526085	0.334652052094586	0.187217496883029	0.159933285230622	0.0459143443924066	0.449819607825823	0.232476241973563	0.201888086954213	0.277249990305083	0.31361694874052	0.159874137771396	0.190341499608991	0.200425885815857	-0.0107430347655748	0.115031294371654	-0.247766881029631	0.238347529737456	0.267920280450514	0.0588290420942798	0.247428286025143	-0.066849598171573	-0.135443787485076	0.050775371578581	-0.0327130185248151	0.131663040728298	0.11902381838514	0.0722770417459567	-0.193056617002881	0.00636377434055352	0.0110701785048221	-0.208622656042414	-0.00344809267677679	-0.0674314320198588	0.261513390033843	0.195785939664837	0.0494278005625509	0.12735657273609	0.211096314888696
0.677096689366007	0.427222750847942	0.464659765756952	0.430556148383555	0.508274542529927	0.436898989567616	0.167018681859208	0.00762906426824293	0.015552667674509	0.235788980081983	0.00310784367788769	0.079202790401857	-0.0102600059075237	1	0.404745259743763	0.387701172280865	-0.126620860634326	0.0133428667893126	0.121854416363963	0.313677015679425	0.0544049896707346	0.402406408051397	0.308478457863681	0.00411106356695996	0.317859360024662	0.413561649358521	0.349766814818115	0.0363892760944741	0.0755573127423476	0.374550388308852	0.345485854164594	0.467450566428062	0.381144854363853	0.405066610810066	0.274316886631415	0.290494432317525	0.0798294633462609	0.310512914649068	0.0969389751208297	0.0154870059781596	0.104053433480071	0.342513884984829	0.0767439791166468	0.264938412454912	0.439652877703563	0.350279355197995	0.490390112667982	0.291939554461293	0.441409241272661	0.211850528549652	0.65324030717363	0.513593867373213	0.307128913811086	0.426166392012454	0.373765672443776	0.144885687408636	0.289494882220032	0.357455562544122	0.288804308275321	0.171537082757401	0.351364463803878	0.119576255295447	0.234071654041853	0.0990363673784856	0.487436695734436	0.388279710928471	0.454180198738428	-0.0099738633934085	0.147685311513458	0.458941074893857	0.123364593624656	0.161320088199643	0.0733278035637158	0.332529300961562	0.156797643480058	0.450530876768081	0.391239646639753	0.117082337097186	0.147801113595359	0.372574606874777	0.324392169810452	0.450651819077285	0.302117262401744	0.470294904539952	0.450028792102879	0.384870108188972	0.00557951384065486	0.111724041268196	0.327852470396416	0.319250691627967	0.142807838833531	0.116561017155417	0.314750065467025	0.376253432999919	0.34833542090149	0.287044982309853	0.425779759647966	0.37820192444867	0.28853275684064	0.378033152370333
0.376660998003488	0.20581558214296	0.479432875619221	0.448779469915698	0.461872052183443	0.466545255194535	0.50553057064492	0.158071051006053	0.343622118730907	0.38863597505583	0.2463748571861	0.134478348017018	0.242505504102722	0.404745259743763	1	0.38474683915204	-0.0124420622048353	0.213440248086237	0.166828435887436	0.211085093875894	0.416602162528647	0.224444101293624	0.184518019695186	0.384213815503832	0.326856593694389	0.174458529107659	0.269922887757751	0.0476682214407394	0.180119508184759	-0.000549441793522599	0.246640418208081	0.152831903035406	0.143263806449528	0.151389943748645	0.368700224381179	0.427981015177277	0.164099110392138	0.0395381464683806	0.227574276734745	0.0657667319937899	-0.0163114118579899	0.00256630425818839	0.290493831373918	-0.00133297693302421	0.0374073794139688	-0.0198247306634454	0.123684064634295	0.285380827557322	0.265228677656545	0.430060259960373	0.530515607808729	0.379561618451017	0.417923015442041	0.47933404030943	0.633494914304953	0.423314325168357	0.431923050721274	0.354853209829453	0.50255067371531	0.420443760392503	0.501409555269229	0.354967936874868	0.366915320028386	0.40798835692672	0.284749397644139	0.468896450665357	0.397503873599237	0.366447051536259	0.437821839285933	0.299908989195653	0.363786713726931	0.429865592869823	0.310926966213136	0.3074345002618	0.137247212002782	0.107812890460904	0.078445975862418	-0.0984019550228764	0.0953090051802595	0.303033325644824	-0.00790563607491413	0.251936704002343	0.152797959060619	0.0470956489000751	0.187032486478114	0.0674243811679278	0.215944641245048	0.426984703177026	0.247477752601247	-0.00380483517824365	0.234358123975384	0.0460059781090422	-0.079546708455702	0.086765000441654	0.169734001873942	0.44316969209955	0.273577649599882	0.247272581121264	0.306573493055649	0.484344157258152
0.360302012581116	0.349587067462607	0.603676003692871	0.536077798367078	0.330972767722054	0.547032939260948	0.560868203828884	0.0308599492491854	0.23795203391469	0.232339474932055	0.146675331954694	0.20961121667673	-0.0965873011013396	0.387701172280865	0.38474683915204	1	0.0110687495021293	0.150670386369557	0.537492054487574	0.344422299435371	0.288390797385779	0.219102034592811	0.284904787679017	0.374321108860332	0.520319230165282	0.628231350100384	0.340228081249731	0.127392628800222	-0.128087185111909	0.198440429573601	0.613557396958332	0.558069170077332	0.325952459829388	0.529953367843218	0.770340743429871	0.731766361879716	0.32637540374765	0.479803350974525	0.431701849753814	0.306281087098243	0.0229697172654766	0.309803092229777	0.568476265937117	0.37518002920046	0.50593208893152	0.112497453177532	0.626596144928815	0.395798428087434	0.00701703388279437	0.38543779529502	0.333380362424468	0.494835771237006	0.319367869126018	0.539113468174288	0.370308304394022	0.545066334870747	0.358246961724511	0.130045681397226	0.225895964237825	0.330900941339684	0.375398185050196	0.175229538929094	0.295803971431614	0.13679684390113	0.290938132019505	0.439743836012032	0.79431835645144	0.112460793176635	0.487627376754469	0.492614817090373	0.289788328605523	0.393998324072178	0.423164246695118	0.548771019487944	0.307305362854033	0.609389587812922	0.438433097182767	0.189618108965545	0.129213152161301	0.316758106568607	0.425918582395057	0.522565860199613	0.266053409704377	0.495131456005289	0.51564359652678	0.553122385792933	0.441886298883225	0.586952609918191	0.473103448994646	0.396453475981877	0.406482365441724	0.299542247133896	0.463058883145375	0.333572771320008	0.428864917120802	0.437223063121129	0.229661915856662	0.334034811233221	0.344030816311015	0.374908347373384
-0.181870035045874	0.0210095031182189	-0.0444423356530613	0.116692855946022	-0.247592170564594	-0.0509556749440838	0.111360681833943	0.395265108986533	0.24332142921162	0.0471375284432325	-0.0475114183964208	0.056976960980201	0.260809345581849	-0.126620860634326	-0.0124420622048353	0.0110687495021293	1	0.555934192966013	0.213183398802209	0.16504535629683	0.378302250871878	-0.112108543628165	-0.0704916151933597	0.150779698275744	0.186643647781009	0.0357429915519517	-0.0876167005159765	-0.104082441162375	-0.0290756148026626	-0.0445466212130377	0.320177656582302	-0.0218740268402923	0.243361420734087	-0.155252783037033	0.0121448027809551	0.0708107935384664	0.132583628456389	-0.0362191211247028	0.00667888595291162	0.0122569196515057	-0.039313766049965	-0.0707048498317138	0.109586008323848	-0.139304308123577	0.0753574194634453	-0.15658565171465	-0.0627528889624063	-0.0407775683140244	-0.116953389170457	-0.0025594870551369	-0.0685054221274187	0.0476077843591093	0.0138888371647643	-0.0552968490358925	-0.0436472900886586	0.0517484274570588	0.0391673797680102	0.0810000804073977	0.159173246339996	0.245212660512719	0.00633692301503228	0.0708282116535275	0.0145534431163458	0.049230336645417	0.13132243577919	0.0154418539113606	-0.0535196158852943	0.203698571547316	0.220564107746365	0.116439838707527	-0.00200318909041001	-0.0695213364984642	0.0583410707054946	0.142034925563281	0.120171590823591	-0.123639450653271	-0.0702599180735255	-0.0060864723416809	0.0763827456455483	0.235361529658391	-0.0387418307453459	0.017301960213122	0.123142311211032	-0.00116656244014145	0.0351580030007063	-0.0651234353826518	0.152303157623325	0.0853356100797413	0.0489669619216088	0.0956147061503521	-0.0565713483590775	-0.0286258849388535	-0.108727168529538	-0.0759018859018224	-0.0299899779630659	0.0374197985953659	-0.126460927296948	0.0152991152576806	0.305976168143478	0.0462287563990375
-0.0657838114323073	0.0260084045596771	0.148881709787007	0.126300873450407	-0.0626136452215051	0.0830601845468554	0.249026557753634	0.550312010283996	0.447555365427775	0.0420331885986581	-0.0854802059326783	-0.0996817417050251	0.18257691295005	0.0133428667893126	0.213440248086237	0.150670386369557	0.555934192966014	1	0.350480224592046	0.34052842208031	0.42441452709207	-0.011097379521786	0.0226542005287171	0.228518171143022	0.35121769322697	-4.97746622150711e-05	-0.0268068442394067	-0.0584307943911748	0.0573037096120573	-0.105990380525091	0.504919322414375	-0.0663402377318548	0.183160259012597	-0.157745591499537	0.0721572971719166	0.171231053085129	-0.00813329029110884	-0.173827505387968	-0.0219107082809291	-0.0784205667511363	-0.0905841293421865	-0.143211511306556	0.0257767355917775	-0.27010468885769	0.115018047543717	-0.205771680479756	0.0212737546812891	-0.0227655152820182	-0.0617156818180768	0.308697172392323	0.126818777871664	0.179130755003622	0.13452902211588	0.0371816109711536	0.137993876988343	0.141435198095884	0.187608618110394	0.0484384206896526	0.226280025525161	0.405322822825056	0.0482679607027735	0.18954988924977	0.0997085139824936	0.186275075712807	0.141223262317282	0.27321553504324	0.177761989167473	0.302341341818484	0.416449550080925	0.252906991215228	-0.0361898097181133	0.143525110570288	0.106468136767333	0.19201630881326	0.137602950422981	-0.0440865926276743	0.0911842713698233	-0.0258308165473097	0.192887015590029	0.453118863139742	0.0438568043450762	0.189940856714218	0.0561255178404293	0.102880784903317	0.223837001649158	0.105740263133408	0.112770174765655	0.0701844386109749	0.179406227326101	0.0458110686536632	0.0427927860927465	-0.193187329536133	-0.0838300203619451	0.102493029655999	0.06386795937972	0.180078679406908	-0.0046753868691812	0.00673306054991565	0.29144933594193	0.197425595155458
0.181010487589915	0.294904688943834	0.496108142610597	0.260551524013952	0.198180251773927	0.374632023986077	0.41891536533793	0.293021587957334	0.460990526432761	0.210760523515486	-0.0328796336638281	0.172543163841917	0.0516629895401222	0.121854416363963	0.166828435887436	0.537492054487574	0.213183398802209	0.350480224592046	1	0.307611652842709	0.500920035953092	0.223010669027211	0.154786673768846	0.424444072485552	0.442568379694403	0.219594034576449	0.227970632269414	0.233366137562489	0.109522966936238	-0.020557978096185	0.459495444440468	0.165161838583919	0.215843129992423	0.18546033888393	0.392133943497278	0.591794700281131	0.378668498487439	0.116984611549017	0.358908362203681	0.208081391099368	0.0974640481294592	0.0715094134198961	0.466475963430802	0.106481023696394	0.231574382001128	-0.00804402378233358	0.2479910123116	0.240902099611702	-0.0598324006330802	0.384423749474182	0.256018495284091	0.411395395657403	0.273522827841159	0.35679512042318	0.264496307328846	0.363143273439148	0.130549403814267	0.128509490428939	0.356738203647374	0.475312721019682	0.336643378397398	0.195669255499545	0.116900093876987	0.093371274952301	0.335983705470393	0.327053864940119	0.441508421962368	0.241578848896748	0.600280511064408	0.379708409068868	0.171494779065381	0.255745695117617	0.319265930425419	0.426622578670757	0.270556835776244	0.263955733802348	0.298444452759546	0.25396114727225	0.364564701042376	0.389658807500907	0.171183846107431	0.191564224005971	0.267463253751364	0.271900027567846	0.241719086774463	0.44532230966785	0.326116798219681	0.396361564561508	0.182707171360274	0.281423539385091	0.310149437163496	0.227363841288055	0.199070873446937	0.201318392107961	0.0648457727527916	0.326309630463849	0.132258000707915	0.237724164693978	0.433814939199546	0.264377158588861
0.144130893535496	0.127726841914833	0.274227020793173	0.117430454537153	0.219610775661402	0.268119022419315	0.163663558423133	0.384701643094018	0.395202412179809	0.180303175703344	-0.00806115772950613	-0.0128317852370195	0.288065499375714	0.313677015679425	0.211085093875894	0.344422299435371	0.16504535629683	0.34052842208031	0.307611652842709	1	0.160869338488897	0.239927231112699	0.301381785486499	0.354284138402443	0.685629594914358	0.308558357196397	0.330742222638082	0.169713306793307	0.181925206729796	-0.113126730938519	0.396488058776961	0.298992313259565	0.48385998206108	0.172458287994431	0.244876625957228	0.483547665928545	0.274411612725047	0.304720197102788	0.264462136308336	0.0977677996162124	-0.0175286613243082	-0.0278949955612187	0.178807990152854	0.106475425105026	0.584524442253433	0.125164385839644	0.324742753603396	0.303084889054626	0.0988759760656436	0.40832752088669	0.321384679143188	0.340691875575099	0.339401929486603	0.176874995424002	0.280346312443394	0.184114131023401	0.376601428198701	0.185672004639241	0.364725024599424	0.428046939040088	0.243479886794375	0.218220958487254	0.225104975086465	0.118783158976629	0.354607604677725	0.506847544066507	0.325441101827328	0.225627207471209	0.417628771242173	0.685267407628833	0.194128578034982	0.321599436106784	0.20808912594412	0.561039433020513	0.281543206094723	0.365316814763786	0.421772300444757	-0.0408275431661492	0.28066826139941	0.408358374798075	0.333396651978956	0.495350901622305	0.0438604893837118	0.362725819037494	0.562114443857521	0.322022346095414	0.317908254433045	0.288233719848441	0.430010532691576	0.403108506270426	0.319572540720096	0.0788959510624604	0.164924291078675	0.252140709767141	0.226248026744846	0.442383176197242	0.236285975183775	0.224537747020967	0.0744626977591555	0.348834216501892
-0.033314803767759	-0.0291487011097369	0.267701436760871	0.286437517863751	0.203004249026757	0.307676760128519	0.526039728766381	0.337446166623684	0.566751444576826	0.396314696615056	0.182842945919755	0.391800580945078	0.419435339637627	0.0544049896707346	0.416602162528647	0.288390797385779	0.378302250871878	0.42441452709207	0.500920035953092	0.160869338488897	1	0.206066431181777	0.230131542086989	0.524326879853413	0.38063563169378	0.206193745659062	0.179979456514707	0.108660471134212	0.261853019886739	-0.328561426597617	0.225161070167545	0.116301105691371	0.243001059517989	-0.0303323032661798	0.390192769837104	0.385139716649827	0.304930962354427	-0.11531129526755	0.292068934445634	0.082479387903415	-0.170820535568295	-0.158965661346216	0.346747744784423	-0.224165852805344	-0.0603856973040822	-0.160857802842711	0.0883135061794814	0.22773962977531	0.118924025305302	0.52595559400781	0.276661131676486	0.275773265441963	0.368182908394972	0.332380272933438	0.438790636643672	0.384386792778016	0.307825168740936	0.210160413356634	0.552054881491666	0.475720237445456	0.499468838777911	0.535087293553721	0.454240404238091	0.353957477104116	0.178137222186163	0.331528280658215	0.299275371117594	0.556975232380511	0.523119527335871	0.266155143395846	0.344608757549605	0.49468756767128	0.412741333013276	0.263494292361681	0.393810676226358	0.111077814881026	0.189166039236466	-0.142819244341677	0.230216224020728	0.387195817012055	0.105913685514703	0.307036752405775	0.0131441144804486	-0.0372726129793811	0.129016066724868	0.201734287084136	0.218176732367654	0.396338317810287	0.286718817959297	-0.0654190187459377	0.203488527407099	0.0211551118148652	-0.128407718920039	0.0458106329030969	-0.035296617810759	0.330229232095696	0.123810388023577	0.167854281716016	0.353744969509911	0.452401292639379
0.362208803903467	0.211342896962345	0.249757370595528	0.270127119797861	0.404562129960703	0.449745068561373	0.232390508273994	0.0505273450548752	0.188306536536161	0.517848882662309	0.162205072660404	0.288723232659513	0.242223109722307	0.402406408051397	0.224444101293624	0.219102034592811	-0.112108543628165	-0.011097379521786	0.223010669027211	0.239927231112699	0.206066431181777	1	0.407939888539408	0.266125289094073	0.244030453044777	0.134003032991582	0.452794666548212	0.3061047407692	0.445368564958781	-0.0375764789608378	0.14178924238068	0.0889197194467585	0.241133379811617	0.140676451349593	0.106654245596463	0.287551765540553	0.123400902657695	0.0739695890840718	0.107292149134606	0.185530224726784	0.361854946997645	0.178850828894231	0.143564254452351	0.176717580328347	0.115789094111663	0.358685092308522	0.243666112463747	0.407072443534882	0.495200481558935	0.442777686499823	0.504991553208892	0.345038564329894	0.31698753371848	0.426421220448207	0.482721059976383	0.0865628317197289	0.244600862899731	0.20960085043627	0.291243298352251	0.232782389861313	0.48138746186482	0.379343276091249	0.28393492278809	0.0893361477837281	0.511391947441298	0.211574163872039	0.28207491493329	0.128640394145879	0.228184099657389	0.188029265645104	0.228208689010281	0.412782321300399	0.112339249391374	0.287226383629474	0.181282897270395	0.224232553186324	0.293020013655999	0.216578762506813	0.321001605640416	0.223734696683311	0.180506261699396	0.197028349084033	0.232452811003638	0.00645957649423776	0.118286228033878	0.337876960724766	0.0437828225787444	0.138050631936034	0.144695607329538	0.133856590312832	0.0395429939743756	0.2263265098157	0.113602820809625	0.352882525054783	0.184173668059768	0.287970001607853	0.439829352921135	0.362116038596157	0.267329721595003	0.350599849447721
