1	0.87314711511606	0.840347597253988	0.726076739694328	0.66245004728464	0.586331207859883	0.652168930407246	0.199941715927816	0.219087802697222	0.279453246406248	0.0796767403208348	0.361526581341329	0.43294800317878	0.505556392725481	0.0702340380525223	0.125468703184043	0.0102809727247199	-0.131860631014662	0.0590569751224457	0.194531166450384	0.315534803807044	0.322183650307921	0.0641626656674011	-0.00516046827369235	0.153858517935101	0.222400246276932	0.214714776678298	0.299251253986873	0.379527321478857	0.238065445869248	0.0980991946783622	-0.00970775506196161	0.209274820809387	0.333123976107107	0.551566089387131	0.242973360475208	-0.0881838347665929	-0.101362672193995	0.118203203431163	0.10479938524061	0.317982926865958	0.276168550499493	0.115621653284568	0.217452271993625	-0.204293875087509	0.142029692741787	0.184399440741295	0.267766702876557	0.379775524124952	-0.236994366851846	0.683946217712113	0.790216923956204	0.331531571080582	0.647822438634507	0.531662792224013	0.622190203287294	0.303954840046228	0.0413216197572616	0.025462498244989	0.176932127809469	0.442691862766215	0.214547499890583	0.329894694792845	0.405400876566219	0.384785708172762	0.285882354430889	-0.0126528907898302	0.0212056654358238	-0.0677680078309231	-0.0420573977800217	0.318382617576079	0.0492876027424664	0.0886759894780394	0.194961146018486	-0.0818700321455584	0.0566171277048872	0.0386796005959081	-0.0317553727808821	0.321302113645682	-0.229922097136377	0.169221133263317	0.103033510482102	0.0415853074118533	-0.0857509987037769	0.0237959490741439	0.0215173493966605	-0.117138222720205	-0.0123505763983873	0.175424170951202	-0.186096526735606	-0.104847036101667	-0.0466748156702854	0.254960491459597	-0.048502639231504	-0.0311641843955503	0.117867728008892	0.364507238072997	0.228797545479516	0.0976134846611859	0.253070759926658
0.87314711511606	1	0.815082885204643	0.832314484645467	0.69127051046665	0.654463365044522	0.667803479724796	0.28286210659697	0.331040456277197	0.413897793557043	0.0605627547715757	0.483670100842789	0.581636828982259	0.538177281665829	0.183505315649576	0.171675951704738	0.00802541164999393	-0.223690057972348	0.0857031037483827	0.248538573014305	0.336203326441073	0.460037588432692	0.226181810747995	0.0263545823834533	0.301577848919588	0.318093069379828	0.364876457451267	0.328474264224595	0.473564672659024	0.194237905609562	0.101897425563322	0.101898551790536	0.305588546515019	0.461648188178789	0.565297803011501	0.188393435343951	-0.0902737631434362	-0.0603863413050972	0.160370737384181	0.250583317718193	0.445939956736836	0.330644133116845	0.172807772568383	0.343933175570791	-0.177319274646538	0.315521146074374	0.334844043858759	0.318015314836317	0.515834301551026	-0.100809446888554	0.740495549850562	0.863576011396995	0.443065853835979	0.642036448166415	0.592942025956617	0.698661144163605	0.304598483931028	0.149741800173708	0.106022170957632	0.358923986015881	0.53160686299274	0.32456378977062	0.441711780268777	0.46513017739873	0.439004029271842	0.327652739635342	-0.0390008384517132	0.142411974336397	-0.0624584239904217	0.0863518681947045	0.471256568147155	0.193603920563055	0.201298965549175	0.345696262103493	-0.0696472827395173	0.126193589222365	0.154564971635806	-0.0453949040432114	0.388303358533379	-0.245764884825301	0.17873725980365	0.187077499039962	-0.0217137829700756	-0.177889168613133	0.016677432148617	-0.0553011781886908	-0.0815651993229449	0.00555133560614131	0.17977072658144	-0.206932486448674	-0.101968957657861	-0.00371456600519924	0.282826812284091	-0.0070647662475423	-0.00299365403320193	0.185027247591933	0.440278760513726	0.264815304789065	0.0452544177944241	0.343012319909086
0.840347597253988	0.815082885204643	1	0.750347313049204	0.781394707708722	0.778461094767504	0.781824179900888	0.261576551590444	0.342825220725917	0.329555602914632	0.125147411913681	0.442608109606279	0.539239246869413	0.448778842164022	0.0976990425524162	0.217842458715525	0.113923882818551	-0.135395965669963	0.0543711840498817	0.3215125142135	0.406900657642016	0.419289881483879	0.180739262364862	0.0940850090395083	0.315598863534746	0.378837503701728	0.404264703595413	0.407607073586018	0.476971368753259	0.201703859317916	0.160822869054736	0.120439670455169	0.335493512327426	0.506198002792838	0.667036271359199	0.230241861985269	0.00133612548129511	-0.037966432318208	0.204763371021925	0.320337413813986	0.457878823602981	0.281295948754131	0.187336428050402	0.417127567804444	-0.111203133168486	0.31134123830549	0.403395271735419	0.444993467262191	0.453222510334911	-0.160156595207853	0.768514453951778	0.827105547578077	0.452499197177827	0.78876724587239	0.677472899232956	0.716177672417101	0.383182879342119	0.146407974233975	0.124648826691745	0.323866616757763	0.582711390207305	0.341699631504266	0.47569257419559	0.486765186517551	0.33444275105087	0.367043197786534	0.0181747008608277	0.10330958070722	-0.0285752506475464	0.0724270038088878	0.486971285117145	0.215805733683167	0.287656444798432	0.374853065604284	0.069270318592837	0.213711645045587	0.21996306375846	0.00596638968790152	0.4232961055582	-0.206054967581241	0.203258544164504	0.251320875146469	0.0168008514137753	-0.082255462035061	0.118848001795884	0.0503248078462532	-0.0549063977368825	0.0717759371852353	0.233427960529878	-0.116240275349074	-0.0861853818290962	0.131204336238616	0.367200574227544	0.0860072811970103	0.122998623756856	0.235462537371291	0.403839905364896	0.335093466310654	0.142435481300015	0.328574495499555
0.726076739694328	0.832314484645467	0.750347313049204	1	0.667715980000209	0.690280534153269	0.747002498255812	0.392774120666254	0.444900269063592	0.447498382738477	0.0988662943733039	0.490993761926085	0.536372221343931	0.541464701072893	0.394041876598461	0.358993668112461	0.129233752825514	-0.0241003998325718	0.258039750081031	0.338849562726495	0.317088165011762	0.45151133197774	0.287964092953238	0.159550894681842	0.355673204128204	0.336383413788843	0.454810174157444	0.266804898252085	0.368804859598746	0.241756880576101	0.252740982309343	0.157675889988266	0.305408258851655	0.473034926236223	0.61760266907639	0.28647845380356	0.0552828518608235	0.168362900778107	0.198846054474403	0.303916494329064	0.366779076046719	0.277086760407591	0.316297135950471	0.386825881476392	0.0145496616221112	0.336423840565856	0.402911302043479	0.433923872650399	0.461109090055224	0.0736069505854847	0.73123702134718	0.821732919071542	0.553905853567734	0.643637379620419	0.629154987971063	0.763380054489533	0.279863652940034	0.267856422355763	0.237079767676698	0.359154665787431	0.511647846656598	0.279832993207763	0.447662882745259	0.356033373162578	0.50908319491732	0.346819708174336	0.178055128162837	0.28044884339417	0.097833346195936	0.229806030044194	0.481723914968132	0.33220408806716	0.324764813009871	0.416795129718972	0.150700393653504	0.316440212120457	0.382780382348746	0.0294255035175696	0.280204961283483	-0.000426951399577856	0.324533811038269	0.307020660166566	0.043881380189588	-0.00237992120936809	0.175460703338874	0.15903537467359	0.0622961301430456	0.177242195774528	0.261260807593961	-0.0403722098027344	0.0613541783314185	0.133459063996145	0.350499824793658	0.099680525140056	0.201841518033167	0.311249532896617	0.383788003794838	0.264736025359675	0.152784889785603	0.428878699365749
0.66245004728464	0.69127051046665	0.781394707708722	0.667715980000209	1	0.862443084515237	0.741025070764958	0.378134885078152	0.418736189625448	0.427222029270115	0.183588096924581	0.521229097847728	0.571118458249357	0.555006495491465	0.234241211291562	0.328659870714889	0.21948868651322	-0.0973105669925523	0.149237887532862	0.414115307840953	0.402505558579901	0.514965596608296	0.345248941520339	0.128069327932723	0.465257815308246	0.488598153073652	0.569759809555064	0.239180972175526	0.415932988799366	0.192957830266268	0.236360696152409	0.246274993881307	0.416406720447562	0.591003173067333	0.625539096918406	0.186503217893854	0.0593008804073922	0.186664297808992	0.235083336911871	0.299684729219375	0.375601972778764	0.221655168036903	0.218443693602473	0.450903586262997	0.0614101061973737	0.341623086236913	0.546080995427621	0.549780249170059	0.519623169443586	0.0169754123502002	0.740346180318729	0.735422856885525	0.485521850871459	0.792694627764792	0.750858394701101	0.625717176410546	0.348667697597052	0.285944002102569	0.241924537156575	0.390547411135418	0.621856815102472	0.329461282311414	0.512167660426337	0.420168257615702	0.425226481084073	0.432786526004905	0.131866647030704	0.246270516170275	0.0821304401485267	0.25634121267789	0.614341135779875	0.413084318796728	0.377217928660763	0.526126428065367	0.267917269068282	0.400860458616553	0.405225774954838	-0.0634175567770794	0.391200969659971	-0.0317651282046514	0.356412505746055	0.422344304800344	0.0495143609869097	-0.0280473958643117	0.242111786133058	0.140431409094308	0.0225428501848063	0.135633958323853	0.299545166756746	0.0266093113826516	0.00275214826796555	0.148945187559724	0.379060324301835	0.198463422123124	0.309534023209922	0.365183043394237	0.396148571223192	0.368070443889747	0.236001159790817	0.56213418986868
0.586331207859883	0.654463365044522	0.778461094767504	0.690280534153269	0.862443084515237	1	0.862482127880901	0.415345852902426	0.4154477279784	0.451620778158164	0.219867122927005	0.531661634156543	0.619032211716931	0.471460354293115	0.26569181442194	0.369119391808058	0.268130554940773	-0.0423398274871623	0.166965527437376	0.426587693983684	0.436233473307684	0.546567108779544	0.414561143515988	0.213080293429448	0.458194913697986	0.507295288349991	0.615610052245736	0.285766794995901	0.440127990882166	0.178514052178341	0.292422365138367	0.31356819939211	0.498759404516546	0.613449265193417	0.722435881993024	0.19702827575395	0.0987375977998215	0.180859621200733	0.243630448771704	0.34673070927526	0.424944942525294	0.286361891171177	0.332624205129727	0.529775786861813	0.0912082999725136	0.481777472032067	0.621502661845916	0.655325995611211	0.443383736163481	0.104665233116682	0.747445745334966	0.714663639563508	0.533607206453839	0.865662694008553	0.809104730106876	0.727165256234084	0.344105611728491	0.335435149753823	0.241404025549669	0.409096431763743	0.608419916830758	0.323991659944325	0.498516940069704	0.467149795779784	0.353843912608097	0.420598699069443	0.211107826912134	0.310571050919639	0.0702526313720951	0.298644794692365	0.597428082982896	0.417654450182897	0.43663834772941	0.572592994405947	0.31522945990957	0.446797750932739	0.515016520590677	-0.00280698892207863	0.35596242811725	0.0226302337950306	0.407434242890016	0.496408132280988	0.0758756197401847	0.0478750732766347	0.32190433282354	0.207313123794856	0.118220148721129	0.282124060703782	0.408424074557346	0.155523149585321	0.129362138383139	0.224393612259659	0.481743967228638	0.326858757412705	0.392920292027614	0.414339555609747	0.390296453873229	0.371834022955156	0.339253409541493	0.506850912273366
0.652168930407246	0.667803479724796	0.781824179900888	0.747002498255813	0.741025070764958	0.862482127880901	1	0.217534923670785	0.327710179625745	0.426942509322016	0.192136170443192	0.478343520476972	0.526580202997021	0.48334256480453	0.245053417473865	0.389198637256879	0.154832449113214	-0.0712117710241265	0.118937526559625	0.230436438970496	0.383694075591493	0.463728996076065	0.296225555636	0.172127205631135	0.280756809278133	0.368685097223019	0.489808129609318	0.301569831767288	0.411193856747426	0.180808926038808	0.255042341452015	0.17735502379074	0.415882261236986	0.502523139144659	0.815423394358132	0.196463603370033	0.109064058363185	0.0241849146335926	0.158140152007845	0.328262775134035	0.35645349347867	0.20091788537621	0.267035599560454	0.412821722765706	-0.102927343855507	0.340739645577501	0.440760189499645	0.611364887275199	0.434292873192853	0.038111983883654	0.731265086835279	0.72358804201371	0.549291736406297	0.834518819274397	0.758514823258468	0.833851167721864	0.226325323592191	0.170789119769888	0.160905005724507	0.26989489332914	0.527256091471918	0.300494510392024	0.474860760492886	0.434094896467442	0.308730464332614	0.344838041084079	0.157772700442356	0.219119341100575	0.0474033210131138	0.0931470130465517	0.534422378746895	0.33719661328583	0.361928296222129	0.387807863699379	0.175864940111493	0.392684568962483	0.389485643155259	-0.00493767488504761	0.254988254023224	-0.090442890089284	0.324529188594609	0.362265885386335	0.00858026760501743	-0.0506756986374334	0.171722172738045	0.153127466026229	0.0864089421133733	0.286379062799717	0.255536754037532	-0.0322033969524126	0.0533589325799186	0.178777482821226	0.374626141771984	0.158256022664876	0.283943419578529	0.35396979836781	0.307700051808736	0.214149253839776	0.194274789569698	0.352625241168519
0.199941715927816	0.28286210659697	0.261576551590444	0.392774120666254	0.378134885078152	0.415345852902426	0.217534923670785	1	0.627920723866546	0.461226306173981	0.0696882601844512	0.493269684361586	0.516408389899253	0.351661901891386	0.275616198875546	0.0605642774396935	0.273063940485109	0.180417095149555	0.224672038440606	0.8118372990209	0.253412669599277	0.436026039650138	0.447775909807041	0.238877471297492	0.649949057075696	0.292803383297556	0.451108554295441	0.192931897159559	0.328533683391481	0.142321521237544	0.135447948334558	0.385701686558515	0.471509545516796	0.267459832820767	0.21894167133248	0.0131259087220279	0.0537860311213221	0.319345945771267	0.239594990080708	0.173124690920072	0.436999530764222	0.294147904712506	0.290166905149822	0.419683281480876	0.427185071232932	0.362320091726058	0.465485623479711	0.360435277924267	0.392951633745806	0.242866566254201	0.420312129057156	0.391367639195613	0.322310418598751	0.354469140306767	0.49059727845024	0.301190295524197	0.44332420376096	0.669810559611089	0.606797885485613	0.578619847857961	0.458457420428428	0.108580453233748	0.314252389657884	0.299254804676485	0.485893654665182	0.444434743617982	0.283590340417628	0.459113341055343	0.186172152492456	0.577662897504287	0.407406811544442	0.323482833513793	0.403729838511844	0.576475120564767	0.23632089018889	0.27384676914959	0.381576750610462	0.0931489843684687	0.30819899074219	0.254500928144346	0.304040981506769	0.401013856402552	0.430557767437871	0.287382238945024	0.507419529908046	0.151134800799124	0.169964249120665	0.00454813178592119	0.408033494268157	0.429283331776788	0.189590855395351	0.120865311523878	0.439331530864636	0.364297178694869	0.32507527001931	0.289582060101843	0.474887201923395	0.40945013113103	0.369157250774997	0.50634319296888
0.219087802697222	0.331040456277197	0.342825220725917	0.444900269063592	0.418736189625448	0.4154477279784	0.327710179625745	0.627920723866546	1	0.51512973931585	0.210837180066847	0.682721088859585	0.527742366952851	0.336717038266466	0.301023199505498	0.258766613875422	0.205799782662927	0.0106625488157423	0.233911978670809	0.668281596948991	0.3726621245678	0.521093419256474	0.623886874721285	0.482889687429971	0.763305399821297	0.501013988909427	0.660017734390152	0.255155701585368	0.420991488657326	0.119789125266401	0.147954410765674	0.380361005702151	0.524730424111492	0.416723851255578	0.37375134264722	0.181407173648083	0.320581095064827	0.222998101626911	0.340009706034598	0.371987258877567	0.409355595777763	0.155785316356168	0.318323577955169	0.519744674113118	0.311153560087973	0.506821227017812	0.635305027999691	0.489520466021532	0.500267944746483	0.225440280118792	0.498890750559883	0.345072647425609	0.5271929848534	0.416499438766579	0.499479504027812	0.408531286159439	0.460139443521235	0.586357715037166	0.608560858440131	0.806201308274681	0.64694558412987	0.346618659410504	0.600784318433984	0.389375976991923	0.411308489259751	0.490710178468195	0.329744699527868	0.309828045542205	0.300704973407752	0.511032779169356	0.629153294567827	0.574174473308936	0.616617111936762	0.684914920088667	0.382461365355956	0.441932531787528	0.496499519600224	0.0845349146500769	0.321631008652378	0.137122858505186	0.299143178845642	0.443745174136611	0.102928282029297	0.171057416739212	0.504498420275479	0.216333131022052	0.324385783449049	0.283769129207231	0.365181262522197	0.277807426404398	0.335192898309929	0.270436987055559	0.399571491934096	0.312376851818948	0.388175429792955	0.49917473046722	0.388233855275147	0.279473551874075	0.273044626816502	0.499661085356146
0.279453246406248	0.413897793557043	0.329555602914632	0.447498382738477	0.427222029270116	0.451620778158164	0.426942509322016	0.461226306173981	0.51512973931585	1	0.434871482188694	0.757485875627996	0.627131988307619	0.396426673471077	0.333508920260512	0.0859321486138027	0.15485272337601	-0.128259765706864	-0.0775201466620296	0.511296626417654	0.583853254076176	0.666426515224228	0.63816113063502	0.327072413520362	0.534558520672103	0.467277563170962	0.631883167855299	0.287392986211987	0.588587457489364	0.206837275743642	0.0815377299213925	0.495702011939688	0.608527260639332	0.25480051878199	0.419403986264825	-0.077392702035064	0.0563220976973069	0.217089958765079	0.370325269387529	0.432449453683936	0.585995242555745	0.460123214259821	0.362541076613223	0.574580377246632	0.0536564428823229	0.54504811649609	0.587289581965065	0.532028752649846	0.593857171882281	0.262616027691344	0.618989965571133	0.46543772562415	0.612099122469866	0.530787491732393	0.603073069902378	0.56898540463753	0.397044296556508	0.413232706780242	0.343944929540812	0.605624728230261	0.71927643953661	0.514991239810135	0.629173541876867	0.589616549440091	0.42625970280093	0.615236916018323	0.117137986055953	0.225017484079894	-0.0800384866841937	0.322644784238159	0.590360332281059	0.585324228822225	0.524942860042702	0.609363070065534	0.235423844438755	0.449724446270895	0.491262072495111	0.0662817956995958	0.406626446794363	-0.0862223627865145	0.353079984558816	0.510308837597453	0.15518383820447	0.0239133692851994	0.25985186958525	0.0290409209098555	0.182171144139415	0.100878174443287	0.405471133143684	0.145179389685187	0.266472913183731	0.325304445391701	0.538067126069906	0.344137600807704	0.421307616834537	0.42147915820567	0.499645256271145	0.305678899269065	0.31979232258268	0.538108112782079
0.0796767403208348	0.0605627547715757	0.125147411913681	0.0988662943733039	0.183588096924581	0.219867122927005	0.192136170443192	0.0696882601844512	0.210837180066847	0.434871482188694	1	0.412808357778276	0.137350662668049	0.0942856343874655	0.231377737397369	0.0736369733686854	-0.0889963575324774	-0.112622159527298	0.016144892415739	0.187129750970307	0.116768935065471	0.388383201426806	0.240312078881623	0.0669295190076703	0.263779499821547	0.131652280384678	0.240329752376819	0.129017795761133	0.196415321835373	0.0678718447279156	0.0170201974161657	0.179725171527167	0.24289062471863	-0.0787393810690357	0.194682704771175	-0.0191142853535372	0.0395839367656591	0.122700633132772	0.193503277682628	0.0435239671700298	0.166198161391014	-0.0330073327504115	0.103244989991501	0.0314936459614478	-0.0185901725520542	0.172359358294521	0.194351158372806	0.309983567540627	0.179177021358543	0.0466954175467768	0.240401163710052	0.0670081290160029	0.296458292717116	0.257653332845719	0.27720775260356	0.218723521477315	0.155664081173717	0.276959308755943	0.32791985908415	0.245899272254346	0.349471449424018	0.39893531256143	0.435351880738163	0.291778371504242	0.0589444402642045	0.177479818425813	0.184839135178748	0.171013173188838	0.111798632519062	0.0830194475766177	0.292175438861729	0.324599313916153	0.294064344011408	0.321347389055958	0.0765893525741512	0.105533281948266	0.181434420189769	0.116370587158905	0.0916228137786124	0.0672547165379048	0.106962364537695	0.185700644552999	-0.085594865557166	0.0911725675773583	0.0254114538362007	-0.00670053189923785	0.188691505684852	0.137659899670663	0.138485343423146	0.174107509259374	0.258282726407336	0.0270898962783411	0.0211455671319893	0.0527063777358116	0.176155302122875	0.407897360760921	0.262934845739341	-0.0275627636606947	-0.0341989236791818	0.0577620211249123
0.361526581341329	0.483670100842789	0.442608109606279	0.490993761926085	0.521229097847728	0.531661634156543	0.478343520476972	0.493269684361586	0.682721088859585	0.757485875627996	0.412808357778276	1	0.704285047439203	0.347414256251013	0.185118637802894	0.0948764302885862	0.192423564397337	-0.161452737267988	-0.040528937823802	0.53929189521924	0.537294984628567	0.730117187995941	0.701659517893988	0.289595545511361	0.725236660707718	0.538172044124961	0.69906589669295	0.213430943877514	0.657822660012147	0.184894221212014	0.00711187641033445	0.495183395891203	0.724080667479238	0.319530138140005	0.427684659482492	-0.0273043972617984	0.0359006719239807	0.15050247529398	0.321243135675036	0.364814338665887	0.576026906921126	0.309669867221871	0.26637670005965	0.569196476654371	0.0696520309758139	0.514714890395324	0.641725965550445	0.567806982032586	0.636529512057184	0.197122018492517	0.621430584097857	0.485899468821898	0.565002986855507	0.579739392991341	0.654910503705292	0.600726098503537	0.478469037290077	0.52234155435153	0.486452863963516	0.700980383507479	0.840482599917634	0.632833311508195	0.80070483390387	0.620770492845092	0.366831939723335	0.668883679247076	0.203549010215255	0.298524704418976	0.0957410862473739	0.415008063458799	0.782871337618332	0.688369865113066	0.56767425048099	0.71340010222609	0.310052603162668	0.430846306655852	0.49551464783001	-0.0202592554224274	0.453953590855558	-0.0350078873712529	0.386729659939653	0.582783293043267	0.0761527642747893	0.101089779642728	0.328506013380311	0.0859111446865691	0.149983493373428	0.182189043153463	0.477298663115372	0.192660621931166	0.258480762764937	0.240054245829053	0.448720796014575	0.306496774376799	0.449784404983032	0.501859977872076	0.483503428016127	0.361255883060312	0.216920539964245	0.612800753406003
0.43294800317878	0.581636828982259	0.539239246869413	0.536372221343931	0.571118458249357	0.619032211716931	0.526580202997021	0.516408389899253	0.527742366952851	0.627131988307619	0.137350662668049	0.704285047439203	1	0.399193075332511	0.234613644352536	0.0608074194624513	0.263174943909394	-0.081276219467246	-0.0750612304280195	0.552566248329929	0.545606714729598	0.616687136104469	0.595856898575704	0.246988492841887	0.642708543205005	0.593086344475951	0.643909719038422	0.390241769824051	0.697841071764539	0.142066099991948	0.0583294036006459	0.416608473144824	0.731604542816877	0.522008878319442	0.488819409575618	-0.0273770629601555	0.013475267036946	0.10357276511526	0.311579399554035	0.463321212863018	0.633285904484294	0.361475469550637	0.327883305796433	0.653598924494881	0.121511742417352	0.561956154268609	0.685373589310575	0.565252986530556	0.548500549838387	0.201406693125127	0.699544750629097	0.658537706261034	0.512157587038468	0.643834318694369	0.682686953373932	0.573166471584983	0.479304435167672	0.344501146048085	0.249421557879288	0.602736077103531	0.705118492857587	0.441753839683744	0.585686199122565	0.656432081006933	0.511834031317915	0.587343402185691	0.044228381027878	0.3208268162423	-0.14783787594174	0.367343977819398	0.675343126710553	0.525599964768153	0.469043862542194	0.668396033010434	0.270080518686158	0.466789449706355	0.466947709473176	0.139058417488683	0.573686232478741	-0.0765313489116725	0.367885954377068	0.521457045186961	0.259397958316778	0.105264765375988	0.383166512027274	0.0905750484426881	0.0729137914975171	0.10949965773465	0.493027669320532	0.191382207562069	0.172201366906058	0.386052660746234	0.580749432473511	0.432933612290931	0.358977847705126	0.385000022182779	0.533485216307866	0.491666317794911	0.349048749742383	0.625706568556901
0.505556392725481	0.538177281665829	0.448778842164022	0.541464701072893	0.555006495491465	0.471460354293115	0.48334256480453	0.351661901891386	0.336717038266466	0.396426673471077	0.0942856343874655	0.347414256251013	0.399193075332511	1	0.430905916420736	0.360214573914628	0.163599765932063	0.131847880624161	0.320355367969644	0.266242771618133	0.284205608269196	0.196076323868195	0.232206285885364	0.172449109893721	0.308449728999979	0.248353684695763	0.332696502665738	0.303994616468305	0.193706351862081	0.525450355772654	0.355532393927169	0.138222182894773	0.24189572653397	0.317021624052662	0.44809472199057	0.354234137659026	0.196390845987643	0.209474065101276	0.313513266318811	0.246844808295959	0.2384222633319	0.308532494289498	0.341198880529096	0.284917472871395	0.167100431162322	0.12025813095521	0.285761346095164	0.41402689336314	0.39002950239215	0.242596411498975	0.531258997592555	0.570532561756896	0.480837163899959	0.413814780879758	0.511614084944484	0.431431398921158	0.240268779189565	0.159395519725996	0.14320953585191	0.185431836631462	0.362196468858482	0.137131478905307	0.342763214224203	0.329136588817571	0.68870525018617	0.32513666501479	0.304267568990634	0.220319818247611	0.191273203271675	0.225903785113009	0.345176092294611	0.214100809828364	0.160588146560453	0.255554840204201	0.154190414522887	0.237265918513884	0.262389578296821	0.198818565888363	0.212157967422278	0.0760535145511228	0.375962778258381	0.262811354466715	0.30505895684258	0.146525462880743	0.198741768875795	0.20398710863586	0.148939475315064	0.103140652931767	0.270917543088863	0.0669648051092597	0.147368585435193	0.202879724871694	0.248277427363015	0.235192189689013	0.203290619673706	0.395756243630623	0.418803906276806	0.332057240364593	0.263626261474702	0.464948814430301
0.0702340380525223	0.183505315649576	0.0976990425524162	0.394041876598461	0.234241211291562	0.26569181442194	0.245053417473865	0.275616198875546	0.301023199505498	0.333508920260512	0.231377737397369	0.185118637802894	0.234613644352536	0.430905916420736	1	0.474640339049654	0.285408064465257	0.387040674170673	0.519778136206411	0.205910707977192	0.115089762287979	0.211839858960054	0.337801537504203	0.243407793862192	0.266317817010799	0.111677166155576	0.376255052052158	0.0159544916685852	-0.041835881770259	0.190866692279308	0.48203709604492	0.269881659055756	0.192458273600925	0.15728253396805	0.163704220181271	0.253949821957346	0.218501038804037	0.43547937487528	0.192815721983753	0.0590065017528384	-0.0155263991049511	0.0102562799574742	0.482001751392728	0.136406452378059	0.367069775240133	0.250772222156993	0.264177798896752	0.230361160278833	0.121642340994113	0.533039413092736	0.297934137550922	0.230223759594549	0.525518553309481	0.193059232458847	0.30975891808972	0.257273413026547	0.126822042476665	0.300296151899898	0.250400608477237	0.199516677354378	0.194945157415079	0.127295174709672	0.261972807380163	0.180364560096704	0.504952018483206	0.143611237475049	0.523517014005142	0.465813570652821	0.374019165829947	0.236480452349787	0.300537814346381	0.353415577789349	0.336603989817505	0.354887098996406	0.332121706529507	0.329013709195156	0.38087193409994	0.132012809366326	0.0720086817585601	0.400860897895528	0.311343214858959	0.278454024492897	0.295779622788306	0.257728534385595	0.296931967710067	0.329638738259866	0.29410689022115	0.277593202224711	0.265391625437172	0.261343262236054	0.313516733774438	0.13005447688517	0.0881433372537257	0.247808678418295	0.268720541552993	0.449722288266128	0.22816949378133	0.206045382654091	0.325896202307041	0.363009514212288
0.125468703184043	0.171675951704738	0.217842458715525	0.358993668112461	0.328659870714889	0.369119391808058	0.389198637256879	0.0605642774396935	0.258766613875422	0.0859321486138027	0.0736369733686854	0.0948764302885862	0.0608074194624513	0.360214573914628	0.474640339049654	1	0.436300701874542	0.567317096172622	0.727873664257409	-0.0846659587411997	-0.0584847064740757	-0.0712677254068486	0.0964304778748916	0.413491223347834	0.0153608007081041	0.141839039188241	0.289738540839036	-0.0984217648622219	-0.339137240854194	0.143194274787467	0.800361843244701	0.0264954779367011	-0.0400301886521838	0.526261150312931	0.477033057085287	0.623421708907339	0.756350747487765	0.387851929703413	0.0413199551169018	0.0401686273493137	-0.315327375792083	-0.319447378136963	0.29389163533588	0.00994828669033724	0.330560443754276	0.0796276810616443	0.199284331524128	0.209349485204421	0.0221654749292346	0.312812558970232	0.157571407853294	0.226183779408575	0.405074010725434	0.165085796027838	0.276485520146242	0.272439852023649	-0.145993515204204	0.0645003818209997	0.153919766678351	-0.0437423542972862	0.0579577177336881	-0.142603298058439	0.149612457052732	-0.0825923125292682	0.382891653103029	-0.06919952818924	0.693440159744067	0.374863058310752	0.624342704011743	0.0581608393175031	0.255449037014358	0.288480920157278	0.402370871661586	0.192353037501281	0.55950199550342	0.484565066986384	0.493443894298913	0.000993699817952531	-0.229660076590501	0.545662636860836	0.453530635429795	0.18763931355577	0.0876977857504504	0.247636033412722	0.236629000896266	0.623827888410759	0.652479265356454	0.79136444435459	0.13762083337849	0.192945187544123	0.284473146943892	0.142727198747962	-0.0670038660331134	0.0648516278660253	0.159545282478408	0.507237645564758	0.0724334616953633	-0.0153012982715448	0.181397291617144	0.308392009944251
0.0102809727247199	0.00802541164999393	0.113923882818551	0.129233752825514	0.21948868651322	0.268130554940773	0.154832449113214	0.273063940485109	0.205799782662927	0.15485272337601	-0.0889963575324774	0.192423564397337	0.263174943909394	0.163599765932063	0.285408064465257	0.436300701874542	1	0.685836284672871	0.428984447413186	0.191226419672109	0.261946026743582	-0.00503231644226018	0.260305602812907	0.412512919486435	0.147647898981971	0.212289117286626	0.314146339271794	-0.157333816915801	-0.0854342794536754	0.172736297304554	0.636276810965553	0.371905265142348	0.307230928312017	0.326879769867406	0.157735185335501	0.355649446946583	0.428456044877151	0.4518077525885	0.0861565401588842	0.0167286412335487	-0.0587587638861624	-0.0239151399453477	0.339819072864902	0.196976105887647	0.574130503576196	0.247806949633931	0.389251545757267	0.147421041611609	0.0952273073751991	0.357001599482046	0.0676806628230675	0.089584721770015	0.220761519780292	0.103339354700457	0.146574318217794	0.00306066925899939	0.138319639996314	0.259677377147852	0.164404931924962	0.0136739882021947	0.196689220010041	-0.0514446530877141	0.0619022299638775	0.0726958212114859	0.394537320514568	0.282987891491182	0.575693543033673	0.459187647644493	0.398894944272794	0.147296388445582	0.263206001959939	0.319645012744386	0.309209500539481	0.255361902416037	0.720241614589391	0.487617853476058	0.45350519156643	0.0196530748158758	0.0435227481999685	0.608389157871601	0.569763959978085	0.446231019094169	0.486121671636396	0.623080238572798	0.602768929488724	0.612389132086052	0.407097733921878	0.465642497780065	0.462623041330904	0.467539465400695	0.328862043202903	0.233591034061601	0.252735298814466	0.452571320447767	0.380844005310725	0.345474277494862	0.0350112293745441	0.366276321328717	0.477935076356823	0.485401264743763
-0.131860631014662	-0.223690057972348	-0.135395965669963	-0.0241003998325718	-0.0973105669925523	-0.0423398274871623	-0.0712117710241265	0.180417095149555	0.0106625488157423	-0.128259765706864	-0.112622159527298	-0.161452737267988	-0.081276219467246	0.131847880624161	0.387040674170673	0.567317096172622	0.685836284672871	1	0.674608766871407	-0.0040014148682076	-0.112191455839973	-0.354514734758123	-0.0410588696810427	0.298083090350097	-0.105227471406952	-0.0946293222775588	-0.00444637226038409	-0.284940828685213	-0.53002886216482	0.098197161175361	0.739927248195326	0.0781956141024995	-0.0857356149235743	0.150484712040981	0.00126172828999793	0.464744571836853	0.552886710053333	0.483094719170966	-0.0361343327754649	-0.235687252913867	-0.446553171346971	-0.29697047433072	0.248301587899619	-0.143356520881948	0.567704892272868	-0.0509523776680481	0.0232364742209175	-0.10465710510044	-0.236363560682654	0.337276154032979	-0.208478924939627	-0.12096354018018	0.0840965460907427	-0.232346918128868	-0.13205195028524	-0.22875440379307	-0.0410725579639357	0.116356624484235	0.151131401655694	-0.28625846264542	-0.220523578402676	-0.358077744169392	-0.226037679850486	-0.209439779475272	0.383474487067506	-0.127941746038127	0.745523025140986	0.447640930084324	0.596455143177556	0.0859089054723655	-0.0768176266616887	0.0188939525004911	0.137629716090773	-0.0129460470998236	0.542644824818239	0.296885963964871	0.333459599665308	0.0224776883344549	-0.289153345123433	0.750155478166849	0.422592903728656	0.121182765918063	0.381851046669547	0.580570852728086	0.430177799100288	0.692727858432762	0.518637306770883	0.528857472944119	0.246510964138416	0.426111732003454	0.325744771695313	0.070327304428611	-0.0661062147071493	0.20906548817807	0.141617829805311	0.296459317683537	-0.119813016451499	0.146726030863457	0.328968089963673	0.222317125468814
0.0590569751224457	0.0857031037483827	0.0543711840498817	0.258039750081031	0.149237887532862	0.166965527437376	0.118937526559625	0.224672038440606	0.233911978670809	-0.0775201466620296	0.016144892415739	-0.040528937823802	-0.0750612304280195	0.320355367969644	0.519778136206411	0.727873664257409	0.428984447413186	0.674608766871407	1	-0.0222746123521744	-0.226977614346532	-0.24001702201985	-0.0757332540776177	0.268021182440721	0.0201758448749189	-0.0544628664004935	0.0451610270087871	-0.187058194170423	-0.510050751416387	0.043016274570655	0.674432493802469	-0.0079844440712575	-0.176799466951485	0.216004970080028	0.142772805333613	0.641054006890439	0.516072750065094	0.437123082004527	-0.0168119920520407	-0.245530996033727	-0.415380504312923	-0.37469192480379	0.283357478646772	-0.210751594352242	0.472579658759233	-0.057107094648542	0.0279998486358024	0.0139877499276636	-0.103131198810232	0.32416759480989	-0.067338019606688	0.0402698069325622	0.188269850538557	-0.0841451460206323	0.0197855987227801	-0.0319899441658954	-0.207167725896375	0.132441724408021	0.298628322865523	-0.117588577026069	-0.12473659164193	-0.348602596367975	-0.00679678398632026	-0.253130259725731	0.419823894645507	-0.143546162891547	0.749125922828056	0.493400955672129	0.801700054441564	0.164270126772154	0.103968022991517	0.0916212144125972	0.158665718107042	0.0610461228062326	0.431616105464933	0.190955184975555	0.303774107005331	-0.0155095560844813	-0.351270745546676	0.666451697444639	0.334982714348198	0.0719157361755003	0.162287497969513	0.331908088122461	0.25795464854001	0.547644825620442	0.497008693441619	0.511909643806575	0.107153551641036	0.232761165946838	0.210416007362475	-0.105683682643619	-0.225130051178705	0.0507597118473354	0.0693037530379303	0.326430766126653	-0.035460289935658	-0.0150034072141904	0.130785388988898	0.230082789580155
0.194531166450384	0.248538573014305	0.3215125142135	0.338849562726495	0.414115307840953	0.426587693983684	0.230436438970496	0.8118372990209	0.668281596948991	0.511296626417654	0.187129750970307	0.53929189521924	0.552566248329929	0.266242771618133	0.205910707977192	-0.0846659587411997	0.191226419672109	-0.0040014148682076	-0.0222746123521744	1	0.37777954307862	0.570784746415289	0.534177616275746	0.240507173597378	0.736816781104142	0.405653375520421	0.54036417790989	0.27618768511625	0.480609255206943	0.15019428579404	-0.0124954088061338	0.430044879747718	0.586100858471116	0.267602416442966	0.229637234169983	-0.0786557252849293	-0.0107305700873824	0.286338365701239	0.306953462397207	0.311556317152521	0.510195751562132	0.380923656759229	0.242955315167962	0.51799395730738	0.377727241623526	0.464841749900385	0.544034163676697	0.416129721632255	0.397569401110415	0.119107203548455	0.48428919502236	0.373156268210742	0.373552600974461	0.445063620526433	0.506990244985868	0.29738491260103	0.545160617011133	0.7051996659717	0.617068309180312	0.720973772788681	0.564245734727861	0.357280606393381	0.42348171246648	0.394304933705512	0.43255870770442	0.526304063908707	0.0978556674322941	0.281293572156377	0.0116780855849942	0.604268983708884	0.416433552761129	0.379245750188237	0.4077180328962	0.659823563827393	0.160268247793242	0.354652553985109	0.381691327981586	0.109117948689125	0.389231296620895	0.0374768796147217	0.221713566092784	0.438928120762971	0.270425236358335	0.146659464011279	0.441784798470849	0.0515886328915113	0.0556071138606724	-0.0907287649997138	0.389571304048984	0.373053589941901	0.143712910849582	0.236863232127829	0.484726914904592	0.377360986934871	0.370008026537627	0.252798997249387	0.479470445729725	0.383496061912015	0.307452799422508	0.421793896729229
0.315534803807044	0.336203326441073	0.406900657642016	0.317088165011762	0.402505558579901	0.436233473307684	0.383694075591493	0.253412669599277	0.3726621245678	0.583853254076176	0.116768935065471	0.537294984628567	0.545606714729598	0.284205608269196	0.115089762287979	-0.0584847064740757	0.261946026743582	-0.112191455839973	-0.226977614346532	0.37777954307862	1	0.484370390050397	0.475778553237514	0.458090519421751	0.398268226516768	0.643263219944256	0.545296811659306	0.32586025696948	0.559153022244065	0.398129257735801	0.126672419991353	0.627534917608692	0.576430227077632	0.266472562803444	0.501240032764719	0.0745170378541832	0.0161585095354301	0.0852296852331453	0.600714267084447	0.484052958405758	0.558911079660313	0.537955052652506	0.6156323530306	0.708817048741396	0.0278463803818138	0.401484726280981	0.552491592030444	0.55704059258594	0.453140628850912	0.221748223739731	0.482227771595733	0.333051173334808	0.406518756349258	0.487023080821337	0.414757486035927	0.442793281822184	0.549083782569189	0.351142350780089	0.119048628951597	0.439103566249627	0.600059853621436	0.443905288981239	0.4452962274898	0.660062700381533	0.345071930627869	0.607783805809393	-0.0384404339947537	0.0167036703614987	-0.198764390820575	0.127874986373386	0.438186569592551	0.32245973227998	0.363691831413598	0.495738527871065	0.212213304455643	0.368896368137553	0.289258408128062	0.0669466785173687	0.38274295318571	-0.239440677348576	0.194425806369165	0.457919238250165	0.174259071264396	0.146149778769609	0.292612513110038	-0.0228517350029729	-0.0374259339473998	0.00857339580896412	0.514190623489965	0.0832502608136138	0.340255117671001	0.416074890023567	0.635453341942662	0.316758126295703	0.35293321741159	0.29021217419155	0.25577230211903	0.447873291550383	0.497909685102916	0.437592911323836
0.32218365030792	0.460037588432692	0.419289881483879	0.45151133197774	0.514965596608296	0.546567108779544	0.463728996076065	0.436026039650137	0.521093419256474	0.666426515224229	0.388383201426806	0.73011718799594	0.616687136104469	0.196076323868195	0.211839858960054	-0.0712677254068486	-0.00503231644226018	-0.354514734758123	-0.24001702201985	0.570784746415289	0.484370390050397	1	0.691377002357498	0.151544340194312	0.691761159243729	0.449622944906696	0.652138470882843	0.354671022595543	0.695860277190798	0.0687193490342147	-0.113231082465816	0.443793649698412	0.700540414252852	0.262536033677825	0.331054284070065	-0.245508291748128	-0.174866949079479	0.1133587875938	0.285741503306245	0.402338033281474	0.628187506502076	0.445000773329848	0.232308219154213	0.529015860930936	-0.00323277706626412	0.648630809589293	0.636687199470912	0.521133226763047	0.549075132306313	0.129948311592368	0.603932126493646	0.493256559569518	0.484655583700579	0.643442741815633	0.628875035404804	0.605366426364452	0.485016062256601	0.483547950081165	0.376614152163624	0.71999275497735	0.729332109540084	0.609574454038128	0.663569991745776	0.499951455394468	0.23728293631181	0.548320025139211	-0.0712056534701685	0.140468419668785	-0.157289065855144	0.325165964222048	0.612737519943509	0.529563334123482	0.539444540467982	0.725608715504902	0.0515573697429313	0.282352909875125	0.338632344006185	0.0786403128834839	0.481727529882115	-0.217822343743559	0.131393792574139	0.438019215981703	-0.00628737580500298	-0.0836207244565203	0.181607132564573	-0.121843856243054	-0.0493734182479065	-0.0795038373716201	0.322696007132601	0.113938296441732	0.0928086584123339	0.231615232645031	0.462154335491115	0.269080767727368	0.356250212487565	0.285856729966928	0.43736263242095	0.29962690657069	0.174443285088678	0.434817179104914
