1	0.570098464775518	0.570335549009437	0.367127751209613	0.654313525559157	0.286043151013749	0.292226412351354	0.194859571098078	0.0393667967225797	0.06364113378369	-0.0788141906189166	-0.0540174269827635	0.0660266340547956	0.496719605033546	0.367652518593581	0.300014900691286	0.0396814882549249	0.00808147015097361	0.0270076598322616	0.119411247945635	0.138902420618404	0.107589535769134	0.0873149881101173	0.038082360700218	0.18865570573655	0.351507160532755	0.134274602354754	0.398134488217805	-0.0514272090046596	0.41103825591833	0.197286772505102	0.271508983385221	0.0641420103333798	0.244193856935771	0.0900091739134884	0.0405199078785795	-0.0652409601670781	0.00303928922812044	0.0433099361332717	0.276938377696272	0.28852271467617	0.116520878496366	0.200800274216128	0.333772812858782	0.394166188816091	0.148178629145638	0.252797322656525	0.15003707967933	0.2959187738301	0.0699592278203625	0.592827391927696	0.639468216010668	0.369211663424202	0.37539337502574	0.42619863641974	0.377601372570345	0.0474491805980004	0.211641306084907	0.167777077232185	0.0778314875398238	0.123303643307159	-0.00423158713556235	-0.108468444795642	0.0855997192506403	0.485003926651308	0.384976892583989	0.247166776914584	0.0737666862768022	0.00727775536836917	0.173915215426408	0.220363748218411	0.202691612941972	-0.095685731652953	0.0398140540895619	0.0963753312658489	0.309432563972352	0.23595094898635	0.527206242356674	0.0311359654173287	0.171928756390211	0.289821433744763	0.225971582069844	0.334934330754839	0.134277012239212	0.332715763201771	0.306688859046667	-0.0180747565988005	0.119486370945652	0.257213088858273	0.309330901883532	0.164983715303314	0.226997949261022	0.281949916755602	0.370552994809636	0.269176766287479	0.315011314072216	0.374186380282911	0.212888215676679	0.306307243313257	0.306603239430793
0.570098464775517	1	0.690994510100678	0.610316150490672	0.409116027688821	0.55435388038237	0.499618526629131	0.0219396553384848	-0.000388791565960733	0.412794452538187	0.010868950348778	0.173569093559149	0.103120942268807	0.352576510261296	0.368645490388867	0.130326663398124	0.0105659986129245	-0.0102658234369365	-0.0597295907363357	0.018529532906281	0.0138898410238181	0.12054837457505	-0.110043096022701	0.0197070462159309	-0.0160997916181386	0.169823412921854	0.0527147264928616	0.320189776322128	0.0741952707147111	0.360789545807047	0.0787213438960492	0.168370974627103	-0.0534607259593625	0.134806613949905	0.123391578733343	0.034369877518361	0.0684659659531283	-0.0483163048839067	0.152232051701301	0.1803768184922	0.144754259007847	0.280979144492034	0.293668919491055	0.104995232486438	0.193686780505624	0.0749260933738452	0.232049289913048	0.311700854734105	0.495664817114666	0.290528683949419	0.305518644675781	0.652651370606506	0.308202131758709	0.552709242826766	0.440981662364483	0.434452582257482	0.222661203737385	0.225368158563218	0.12487465261638	0.0316472659884938	0.296069105085562	0.0770983993015072	0.0546412550953867	0.196644153266841	0.184072657591708	0.242716511451566	0.0857791623855318	0.078665228485066	0.00569934702635852	-0.015721235892016	0.199117461195485	0.140553230924969	0.161449530466853	-0.0525295784104576	0.187248964401477	0.301100022521902	0.0706138809688832	0.173715934922914	0.0261165062087041	0.0325692094448187	0.105397433703876	0.337993659255255	0.17873450459198	-0.0206849979631087	0.244222035431557	0.231476166250262	0.307463155823648	0.0941381012757779	0.244324434418831	0.0148933975283484	-0.0622029746145442	0.0836400539395051	-0.0118414297545772	0.193125617996945	0.267083199504554	0.356936237408069	0.389172557543829	0.114393843737957	0.100987530307178	0.176573513253401
0.570335549009437	0.690994510100678	1	0.684206253226004	0.56601573466094	0.66084544140003	0.548126923654425	0.067916043660098	0.049020745743512	0.367212482754369	-0.02314612485808	0.197670261141985	0.22751205067246	0.363158193448073	0.502550891242053	0.148995012195601	-0.00213931801174194	-0.0730259046758424	0.0606922776382647	0.112524399772922	0.045673841515704	0.0767550966910654	-0.0405829024484347	0.082195724000686	0.0215987047318086	0.0767142737657235	-0.0516246939127451	0.23585881059756	0.0751770139375067	0.323050749183807	-0.0845770839336989	0.086405205835339	0.153668675216434	0.0651918939539903	0.0447204074406126	0.0118932002715008	0.102736187652237	-0.023752176992923	0.148377983722777	-0.0953747181647154	0.122579590017427	0.273099435796412	0.188797701562912	0.028255601305224	0.223532865004464	-0.0333308479735443	0.262655648160275	0.296934504613785	0.478860679694048	0.267999114803698	0.360600191646543	0.685642629964186	0.303367315243619	0.694278850344407	0.477927424144397	0.484823431008309	0.253949254205668	0.315079875086069	0.303128372722267	0.151724421806868	0.309122237917931	0.048329911806411	0.212902732444207	0.336621483544643	0.216221834057069	0.300916990248947	-0.0250897575346319	0.1479474313311	0.104613985246167	-0.00317606002278888	0.297991175215902	0.181867669222538	0.115693140601047	-0.0816040072185234	0.153743509434965	0.0742058037249225	-0.0893975729839129	0.0999203864330995	0.0289822242158046	-0.0136229447309605	0.0641414351757342	0.187559277500606	0.0366611591849335	-0.0957806796120006	0.0357374837560357	0.0835687060745292	0.218213729308036	0.0903525867045745	0.217979450924008	-0.102027666612147	-0.0287553992172649	-0.224435766031109	-0.138911639804231	0.101156415076178	0.247386725745526	0.39194045169084	0.296757373295692	0.00565265101563888	-0.0283813112673467	0.351211843878872
0.367127751209613	0.610316150490672	0.684206253226004	1	0.442844872054096	0.657733586426449	0.767993366404139	0.260018558451439	0.249444292181344	0.453728917693857	0.0701106036050088	0.372410963764948	0.300443940982687	0.397602492270749	0.530821575386217	0.373696596591053	0.116150990079614	0.141842554553619	0.270695618429637	0.0579275265179345	0.184602478177779	0.170121116666911	-0.0885107026865011	0.415602065422128	0.137436363659561	0.187034668803535	0.0633410713961196	0.244912813751455	0.0678333213241231	0.271610014615819	0.1112493904598	0.156133886197873	0.115756506724687	0.038295332846872	0.290188257778602	0.242707074853736	0.363383483552092	9.64952429748336e-07	0.358742472246417	-0.0191246237060053	0.0598649324768428	0.25693221062799	0.393017055046267	0.0286663055413437	0.206036390935518	-0.0370340010430204	0.220672929885826	0.476624127187314	0.487711651593385	0.397220748066754	0.332266473342821	0.557262023371989	0.528462502537224	0.661690692117137	0.647604086122463	0.769371141367174	0.310618565170337	0.489151710746402	0.383287817733288	0.217126818204061	0.4699910371516	0.174620629401883	0.3138536721626	0.309128153987816	0.257163020042159	0.540724224757524	0.307956422181931	0.27873581977072	0.33900059887579	0.0570329162802641	0.280135185984221	0.284099506903671	0.242373480161232	0.133562347411773	0.217449746345123	0.229616918814086	0.00925946617104919	0.247199186351909	0.127003428966758	0.190672083231278	0.130308874468268	0.214292003156524	0.0899771107478739	0.114166133854485	0.153542096636571	0.200138165819297	0.354488460203755	0.351495499116679	0.393250032663098	0.0585131864022522	0.0165111934865106	-0.0466337411895316	-0.124962484066424	0.218013573529407	0.266528058399532	0.504993588398795	0.267153752300015	0.257566455546516	0.0675983749706645	0.457189133285039
0.654313525559157	0.409116027688822	0.56601573466094	0.442844872054097	1	0.594640568334366	0.374573433185952	0.286917066756276	0.137826092920973	0.055274591772707	-0.106403589036352	0.0689135928625584	0.264659059019987	0.603433642223476	0.507868427800638	0.16987450873295	0.0802384525117975	0.0156108258350278	0.090319735260956	0.269681576875536	0.175917549036866	0.0585561605390002	0.172898677743652	0.103336678858887	0.183054043895728	0.237254939915611	0.0366211929958114	0.345571390983262	-0.165086426674499	0.299611820075652	0.0300009490178858	0.161707949119322	0.189719045235702	0.244817094611515	-0.0276606762066666	-0.10297619837974	0.00214008497410349	-0.00643026665668092	0.00522176047928564	0.126487533065951	0.195211907341841	0.177781973172276	0.0698803142266343	0.244174190026203	0.406952844428857	0.202935586522196	0.355778328514526	0.280409149643325	0.477266285028449	0.0130320669226762	0.706511754640725	0.542812471981423	0.32951467374309	0.543119320811433	0.611905457118738	0.467929238136588	0.229592977271925	0.30245343641913	0.323609726734479	0.160836382647543	0.145323990104948	-0.0886707820095199	0.0165000135561972	0.13455017543304	0.418063406249343	0.406537644091478	0.131086123906157	0.219369006015622	0.133978657778466	0.139876299935514	0.129326409399066	0.13016161817468	0.0496201863157391	0.0129267925094005	0.134429260739159	0.0349401635283507	0.042153705686666	0.293877427248696	0.0468246931249894	0.118043392201366	0.203865816429389	0.118760647527278	0.113930102949861	0.0586713497745222	0.144449882507559	0.246426816100389	0.0013186946523734	-0.106144922219383	0.269316738053566	0.274061559118543	-0.0776080728120862	0.0216817975244704	0.194986435775291	0.131305855564212	0.218674949302288	0.243700914463685	0.226234558627834	0.258333315629778	-0.0336506777340418	0.416280740922344
0.286043151013749	0.55435388038237	0.66084544140003	0.657733586426449	0.594640568334366	1	0.68616908152064	0.265527567902154	0.366682707047478	0.375359045687758	0.014724790496232	0.288612272946967	0.373212300663766	0.376753390552621	0.66632142100585	0.311654799005162	0.175530433660722	0.117302146704096	0.261594209296651	0.277618986470808	0.248368928223179	0.110246602461094	-0.0443052921830748	0.229226310331582	0.168735256499033	0.0492124454531392	0.0276755287014755	0.258964742686327	-0.00522904684470551	0.240694746237821	0.0696631726931101	0.138910368637122	0.207935400993503	-0.000609035471745301	0.189400489058986	0.0620538944763333	0.361845379569234	0.0918431804369192	0.293733252500845	-0.108016107377735	0.133358754383897	0.378880283370434	0.378957411749637	0.130761760808895	0.257311114442647	-0.00538935898192289	0.32116305968383	0.605854773671909	0.538068359971905	0.376845526033641	0.421999332988491	0.429793184058745	0.317448816645343	0.769783283066973	0.609073837014309	0.639644584778286	0.301914309831257	0.377470243187977	0.406832611110821	0.281856283816001	0.306242181011255	-0.0166557112182687	0.333808652029607	0.319914872982128	0.153397979994889	0.423730842388826	0.195892995942459	0.344891857851215	0.289709055277764	0.175052887338482	0.158604817824618	0.245028436260182	0.207239321790658	0.0585220069549721	0.258645262991404	-0.0191124428548929	-0.197874101185093	0.049922816727895	0.102989399439301	0.105500206341782	0.100671596337499	0.218579211663777	-0.103770317480297	0.0942836999286591	0.140840750203643	0.109564944105238	0.375330804140255	0.0907670658329163	0.387054273465567	0.0662772547304539	-0.178382790912587	-0.266345623689844	-0.0335339566350146	0.00283640486679144	0.254675958430305	0.370755593273885	0.190591578953701	0.0468842754353228	-0.263734105415765	0.313181506727085
0.292226412351354	0.499618526629131	0.548126923654425	0.767993366404139	0.374573433185952	0.68616908152064	1	0.293037690189179	0.416977348760558	0.471398004830169	0.0886160463338697	0.362654784472965	0.292115869466442	0.324948523171182	0.545982912211321	0.495665123084734	0.177829967893559	0.126014355073763	0.305508347133744	0.128093173539013	0.324906009796584	0.11547226001787	-0.0803412999234395	0.370987864881966	0.285310406473534	0.25989236615616	0.152023373162759	0.326159711160085	0.0830468474460759	0.324825371773519	0.257514921355247	0.258018447184574	0.0981594812321159	0.122594934786949	0.570892521515631	0.336613143088565	0.352945724944567	0.283308481204086	0.534299980746194	0.0191239631748687	0.121335318853229	0.370644672138867	0.589614214816459	0.213159781017896	0.310957011856722	0.0235449711396177	0.274304103766579	0.593588620532885	0.381544287577481	0.44799262070082	0.321239595934336	0.423462176950328	0.546960299648545	0.692685326457475	0.563844429523981	0.811325486372098	0.272429177050777	0.328085724120716	0.358989796785027	0.343925419367701	0.418117347380578	0.112648045842912	0.323710997837345	0.303441626233988	0.202540858247326	0.540576055672095	0.40294808923578	0.217986507618654	0.367541155254261	0.200747001220914	0.148705975220197	0.304412286784327	0.0213593558522227	0.184969846772335	0.158810128225276	0.22101246403908	0.053097189491533	0.249271565262749	0.152590135683275	0.161837940877833	0.0880640425913748	0.189652440955158	0.0841560029143046	0.250157800259522	0.204410956730975	0.152764298074668	0.33974497280025	0.437719560831276	0.406419167405812	0.24147055807399	0.160406438375769	-0.0393555576543511	0.0326243420424333	0.138955238075437	0.229148275260669	0.527950095402767	0.184665236206462	0.17252577949131	-0.0843010694960333	0.344877829835884
0.194859571098078	0.0219396553384848	0.067916043660098	0.26001855845144	0.286917066756276	0.265527567902154	0.293037690189179	1	0.626540854301135	0.216067550598745	-0.015158788504801	0.261299754933817	0.573149967821454	0.360506849525597	0.539699965582875	0.561111139428137	0.504065050977497	0.607019066786342	0.628773993199291	0.523638595849171	0.468538695847114	0.0802064587007954	0.250191345321724	0.329908921318523	0.416786938856142	0.214724293941264	0.156952046690404	0.338933800847303	-0.140243016303634	0.125540274643884	0.33116422597558	0.307888523870011	0.343789306091613	0.293872358612908	0.120613455541092	0.174691219786905	0.20179294591969	0.21920199802647	0.0393710779314619	0.0924704060931971	0.216546045398351	0.298658922323032	0.210094467191716	0.209927480377722	0.370015191398343	0.257582709114202	0.241288486333171	0.221973117132963	0.10085402609844	0.0234043806823051	0.375747277307391	0.038366570596711	0.31839809085093	0.147612218437305	0.368392264042079	0.394096974380733	0.227565444541386	0.455359320385903	0.49938653512954	0.624435492222269	0.030399915618246	0.239817488032352	0.138760055372391	0.128178553842634	0.368469846252829	0.360011173825245	0.313763357073388	0.447573110442032	0.592739755637199	0.437275597756491	0.130286280655224	0.327461650863161	0.184214214799733	0.21751207282876	0.104778679094223	-0.0820151463691336	0.0806897287085926	0.213234672196515	-0.0210469965985314	0.266918056617097	0.331422028084048	0.133530596507688	-0.100006001633728	0.20987593879182	0.0480253001849384	0.191022300915798	0.0291514625832792	0.0987474566620326	0.231630177104505	0.226947332624688	0.00622840390775634	0.0679036603678384	0.081225736506855	0.12525580241275	0.183040381947254	0.139698008082217	-0.0105748791687694	0.160801145898299	-0.0297107948751744	0.424279807940277
0.0393667967225797	-0.000388791565960733	0.0490207457435121	0.249444292181344	0.137826092920973	0.366682707047478	0.416977348760558	0.626540854301135	1	0.154546111561981	-0.0267208221527955	0.186014160623975	0.445864044906539	0.107385756177968	0.40301483986378	0.606608564072837	0.412685392160515	0.449583025513652	0.73087301152804	0.623967095113388	0.407937771864913	-0.0455610979610782	0.0331743455757711	0.316686692879216	0.643804207458435	0.137126399109015	0.259331210331614	0.182569669361876	-0.117994803325887	-0.00435385156464309	0.39054321746434	0.193008051050122	0.190442595037361	0.0672151866264989	0.27096529462997	0.38114469702749	0.271930802867503	0.307235146159987	0.127863532095611	-0.0101643302045008	0.0108119732766364	0.196183762402221	0.323834685368282	0.201529818918677	0.191860184644911	0.182112782906711	0.246729825660144	0.25594125231376	0.0326290453813275	-0.00261139363657193	0.277929892949521	-0.0104878233036988	0.297072882638532	0.230500730255647	0.329522465372888	0.442851034489993	0.0169543084386258	0.242532110739706	0.509625792552704	0.81523778489364	-0.0226871037083161	0.107965959114623	0.244313593590009	0.0250783107307815	0.22624061026799	0.394386361391431	0.601031789566786	0.366599076715082	0.658524964571258	0.519138405760068	0.0465883662842566	0.278180111801972	0.125098058237082	0.452572333822687	0.194899880757088	0.0474267003414254	0.143746563557419	0.22544479131609	0.104687705548625	0.388099148719693	0.33534229650525	0.19510855693116	-0.0971481047038399	0.390336429923202	0.167431868695154	0.247760752670949	0.122427705763786	0.39679652842195	0.425495260914126	0.32552214363779	0.0344777678723517	-0.0313871950260278	0.204199314013751	0.144768543157464	0.264894737478774	0.139715184918195	0.0248432102204974	-0.047603101464687	-0.211641477518647	0.253705615359236
0.06364113378369	0.412794452538187	0.367212482754369	0.453728917693857	0.055274591772707	0.375359045687758	0.471398004830169	0.216067550598745	0.154546111561981	1	0.370492158679473	0.613394537727944	0.366882681015894	0.115462382126501	0.409648386532716	0.182821036695254	0.241365276658003	0.123737046573207	0.222010226246523	-0.006349989661772	0.233588847118981	0.289835051191591	-0.0089541278395307	0.069252134714125	-0.0441132110770265	0.104341777632899	-0.0205906295776599	0.0834247507786205	0.1430265518392	0.146597801048368	0.00230530952977428	0.0833870281559445	0.203500546689443	0.105529731257311	0.100479706184353	0.0441037968547922	0.0792165809041666	0.0673704915323862	0.222472836157098	-0.106562031576364	0.149458572584019	0.472111384437951	0.240637040107757	0.00661388586427763	0.0801529864504451	-0.0746649312667408	0.142378754976596	0.323921458246386	0.192835827091091	0.388081080412604	-0.0743329290108152	0.136091941125907	0.234658965200029	0.382400682262012	0.290290632452543	0.40574262247421	0.285014213241899	0.273080416550735	0.33348438362568	0.202138919450134	0.525214048538607	0.349385592656978	0.382306848615942	0.170036722127282	-0.0782582480826443	0.140163281256704	-0.0316687385065493	0.121564333097175	0.238357712896245	0.0360410069844481	0.117025606703654	0.16724541191722	0.100831069349284	0.0330505181247913	0.0121996433736069	0.0367008885819041	-0.0901558409795436	-0.143149493062389	0.040120426108536	-0.0246289955889606	-0.0121251878285404	0.0707674915873191	-0.169176511866685	-0.0836764889665792	-0.0143241675779338	-0.0532329042927227	0.164626874684129	0.126322344909348	0.0162216249594848	-0.152631513347146	0.0308521516596319	-0.236012077840939	-0.177377666063506	-0.0111543421305802	-0.0119228582279457	0.420480383174394	-0.0524732442501644	-0.0303411563759002	-0.0600248547686075	0.215356481023137
-0.0788141906189166	0.010868950348778	-0.02314612485808	0.0701106036050088	-0.106403589036352	0.014724790496232	0.0886160463338697	-0.015158788504801	-0.0267208221527955	0.370492158679473	1	0.477692864501288	0.074506882280077	-0.136014264613549	-0.013359122728923	0.0535692487253532	0.22652058911033	0.102953707561414	0.183769239198555	-0.0901351291588637	0.151172169611229	-0.000269864541432569	0.110186887532846	0.202186131399287	-0.0885546873937454	-0.0579423179790488	-0.0398746159254699	-0.220321952483991	-0.00925570926050594	-0.136716482943535	0.0131713954339045	-0.193111673782853	0.0751072670570231	-0.175831501547993	0.0989383650917118	0.145498193230349	0.170319915889288	-0.0304576844233547	0.114185199509086	-0.110342697845974	-0.292854110651107	-0.175020988243893	0.0632453824535495	-0.0596916191011623	-0.291944887209757	-0.112991121018708	-0.283670707212383	0.132746827188838	-0.0597557756705371	0.165560921613909	-0.228040923597441	-0.151686666920692	-0.131914761339921	-0.0134086867483156	0.0109375062552935	0.0674485758898984	0.167637518908594	0.104628670256395	0.101097555741218	-0.0393982335837492	0.252190130991716	0.233290655730288	0.273682645654618	0.119556244639487	-0.169354196194104	-0.0833145723243098	-0.0346502690156531	0.0590178316873496	0.130884441174313	-0.0208742414301227	0.0151159631456594	0.22484213001327	0.16786523395533	-0.0187928420570087	0.00292815665906459	0.14400352494332	-0.0959153145990056	-0.0419824493984575	-0.100923159111284	0.0456734078532597	0.0460430387531851	0.101581896597634	-0.000304409604779443	-0.0927851225699213	0.0558375373868036	-0.154459584640347	0.134428511332607	0.188565479850624	-0.0454541355803428	-0.141360929168563	0.00361310300328403	-0.109697030370941	-0.043572078676189	0.0213978021949495	-0.0562245963457625	0.318289279114853	-0.153741556756806	0.0894610860765719	0.155767050001476	-0.0805477744317316
-0.0540174269827635	0.173569093559149	0.197670261141985	0.372410963764948	0.0689135928625584	0.288612272946967	0.362654784472965	0.261299754933817	0.186014160623975	0.613394537727944	0.477692864501288	1	0.46346056106796	0.193944993575141	0.242471917230818	0.167815389003517	0.408747905449091	0.165576640322529	0.28834949993521	0.0862890296102936	0.20557865825789	0.421218666240873	0.333947826055034	0.176160607702327	0.0744759128051169	0.179067842861935	0.23258201140863	0.117919040983948	0.25228734512571	0.108370752881498	-0.0599606890512037	0.0790136620212908	0.28082446589078	0.162733097355633	0.122234721567481	0.16991925017145	0.128213275116357	-0.00796961677591041	0.135207618213344	0.0843752560003981	0.0419530046812264	0.17523325170846	0.153840318820296	0.0366057824032977	-0.0292130459451625	0.125540878174406	0.172700623671443	0.248201997620123	0.291505975177318	0.168544693113884	0.0516409537443081	0.0700189543842034	0.235864836183377	0.302281591089997	0.358335831392681	0.259207845892883	0.405912126603281	0.389599744560486	0.251039782968012	0.192052530251555	0.616445640818413	0.472253896142417	0.516682123306304	0.329150982518717	0.103887645497992	0.188010229529461	0.0205570152036791	0.303731635144635	0.32961354243374	0.115456146685076	0.318059670046088	0.51491924727265	0.0852500548370934	0.272877074546977	0.138330388738899	0.271430117063838	0.146664135406216	0.0342475979461821	0.176039073275417	0.0799483596200182	0.221367025741946	0.340225467773422	0.0185329888783427	-0.0534951725682801	0.18773653511787	0.155452908215479	0.0672665705474711	0.0634548492249944	0.12365825440305	-0.0102008990498795	-0.208553681797363	0.031817603135272	0.000841829225291245	0.160889175450762	0.311107467063785	0.261748866036922	0.0100504273501858	0.283957942190328	0.0187945375375626	0.236969458817819
0.0660266340547956	0.103120942268807	0.22751205067246	0.300443940982687	0.264659059019987	0.373212300663766	0.292115869466442	0.573149967821454	0.445864044906539	0.366882681015894	0.074506882280077	0.46346056106796	1	0.358363331582216	0.552881409190981	0.292435338384527	0.51360308953303	0.252204136008825	0.436687337220664	0.391046623075168	0.453584808741772	0.12418067034655	0.322808681120221	0.217826354126891	0.307471243014843	0.196770188652126	0.221448636471945	0.178447237360669	-0.0783151551622448	0.0926184718159131	-0.0377799915984704	0.286084809004341	0.546504245808809	0.310839084575979	-0.0437082493118053	0.0719143737983288	0.198386353165374	0.126959100650255	0.0133618018901533	-0.0737283022472139	0.225507015620207	0.36741126132466	0.0846430998414023	0.103509460509148	0.183387394412309	0.238539158394258	0.315359329318368	0.217637925091928	0.24621748506307	-0.0814179814737563	0.332383385020357	0.123680078565197	0.301323351170688	0.234893561232351	0.352843659465443	0.331697617380664	0.263047359538419	0.509154823921372	0.450036753835788	0.516327927406386	0.321036809824793	0.36865141883183	0.405751464522722	0.126607899936934	0.365575021266957	0.32687282485652	0.121980344485455	0.498462702472445	0.430924152997359	0.248774887920276	0.234019680755624	0.386732331471486	0.188638048316855	0.233698125280988	0.172231655645069	0.00866365957379735	0.0628713146174116	0.0255134985589732	0.0481392313647692	0.269157836652483	0.340395205838966	0.116656734522383	-0.0667735149955965	0.171211248410503	0.0268161972349257	0.303924655117663	0.124861055844024	0.0528676636864293	0.298470219053864	0.0844703261695747	-0.105213099757271	-0.0869863189066571	0.0278485110952138	0.0419640159609228	0.369389944656673	0.081658607527211	-0.00597694800645131	0.0952081561549548	-0.152838822961982	0.506924098630859
0.496719605033546	0.352576510261296	0.363158193448073	0.39760249227075	0.603433642223476	0.376753390552621	0.324948523171182	0.360506849525598	0.107385756177968	0.115462382126501	-0.136014264613549	0.193944993575141	0.358363331582216	1	0.492649658955808	0.346866420207724	0.235283243960656	0.195082311848065	0.05526298851193	0.124079379152603	0.169224755664718	0.169091278340421	0.278957236568889	0.111557693542795	0.248251313365815	0.294365063988077	0.264944164600797	0.34670374506793	-0.0670723627345795	0.534474532167104	0.238920702489637	0.361792705220388	0.12382758999313	0.314931876957912	0.0498758315757326	0.0778641009370548	0.147321847177482	0.0301851019476712	-0.0244627885594559	0.13744865776874	0.304442549308646	0.261005028603083	0.072638577319343	0.170419518006178	0.297332886653921	0.272451062660962	0.426266666247246	0.255834245171463	0.547331108147746	0.0106791395512721	0.62997042900683	0.553429032314764	0.421989426138858	0.317740238644443	0.532530190724925	0.434301567962233	0.341651343557352	0.539586759771885	0.258823417790095	0.151761319376287	0.210534344368904	0.135410685256054	0.100931166948591	0.197587284376631	0.523547229931009	0.399240818121927	0.237723779684247	0.429049376967974	0.184111584019351	0.282360779724266	0.325938379239553	0.285600735941174	0.0140356077306262	0.119060935021839	0.248359774350397	0.21906127269282	0.210283579600878	0.218522737840477	-0.0552307481738838	0.241157874184611	0.446858001964409	0.291963034439188	0.0528767786420736	0.103013248490204	0.35264931885779	0.440416964683593	0.0946903009794332	-0.0595947507819824	0.208174426285271	0.298424689641864	-0.146499711096124	0.132561000126615	0.137770920725377	0.166586962319919	0.290140766437317	0.181525423203811	0.405985829919181	0.237856901226977	-0.0605773036306721	0.425340503231574
0.367652518593581	0.368645490388867	0.502550891242053	0.530821575386217	0.507868427800638	0.66632142100585	0.545982912211321	0.539699965582874	0.40301483986378	0.409648386532716	-0.013359122728923	0.242471917230818	0.552881409190981	0.492649658955808	1	0.475971805150436	0.328900979086501	0.320544003101684	0.477738043107483	0.286367933527189	0.469197437244748	0.0243602497403416	0.15514008690506	0.200906597552812	0.226294334717243	0.131643694268495	0.0843197683568633	0.205755589155686	-0.085136273954834	0.284939212288823	0.193059038514607	0.296440175240329	0.426241819517576	0.188329560484408	0.155933091144358	-0.0467590132437361	0.364841245466775	0.178517674395552	0.220868100804879	-0.0903627907454603	0.278365480863306	0.442971395118549	0.298229176924684	0.194450644414685	0.390686155054008	0.167330826939278	0.414075064409744	0.473062937655949	0.352520781998749	0.128136649729811	0.539601289330118	0.360148831020675	0.461864098764982	0.549185409649548	0.568561292180661	0.608936822224789	0.246111954130421	0.428464055015267	0.553015653794221	0.393195128569899	0.241824522308969	0.163401073481136	0.329959489310792	0.204337792809266	0.418979446485654	0.503160711995448	0.206025039147031	0.345788535561039	0.36136699797007	0.350916433035812	0.182684476504662	0.363357303609362	0.086319507198677	-0.00642655278475215	0.132523757378345	-0.106500630834247	-0.123200680800661	0.053634114328255	-0.0787809486224097	0.212243895441244	0.260197982062603	0.18837430249085	-0.156232043391835	0.170833224242574	0.112027741907069	0.23280511231224	0.266040334858567	0.0311916187166648	0.343338451141573	0.156555603581427	0.0471221411192311	-0.202213500932951	0.0249447940544978	0.0261864758497749	0.285380637085523	0.32690128019971	0.0432517647732443	-0.00335078146352416	-0.192763463970014	0.560328746725683
0.300014900691286	0.130326663398124	0.148995012195601	0.373696596591053	0.16987450873295	0.311654799005162	0.495665123084734	0.561111139428137	0.606608564072837	0.182821036695254	0.0535692487253532	0.167815389003517	0.292435338384527	0.346866420207724	0.475971805150436	1	0.461835594516072	0.516713529020746	0.585118217983437	0.323448236162007	0.513846941836683	0.0392701338537734	0.158543707763452	0.459240322837077	0.486495533579361	0.208520190307877	0.248223109396866	0.319589144887866	-0.0104315801917743	0.33759812590447	0.753704199435571	0.387078082198883	0.128044049808959	0.0732654603821415	0.512946484165548	0.540493821222738	0.462615688578693	0.203713011661744	0.27503597221889	0.0175082388731153	0.166505874783193	0.256810392861362	0.47005439457608	0.221692303431856	0.27954580397413	0.128226243212893	0.248477409008547	0.396905888337305	0.0985438306898346	0.171806588684998	0.299314586223246	0.153668479354803	0.332477871064809	0.237604611641774	0.326689774450768	0.564504604146892	0.0699359927633279	0.332488678802542	0.347187804094564	0.533464905970132	0.0283762607973385	0.138143729418898	0.18929513430208	0.13573616797075	0.358337312739316	0.476992690907996	0.653727530742071	0.310613016999533	0.523116872743399	0.498003446875757	0.164865764698171	0.339183010242459	0.0298701200904756	0.292736160156184	0.091650063148977	0.150623950121968	0.168080937781591	0.385670160311056	-0.0424535924482241	0.316660699820825	0.353238774369547	0.267018811609115	-0.00093553735374681	0.345914931203529	0.292073703998608	0.288870211884738	0.308263577779906	0.52164951239314	0.352542365993132	0.315253996167472	0.29075243768098	0.0732380427260142	0.133450320579845	0.178206062263928	0.226190504125686	0.299914796715822	0.266334968841093	-0.0532579815815073	-0.0937610860748241	0.27931284619895
0.0396814882549249	0.0105659986129245	-0.00213931801174194	0.116150990079614	0.0802384525117976	0.175530433660722	0.177829967893559	0.504065050977497	0.412685392160515	0.241365276658003	0.22652058911033	0.408747905449091	0.51360308953303	0.235283243960656	0.328900979086501	0.461835594516072	1	0.572483262777817	0.45183236815348	0.302180041417947	0.618978498853851	0.193530209437184	0.27412685763011	0.362909930017978	0.305837663826007	0.141561915386005	0.113788088360712	0.0688255469316373	0.0489553626329792	0.217572917529076	0.394238746696289	0.200349780378263	0.336255539374809	0.0872429500055152	0.126217234103031	0.313411957386548	0.298602503032112	0.102570970135746	0.146440786804408	0.00725557688196827	0.0905893391808201	0.197357679947034	0.213730122210343	0.0504919194583985	0.127684382663864	0.195838413872345	0.150940009434326	0.168032842778012	0.0878024951525967	0.102014317466521	0.205068725969177	0.0421514808582888	0.165589761413986	0.0522993025495408	0.195472622299817	0.182458422087063	0.110844353355359	0.329578392710283	0.34389841262833	0.417468340159693	0.111642394391396	0.194520155081154	0.151346321756874	0.0386880470728835	0.302710188367574	0.258528142837571	0.237623959471578	0.480490007729067	0.46474122855131	0.238164368099408	0.125991562421005	0.284641961965508	0.298326990776045	0.14594192400268	0.234825905536216	0.0707210002731728	0.0681304399622756	0.0337677291862702	-0.0795144500618184	0.273688331009541	0.334362751811592	0.242867655571002	-0.128561820396955	0.148077679934579	0.0802022044617112	0.181351810028824	0.0729236756672973	0.15513364575201	0.22022446999173	0.124122939168669	0.0140322988584353	0.0111887100317755	0.0589131810480993	-0.0285043977961421	0.223661596226412	0.0760371080065516	0.0330801078507191	0.0470921656751637	-0.0731837809129406	0.240640083380015
0.00808147015097361	-0.0102658234369365	-0.0730259046758424	0.141842554553619	0.0156108258350278	0.117302146704096	0.126014355073763	0.607019066786342	0.449583025513652	0.123737046573207	0.102953707561414	0.165576640322529	0.252204136008825	0.195082311848065	0.320544003101684	0.516713529020746	0.572483262777817	1	0.609974895419001	0.188155349453911	0.437560274431124	-0.0121551753734135	0.111104170427143	0.452872583321975	0.216545025393734	0.0317919590800859	0.0898445310601379	0.0408561595325021	-0.0646798904162022	0.0184905622209869	0.495907784939715	0.109927367716924	0.109597696797341	-0.0128445754018114	0.101233086413321	0.44403149234135	0.349618479519108	0.0384644920167082	0.114886240410074	-0.0648374748352671	-0.0141215006152412	-0.0115669759441804	0.186391716469966	-0.068346502200207	0.0590146454889885	0.152296672066951	-0.00893290473405101	0.197564541069918	0.138081488054587	0.138272695746649	0.0678051199740746	-0.0513310801948258	0.110902580549433	-0.0331755781707588	0.188768553009998	0.219664122922196	0.115571596732205	0.325214497542065	0.365903598147761	0.404509003320118	-0.00754697005221096	0.165709732494979	0.136112105515799	0.082347927802448	0.212939773067412	0.251055849045362	0.359926653300404	0.43425242703787	0.623946654662747	0.372930458308014	0.189915186748529	0.305746235968667	0.403431812487272	0.184907334979239	0.246435955087636	0.105919051213476	0.0698630258224248	0.0703362504843916	0.0027160314569434	0.40781396738296	0.278567067682568	0.240019133713297	-0.110895064955658	0.24894597384055	0.206148955563682	0.167399034284117	0.25282984514489	0.209657005119474	0.18160073110476	0.0995692129900712	-0.029976797159295	-0.0220806548577296	-0.00224075219340173	0.0805915913440175	0.0635381687381176	0.123567641845083	0.0168353547643832	-0.0149689036069373	-0.00472983585692656	0.19067947254288
0.0270076598322616	-0.0597295907363357	0.0606922776382647	0.270695618429637	0.090319735260956	0.261594209296651	0.305508347133744	0.628773993199291	0.73087301152804	0.222010226246523	0.183769239198555	0.28834949993521	0.436687337220664	0.05526298851193	0.477738043107483	0.585118217983437	0.45183236815348	0.609974895419001	1	0.397102956824823	0.491320854533178	-0.0755689120604795	0.165430511279991	0.562008010694218	0.293871073500728	-0.0434865095532413	0.0522027596609001	-0.0225087229760733	-0.196996920906651	-0.0928579654731987	0.305438314806628	0.03729029002466	0.279859652301586	0.04117015063311	0.130401629411696	0.425513254103331	0.381643792583534	0.106365287234656	0.218900929383346	-0.150070929633088	0.00681659421749058	0.0980057914158778	0.258367933270531	-0.00498825698602695	-0.0154283466510151	0.124952813609292	0.031431330648765	0.220928824862384	-0.0107943104892435	-0.00800343313897939	0.15284308210324	-0.0759800379759639	0.202411792395516	0.174530902840767	0.262504944648705	0.355305753012951	0.173278690298712	0.370816038949529	0.590786931414374	0.685949159528055	0.0260297920805459	0.206028134354773	0.324542520608562	0.108997511276426	0.139294622940368	0.297408257992358	0.378247460276642	0.411242076375582	0.777752317437158	0.482683414460064	0.0564959078254129	0.370442954865821	0.252396376658041	0.173614917559171	0.142636007674499	-0.102776746845898	-0.0512695187373132	0.0754274161772139	-0.0817927475378583	0.339120328855209	0.168696541371832	0.109277695861841	-0.186782210524376	0.269573787901301	0.0328359417718753	0.086353723258774	0.240738351961323	0.341270039980165	0.26241590119485	0.0769811476084479	0.190591062015824	-0.183907793908069	0.00457388543660078	0.0187398257371349	0.124411815920463	0.23452025831531	-0.175512853784544	-0.055827795293954	-0.131400453847289	0.296386185337874
0.119411247945635	0.018529532906281	0.112524399772922	0.0579275265179345	0.269681576875536	0.277618986470808	0.128093173539013	0.523638595849171	0.623967095113388	-0.006349989661772	-0.0901351291588637	0.0862890296102935	0.391046623075168	0.124079379152603	0.286367933527189	0.323448236162007	0.302180041417947	0.188155349453911	0.397102956824823	1	0.128861831486944	-0.00776410444140008	0.0972710686137581	0.0600082191352072	0.55450320840067	0.190700768565074	0.118317605471932	0.21739667795485	-0.256978818834566	0.0535143920789004	0.168043009881728	0.270979471763071	0.336608895440766	0.201087366705121	-0.012042268335348	0.0845805645820937	0.00629292437260249	0.221254990635001	-0.089869990962345	0.181891928552874	0.027084946470199	0.211482799125893	0.0234446355725829	0.319334798200724	0.277397499582337	0.133050032417395	0.297592383142623	0.0550500780860044	0.00440905577186007	-0.08241009765071	0.4118202390237	0.0871791979904939	0.0958235586940599	0.197498548342294	0.252700588920753	0.123100460800572	0.153629205546424	0.174517958059456	0.292580123129364	0.594515275088016	-0.16256888063935	0.0235285985997351	0.0764956133829606	0.0306758454618229	0.222886486004646	0.244929410817169	0.266428933213449	0.337928348956263	0.322701896409598	0.438169142190954	0.0269514364332506	0.147330362011197	0.178759144158749	0.296343027124267	0.170496640481037	-0.0764271722382577	0.0657464933751543	0.0647917464765753	-0.0556712830008981	0.220366747431938	0.348687463379205	0.308374715207656	-0.0692637353977165	0.200072192199887	0.102693480770413	0.159131626854707	-0.0319469076377247	-0.0379998488179943	0.322801037162913	0.254572974968023	-0.0902791519783191	0.0817608954990773	0.254091409073067	0.146599316789988	0.337811929755158	-0.148462021452968	0.0493563126567654	-0.0366275855701779	-0.201856357712726	0.228182818694649
0.138902420618404	0.0138898410238181	0.045673841515704	0.184602478177779	0.175917549036866	0.248368928223179	0.324906009796584	0.468538695847114	0.407937771864913	0.233588847118981	0.151172169611229	0.20557865825789	0.453584808741772	0.169224755664718	0.469197437244748	0.513846941836683	0.618978498853851	0.437560274431124	0.491320854533178	0.128861831486944	1	-0.0912767850412323	0.156564473495993	0.320140242354332	0.235354609454443	0.0640618025753306	0.0816332770997382	0.118589521464579	-0.092997648863993	0.185126742848145	0.382850804228522	0.137303197917287	0.203270733629334	0.101459556916998	0.264169287598498	0.141598676396036	0.290492832047015	0.307629644996844	0.295384315762311	-0.0711465895669615	0.136129589051437	0.330596325038043	0.400252468719722	0.213029538125552	0.23213071853933	0.156006609515478	0.12246976676375	0.289940407515431	-0.0392986130384468	0.126982738539073	0.198212733767796	-0.08046981153324	0.268074334264592	0.0898699647814072	0.217595370077671	0.374028529075533	0.00203331735939001	0.233626631605142	0.444402707416008	0.446367749786697	0.0779119553441763	0.166834848437061	0.125743364567864	-0.0431444767937635	0.23988068771836	0.307304710719209	0.288488189440557	0.275796691322456	0.388959435039662	0.338798437476136	-0.0157628850715578	0.196632738219857	0.228351866973411	0.0380055650911886	0.0823647432387513	-0.0957424301615661	0.119663388195728	0.130215628831674	-0.0643149483181295	0.29172312395918	0.212845114992806	0.0215230582803617	-0.0718213450957292	0.341606185430764	0.0269550943419738	0.147990459605041	0.159002389972859	0.273835979407152	0.277592325107685	0.235286707947058	0.170325800242649	-0.0625664891331155	0.126552261257466	-0.0982200531194687	0.071420174567327	0.127717817599956	-0.0680754661554729	-0.0366163706322119	-0.0869339188140267	0.212053672550239
0.107589535769133	0.12054837457505	0.0767550966910654	0.170121116666911	0.0585561605390002	0.110246602461094	0.11547226001787	0.0802064587007954	-0.0455610979610782	0.289835051191591	-0.000269864541432569	0.421218666240873	0.12418067034655	0.169091278340421	0.0243602497403416	0.0392701338537734	0.193530209437184	-0.0121551753734135	-0.0755689120604795	-0.00776410444140008	-0.0912767850412323	1	0.308736178601645	-0.033214204631688	-0.0262276736032163	0.305450606048498	0.219082873795902	0.330609563673625	0.330234580278682	0.310894129922337	-0.0372696656937556	0.278657422133174	0.18284381957803	0.347539498957728	0.00574575001621442	0.0768775136661562	-0.072474009743073	-0.0314532254309868	0.00908841474523383	0.271557300197544	0.258880408645135	0.163602811332476	0.0718604581114213	0.113342947451584	0.207443095429278	0.239491632705509	0.332261265455284	0.0379744883587566	0.197002441273731	0.263818204869649	0.136225638618923	0.152784916966119	0.151874913080859	0.205032744782456	0.146788774503581	0.0873562426733818	0.173256959554714	0.196413478033823	-0.00923369212720149	-0.15273644578685	0.343067618468044	0.185019025169735	0.150092679802011	0.221185638347022	0.168470816312106	0.195536380958226	-0.000885208883728325	0.128495167363372	0.10304955421753	-0.0162117085319676	0.281538084646478	0.258464943331383	-0.0932358577185102	0.222413764926266	0.133529795224773	0.24945671100664	0.114385870250117	0.184803547923239	0.131106088524476	-0.138332740119606	0.102542078248302	0.18766418475408	0.213054441889556	-0.125211768444793	0.202867288328146	0.147786484012109	-0.0927196695569299	-0.12046273422964	0.0351298698187241	0.0843796839680886	-0.0993576470192867	0.236661126023195	0.0572240451194707	0.200392542259718	0.15718340475351	0.121270305803666	0.133052029850316	0.365035462241627	0.199993256355534	0.0844374781082862
