1	0.846943555925959	0.777512663608	0.504613947489654	0.730820797130897	0.471275150189249	0.551504766972111	0.226642281922369	0.256383184673327	0.297357510172848	0.198328099379242	0.223123597982057	0.0589573226301849	0.67889670489715	0.518476533020222	0.557989854029557	0.200522162266132	0.303217499408591	0.664018340675347	-0.119695349406415	0.288456655283277	0.24583766822564	0.0278759800899297	0.419176752556122	0.228355189178373	0.164665144551916	0.185075668416056	0.154777824331565	0.181141321476396	0.17464199792399	0.492932674358008	0.158977731558881	-0.0685118576774118	0.42784400502254	0.387406179303065	0.680402274005393	0.371090050993534	0.074810974571937	0.486207103695054	0.367473699246083	0.415019863745476	0.380629935095512	0.402940572397565	0.2072497353901	0.0433131806605032	0.157443627581768	0.406863430570327	0.380241609555204	0.284881800655993	0.401207592608654	0.749119284449309	0.857563060244072	0.649776946586066	0.611653607951003	0.538889499042978	0.61824459322787	0.107057593036927	0.29601369814674	0.533394586318396	0.201428246667942	0.192987368834235	0.270630471394845	0.18306831097524	-0.0103301119591841	0.668150832309054	0.337115921999287	0.481789850398185	0.226825520194753	0.690193956529814	0.278396678260379	0.106063902476528	0.0625001653067625	0.256965539391646	0.146723437568118	0.153471905535079	0.23791273424623	0.0330293940505302	0.120649063192084	0.0452446444439514	0.358466226453292	0.186311328896254	-0.205974010869765	0.218511327210579	0.268789267490259	0.329536468256409	0.352785696917997	0.199654063743938	0.444383178416062	0.337045185731074	0.421474494017712	0.251684411089012	0.31654764855596	0.275852371351565	0.233358579014738	0.246432597577865	0.408559497670906	0.391287618044555	0.192884771480631	0.309938522094159	0.234750236048694
0.846943555925959	1	0.808725586726127	0.60088716663864	0.537792038649786	0.514684528082045	0.600300338437785	0.0810632821561662	0.291700293661883	0.25611345823495	0.0587029020070512	0.205242618965765	0.0666737201080047	0.542836155548579	0.500540140442308	0.475873893254907	0.152698181657621	0.195234581150459	0.641048889959815	-0.117995238970055	0.214515448407699	0.138439601361063	-0.0328480199717768	0.382203560270121	0.238952066866747	0.235992894318243	0.238211725949964	-0.00590321832107264	0.11174896873571	0.155417649129852	0.403571362549299	0.0939785351069598	-0.0350787670269072	0.487242261659076	0.380109556666195	0.62775898007516	0.435381614429653	0.123436126457913	0.530644954124523	0.363247418925916	0.306044028309473	0.363439312581023	0.302577713081552	0.260814357944119	0.0448715147685233	0.114605973622054	0.394824856723001	0.419816238310177	0.160107245996141	0.336403380626847	0.753158728620549	0.828354254427675	0.632472559958345	0.639732116045073	0.606225900709349	0.667073199220666	0.0120213440278887	0.276707839815606	0.508828911641997	0.169782592696261	0.229485492642334	0.265137770888947	0.205783979832443	-0.0796017437507709	0.703781715154052	0.298245111747598	0.571935956384035	0.240557718528756	0.672695150217492	0.2365939418205	0.190259810463538	0.0324541288324522	0.220411150065646	0.118182629087392	0.19041822044604	0.23305581660989	0.0874193352437173	-0.0614145026136326	0.0104646636319988	0.427887036408525	0.164442552957407	-0.175472399165244	0.245723265623385	0.249649030900316	0.325686147279437	0.335055601503318	0.318281143451093	0.437236617644912	0.408698737905138	0.399421531477187	0.304235146037329	0.253673442568375	0.257178255826093	0.213870380519453	0.199750265906474	0.473803847661232	0.450710862685894	0.137592869761804	0.362186132337254	0.33550135870237
0.777512663607999	0.808725586726127	1	0.539790764218886	0.64251321746997	0.544906377550185	0.594099501931189	0.0978644011201881	0.256717032858199	0.25611669429983	0.143234123373327	0.169093247949353	-0.00499995424583892	0.507203872551114	0.488254627700181	0.483745773234678	0.139262045158415	0.138655683042225	0.673195762480827	-0.198159093566895	0.298718598236	0.162435862998105	0.00414450386778233	0.298413526766902	0.144013799084906	0.24310815865592	0.310168770046991	0.0901051286822172	0.157786192887226	0.29514792462845	0.31938637082919	0.0491812417289571	-0.153908342366157	0.485326739528065	0.415907245426842	0.696688264470115	0.355823019330637	0.0484514002430297	0.513217994333595	0.382273191864254	0.423112161345111	0.373363498790641	0.330523063937603	0.287305220828633	-0.0370281047771813	0.153208507193174	0.384573778665735	0.468191484569398	0.197562181443677	0.436500673480304	0.698490556329139	0.854371271191406	0.668961435773783	0.760008239152806	0.615602027851873	0.659825705410767	0.0949502394723562	0.264165363515109	0.492307510789816	0.224109615189529	0.166715726846501	0.193656352249632	0.1810065848561	-0.0669709588625213	0.737249198551018	0.388426919010747	0.540537662410978	0.260913369076947	0.70745389120867	0.305187230486974	0.0604840720974597	0.0862747789712477	0.210071998980988	0.143886714532359	0.162141493583554	0.270249441637108	0.167369702605973	0.0361021358392359	0.0399052533569102	0.372481529550989	0.189954007258919	-0.244803637139997	0.228265925947769	0.137045116264595	0.333931271482122	0.400481407671212	0.21781616407931	0.445818712027638	0.432383976765054	0.34144325907495	0.269530733274895	0.316493779801137	0.28799571835574	0.225375742773935	0.262385864732749	0.447511934898862	0.395310207856874	0.0987392803392244	0.3171224485292	0.319759916903782
0.504613947489654	0.60088716663864	0.539790764218886	1	0.511375136782304	0.630705335793486	0.817778464319846	0.114126590670211	0.200648124983563	0.466342695464146	0.22208988243928	0.341556088838259	0.133568976003047	0.53294098400329	0.569258299493918	0.686581553584603	0.198977243546646	0.164757518136622	0.463129192773919	-0.141413488135347	0.272654857338987	0.440104142706556	0.0949025458292135	0.298796564565775	0.250404595574539	0.3641371392464	0.261826125964658	0.100901515512469	0.226923212566117	0.282411486665523	0.37665835835324	-0.0192555099054786	-0.00639798779971464	0.343662149763792	0.707158173558231	0.568795241577746	0.292573234019908	0.0187707900538035	0.51371880164528	0.317052004970895	0.442465892767373	0.380673214678203	0.493521363220502	0.231035274990655	0.165938692608944	0.266629698144139	0.309154568102568	0.526825761865177	0.308970074237901	0.401855111379302	0.665275611203328	0.523933105282424	0.570186546094849	0.700144681816123	0.656375210923392	0.782268832721188	0.099704594255183	0.288399135328791	0.317414290695214	0.252659986715817	0.327839644204575	0.418144968754338	0.52002667070533	0.10946690009188	0.504281052146758	0.371020588991992	0.532214432811132	0.266771571567437	0.453888633177921	0.196277920504609	0.351480494604832	0.329467474491343	0.207382022660227	-0.0290736556211494	0.162023597333494	0.150480447826209	0.137893550356237	0.0838556915734096	0.160684306168195	0.284454569938522	0.225027899991403	0.133543531542228	0.302332232626896	0.159761833321925	0.377439764859265	0.32882835239479	0.181069114731598	0.603517590029159	0.382216150978682	0.159494902685799	0.359296183015746	0.332928692517801	0.21386622219778	0.3051187501581	0.343649484273642	0.534014435591499	0.484164996595735	0.197085760395557	0.346969766844881	0.341696414149065
0.730820797130897	0.537792038649786	0.64251321746997	0.511375136782304	1	0.538626655218927	0.524785639243135	0.247064402765758	0.341412505831945	0.366001547228625	0.208480979915202	0.213113343867587	0.0837451936930272	0.61082356720237	0.492437972384857	0.579858286317431	0.143752185555767	0.114640741486426	0.624492736074456	-0.0270109944299988	0.196853247915673	0.297204692792467	0.136378513689652	0.298505502780144	0.320732343253621	0.163564922576606	0.176854874716716	0.32461450050066	0.149058845913378	0.210319924067579	0.330465499138605	0.13807541718871	0.0161522312788194	0.291288665782314	0.468911622175144	0.690224600574275	0.282523229285402	-0.0155021610374437	0.363589454428156	0.37450300049592	0.557937848342922	0.33819607965207	0.383147243723597	0.170249191953343	0.131764811133605	0.122420993114117	0.30425494326245	0.354166886744126	0.378154381806314	0.373144794522573	0.698876887563366	0.667706052991834	0.569268372660161	0.65233624391554	0.550831666607546	0.543933242026581	0.132624626632831	0.220409280072722	0.319290250746776	0.313364647544787	0.238919440500894	0.220149172409095	0.165613952801696	0.0613640209340144	0.53814258470455	0.417502302628651	0.370407701924565	0.181616912272326	0.564796070400701	0.398417483762453	0.0777383087423732	0.141181503893676	0.198472789437237	0.185589254093029	0.0918148206128732	0.168462427260245	0.0797780727128565	0.215331481120533	0.0212979514527883	0.208221875992037	0.129946891768148	-0.0717496596564539	0.178798906791189	0.127511918909961	0.260407646986547	0.224764284117525	0.122447518666019	0.485064367675086	0.354589709476788	0.313394815569735	0.225127400433058	0.437112347397082	0.23731540498606	0.114605543636552	0.189264349923449	0.39676847185172	0.334257939932908	0.199978514756436	0.268968242445896	0.26541722143419
0.471275150189249	0.514684528082045	0.544906377550185	0.630705335793486	0.538626655218927	1	0.744055278492941	0.240409829186233	0.330866560603585	0.416101642951747	0.245064041664891	0.366003417746546	0.234786450373344	0.289413614133323	0.4330702982114	0.544238002367353	0.354637068135365	0.242383071679451	0.534675980632564	0.0829017374907805	0.384329582980765	0.472654877624619	0.21278061354773	0.318703933613231	0.317263412161551	0.360125640244422	0.36157559450512	0.0751879008634058	0.0892332909769624	0.238047771528015	0.317751128979389	0.300212423204361	0.12254414475406	0.458504712103261	0.568475446511889	0.577325763787024	0.348438381962319	0.213075488517982	0.538993388562918	0.300326755732651	0.429721484963389	0.438500469824173	0.293985512981766	0.403799637576256	0.217839648384434	0.383997473924277	0.472420317888584	0.674184464966856	0.232405402256279	0.310298792655008	0.64379348306991	0.498699348625901	0.61273145706441	0.760765499652364	0.720020142118641	0.706769062537236	0.223690100302024	0.461281784218792	0.465612218325526	0.369027832971808	0.324625221433962	0.334139429736146	0.446443976205269	0.188375731322511	0.464280150284065	0.463264869275704	0.566714729443788	0.419760787301046	0.537561072929994	0.373235425666183	0.351064314144814	0.445992669181211	0.0561460006149786	0.163827263036412	0.192219788036446	0.386527901478364	0.257145546566566	-0.0367108109507416	0.198912467559193	0.423397963047531	0.334914088844301	0.10205525960475	0.426620943299926	0.25926095012344	0.526854984816988	0.390154271916845	0.209449007914307	0.49208193249757	0.471379384765952	0.389568644264097	0.425440618013977	0.253839233410074	0.360857681867152	0.480175898276577	0.377200443585165	0.656907728145708	0.493465314919957	0.319046110533016	0.386794477523758	0.42996922338213
0.551504766972111	0.600300338437785	0.594099501931189	0.817778464319846	0.524785639243135	0.744055278492941	1	0.189075958288944	0.256854035050612	0.381977641701947	0.188440191926399	0.328190747455779	0.108972479801997	0.44829053782931	0.485211443854442	0.659245676646364	0.223861145744247	0.229837240014509	0.473813329553257	-0.0795233189377487	0.305048458386643	0.383103655738557	0.0175305944664228	0.269983725299099	0.206055195146042	0.287582556433276	0.259083838505646	0.0577250555093626	0.1866390716043	0.23502982537441	0.351935390203738	-0.024978927860051	0.0898994686202257	0.391382552688223	0.790013118077739	0.617727494124346	0.329987207361247	0.114033535338368	0.571868946214096	0.362524022562602	0.423407792050988	0.423520316054694	0.496813961901649	0.241809983990848	0.112970765281577	0.199606243976244	0.308657748032922	0.707428237305253	0.252761965297769	0.34979135141594	0.672200209155493	0.596631407332878	0.629816758443928	0.768802843838491	0.770554666727434	0.902608681955382	0.126050849112888	0.300406321997326	0.355065054717617	0.308854372290365	0.256905876230456	0.367928921801839	0.46622022701445	0.131065727882993	0.488958233744495	0.426961505832617	0.484264278944459	0.257193823800715	0.50227612569961	0.296669134596358	0.314472442910965	0.309268296961879	0.177803568279046	0.0408231649594486	0.144282079710413	0.167361550350299	0.0557928359014458	0.00199461026733377	0.0852286474682542	0.266607581255153	0.286556236512113	0.0783188718793069	0.323841589237719	0.124705420142502	0.396216394412216	0.390548957599177	0.22678364806427	0.632764680512897	0.423496275296907	0.277623857451989	0.433625185110339	0.314399000237117	0.240465011333656	0.348147516521547	0.351500678409642	0.679463422033824	0.446362576248286	0.213804819071012	0.338790297577215	0.368376629566588
0.226642281922369	0.0810632821561662	0.0978644011201881	0.114126590670211	0.247064402765758	0.240409829186233	0.189075958288944	1	0.384660317087507	0.295737276369682	0.120937874270283	0.374431068284205	0.456025552815457	0.352517130297951	0.335692809415218	0.30182687231581	0.585040909006	0.731740717898091	0.447277141748716	0.523415463644253	0.129275569826717	0.397378829458635	0.31064415198401	0.205466312201185	0.484793195153876	0.061029214921147	0.276042989919326	0.0613380119396546	0.00302829693903393	-0.019296701142258	0.470112970112592	0.501485526926052	0.341009132978549	0.142602383768281	0.0623753478777572	0.224071726493722	0.176955540076319	0.455612327613998	0.12501957410155	0.0106150766397628	0.202845442007296	0.347608039235572	0.158024928414081	0.199943263869605	0.560395669732064	0.305512002753078	0.412816479826768	0.183546139888168	0.168141487579759	0.208305832575713	0.298718187081029	0.265362208145021	0.218672145143718	0.150802263512739	0.129855413638342	0.144922185848759	0.410899312217874	0.577033004789334	0.431031104799983	0.35448586064867	-0.0190748832663793	0.124789235067193	0.14532080038557	0.251495059884531	0.241308756055155	0.129163800363222	0.20993788521872	0.207723563441258	0.196676244370759	0.516251303077487	0.137219741092139	0.310360527513531	0.164089827977512	0.360873620532531	-0.0132056425336018	0.30496686509196	0.0752260727566322	-0.0542764019640109	0.00736750179642441	0.26180029584904	0.42763217005053	0.19954467007867	-0.172811779292469	0.233202017925857	0.577380940063185	0.208715655820042	0.183698300721554	0.0860437750364029	0.157490958768086	0.581418589939826	0.14740306783681	-0.0717020987800287	0.21421826305459	0.199397328226034	0.315796324314447	0.00142725964335972	0.186817729963933	-0.0303663179585252	0.00882452358176212	0.0109913005496296
0.256383184673327	0.291700293661883	0.256717032858199	0.200648124983563	0.341412505831945	0.330866560603585	0.256854035050612	0.384660317087507	1	0.36299144045133	0.13923517648259	0.373089704530017	0.401120780318213	0.233415029850993	0.257765305336591	0.182131932885856	0.361706894565536	0.241018372326968	0.560708454411829	0.46706774306527	0.364979221624061	0.242295116138183	0.243928536761403	0.448599834658295	0.503955570317061	0.43197016962117	0.553959465514247	0.0675018835853666	0.108388402899633	0.150843616740583	0.167415698641388	0.367786260813589	0.320865876485984	0.404380911012895	0.0438717524421194	0.367248464601418	0.387953508429969	0.504702556910444	0.242992633067512	0.206429152678457	0.316732320511903	0.310338247148811	0.176353272053178	0.535286109298293	0.472048239529981	0.325003692187389	0.336529310464489	0.202962255827526	0.210195155551481	0.280334877156612	0.335650672969519	0.270586333699179	0.257987501933535	0.315238312667429	0.205804042675646	0.247056471986972	0.152274097787813	0.457688993320174	0.395792487309269	0.769416533783132	0.336378015889618	0.201699127244656	0.312185162086985	0.229586138193546	0.335759989937214	0.374242440641683	0.348401353314782	0.352559900783192	0.367517394352146	0.62463789118564	0.284603979274965	0.151582751655099	0.3493924218934	0.635216655014275	0.324268899781158	0.48071432150235	0.459023571818834	-0.0994967453700904	0.114697539110355	0.347345893379121	0.141798237438469	0.167838284988713	0.279617722821125	0.329913879148709	0.51041595063038	0.129306809615095	0.262719084829085	0.0656650934567816	0.555680577189937	0.51333138216071	0.265506804048862	-0.0243379554862174	0.532419481635535	0.147361006825425	0.107039392026946	0.1950879885171	0.41880772039677	0.19996907624624	0.330405569060537	0.463700258788333
0.297357510172848	0.25611345823495	0.25611669429983	0.466342695464146	0.366001547228625	0.416101642951747	0.381977641701947	0.295737276369682	0.36299144045133	1	0.553947326164231	0.768700166580074	0.346928041572488	0.428937199639848	0.484882564613885	0.385022138002932	0.449703270564513	0.314007541298957	0.432356181477491	0.100304870723426	0.591368652697024	0.611531139487888	0.43643669201815	0.314122456841206	0.373936716408122	0.522085972879579	0.505960242770311	0.258474839686351	0.229860046988089	0.235862836627972	0.372242184026803	0.343614193640808	0.25287613045316	0.499855412661655	0.23264371044969	0.473984819147171	0.361228218175602	0.190463238450562	0.387338860659514	0.383067996595671	0.521124765269463	0.471633370086232	0.350854850193559	0.520319333879946	0.35695591588601	0.578387667018601	0.512436757902307	0.383574257997705	0.286053130737247	0.545135138570257	0.520786342944573	0.301547816754646	0.471637720053039	0.423030431692858	0.334637212280971	0.31314953607653	0.36743090114657	0.422046257037746	0.470681728614411	0.288756216298957	0.385284625817684	0.383206864554477	0.517281637212425	0.27736130103149	0.448391658248192	0.499175140069604	0.52713568767462	0.444616570032064	0.486089938191694	0.320272490983447	0.455356909093874	0.49421934834498	0.295475998589826	0.246945883261501	0.309712134387376	0.457613014210357	0.471198271314282	0.161294087643598	0.281947186996124	0.403378499315339	0.336925411066094	0.183933211896185	0.312995715825047	0.326383630503878	0.555921118999928	0.446500028402287	0.184370201035444	0.357623771691328	0.461473229629788	0.427618635008046	0.333524776899231	0.330802751241432	0.500859509473078	0.398706883446148	0.399784589375839	0.212181744378275	0.527251343579421	0.295707933251977	0.427955428327009	0.343231150777046
0.198328099379241	0.0587029020070512	0.143234123373327	0.22208988243928	0.208480979915202	0.245064041664891	0.188440191926399	0.120937874270283	0.13923517648259	0.55394732616423	1	0.389593743653504	0.166303190108511	0.314142013091038	0.16718308613218	0.252790220858376	0.265599340140142	0.13741380199535	0.151427146291412	-0.0421050572063387	0.509784806862009	0.443380170604117	0.372424705535666	0.184041382364332	0.102309718643127	0.350237168029866	0.207292375621764	0.33374340508717	0.292090400647787	0.156160680650262	0.314789123693299	0.239354810965025	0.0799305136524556	0.25489475542061	0.122593813573629	0.302239480206362	0.257242474524408	0.0753862626488594	0.340793633449708	0.328327403635072	0.402739871507534	0.13839543113652	0.238990774693432	0.365760631858463	0.0421244598188365	0.391646310886339	0.395163491248312	0.171816909422787	0.391923245276022	0.329433386778657	0.275301162522366	0.155883754253842	0.264351404085463	0.230836726367962	0.264561654885645	0.134279806755009	0.205484122171284	0.124045234488407	0.201366706784193	0.122848771661323	0.364243283252846	0.258244971407674	0.322928139633108	0.00902119647218931	0.307469023259723	0.343762971015161	0.30010791620939	0.201727683148713	0.289106671338722	0.162849928333709	0.353627000675701	0.464807506544964	0.0412604453616607	0.193618539482078	0.154997391016622	0.317584973325549	0.264022574112888	0.271196923975413	0.338483520037351	0.207081273739354	0.162876710304117	0.0953110656299555	0.326298520548392	0.3584160433444	0.227226810613244	0.288632226790857	0.0564658775019913	0.301811623490976	0.358119421206794	0.117132846753281	0.203965183664241	0.37047292093851	0.310588239248376	0.429906238476641	0.246926115354917	0.206641038994294	0.364153184518898	0.436545182071104	0.162889335344308	0.124004459324724
0.223123597982057	0.205242618965765	0.169093247949353	0.341556088838259	0.213113343867587	0.366003417746546	0.328190747455779	0.374431068284205	0.373089704530017	0.768700166580074	0.389593743653504	1	0.589225855026554	0.346636040431097	0.409563231019981	0.32322400447806	0.592833014794094	0.364160688477569	0.369365705706638	0.181859765251044	0.509389774943586	0.605530770122678	0.413647821178196	0.276123144086353	0.409019974532461	0.508249565792422	0.584872413219451	0.094530518112474	0.0276103804667532	0.234960088607473	0.333323315308672	0.436477402544499	0.400338336744647	0.522211147611056	0.194903955739267	0.303760917539147	0.379562009873387	0.313077838403035	0.434057837292561	0.308414819166195	0.403219779152726	0.463613233362672	0.342280174419172	0.512764269588392	0.337624231645313	0.551561013791933	0.546230909269082	0.411283921370062	0.160726194076052	0.417164406795005	0.454497917253895	0.234395095585159	0.458368352388405	0.318019254154585	0.25043937082668	0.234701667112354	0.458381709103643	0.558020555963008	0.546395111439652	0.347916580751807	0.156952987223419	0.440585050269521	0.44640780776834	0.514837568552695	0.413669711517639	0.443888745522169	0.417863295347948	0.568154569760007	0.434614144392819	0.380305238648125	0.472049816035758	0.492639327237898	0.263206561729224	0.236140274799109	0.264131716673096	0.493624004947833	0.477375247878009	-0.00425810563371348	0.159620072656005	0.427694841043755	0.550926486728766	0.388769096365625	0.177306270205758	0.284837157298792	0.655868247334853	0.524322968453038	0.261439449049735	0.271833984587177	0.383448094407129	0.483477698930443	0.377751234077981	0.122681034970114	0.503174734713966	0.402297511825588	0.539794279467207	0.131906827510216	0.478651568372233	0.0990099082980475	0.329995138327856	0.228935305202359
0.0589573226301849	0.0666737201080047	-0.00499995424583892	0.133568976003047	0.0837451936930271	0.234786450373344	0.108972479801997	0.456025552815457	0.401120780318213	0.346928041572488	0.166303190108511	0.589225855026554	1	0.0876057578118832	0.172180158409021	0.155106583778021	0.630714676763314	0.418741224734125	0.254627163017313	0.354904781760196	0.177589607706637	0.374996218128624	0.389066807828989	0.141174655871079	0.474727409904956	0.240631171356433	0.37750676353846	-0.123260570471872	-0.151396603635966	0.0552531739392394	0.17094417726512	0.480089020297603	0.546200244125769	0.245293940223451	0.0439985581298948	0.0665766445567686	0.220677403636356	0.353503727022389	0.201309853066683	0.0432060733083723	0.116523202348155	0.220106462601865	0.0459546034458979	0.279190203729042	0.461179167244367	0.375011205298606	0.411831603653908	0.208272585308318	0.0104498982161518	0.12967699186548	0.265468800366304	0.0472180870987903	0.246049937152279	0.108424698062937	0.106635856832551	0.0580808750778668	0.436323741654229	0.480205088488724	0.371989908506419	0.387900087355124	0.153671262350704	0.289523633586833	0.257531627994906	0.343284965152723	0.188479151543891	0.256186452095792	0.19095702360879	0.416549371146018	0.17228962196289	0.429016094653282	0.264295294034501	0.394087237566028	0.0515070555203251	0.282765603328784	0.21729577337601	0.413700679003406	0.259787980996832	-0.257201994518681	0.0448771062822706	0.267652195120878	0.382835523559362	0.294348864183057	0.132151530393687	0.186964034615466	0.525569067017508	0.194775287202269	0.203366475090303	0.0176444824083013	0.195060042231616	0.495287462463343	0.255293960188306	-0.163999035889764	0.290960955151365	0.210019701814551	0.303188056900126	0.106441468585372	0.216932451264473	0.110658363238516	0.210182187632058	0.157480005733605
0.67889670489715	0.542836155548579	0.507203872551114	0.53294098400329	0.61082356720237	0.289413614133323	0.44829053782931	0.352517130297951	0.233415029850993	0.428937199639848	0.314142013091038	0.346636040431097	0.0876057578118832	1	0.519555891976434	0.512053304118123	0.205289051188157	0.229415735247944	0.501462805033203	0.0741903932875126	0.271287414656091	0.342903951141275	0.195797564101017	0.283340844049413	0.343784061791036	0.173823052354212	0.197455463497835	0.344596735914283	0.31712711913534	0.243728462895586	0.497676686730778	0.139630802449854	-0.0167681078378909	0.338411321137714	0.327191269588599	0.522969441766803	0.292009734088013	0.12923238446038	0.310682088544536	0.370720836124392	0.527278930584406	0.273059441556234	0.45222842717261	0.229005332886586	0.243328580780998	0.202491521829216	0.341868997610891	0.20957054267586	0.475519632559575	0.388105871089683	0.598405238366265	0.666566271028765	0.48820484211053	0.427334195277666	0.359300707230281	0.427873384040121	0.123042101077712	0.304642126817178	0.408757347235863	0.203418644090933	0.257354398817926	0.158492950653067	0.194746361287797	-0.0212555085767285	0.609580757652197	0.407143400052835	0.399988876610782	0.155042958613179	0.477166524691943	0.273055543897708	0.141118508802931	0.245864790063149	0.200918681745651	0.228806629569873	0.114084479892136	0.145972295911735	0.0909293260641095	0.297817914422942	0.137170786639618	0.338431466422131	0.230887456723386	-0.1488922173637	0.234923274542427	0.320197023963085	0.332537134209126	0.40369350771647	0.172264147257636	0.410916755336351	0.335326058148499	0.375469390624571	0.116699675133299	0.459180444884126	0.23191773234445	0.208376606993347	0.291220630963753	0.108495759904058	0.426145792598552	0.324118349352299	0.285447070428279	0.218544945652312
0.518476533020222	0.500540140442308	0.488254627700181	0.569258299493918	0.492437972384857	0.4330702982114	0.485211443854442	0.335692809415218	0.257765305336591	0.484882564613885	0.16718308613218	0.409563231019981	0.172180158409021	0.519555891976434	1	0.523362374651831	0.385999318942089	0.380365331533732	0.575956996933565	-0.0414170258516108	0.319359567844593	0.447237296384337	0.187503241296408	0.192545729763072	0.315194600559664	0.40217621445027	0.312996134325527	0.121758986388846	0.205537217521484	0.290973710281439	0.47374657235909	0.228098060358627	0.0897519310703519	0.423062659693533	0.457374119172142	0.521396588236821	0.261120849760599	0.207471912088329	0.425065146504337	0.160181897557393	0.443731920229392	0.389383314452211	0.559988708276648	0.312738929198629	0.300999034384512	0.25422111005841	0.330559197947898	0.371726339808594	0.294145705726187	0.501920195540862	0.597133178512533	0.60552728984553	0.55155578552766	0.554983666367425	0.495130749833527	0.410740861639498	0.184012281079317	0.417053108636845	0.435062115675063	0.234009314695908	0.0641122051727394	0.196047119029294	0.208962103078167	0.282777436793195	0.494188887338463	0.391796432425884	0.504598037495285	0.360499670264841	0.513085180365591	0.285533321632263	0.162062149888403	0.26107861404103	0.179016076304015	0.0539349617212667	0.184885676701352	0.234653643862504	0.205690578251708	0.0326881513575974	0.0684161666478093	0.395923825127539	0.369972978217785	-0.0253582608110157	0.0713704916673646	0.187512644635614	0.396693071583461	0.355286229900306	0.194500061236565	0.338310437306019	0.273515084782002	0.31371168738077	0.292113749265011	0.161548939455433	0.253024307858281	0.226357903878281	0.365367774274697	0.276788935716254	0.372499980764205	-0.0762908720811712	0.273589354759815	0.247289507975057
0.557989854029557	0.475873893254907	0.483745773234678	0.686581553584603	0.57985828631743	0.544238002367353	0.659245676646364	0.30182687231581	0.182131932885856	0.385022138002932	0.252790220858376	0.32322400447806	0.155106583778021	0.512053304118123	0.523362374651831	1	0.364370126565534	0.421584135650444	0.649557749789002	-0.138155837273478	0.289383053453541	0.368202663851679	0.0242076414814498	0.489692721386903	0.174331339253531	0.131723693014078	0.172212738914603	0.169790368860039	0.233021038720064	0.210400221132618	0.710893814076898	0.186724889788452	-0.0217380479575864	0.221477406033973	0.733676620064912	0.75199822688202	0.273320497365772	-0.00281373070454848	0.587776772870837	0.11076430297547	0.399295191362169	0.378237215238795	0.669882527383138	0.123805510129038	0.0878458060515854	0.255903774941955	0.352355318553257	0.536582507549534	0.282837360549902	0.422927920865289	0.601928732300366	0.528004370948997	0.563219426748162	0.684369873405586	0.608983257227653	0.678471654235194	0.294181007658035	0.387754591346231	0.434532568730956	0.158574710549458	0.163887114785316	0.312865732275184	0.230188226633372	0.223397925211831	0.463294969344416	0.270533286679447	0.505264149256163	0.342659964530829	0.587246215738966	0.198669133825714	0.263179926691671	0.239316638725708	0.256113109310557	-0.0189795992295971	0.155866909103483	0.205532934277656	0.0517176667105271	0.134036512303561	0.0990338617517731	0.325996349320094	0.38853905743821	0.162737421255909	0.112234270289256	0.145617517797963	0.405883020362692	0.448797110344408	0.0905071857074863	0.721782566743678	0.308269786833366	0.288468919965542	0.460918739803082	0.201765601938902	0.177871486880605	0.273759070202431	0.393425562320669	0.477212183907414	0.306167897702735	0.0731486064209289	0.312738010552133	0.191905826881624
0.200522162266132	0.152698181657621	0.139262045158415	0.198977243546646	0.143752185555767	0.354637068135365	0.223861145744247	0.585040909006	0.361706894565536	0.449703270564513	0.265599340140142	0.592833014794094	0.630714676763314	0.205289051188157	0.385999318942089	0.364370126565534	1	0.675647999294911	0.491940069796324	0.359636513279734	0.440717387354285	0.495082396556723	0.312958518785262	0.350275324109648	0.327986321000997	0.25338693840851	0.318328476999707	0.015266309793427	0.055242445751621	0.177994762252877	0.521108854220011	0.598789414993114	0.351362619432355	0.323423231427254	0.16846944298377	0.337619374585693	0.40677910047414	0.400871690920646	0.412802361940824	0.0511581338372933	0.227228817601477	0.413343240177867	0.338532035805326	0.360346964251993	0.368599072110124	0.516059758138852	0.551572926907994	0.353519939385124	0.108728628478649	0.223897637435949	0.374026525507853	0.224659018733351	0.370304141346978	0.257385858441271	0.283735170590414	0.157697017152346	0.49299597237309	0.653878397733237	0.567722849697384	0.314079155140074	0.0594745362507265	0.247545995562023	0.262433009209776	0.374462641606127	0.294953693940991	0.236659635203079	0.374449126196873	0.571834183319891	0.39546271002081	0.417416741820666	0.38858866354789	0.422267570575795	0.213252768059068	0.17299700018539	0.201093894364784	0.477799354282839	0.288839708867138	-0.0803118530631495	0.0759471174083692	0.504424472832533	0.588634437223854	0.190855855524009	0.079365658415137	0.343819376017767	0.622843680351702	0.40551425404681	0.280500249336347	0.198470163207154	0.199456984220254	0.517142209075767	0.325926326975281	-0.063796031779987	0.334540727689642	0.395510931748666	0.46853895472808	0.0947252139288089	0.34341569634749	0.0575806365430086	0.231935529616129	0.0878916731047906
0.303217499408591	0.195234581150459	0.138655683042225	0.164757518136622	0.114640741486426	0.242383071679451	0.229837240014509	0.731740717898091	0.241018372326968	0.314007541298957	0.13741380199535	0.364160688477569	0.418741224734125	0.229415735247944	0.380365331533732	0.421584135650444	0.675647999294911	1	0.479820699486725	0.284280678675335	0.316663789724032	0.403435670008997	0.209393088376781	0.344598732709496	0.277107980124547	0.186859384365944	0.271266800656881	-0.191808470289529	0.0185624853469443	0.0119121195404808	0.653981258146154	0.57229512061881	0.212266546007409	0.320763621709617	0.188264522570135	0.332625646148479	0.332640172159653	0.432835773303283	0.367790899087287	-0.10989385135327	0.102457519865849	0.368048736374358	0.315396171592064	0.239333349556471	0.370157634846457	0.390869753316729	0.538441831727616	0.278630097201028	0.0148251557058761	0.294687584252627	0.362228010622723	0.345327852206411	0.334195852250873	0.179116056772178	0.170535607923241	0.232914297746634	0.453902935740766	0.655710810454952	0.618999974931664	0.169905816136385	-0.0439304949689238	0.275414221365626	0.233023522630602	0.245071429155472	0.297262529136743	0.048796000719722	0.386503519749373	0.41698633692952	0.364565271879821	0.346434566205803	0.23415307374298	0.311962253547208	0.204503088976468	0.144057418628098	0.115898045451064	0.382758479929961	0.11568464531748	-0.213435402154515	-0.0226550835542881	0.479814575516125	0.580893326154728	0.13505642920414	-0.05090362112548	0.280606101618978	0.585301279395276	0.329688138823238	0.301970264591104	0.210439116587317	0.13050842156853	0.552034051689675	0.354941238543627	-0.217188845405884	0.254743366850786	0.363393628510739	0.459900943232497	0.0372551070571151	0.175680046721656	-0.0990018588642554	0.139830186451615	-0.0710238244804924
0.664018340675348	0.641048889959816	0.673195762480827	0.463129192773919	0.624492736074456	0.534675980632564	0.473813329553257	0.447277141748716	0.560708454411829	0.432356181477491	0.151427146291412	0.369365705706638	0.254627163017313	0.501462805033203	0.575956996933565	0.649557749789002	0.491940069796324	0.479820699486725	1	0.0918275699831498	0.338639854572757	0.264454665887965	0.130272221295222	0.528375729950574	0.324928995998749	0.304362129220532	0.399185414064878	0.120603710701501	0.152118966376843	0.175378311759497	0.558008975913503	0.393314401138045	-0.0253774055914224	0.464563195963553	0.366077157642044	0.752209015264776	0.410257511307385	0.290847585606208	0.516039153075039	0.222554524932332	0.417994864645789	0.426933753780978	0.423901952800538	0.440481925991424	0.292672018869726	0.359589953151029	0.535175656789005	0.475156203546841	0.276228754044147	0.423396768404665	0.696054169828096	0.701259919171004	0.587743952861094	0.662669074861121	0.490206947777084	0.507981019914688	0.266135662542554	0.510103675915989	0.621697746174224	0.430402812511724	0.179621417235752	0.200912260991631	0.199167104771537	0.186001393104633	0.649742720752628	0.333650212525936	0.635841988415191	0.388699883969059	0.73316574106825	0.384853235193747	0.221927055656267	0.166951234434581	0.332905379724705	0.212492336982995	0.26095777912763	0.44473627725986	0.270547570723016	0.0203856611515719	0.00482979555720664	0.517820191783642	0.353894483417102	-0.00574583890242575	0.190523473026249	0.284984461622054	0.528772189005355	0.422979376581788	0.242392323285214	0.432835780036952	0.441583529940993	0.571285645805123	0.392829959621594	0.137398391286249	0.442014506534179	0.255427390214093	0.311406383401385	0.312441028098814	0.472391231468872	0.0959430422363117	0.394972531901957	0.305546204065904
-0.119695349406415	-0.117995238970055	-0.198159093566895	-0.141413488135347	-0.0270109944299988	0.0829017374907805	-0.0795233189377487	0.523415463644253	0.467067743065269	0.100304870723426	-0.0421050572063387	0.181859765251044	0.354904781760196	0.0741903932875126	-0.0414170258516108	-0.138155837273478	0.359636513279734	0.284280678675335	0.0918275699831498	1	0.146333695018659	0.124477380874478	0.328568303096676	0.0266696833122226	0.6120297554619	-0.0805877481700313	0.225495237485238	0.0216389786022931	-0.000820171136172616	-0.132228435902083	0.0696548095128815	0.408875109508095	0.355333528789811	0.0614314182486128	-0.3171894757878	-0.0823623966308424	0.0913933355872919	0.618961565233149	-0.0994894011649729	-0.0887110872711103	0.0734290171447104	0.247226836783959	-0.088373376252209	0.221643917604182	0.522489313003199	0.146247516585286	0.223707306258916	0.0044212355578835	0.0311500398168956	0.00106077094619526	-0.0309975489525931	-0.0576946846793377	-0.0983722894460986	-0.107088460608641	-0.054921412154802	-0.135317341625	0.103579860883091	0.381765319097564	0.224413666840911	0.46728448553368	0.0696388290979053	-0.17259797662079	0.125637373596573	0.206995741810103	0.033703067973225	-0.0264797435784143	0.00871511010122891	0.108757080514058	-0.0369206678374134	0.543386175600329	0.0472356281193902	0.176108456376612	0.0507673784567693	0.56393613333522	0.0786231986471549	0.263876832705663	0.101309350074269	-0.134133273019418	0.0799570546280967	0.180795375410132	0.226148379104596	0.125765350919329	0.0728953713905547	0.219042945665811	0.298894068383012	0.0234845405343219	0.0945957470207856	-0.24146672295507	0.0803524381387541	0.389709093030532	-0.00760485341365405	-0.169894700508995	0.203376110876598	0.156740334392812	0.0997346152362495	-0.0771080567317099	0.0892516927486567	0.153133332592599	0.0857696756784141	0.0639337504249686
0.288456655283277	0.214515448407699	0.298718598236	0.272654857338986	0.196853247915673	0.384329582980765	0.305048458386643	0.129275569826717	0.364979221624061	0.591368652697024	0.509784806862009	0.509389774943586	0.177589607706637	0.271287414656091	0.319359567844594	0.289383053453541	0.440717387354285	0.316663789724032	0.338639854572757	0.146333695018659	1	0.431888638911376	0.323194943351331	0.386508507756223	0.231071601043212	0.525117511238979	0.470749153007788	0.135943929807902	0.444003733932135	0.322898475357125	0.380145391003353	0.354835454866642	0.0763662589765808	0.474093984668991	0.126933412514449	0.39055198897706	0.394463496032782	0.265631270949994	0.496361373216565	0.190810661116818	0.458704512090892	0.410478802628043	0.523454359914315	0.553944262437592	0.072606034229141	0.529261442972912	0.476960785391463	0.340826435467474	0.191893443289538	0.570867687407184	0.299605379656551	0.333043772944791	0.461713701641922	0.377874500077509	0.291085604172086	0.274159791051425	0.275012793181108	0.421886106904807	0.473887734639335	0.333910262172757	0.28599027066381	0.314507325904011	0.330933766396155	0.296841655698919	0.407996876749536	0.357071178078884	0.43014986344326	0.519161450839637	0.517273749015817	0.351810720810064	0.358209763039339	0.394462200161002	0.296940105824626	0.35211586362331	0.407858169554467	0.454217623105508	0.409534596149494	0.0929391545263132	0.330831679702019	0.47403908734469	0.393917796054027	0.0297356173240777	0.362662336978889	0.388391915203833	0.463425307085562	0.46334475604847	0.205703124664111	0.222352892183075	0.318526622148504	0.263042741899725	0.431156389116157	0.162135915850087	0.530086294939623	0.473567717018583	0.43897818645089	0.241719261444774	0.430370870770268	0.222963963296217	0.41535202744792	0.258711991110824
0.24583766822564	0.138439601361063	0.162435862998105	0.440104142706556	0.297204692792467	0.472654877624619	0.383103655738557	0.397378829458635	0.242295116138183	0.611531139487888	0.443380170604117	0.605530770122678	0.374996218128624	0.342903951141275	0.447237296384337	0.368202663851679	0.495082396556724	0.403435670008998	0.264454665887965	0.124477380874478	0.431888638911376	1	0.503304406811641	0.224369924072069	0.310558403830209	0.3611734767367	0.349418217894833	0.291617642657464	0.152120821449955	0.292651272650719	0.375404497227086	0.419229660171941	0.297644835033815	0.406721673022639	0.257653403294095	0.28812087135554	0.260806722261919	0.179847801600494	0.379161896754219	0.354203988522711	0.519549312960381	0.350534008729827	0.384127963688538	0.37736821452676	0.37581123182258	0.484761137782068	0.43531582698207	0.408997141707028	0.347439808537552	0.327921687663289	0.417179577405985	0.264241213641536	0.460262111084668	0.350284749117406	0.340788898980223	0.277991412721762	0.319058596689683	0.469394166618604	0.386079939848579	0.18566431911006	0.103223696271939	0.398709621522164	0.374921652371256	0.346581112711546	0.350179187805146	0.415239865484098	0.341140826722616	0.480498719412231	0.267726390961063	0.291880801373441	0.337625097892336	0.584831609121463	0.166021171068091	0.161938986715301	0.0854864422809455	0.395271660402915	0.329759327542255	0.207793510053325	0.275146316239084	0.354207923281158	0.457920237722761	0.25202292390327	0.147378959899127	0.295592225084005	0.504017388081269	0.406125689245317	0.175707660534345	0.256277025953741	0.248301824179824	0.340908918504838	0.358524405053331	0.309669095638353	0.391099156460936	0.494299394628484	0.557574325639108	0.201157996113986	0.403158556703259	0.176888911446878	0.28810029312743	0.0901855685983082
