1	0.702512303048448	0.647915518229468	0.702755522936243	0.570388063281134	0.660434824675188	0.696527782855356	0.294291403130873	0.374990085734475	0.450644181086978	0.246507757271007	0.424523904856545	0.324387559415959	0.668542362073119	0.54489862657703	0.51858624918324	0.0629116620651952	-0.0566533242496145	0.19164139764444	0.120593498887273	0.24130579800703	0.304050037795819	0.109608158842836	0.320975576713221	0.327419155756717	0.398503220753231	0.438644773057291	0.0737088148671762	0.263510762239609	0.286219218336565	0.389324751692651	0.172879225730236	0.284641133321094	0.313153275351167	0.638697938107888	0.516510484992547	0.379687207213701	0.0921684548115141	0.235919938523692	0.136633387586751	0.242394640799124	0.277704463717115	0.149195085554626	0.297264021022696	0.0841543538229233	0.332771978496667	0.240210539329977	0.373485956093103	0.328728453951796	0.431978390363395	0.774107724569134	0.730125687933897	0.627287294446828	0.660296270055995	0.542695694854613	0.709573951749347	0.44099303568659	0.435283495052307	0.335710334529273	0.267663257155643	0.412150299637033	0.201394739071111	0.241565264820816	0.349114776097267	0.571597330851319	0.480856996141782	0.490403427931404	0.203078745684561	0.286418661250612	0.358388293102063	0.182578953329093	0.264910197941107	0.277512393087272	0.218469231191417	0.195116552672059	0.319950113429867	0.371509625785847	0.184271524346512	0.236338256460815	0.249252444242813	0.313584916359762	0.295307481315161	0.372274432480814	0.384735050362118	0.274709770815045	0.423547866402386	0.312265063801338	0.563133618325073	0.379015274504826	0.179080073175869	0.253112898894318	0.206045869063221	0.406131742615238	0.271839020365435	0.357322395516612	0.307657164053937	0.338603514295479	0.442640047274329	0.491381458950516	0.373073300570709
0.702512303048448	1	0.668272586683276	0.769036128693375	0.462290531202315	0.560570236852033	0.625472396183707	0.257756370739297	0.270111888598123	0.397195902753076	0.184515236971309	0.387771659498366	0.32091154714408	0.568167956814383	0.465321788868985	0.339786557009629	0.140279801428121	0.0282937904088993	0.145667330272191	-0.0164946972755911	0.172002366532334	0.267618193199795	0.0465260057169412	0.359197280351882	0.0537869747099824	0.169865658184337	0.214404828480019	0.139479103664326	0.336899936136852	0.306916361091779	0.182334964003996	0.0069181899367437	0.192935462599157	0.264722006364498	0.411126528040519	0.299666001124906	0.28978600467553	0.029577417599535	0.190630072288936	0.227049520086526	0.248207885786908	0.259110039176386	0.0902220794353893	0.187382353791936	0.0299171976749504	0.211441004748788	0.138579270202298	0.281102431201473	0.321569569626307	0.333735972131823	0.546991014906834	0.646557283058331	0.485121087888856	0.520142118586449	0.423824020216216	0.608969470950169	0.357651275055243	0.352581363792522	0.180702058448221	0.193578609200911	0.374204862592202	0.165805279526872	0.227050550119294	0.313963078285775	0.48601786397789	0.383666399433078	0.323052244708969	0.291614247747572	0.198576343594686	0.202902650534262	0.162011146188125	0.116426527160756	0.263024886107865	-0.00142579178207593	0.139340009930101	0.172258742504522	0.120437237605381	0.322605987873503	0.269370666630141	0.188121459135978	0.105292010524988	0.162867795375734	0.278007365305986	0.212564990678454	0.156522634207327	0.298475440902852	0.194367274207865	0.337478176099493	0.161585364843085	0.0994655023017775	0.224434045357531	0.292290900136865	0.241823888776147	0.150523188866386	0.343709770506983	0.366200483093842	0.34738717502702	0.392171607725373	0.231302523925813	0.222938080893806
0.647915518229468	0.668272586683276	1	0.724816447864704	0.619552843713748	0.698324387033913	0.66235929550632	0.248092004166924	0.263696311749084	0.434225214345508	0.220299056546575	0.489719619106673	0.502212354629262	0.597564514990537	0.421767601112621	0.335524247398117	0.165924077355196	0.0660502421154384	0.194458666835389	-0.0587989369683901	0.264241456199265	0.426091478954856	0.0686008304580409	0.439591163135376	0.113909074639264	0.192547818477673	0.19834257749875	0.213674885378695	0.330107166334545	0.236987632478056	0.179634214713514	-0.0693382713700622	0.150699588898707	0.201428880978582	0.569255484427189	0.407526928270864	0.390628948672994	-0.0813720936616747	0.278186177275481	0.220761334075502	0.26998626335862	0.188900313646801	0.101369281019375	0.164117018513602	-0.038222138293638	0.165359896630462	0.116054293555906	0.419514553393462	0.416903323530325	0.362281782191983	0.611458495979473	0.723342318475784	0.609519866513232	0.673032533483708	0.545732211512293	0.648918650162776	0.394333279694661	0.353192426179858	0.324689264178735	0.284549142953891	0.451972028548659	0.156652619725685	0.383940920767533	0.381879381039933	0.349047744462897	0.481496439289512	0.277119526005121	0.378635611569278	0.262583522529763	0.184624610166602	0.23506493447814	0.171884797291024	0.324281022971065	0.132059295937929	0.158447283353296	0.136470857454504	0.0310073611907836	0.210012440802362	0.278884233776537	0.26918243545633	-0.0279547416042372	0.209127915522333	0.169587834309378	0.128408865472753	0.0592648969880656	0.183419088883437	0.305197026039662	0.463038703781875	0.182369981065029	-0.0392423422972597	0.332664546128291	0.268397242520799	0.172974154194501	0.0966647501244613	0.164454187147545	0.42392526560207	0.377859225491926	0.485308145867877	0.325766431519086	0.214931981307017
0.702755522936243	0.769036128693375	0.724816447864704	1	0.685092757508641	0.730967881548334	0.819103481370452	0.417977169445397	0.401156968984477	0.541261410755151	0.315265411338158	0.54051413095964	0.459861995258445	0.640410618347923	0.66372698501079	0.514996982254628	0.127212247348043	0.0898158678247263	0.289646052592654	0.0621796874490431	0.275113750952823	0.478831879349154	0.189953417505622	0.39332571148404	0.250803040557544	0.29580304712246	0.332268934712918	0.107858172001014	0.266976577643077	0.2163708282189	0.22069881417954	-0.00853703802467747	0.231996158604379	0.218433732198123	0.595052726809425	0.323264171074298	0.33026136785678	-0.0798052733681845	0.155810186447804	0.152196468544231	0.272648787690424	0.209149451679351	0.038167490023901	0.155167557340573	-0.0173937137505345	0.146851342651775	0.0690868533641723	0.350561628707663	0.398925682554877	0.481508277251511	0.747092457074477	0.688532051592263	0.694640834117194	0.760779069355249	0.621045203570833	0.826338266201077	0.486789549854314	0.506204016208268	0.307258940690946	0.388372450616661	0.535655045029871	0.252522342398831	0.410410920469237	0.474672032745734	0.542459702528833	0.481922855780644	0.376685189851699	0.384969853046961	0.340273333441076	0.34432705167727	0.304574278070501	0.277238617659252	0.336581222483383	0.29425394379348	0.225807648565287	0.312549786516223	0.242266901358937	0.237875211392753	0.231905735328179	0.221695904598942	0.157534931775112	0.253057347150581	0.240159344156726	0.20469708154496	0.18742849112026	0.349540631240332	0.277142060819411	0.485213878677039	0.261734107418425	0.0999113811514786	0.221217510311008	0.269546741156856	0.288693861237647	0.207237093354754	0.313120692603692	0.422852241700647	0.419049756396665	0.458181120349071	0.332032406329684	0.391762465215796
0.570388063281134	0.462290531202315	0.619552843713748	0.685092757508641	1	0.794859315630853	0.70595040292834	0.343259389839143	0.299931587388901	0.488226069096127	0.280618107697655	0.44569878461448	0.405137229990608	0.623509215095115	0.643871862371646	0.429882970503966	0.153826367018504	0.124459091521611	0.184313131623971	0.0107261794875008	0.210411554413459	0.530121452423484	0.250647290733945	0.456447180696653	0.195528694540043	0.278827441066031	0.409623457987709	0.142363900594071	0.214931258616637	0.12680469548364	0.149231227448532	0.0752447666824594	0.177188562003373	0.238425703295219	0.615101398632738	0.283488073219193	0.383081950512325	-0.0750421921232941	0.250457255385045	0.141979492644221	0.22023021608576	0.173487540035407	0.085601644580526	0.0291791318098454	0.049209274570406	0.184297366363339	0.0499259314342947	0.499606479629436	0.515951481631857	0.506199351007874	0.725196950870079	0.462489031962294	0.595578647447866	0.811171996493664	0.750051528344836	0.730280708132557	0.498240907591606	0.545467397171098	0.335785548977537	0.371126694753271	0.530416300876249	0.297341652557102	0.387100209841941	0.402290807627672	0.429314292709351	0.4160544972731	0.301102982767742	0.341847607741511	0.294064172834272	0.256196669100315	0.324230115079687	0.324526096212921	0.367820567944568	0.337162250546484	0.246837172177215	0.32143838671745	0.243598606303775	0.152373577893364	0.123792385819	0.188078309492639	0.0236846455359165	0.342967189424861	0.139933501060658	0.127511453925138	0.177644803760206	0.264840923282478	0.385003333138275	0.513152554360827	0.224699279390016	0.040665349198614	0.360073913083255	0.220694593731551	0.241096605026941	0.17991595600183	0.259119258304664	0.510873751466899	0.417210373408632	0.536327251793807	0.331634725622872	0.358731570676
0.660434824675188	0.560570236852033	0.698324387033913	0.730967881548334	0.794859315630853	1	0.812493382456563	0.319418989728773	0.266417365239962	0.484370830898456	0.235963167148612	0.392356029664256	0.442737084576722	0.568919817777597	0.590208543749727	0.464753704452148	0.0904105753097922	0.09161603762076	0.0949377308859105	0.0332250492045521	0.163862199605483	0.467227381158015	0.184962663791592	0.526895449189923	0.1561328710795	0.288319554528694	0.451390553564162	0.236304051910302	0.327880127949795	0.159253161831627	0.275365734140348	0.17661369555396	0.287108455049379	0.305905032766519	0.629362693714308	0.428075959274469	0.519568374605177	0.0810543722736313	0.412537343948328	0.251827964574032	0.247523691242613	0.0849575476824843	0.191053931622553	0.219871798667419	0.0751595270287398	0.295056242432942	0.201231006025505	0.642045650988343	0.496748087182881	0.468629317457851	0.702119068425357	0.617724259931404	0.604896766496522	0.862546520646283	0.790712761598254	0.755261602957812	0.472389141925524	0.509139268976406	0.32410027459261	0.31815347363167	0.518322565680699	0.278995412583148	0.441821014258223	0.508858653072399	0.376520630185558	0.500975335131772	0.444860261085824	0.431995909447846	0.291032554712989	0.250094935222795	0.327100734337348	0.256317590492042	0.35309369739928	0.33055947222282	0.166950501188622	0.275202958603181	0.288980471775017	0.195751463326472	0.24922220260471	0.202023883270349	0.0881415912973984	0.360223401201922	0.261100422188863	0.191664359603496	0.178522054727994	0.330493913944109	0.486840236216503	0.587978406719463	0.192617230925199	0.0951069965322632	0.478662998737836	0.344742383279524	0.324871498940959	0.167930741718792	0.221013436401501	0.61557061171197	0.461593441303264	0.453758174956648	0.41084716588384	0.280463287101384
0.696527782855356	0.625472396183707	0.66235929550632	0.819103481370452	0.70595040292834	0.812493382456563	1	0.401112805220038	0.417706993641541	0.570343566607494	0.306063335321377	0.478652794701052	0.469191798015488	0.606690434160423	0.715905783693709	0.566408905550119	0.138209771455653	0.0427428904187545	0.255774597621768	0.12536567268298	0.321317146847967	0.407668886092011	0.273714858202724	0.452508302453949	0.351931255841203	0.381843697692418	0.428774901421536	0.0415124983710252	0.226041327548331	0.112772191946854	0.298512550488118	0.0229399925270931	0.269392546508703	0.203306359415987	0.742914583479187	0.447041003275978	0.348198265209861	-0.0413999665784179	0.212155884426559	0.0933627942993826	0.233645353117914	0.172219489502162	0.0599327332615805	0.177174979259786	0.0251308520415349	0.286918035011402	0.0836764367374867	0.436298803403785	0.363864953633309	0.507583260154776	0.694935649081985	0.572144067873588	0.716717996573608	0.801146898656478	0.717748974503124	0.878515751684617	0.603181586811805	0.56053815869449	0.322297350388491	0.450824623352809	0.533131210684517	0.288280258166941	0.386494588599129	0.51096261782891	0.543911607957788	0.569448621831964	0.498334400061313	0.389510732286374	0.382242419934991	0.410857626737231	0.345619331786044	0.377089849012932	0.330745626639573	0.427497307333829	0.292452946104878	0.420681997480573	0.305867042879574	0.21350130719466	0.195368908029771	0.223134694102744	0.194957460732975	0.360402776634004	0.267042386756112	0.308357087029059	0.28218793480806	0.42511104990454	0.338380738252069	0.652682273765871	0.347288262813272	0.120905936601123	0.299896147123748	0.226449359772894	0.426804155866459	0.335001733407251	0.370944189775174	0.422629306094202	0.425294632876781	0.525809005505821	0.481895390917043	0.450828863924825
0.294291403130873	0.257756370739297	0.248092004166924	0.417977169445397	0.343259389839143	0.319418989728773	0.401112805220038	1	0.577880474679421	0.447838084856185	0.45992255100804	0.519525524736235	0.499187467038949	0.347632147740564	0.400466923763852	0.422227565024586	0.446783689613131	0.448717184382033	0.627091362543112	0.418111880814773	0.40020991148845	0.354057743755913	0.426136800711267	0.139927856197023	0.471885297492041	0.145760634483717	0.250075990409634	-0.213273754421149	-0.020089662486032	-0.0430976348101652	0.121298634904309	0.0460639359664205	0.371959817035359	-0.0674264762236873	0.361995855801047	0.189609581402589	-0.00331083425258311	-0.019472981668361	-0.161980915871616	-0.21682301053505	-0.124952299496192	-0.00228581871801689	-0.210988542377296	-0.0605928230609477	0.053594650352737	0.158817479614202	-0.00158717492910827	0.142536389685442	0.0347952188832994	0.412750826381155	0.3586869065313	0.288929710032653	0.432204241984641	0.316200961457195	0.256949762068677	0.307312552024007	0.446597877799304	0.577200071993175	0.580076190229607	0.52481959553062	0.420314650663977	0.378748343118152	0.402419694250226	0.335116977196727	0.378989962547523	0.0945030608117696	0.321240391711858	0.554419008357616	0.630800663115082	0.531135699838564	0.431974340334984	0.501384436428577	0.181875150918745	0.435562647546953	0.440547813806374	0.323834616412418	0.106128673082375	0.0375698064645102	-0.0750988253382878	0.427126804780794	0.150938139685686	0.183421283108045	-0.0379719200470266	0.122627346630533	0.194273870941569	0.25651320455352	-0.0204037644669108	0.228794372417893	0.22497786849458	0.131816811522416	-0.0922314483672864	-0.057525949477145	0.129024656052748	0.274602413305882	0.286071670248217	0.060740440094828	0.237599658702751	0.232420989421213	0.177374910296285	0.432486811593013
0.374990085734475	0.270111888598123	0.263696311749084	0.401156968984477	0.299931587388901	0.266417365239962	0.417706993641541	0.577880474679421	1	0.47133324241021	0.379931572231681	0.500794839335331	0.229737650040469	0.268330800585531	0.368339346539319	0.37930129010671	0.1787238529058	0.136771661468583	0.59745502369691	0.372995557090865	0.428447589669596	0.339740774143848	0.32611075876018	0.445574192786649	0.447395181562458	0.253201959921294	0.222370496746156	-0.181508308995479	0.00663434217830559	0.0709780114431668	0.156779764465019	-0.00541568197477275	0.108604490313755	0.163781802023154	0.401135035900238	0.319987738435495	0.137358574059431	-0.0554893984991561	-0.201573008193136	-0.135056696127421	0.105496145730141	0.162328611534828	-0.0528213727077237	0.0230177471606687	0.0381803693341832	0.0289354177371897	0.0586462304091041	-0.019558784218383	0.0702573670968532	0.398564168558638	0.394283622234195	0.20021227286174	0.417018121212522	0.293289110812237	0.155726182930755	0.384151481692675	0.289164162025774	0.579337922948756	0.568618506828979	0.827567857546591	0.457810278254299	0.441472656037615	0.334129140806709	0.354297707703549	0.430703163816043	0.240992327324555	0.311120770229544	0.348563864306171	0.625841672746592	0.464841484961514	0.390672567873713	0.402743460474126	0.370151228466494	0.389010112553427	0.397851603732893	0.346894144068786	0.140034852616274	-0.0576734963218837	-0.0325791750250501	0.290028990611107	0.164781824579674	0.127314438175608	0.112419118365372	0.249545035314689	0.151980475463188	0.318547360697286	0.118667763073664	0.284157072063757	0.385610669172285	0.147331116112983	-0.119547973976494	-0.115709995315114	0.205886185581138	0.227614827654501	0.344707013680365	-0.0436858843282175	0.160868279979368	0.260218251575556	0.251074068866074	0.48639502409487
0.450644181086978	0.397195902753076	0.434225214345508	0.541261410755151	0.488226069096127	0.484370830898456	0.570343566607494	0.447838084856185	0.47133324241021	1	0.648260251902472	0.692588743633898	0.383673834281937	0.460291247063469	0.530054609454405	0.475786426921263	0.127573208416014	0.0356175872673535	0.369981312250219	0.232205982020919	0.529795536345906	0.619259602216832	0.462221195881276	0.422478911105083	0.382210009860799	0.273052748163976	0.407843911109939	-0.0943883132059825	0.165639536033827	-0.0301921169757789	0.18971963953442	0.0480825945480707	0.256233621270886	0.0898261758361533	0.461966014269292	0.326785054542255	0.161565376515262	-0.115884301004984	-0.0301975235789519	-0.0777757521252763	0.171257809596358	0.379059130016859	-0.0288943245814047	0.0827550117369569	0.0758420877148563	0.211567441015081	0.072192831094479	0.211696733871906	0.309933740088846	0.611636154274964	0.585646412735147	0.368765955331976	0.557413185538684	0.576420703404366	0.518926160701668	0.520670457692755	0.480988196914378	0.532130709795863	0.401396541615069	0.503408694224917	0.605586693627274	0.478935320560549	0.341449998857879	0.350118233690668	0.462915049376371	0.37725519990618	0.406306965753992	0.241910585857497	0.414804686472966	0.500876708080425	0.379864633478573	0.600602699226373	0.287236002763973	0.374396277166893	0.403719893184182	0.405874386731717	0.331922223249194	0.196966414287101	0.165668791042288	0.25005842804954	0.227713753357444	0.49282763093075	0.312357571288784	0.321815132779716	0.386884585831762	0.409733644480878	0.161593496561666	0.488089512822463	0.485598610432045	0.0870740980804002	0.148705034037706	0.0437484278427468	0.423340025675361	0.540912101982816	0.642216319086595	0.241896596354231	0.296115599662611	0.62599875799173	0.568996332246611	0.510535726000158
0.246507757271007	0.184515236971309	0.220299056546575	0.315265411338158	0.280618107697655	0.235963167148612	0.306063335321377	0.45992255100804	0.379931572231681	0.648260251902472	1	0.588109725036981	0.429184399422466	0.418839724408899	0.384989612563336	0.340120077488279	0.227838837416023	0.0779263073587152	0.360647232318978	0.127648323548034	0.444673187199377	0.489422387699163	0.464657033686538	0.205317177334171	0.216968872970605	0.0974854472220883	0.256358108217523	-0.081131061206106	0.143877727314294	0.134291948720725	0.0730683072503871	0.0708125410942213	0.461742375236163	0.0681586400991889	0.252883723288024	0.234994964562714	-0.00521904613741056	-0.159494166610452	0.00310206471074267	-0.00654975971980035	0.189772009775128	0.190303086199825	-0.025914516474258	0.0888216253740351	0.0802683888497759	0.118128601798126	0.118238245789804	0.170912715152145	0.302589942275937	0.425013871916574	0.366180497342176	0.196118402164377	0.36440853471935	0.287427604130099	0.286303171931176	0.261255338921121	0.322943644163432	0.377053790374234	0.318415648237704	0.358176032004594	0.502674208987843	0.47417750693679	0.178800987987313	0.25174919428725	0.37525201212023	0.264327826236917	0.322933459368666	0.236043234483376	0.351897948914437	0.278449900858187	0.400292895959534	0.473703291587076	0.0816390662523015	0.163150165184169	0.22604753988615	0.152222532626219	0.227253392530496	0.102759908179091	0.105990325069093	0.165218230409392	0.118266561798546	0.240589883985817	0.201531460134465	0.111772873352095	0.194953186058777	0.179263310003465	0.0455759246808543	0.284175439015878	0.259768220376459	-0.0492174286299805	0.14884278732215	0.140395707861316	0.244290473449457	0.283426921662172	0.502298826028631	0.166094681165688	0.354024443203657	0.324649345382321	0.375089630050438	0.37635915481584
0.424523904856545	0.387771659498366	0.489719619106673	0.54051413095964	0.44569878461448	0.392356029664256	0.478652794701052	0.519525524736235	0.500794839335331	0.692588743633898	0.588109725036981	1	0.49062293928328	0.393032675143742	0.312916916021585	0.425489941107752	0.394689629398385	0.141622131190996	0.577007267654491	0.113964862815557	0.633241223393786	0.625141107096781	0.485656307730493	0.304972301661123	0.258135217344617	0.0787749029845879	0.22530013429522	-0.147381876315554	0.122027239052264	-0.0442450616520711	0.0685805066356342	-0.146785427597522	0.246141673347845	0.0308017249636082	0.531899334843372	0.330722839771768	0.101372619775691	-0.247909105097187	-0.0412880229785629	-0.130449928794497	0.0300245140709403	-0.0602591743559802	-0.178808681638563	-0.152545728998854	-0.22970397269206	-0.140498693735218	-0.18905385057432	0.187352698515314	0.179304297267035	0.360933129432801	0.544276671171969	0.430138914173439	0.573986974796872	0.472180471741021	0.364764586181175	0.457751594438309	0.429026090516271	0.397634416705079	0.388877506524535	0.420714686416022	0.741657492968628	0.4801884535642	0.626741980574207	0.281463414943946	0.429853431840715	0.279146083411501	0.290839918988585	0.389918401709737	0.57447437444431	0.434296131066587	0.594118680995856	0.594109334466453	0.300858464115182	0.347680820033221	0.439228518561428	0.240899597049989	0.0761026549687493	-0.0434731360039397	0.0253226525347258	0.361603053597557	0.0120780747754616	0.197237771228888	0.035834142173413	0.128689926157587	-0.0156972826016986	0.220664631631223	0.117696169889956	0.352591285448013	0.284957484413151	-0.100640932408876	0.0874920711808302	-0.0449406522629211	0.0516141950692262	0.231029466335791	0.430153809226601	0.225387139833067	0.333406780480263	0.463078429441844	0.290044980540409	0.50546216524637
0.324387559415959	0.32091154714408	0.502212354629262	0.459861995258445	0.405137229990608	0.442737084576722	0.469191798015487	0.499187467038949	0.229737650040469	0.383673834281937	0.429184399422466	0.49062293928328	1	0.453541185127036	0.368612449805906	0.33249422811606	0.506846482733188	0.300717253272379	0.296647071370637	0.0661652279286682	0.318726636948014	0.403851766701491	0.296166161375829	0.310447905466673	0.160354784539701	0.21274979484514	0.132732598424612	0.0506448332088147	0.182972683334882	0.14743884301068	0.154076513531575	-0.0173251970312254	0.379413366137545	0.0119097178537547	0.419662089870913	0.25986123961452	0.103124599277398	-0.102207002944484	0.131404107196708	0.0189465585296376	0.0809105066618667	0.0825481213479106	-0.0187821703987765	0.102351467645219	-0.0665444457686413	0.125098897940169	0.0975854214649976	0.275115632303212	0.176918643784114	0.332575433610528	0.40825707699181	0.410316802944177	0.527063230097807	0.438582501740892	0.384346806497292	0.378703398291661	0.419258789789786	0.512653116456932	0.254261582469023	0.24406158037791	0.42158089098512	0.304827655263645	0.39693044197147	0.493104551949272	0.2716997020824	0.248895449198587	0.138968572967555	0.552200199070459	0.354117385132132	0.207829518658089	0.369787197725653	0.295200290029774	0.180877063509301	0.194049103711246	0.22894376404305	0.1078388285262	0.0411480262238012	0.145093868465907	0.09047526732732	0.270448785905858	-0.0686546626279691	0.201224771448954	-0.0308838901986631	-0.03632453812119	-0.0239247181909063	0.0667567684225536	0.120859707017059	0.232009063621754	0.0340478949505078	-0.106554722133565	0.139065025462018	0.132374781725605	0.115363844375068	0.137441156481324	0.221083280021795	0.278525791761434	0.435666999799477	0.370898502958833	0.226717565787688	0.227659632450671
0.668542362073119	0.568167956814383	0.597564514990537	0.640410618347923	0.623509215095115	0.568919817777597	0.606690434160423	0.347632147740564	0.268330800585531	0.460291247063469	0.418839724408899	0.393032675143743	0.453541185127036	1	0.676929889835491	0.565291019693234	0.214600768058022	-0.00898076458206995	0.225860033347765	0.12645708007926	0.272246289929724	0.382559203314416	0.222077355193363	0.270614104273217	0.302322876077407	0.272345069706827	0.340331209733912	0.198454504829523	0.30741168144611	0.488067281120973	0.25080261563137	0.181575574138074	0.383023903074381	0.335280157649214	0.46218452283852	0.41203983033483	0.228734232776786	0.0277817399873711	0.244344004175232	0.212777068745988	0.342515132517241	0.303238940591589	0.165929177752439	0.299790230126057	0.0424658458861756	0.356521811497603	0.330636076122054	0.386812070569833	0.496785074085486	0.534577332239396	0.733651128260359	0.583426818250795	0.688411928709034	0.576325779030749	0.544399365821626	0.666990731765272	0.4644977325298	0.423306734656023	0.290831432512414	0.258537182166716	0.376661405489115	0.253890547386702	0.248717879403842	0.308696081820687	0.612188995089605	0.509077958107555	0.393412999142265	0.198275030417538	0.25910810727489	0.334711426756587	0.215165448556499	0.293288731056493	0.206807187697005	0.260757215018408	0.123903917543573	0.191682721879978	0.356663222337863	0.291264159335331	0.228322819865481	0.138818670554384	0.205548576614199	0.312148833144736	0.26082984842667	0.117001651923049	0.189292683168063	0.280002357952952	0.222384017306092	0.436783257919868	0.225083009958142	0.174458656995632	0.260537174278927	0.286350762101483	0.352401702883905	0.160422422296055	0.41653422377632	0.371966861387142	0.469703265070317	0.465900335847605	0.426120466615258	0.359844657172979
0.544898626577029	0.465321788868985	0.421767601112621	0.66372698501079	0.643871862371646	0.590208543749726	0.715905783693709	0.400466923763852	0.368339346539319	0.530054609454405	0.384989612563336	0.312916916021585	0.368612449805906	0.676929889835491	1	0.512584555107684	0.0428031461869882	0.0135045159852849	0.220229180329347	0.184688562795676	0.196753731306833	0.318560028608099	0.234367229118903	0.360768845043707	0.369880799065035	0.313365215892845	0.485152045826047	0.119088062850192	0.102836828229176	0.184254546689679	0.18177314923698	0.174960838033941	0.236584185383047	0.277348222330781	0.472015035344143	0.292273144241607	0.254967985181556	0.0196754542239857	0.102973397470979	0.0990153986988913	0.30456451958207	0.305349229508048	0.121500329397304	0.255098781707436	0.161595607549776	0.355887076403033	0.215098485238472	0.352475593603106	0.377819418592446	0.645911539422218	0.600281276544072	0.328663558892912	0.659921300410475	0.611931504533921	0.57998782622861	0.720860195806153	0.536597499101075	0.556385739351782	0.283815628198811	0.438621590710436	0.430758016819161	0.311589141023297	0.222245087476597	0.401844128646422	0.595885800673639	0.53272641405563	0.443546610556643	0.200747153686402	0.320558578470848	0.386517193918797	0.227264206373845	0.352370118567273	0.277168305860916	0.391598781226559	0.205788752346254	0.382102057552049	0.475116869702237	0.338642629370462	0.150476744537236	0.0615524178926296	0.308077144470151	0.427208041952414	0.297369237755329	0.247423585120006	0.426089535024969	0.418528150706745	0.227046388106102	0.510590136618479	0.386086612543748	0.325891166276742	0.200404804722331	0.22330525711715	0.509420618526309	0.378548536314938	0.491929352164033	0.334555567375201	0.374453941167799	0.436171994631955	0.471610657706021	0.466280765599844
0.51858624918324	0.339786557009629	0.335524247398117	0.514996982254627	0.429882970503966	0.464753704452148	0.566408905550119	0.422227565024586	0.37930129010671	0.475786426921263	0.34012007748828	0.425489941107752	0.33249422811606	0.565291019693233	0.512584555107684	1	0.34005587326951	0.204892373739775	0.53528580255226	0.350818049358378	0.441255642929028	0.27749956679552	0.42897335547657	0.20396586255172	0.433598991091289	0.417212143577526	0.445206983658561	-0.29750279471082	0.0046679499780748	0.182925481087427	0.679664017071077	0.28976814739902	0.39554961268178	0.101665604372203	0.717899711779705	0.726866700081849	0.148672700177829	-0.167511157160289	-0.0447967121839989	-0.333870961115876	-0.16089885109624	0.118627912800108	-0.128218901686221	-0.125814241394082	-0.219305047703212	0.254261342238832	0.13723113391522	0.151733663621622	0.188920558351047	0.440594168410716	0.587846365592757	0.351021486880243	0.675058721049978	0.524780909859171	0.362224570940523	0.605138688878488	0.448417915658042	0.435486505830115	0.365177513822758	0.281039062886422	0.344817932976216	0.104542490010451	0.293518437970649	0.298442995005978	0.666465576191038	0.227522254917544	0.802110823166113	0.315157059662375	0.661959666035798	0.695179567701927	0.344145085860838	0.468076909812355	0.341476513419055	0.531806741358537	0.44941401085404	0.579659852871303	0.489623934184712	-0.0273747476865555	-0.183329525815804	0.481610728638814	0.505566304155472	0.517165470985629	0.190436807286388	0.458022532249845	0.177588506372107	0.582140151337202	0.118301522052691	0.712663504930328	0.503569377589034	0.12875335302476	-0.00032515761440279	-0.200720236203742	0.136186427619056	0.314199812918689	0.40505219554575	0.139755408244514	0.282866568918228	0.303939861653608	0.4806465819153	0.620174001213487
0.0629116620651952	0.140279801428121	0.165924077355196	0.127212247348043	0.153826367018504	0.0904105753097922	0.138209771455653	0.446783689613131	0.1787238529058	0.127573208416014	0.227838837416023	0.394689629398385	0.506846482733188	0.214600768058022	0.0428031461869882	0.34005587326951	1	0.525186844436409	0.504229625072762	0.181957814610621	0.532558075270226	0.310458806965618	0.427369017668554	-0.024852195201545	0.109957003121056	0.0461997976604822	0.0952279520253493	-0.28361831017732	-0.102739796004029	-0.0574983657954243	0.200025767186671	0.0484341886198199	0.415686686671992	-0.249852717606388	0.255853754537551	0.229241905176762	-0.199293053335011	-0.324432198294392	-0.256800379670069	-0.410164872714715	-0.30574706471391	-0.291995333048678	-0.359005548262916	-0.385634801335664	-0.340160888303604	-0.113667704824106	-0.153273871128003	-0.0306877639977722	-0.120875802387686	0.145903698299909	0.0537778920967442	0.111904117213462	0.216518067023943	0.0389852387910558	0.0203665315873872	0.0873881376039192	0.250506116343125	0.257530168958899	0.354404680059852	0.115113405279364	0.314513160925935	0.180100896040752	0.506178390051732	0.299756727050013	0.19970647110438	-0.176757135702461	0.222825477271686	0.584025176435201	0.552908930700485	0.350766187591976	0.58223287638442	0.366043269459428	0.110165609539968	0.266767150462418	0.492268476625961	0.2023038128068	0.0217804588478589	-0.0770751372903367	-0.336810241494313	0.584610091068481	0.0131397537260078	0.223679195932368	-0.380053767563629	0.0264703896275384	-0.197012131795773	0.0745688516946948	-0.173369759814244	0.118213246685503	0.016689342577855	-0.267529098968658	-0.242810313978756	-0.323003263304448	-0.290243979144114	-0.0352876886729662	0.0656166018998582	-0.0193760517891736	0.0446286766063433	0.0940977202758644	-0.204748659157201	0.218787952612635
-0.0566533242496145	0.0282937904088993	0.0660502421154384	0.0898158678247263	0.124459091521611	0.09161603762076	0.0427428904187545	0.448717184382033	0.136771661468583	0.0356175872673535	0.0779263073587152	0.141622131190996	0.300717253272379	-0.00898076458206995	0.0135045159852849	0.204892373739775	0.525186844436409	1	0.374787468483282	0.156550918930236	0.183047714564127	0.171450024572521	0.18669062403022	-0.0167018340834618	0.0882339907571292	0.0746557145048048	0.0322789206734949	-0.271946377485799	-0.30591058116639	-0.208852093999526	0.33851852291608	0.177679995636125	0.154746571818273	-0.126239514807996	0.15753109838453	0.108678088269773	-0.210791323682885	-0.161442747575145	-0.279296341812671	-0.421638146529748	-0.342711507035718	-0.237528038094602	-0.308622355197786	-0.305885264093789	0.0615017043934876	-0.0768988354572274	-0.0937457557321246	-0.137255426722969	-0.273563705978503	0.00240669019669807	0.0175938665398474	0.117349611128614	0.0431868918671875	0.0614074258387237	-0.0421650736552333	0.00806593421052582	0.0535553641752115	0.228394447206232	0.242235902356357	0.12948641148227	0.112875648302991	0.0366967081632345	0.207079616543754	0.134033902092921	0.0593966849439987	-0.265983617163988	0.148440448507242	0.561272558882775	0.423178618163149	0.197330421854976	0.330948700172175	0.133488950119742	0.118139607466882	0.0945362658050264	0.395199035388637	0.276286114815466	-0.0147432412479132	-0.0922397920268015	-0.35143479682875	0.48435877083803	0.147253680970939	0.162600486757527	-0.246850607391953	0.179963451458607	0.139594090085291	0.180089548988518	-0.204821871262239	0.0618699983353775	0.0508021420357181	-0.0801546796750591	-0.290242205000087	-0.283524436389642	-0.161194209768387	-0.00116032775829072	-0.0589339979146909	-0.165698908419855	-0.202674255500747	-0.0339362043361135	-0.156708147285769	0.0903935218149768
0.19164139764444	0.145667330272191	0.194458666835389	0.289646052592654	0.184313131623971	0.0949377308859105	0.255774597621768	0.627091362543112	0.59745502369691	0.369981312250219	0.360647232318978	0.577007267654492	0.296647071370637	0.225860033347765	0.220229180329347	0.53528580255226	0.504229625072762	0.374787468483282	1	0.342519059657515	0.640348731000571	0.302836068652248	0.533924135598849	0.0951559150110337	0.340089804195324	0.163261513953739	0.214006296500947	-0.541564179008924	-0.189441682930575	-0.177166945913285	0.221183549359194	-0.0653211886429685	0.22291583341164	-0.215524254666318	0.415738170500625	0.321788512101869	-0.155674061222272	-0.36831831106836	-0.489793199380723	-0.519706605298868	-0.368702690700054	-0.108193943435378	-0.488148620587297	-0.412406750943794	-0.350147486000499	-0.113031153669436	-0.279674001446331	-0.214369389134248	-0.130914361065691	0.299746004767133	0.263152498958815	0.165966436490512	0.369218056588579	0.164227977720838	-0.000521354884007241	0.234418917751965	0.403978116228789	0.345301750798131	0.472088845235925	0.439187964804881	0.40567135728082	0.309047850970594	0.440519931861863	0.129434305870035	0.413764805831446	-0.0394323097148048	0.388597360876932	0.397078943226179	0.842371942556345	0.651176186725739	0.576661466616046	0.588390297326202	0.163777760208145	0.427068103547285	0.659083767930055	0.459878230474706	0.179956287421805	-0.290859189991323	-0.341158672748049	0.578171164942771	0.210007479221513	0.247329565593441	-0.189365044097542	0.28996517055294	0.0620429138144417	0.293491674643116	-0.218421384773205	0.23043814054821	0.434564645310795	-0.053380898216706	-0.375672626934837	-0.390479529546211	-0.120413095827002	0.232254983333196	0.312276471159819	-0.191292260810333	-0.0314807670750596	0.140727880530296	0.133302499128169	0.666945696960989
0.120593498887273	-0.0164946972755911	-0.0587989369683901	0.0621796874490431	0.0107261794875008	0.0332250492045521	0.12536567268298	0.418111880814773	0.372995557090865	0.232205982020919	0.127648323548034	0.113964862815557	0.0661652279286682	0.12645708007926	0.184688562795676	0.350818049358378	0.181957814610621	0.156550918930236	0.342519059657515	1	0.0960567672340247	-0.0119979536873522	0.248367632675756	-0.00543603906260441	0.608185479516964	0.340163190399798	0.259276656910562	-0.187520322887763	-0.0165940446874408	0.050901370135328	0.292063177413128	0.35264789341499	0.401371050371176	0.134088403076609	0.109215393674733	0.263512848173548	0.0132871200559125	0.226059652081568	-0.187090946034718	-0.295340470361062	-0.0570761477577898	0.07282593495831	-0.110415592188208	-0.0300086476026619	0.212095477375087	0.22003076183893	0.176538207382458	-0.0772903675542035	-0.145660190161836	0.257098035717328	0.0952158106215128	-0.00386535870593088	0.192091422507286	0.0821695920816061	-0.0199311148699118	0.0219496032580692	0.292228557008174	0.343237842318749	0.207415021811917	0.312409464465027	0.0384921740386355	0.105706826321671	0.0441706190592766	0.0581196159632303	0.236615282688584	-0.0663545854060697	0.354257329818442	0.253974196956389	0.340833596944556	0.533928993092457	0.0770294876598792	0.285831662053358	0.133370649140609	0.60471571398146	0.263084223431229	0.33265828150406	0.233772781953886	-0.0898135009367226	-0.0958082137694586	0.228844460506057	0.412394242983259	0.291947724522861	0.132536554203623	0.200582717070198	0.29123353927071	0.30616931115325	0.0426318997923818	0.197922817389865	0.232480959007409	0.387474838784842	-0.15087185339352	-0.205660224588715	0.0665853620003791	0.193311111186927	0.151831827857368	-0.0486917765635764	0.00930705132403834	-0.0187832974054016	0.168053900624859	0.245402778368201
0.24130579800703	0.172002366532334	0.264241456199265	0.275113750952823	0.210411554413459	0.163862199605482	0.321317146847967	0.40020991148845	0.428447589669596	0.529795536345906	0.444673187199377	0.633241223393786	0.318726636948014	0.272246289929724	0.196753731306833	0.441255642929028	0.532558075270226	0.183047714564127	0.640348731000571	0.0960567672340247	1	0.498043055694436	0.701008043761813	0.149970486809862	0.207813974953053	0.250977909790114	0.309301212833838	-0.522113436794421	-0.135757234045213	-0.248015064750927	0.158911171770997	-0.0877019960634674	0.241538845376004	-0.321562546096031	0.493297841386933	0.326442857304757	-0.182280168789624	-0.592550104693401	-0.443207563617734	-0.476600010516463	-0.316055946879862	0.0440828543137535	-0.466229932044955	-0.392178525072749	-0.414448637425756	-0.0238817471424348	-0.246311883043156	-0.173453252275851	0.00272298584082143	0.409323176784314	0.329590549154869	0.135533273070286	0.409985076699116	0.246259308409058	0.16172591088375	0.317237145644131	0.387466211447356	0.339211467236467	0.511840347090476	0.385696606857339	0.609701734475175	0.343993450594107	0.470152814106343	0.208962470872252	0.402716614621933	0.0274515334711172	0.316038710422101	0.355417753278407	0.697302879327556	0.550987892924734	0.744654183912511	0.712384418347366	0.236868923047188	0.389557400117791	0.736484563184733	0.512002426707369	0.289481594801874	-0.173794319021224	-0.314375562436958	0.532472215058253	0.20832069117441	0.345246339159441	-0.251468228841495	0.313181904997108	0.0326489810402171	0.336017846383182	-0.145929376581419	0.349568619313645	0.49801062460787	-0.347049152654484	-0.291785963101802	-0.3837129963839	-0.0173588713870749	0.410566563370941	0.50784022409132	-0.191306671512539	-0.0735665538248027	0.431163031978511	0.295155530389801	0.66751250864412
0.304050037795819	0.267618193199795	0.426091478954856	0.478831879349154	0.530121452423484	0.467227381158015	0.407668886092011	0.354057743755913	0.339740774143848	0.619259602216832	0.489422387699163	0.625141107096781	0.403851766701491	0.382559203314416	0.318560028608099	0.27749956679552	0.310458806965618	0.171450024572521	0.302836068652248	-0.0119979536873522	0.498043055694436	1	0.516436614614245	0.436402471486539	0.0513058033157647	0.234710562576174	0.320140037665376	-0.0237226255834134	0.200980465077073	-0.0102044973268936	0.0600270284286042	0.012369488351944	0.339041350720896	0.103773422040456	0.393825716918874	0.289668866406984	0.18053572635029	-0.215954343003587	0.0479926608871125	-0.0164717951687355	0.169755657098999	0.149404969699605	-0.00275399755034453	-0.0587597942271621	0.0327693854771206	0.0172757067147631	0.00730360575040265	0.220334065004244	0.288422393406297	0.531470901762684	0.50227617968002	0.36375048891443	0.436646589161561	0.517751284588389	0.397676478662028	0.380985302647402	0.316728142489027	0.455054332194952	0.406222444465975	0.358009817348397	0.62840677350696	0.352844027030786	0.450141494542037	0.373103755347835	0.252382163909827	0.339326749987427	0.164113005910865	0.432268727358745	0.425123390589829	0.290574449424656	0.510734746098098	0.424079782624753	0.319224957275661	0.229872207162998	0.404497753279918	0.336170049509671	0.219721043530972	0.0961230218659194	0.12205376387781	0.330146618348436	0.0695759053896551	0.363797073927554	0.0630034107412238	0.172197916813823	0.194039775218657	0.285077517342371	0.177226942806746	0.344762435296295	0.320544214566036	-0.0988790905602278	0.159008706013858	0.122062800385046	0.124186473542273	0.308341629449449	0.348376413990134	0.228055897819305	0.290001612616821	0.64229702459812	0.278054582848652	0.364872025093762
