1	0.786802807314578	0.769349386854277	0.584044457887174	0.621830355215322	0.457461004574666	0.591945487235258	0.132414226632264	0.130392881489598	0.698444302170471	0.323038059141379	0.482367700305405	0.266630434238218	0.614713565797315	0.499649409292769	0.465660160971566	0.0819922323379547	-0.108515774839434	0.162157574931862	-0.0253608946177542	0.390854678805653	0.257149240454492	0.275044083329303	0.192453892910021	0.173782653373772	0.431858837591169	0.579974158594053	0.0809156624002515	0.0348899275799185	0.293020666646816	0.105698822029369	0.321467683191899	0.20076777961187	0.525195069559931	0.398356777472638	0.515855538398724	0.296512995402848	0.231966753193018	0.0932833082732664	0.384164445576961	0.32589003695603	0.585790506403623	0.286895138991397	0.509810215939085	0.263669276897197	0.361010793195173	0.378664921690005	0.436216175611844	0.343615830346508	0.364040117635655	0.571422639641623	0.75878081178322	0.522660933612984	0.572817124281373	0.57267057015682	0.588426578242278	0.129789502103691	0.13226863853444	-0.0519112602960968	0.0835229245533898	0.62211714946171	0.384300691338862	0.577288222446619	0.0439092829317964	0.628376275421473	0.37422928839256	0.461242198057773	0.204606981919496	0.414792254741359	0.0941780312144036	0.455727092723279	0.489335827142872	0.224604371277786	0.162956247759634	0.336008171530529	0.143797966304309	0.51406049554109	0.233710869066041	0.290576138116501	0.0463660899470532	0.176616003263203	0.221013845862327	0.408265180038439	0.208514410683459	0.456563298048576	0.512108822152141	0.194471000955274	0.457525659232051	0.363223574915929	0.17498377259407	0.120605375439259	0.431762274178042	0.456812380060555	0.39699830678632	0.501313184480474	0.382380811696516	0.300903095476533	0.519922817495585	0.635354075501792	0.512030517324583
0.786802807314578	1	0.803208513840717	0.615661057909543	0.588857263451926	0.604354766663522	0.601983297947788	0.243364020835866	0.259634218808244	0.63664695407472	0.280725487211038	0.498688686329135	0.186927198983714	0.591951885004546	0.531419090552951	0.445226292670972	0.101682996994064	0.00690861691742397	0.244965537907089	0.0934594223906671	0.391491720587088	0.333475507942737	0.328745392744112	0.285813142032851	0.286629370951628	0.371979985589074	0.59485860174943	0.097841298068827	0.0551189310002305	0.24040560235873	0.176664592554891	0.365416464472152	0.11349562482896	0.469585051522947	0.434636692681402	0.518669205142418	0.352154067462562	0.339061564296474	0.249433862081578	0.400293732394581	0.323791128773563	0.559528771896786	0.381033361109856	0.459184206994723	0.292595553601563	0.26878960801478	0.336564774398608	0.574219728569468	0.363307234158289	0.420509425442058	0.585443071591681	0.791800117491401	0.621887479384909	0.622298303150844	0.616511785492739	0.623313143356178	0.190564969345993	0.213361854231239	0.0597047167616474	0.161102320614145	0.539697048865173	0.350857738582012	0.561438738884833	0.10276239422968	0.653775549913052	0.436368543605522	0.466302595359468	0.240683082367859	0.444215471900922	0.160816415059808	0.462580238913542	0.515669305980049	0.380985575043274	0.265261529082758	0.364008208297344	0.217449005299406	0.420581743000778	0.355593979101518	0.205184031329181	0.166000016279209	0.169015228275938	0.195077694847306	0.378272257887593	0.255941896311231	0.403964696421614	0.495596534586271	0.267508982968042	0.48172454436699	0.377071598144917	0.201415129810108	0.223562761102808	0.416663252583273	0.415739631701611	0.457367713676447	0.470504300768189	0.524610767268667	0.276245192786177	0.460033066709173	0.600608171768137	0.543742535218121
0.769349386854277	0.803208513840717	1	0.64157041657347	0.573369543362332	0.633297092131554	0.681609793139193	0.130279078799856	0.208255872552007	0.699650751666876	0.287310824258395	0.4298734303778	0.223611643130141	0.559169294436289	0.537731998322709	0.447171641711305	0.0164071350232528	-0.0668812681412597	0.17854348719735	0.0420785023852836	0.308733571121501	0.279188166096034	0.322798095557863	0.222891012489096	0.20707861187783	0.417892310273911	0.611952474802778	0.117061956698373	0.0366903690072089	0.224707233839772	0.134668859000333	0.29636430204007	0.0330168986713111	0.453094119990191	0.451606621373485	0.50326730410961	0.25482100255675	0.256501993894578	0.223592355350289	0.46908867333533	0.378380056847533	0.612551340866676	0.367382889575776	0.45578166485949	0.269959148484105	0.336550059509707	0.36462354862518	0.568769075122221	0.362276018491829	0.427868437010964	0.571256340206198	0.808170527812767	0.574569330341686	0.785042216337928	0.652630601832015	0.697221004575558	0.14619659941274	0.154665837897621	-0.0672430061694023	0.115623987960665	0.612916089270601	0.297124376293223	0.566623847513312	0.00379841284405623	0.627453684581817	0.466320091442194	0.476057778734529	0.217796434122347	0.412979765082825	0.168244072949691	0.456198118047271	0.504492210349007	0.313982051468136	0.228704105243707	0.380663734143577	0.0965988029175118	0.475389934967119	0.322807349237266	0.115940420232503	0.0967957295914687	0.165316034439253	0.20974065859168	0.382492497546514	0.284753646550326	0.426604266904091	0.474316899333778	0.174585234010112	0.525787198248532	0.378571262198931	0.221463723037796	0.254940304500571	0.405594778001538	0.404978411965046	0.479336263042738	0.53433179485867	0.497540554671486	0.28520731838549	0.573148378040369	0.623083579938281	0.567309944376845
0.584044457887175	0.615661057909544	0.64157041657347	1	0.636978999545431	0.682383444853389	0.906140833326631	0.287287477193441	0.441825546185535	0.687601032032757	0.451542676616487	0.600878764125791	0.336624881551855	0.495920407447785	0.699119360173875	0.575214815479366	0.193727279385216	0.0678563666003655	0.312887799691182	0.200402083105131	0.487379552839185	0.414026898096858	0.404759601732673	0.371043802454417	0.337185306747901	0.365292517019893	0.598796196638255	0.218185816478882	-0.0173009228963426	0.0927422188355439	0.3212447279425	0.403610400009555	0.291464910757059	0.33966365211644	0.7350428192605	0.46988347528581	0.346061141024631	0.316590539744446	0.52346282618234	0.414784084258806	0.124392334815626	0.40020833143599	0.552925493243334	0.417781971646575	0.312619817791792	0.479968781337818	0.485483164459526	0.75339409761184	0.132271052405435	0.602123850712657	0.427348725581567	0.683355124118848	0.735753345719681	0.65669232989937	0.704016716730377	0.850269532802306	0.154016620669065	0.29968280848452	0.185833239873604	0.323883089262721	0.529802160616041	0.350114303171279	0.612990666370183	0.224825213457818	0.4921468301837	0.557963121368213	0.575439236371032	0.328141652330944	0.467630597165932	0.319996466797777	0.445303028606903	0.64260959286933	0.454631889033945	0.391007344257858	0.398765508537908	0.36168633193867	0.434254886531138	0.39098702825752	0.163392053228188	0.320949376682998	0.46635995421216	0.378135348625692	0.212338902860772	0.383551189580377	0.436904032951987	0.478676264199331	0.312153702677147	0.665255499338106	0.440110744393542	0.395308742023367	0.546973336847031	0.364235880150151	0.462960415671562	0.362536508280822	0.544432321987721	0.688272377447148	0.270220291771181	0.335807534201681	0.535854280431612	0.517160547222459
0.621830355215322	0.588857263451926	0.573369543362332	0.636978999545431	1	0.575900144523681	0.611483845943212	0.0895736112371413	0.280491631111619	0.696902512213998	0.365345590489836	0.549434562787223	0.151136960427712	0.353256746563444	0.44639848922976	0.328047572137745	0.0627843063416825	-0.118555397932238	0.160105417625331	0.143858289731803	0.401975700838821	0.326842256315404	0.209294675163109	-0.00685313708240992	0.221582855700696	0.281481681403416	0.493830549053227	0.213646476413901	0.0518560535099324	0.192097520595625	0.0391426711260227	0.085660208740066	0.14722554853401	0.323518276919791	0.461537425453481	0.347735525022171	0.0698638238157658	0.0597777019334748	0.0959791944140125	0.457680927685717	0.225407284323546	0.519480752856042	0.248125091742769	0.28896517993169	-0.0176033137922344	0.264066250572906	0.173676863807141	0.479803954156001	0.360237882040957	0.457468009830515	0.346397236879429	0.593334315707566	0.488063554225478	0.4783920279757	0.568721251860961	0.589704041148557	-0.0667776721816006	0.0634418718703768	0.0454043118390447	0.203618649979965	0.467607690276205	0.269176779657405	0.527996494801206	-0.0564047452428586	0.33663979891535	0.174356448982785	0.273002077466405	0.0670184644136229	0.299440306797437	0.0242898920894109	0.385230808271368	0.429862553228794	0.192123789365798	0.214156451274177	0.19971934713965	-0.0203935510862749	0.326352314247079	0.444618994316768	0.194088256312714	-0.0120114567366601	0.0565551493762196	0.123491285380854	0.236416834642824	0.0578736335751224	0.157524027803678	0.357443431944616	0.0102344443150694	0.439783538407908	0.130586491047961	-0.0236342210970459	0.221319359662342	0.420957274360977	0.225180205440109	0.240590041545671	0.264992689202482	0.46511327942217	0.296532756319383	0.300365718075322	0.460776447695726	0.338082851152454
0.457461004574667	0.604354766663522	0.633297092131554	0.682383444853388	0.575900144523681	1	0.707534463329561	0.248588746552634	0.322786603335713	0.556317753232207	0.216257647768634	0.406383162917852	0.137838831012565	0.364629243958873	0.538984702988761	0.310646872444788	0.0307271588656254	0.0822624887686873	0.230577277647762	0.222456015823459	0.271926554935714	0.354753712212354	0.397516370655512	0.122275234968736	0.227173115709341	0.154888947570439	0.403288147230285	0.0306082707451297	-0.112989862357492	-0.0559742959933466	0.16709886530046	0.240921846269471	0.0633116700004326	0.145277857795692	0.548291354837638	0.255780546983773	0.165431832952318	0.258565720709991	0.341991742110893	0.290577696763007	0.167059441576678	0.264694768475446	0.339294217351787	0.179520548549904	0.19725748491644	0.293615486189123	0.185713701746593	0.739154436615029	0.249814833098619	0.520363366423513	0.399380394235014	0.605387507304087	0.592430644285002	0.725369230010688	0.74441036732411	0.610818471460346	0.0657237422559592	0.226276414346588	0.176299190503021	0.169989477782197	0.318115136905851	0.291718096781874	0.398584860820599	0.0515927870643179	0.36116556421457	0.451653231529847	0.343709747194185	0.140358580793647	0.222102408789647	0.230821963726331	0.392553783687291	0.557125458873562	0.317040734092191	0.252846886587074	0.336953191853687	0.150914769524481	0.220366568289683	0.312380412289377	0.0706874829405575	0.219827600602669	0.171750389298495	0.162309249371111	0.0262545505781114	0.212735479066384	0.235862948709998	0.363931645090228	0.299882330509635	0.394027787689813	0.33177228834567	0.21970987545152	0.379844167797738	0.17078609798258	0.181487886139919	0.386077328243702	0.415010715125525	0.645311655396931	0.119600577978594	0.215711099133473	0.415744245048889	0.423379865930066
0.591945487235258	0.601983297947788	0.681609793139193	0.906140833326631	0.611483845943212	0.707534463329561	1	0.291489454306555	0.483364991222788	0.68490049428721	0.445262335614238	0.605353602158052	0.324508348310616	0.476242280275107	0.710395817398061	0.539949273869644	0.158110632487645	0.0963349701072834	0.320712552805382	0.181775338997184	0.526429186612597	0.338265597586255	0.446676041425164	0.368301827349258	0.387182368602367	0.389005426666049	0.639487735156876	0.0909167676593412	-0.0773966600658031	0.061728825032746	0.321280842230561	0.42631865714102	0.226446704954298	0.394256135692071	0.735544209004935	0.422511206155371	0.385696697051673	0.326002649908019	0.520170866217934	0.404642753329728	0.152290215470486	0.381601965885386	0.550037067699918	0.443013089999032	0.285020354867318	0.469963027620254	0.505508533133351	0.806544451069115	0.0837500335171233	0.634473582196787	0.427228808662352	0.704666093672467	0.716634300243439	0.72556804221938	0.74764857956014	0.872406223925975	0.242952465231365	0.368751410029645	0.239225316190156	0.390774035530799	0.564866189785482	0.395843857537346	0.662936154097025	0.27624158761824	0.46902846572713	0.603194558871098	0.556797007607862	0.406498956786321	0.454435147360878	0.37317063063129	0.510451009759035	0.656038535131563	0.442935183693043	0.415967375505638	0.495583494874788	0.30889820173362	0.449638878836412	0.294036483780638	0.0172015302739746	0.349391595450369	0.48601041418392	0.406026943666195	0.180741704959767	0.435637852347865	0.452408387157947	0.504194932913085	0.324985244086319	0.638191631033694	0.5072349668241	0.386247799759097	0.589019440856934	0.343054674143385	0.473531406555627	0.351598463821398	0.586168831801778	0.771086610346392	0.186811951108848	0.363654642895573	0.54039086956847	0.585070753185826
0.132414226632264	0.243364020835866	0.130279078799856	0.287287477193441	0.0895736112371413	0.248588746552634	0.291489454306555	1	0.443017338834467	0.143321031911404	0.138882019578838	0.255815739240402	0.523641712262262	0.167310158325698	0.187242806040922	0.116284100811749	0.594030618892203	0.718185262917123	0.265779291104482	0.770848633155185	0.0917553801382369	0.293653761128704	0.351174942325408	0.194839306615799	0.353010373768194	-0.0617899300502205	0.0859256436132672	0.0121627862372382	-0.0692629878799813	-0.124648713090207	0.288093675776444	0.304871076077091	0.446065911857224	0.11141052329731	0.125974781418281	0.0683152260568256	0.127481886375785	0.0899985071979073	0.180480249916148	0.0232713273530793	-0.141189897666305	0.0853204069543798	0.0963146828855354	-0.136281047021367	0.40342181720633	0.41551356946672	0.279196075943935	0.291280182506556	-0.06701563232332	0.178915860232388	0.176860705295093	0.124280688239497	0.347734289070134	0.171505265741015	0.325722734323209	0.26783909745958	0.543457826065744	0.76728779114229	0.630091873815679	0.417568357776434	0.024307050228079	0.208436559840949	0.171631249299105	0.362530403333142	0.179068365350532	0.221366468140378	0.131814312046208	0.371879738418451	-0.0297132077981349	0.703038724496479	0.158744285449099	0.286877394784371	0.256015321547849	0.40572729227636	0.221236758354599	0.336006851599429	-0.107171267158802	-0.0278974927082497	0.120856377428337	0.345159232332339	0.198063890692584	0.348979186728141	-0.134317019943755	0.282053410343999	0.386995173893457	0.209325944160639	0.118237894730953	0.0444875415114772	0.238861844510118	0.546479267370624	0.0642308758689648	-0.0122108363213697	0.0590465939939993	0.151792128776665	0.224325527693492	0.321163251516016	0.0228398644878095	-0.0555473982722867	0.0959625988900138	0.182580371035281
0.130392881489598	0.259634218808244	0.208255872552007	0.441825546185535	0.280491631111619	0.322786603335713	0.483364991222788	0.443017338834467	1	0.256484992213699	0.180669847181931	0.302513715723046	0.181899205238019	0.13810331003229	0.293351687853993	0.289772208902549	0.222635360209306	0.334649667702188	0.65328370652431	0.569845908821805	0.305027322899152	0.151088302682621	0.302928514005532	0.384146664821331	0.787764363518008	0.109382143441793	0.351252296355968	0.0666155500528409	-0.0582884813488147	-0.22759494872466	0.369176164204649	0.107425659097805	0.152062525416903	0.0542385649942459	0.428151265570433	0.291643867808164	0.151974275028389	0.344722330098038	0.312057745834771	0.187218752307678	-0.0610182805800095	0.0989674056516062	0.400683541532416	0.103460889163727	0.118352835119649	0.231758101948909	0.123488582100228	0.425881314744614	-0.0841888112432864	0.284848557387045	0.108687623820944	0.210061199651329	0.424054001812044	0.260804785314135	0.343512345679017	0.441393312295987	0.103324232772508	0.421217169831234	0.682693430719394	0.895474209110808	0.0510213491518833	0.161020136758725	0.290923085820551	0.196640415451304	0.0597410030584679	0.233849804707937	0.254988981780711	0.322764061713816	0.380938381511209	0.506823586627291	0.294680177604798	0.263392639810755	0.453496333060309	0.712215496840519	0.41126257099111	0.256397613619995	0.206900290267558	0.0787955831765216	-0.0651410837622956	0.419882830357654	0.118544613574652	0.267508664586401	0.0639788271779809	0.297889783772174	0.101016153619882	0.191723245013481	0.246903075642519	0.339811025447433	0.26239047433923	0.425776773995838	0.290918070147211	-0.0270564506537189	0.165418693445547	0.0886767554139706	0.17892678687013	0.496556730346036	0.0357862851857377	0.0292820708963284	0.0750438462553182	0.175065049805826
0.698444302170471	0.63664695407472	0.699650751666876	0.687601032032757	0.696902512213998	0.556317753232207	0.68490049428721	0.143321031911404	0.256484992213699	1	0.494092451655692	0.709314028309105	0.218108009858971	0.471472209136716	0.569427225006876	0.41915758128482	-0.0330950389157198	-0.166343083148098	0.124475700945777	0.125808171568777	0.454180920680338	0.48241672648907	0.347377183231307	0.0809831489837681	0.242468483605266	0.355159533574621	0.685587636627352	0.10718482963297	0.104591501264778	0.210416609557696	0.0661863112302056	0.271019911870672	0.145148172452651	0.447277758042853	0.553379079705527	0.392418464578704	0.345811596599638	0.197869980275863	0.182092831130082	0.551863970319091	0.285374532111826	0.59549594109951	0.394985470754185	0.515386650077033	0.105060945212192	0.398320914779602	0.379460394918263	0.613680396357473	0.256534696543436	0.636751266241497	0.274520314876124	0.683570578811208	0.548133342498046	0.582580823228038	0.568567919505641	0.691830841839157	-0.00718990074720979	0.104618403226396	-0.0344990877113312	0.165681063892662	0.696327098783562	0.316843943382069	0.689118063378867	0.00103387290450926	0.473796016712668	0.434542540907735	0.428476436267005	0.194219475937729	0.335705105788801	0.0465273892701581	0.553019768203303	0.646376874048678	0.215352294925872	0.250015451253846	0.419185989728339	0.116770953549968	0.547432041987983	0.457320537289019	0.310418483891632	0.0190821014714915	0.215229831441628	0.179642412314089	0.390144399598025	0.225593925399006	0.350726876764831	0.565039531608029	0.172062906089292	0.533599402293893	0.347978247023646	0.10874527729153	0.366719755891869	0.526600953537456	0.449443608348526	0.478796936194502	0.569074173588596	0.648833366382312	0.308939624860189	0.50406685437642	0.671714653695377	0.628807181752642
0.323038059141379	0.280725487211038	0.287310824258395	0.451542676616487	0.365345590489836	0.216257647768634	0.445262335614238	0.138882019578838	0.180669847181931	0.494092451655692	1	0.539383049609068	0.236295523181958	0.24947088206461	0.458760966963496	0.416933531873658	0.212703143550904	0.0450956535371587	0.14939546269637	0.0279591013908898	0.493197573191951	0.264012687169959	0.317235538608102	0.152190569667323	0.266723835814908	0.249739112950248	0.48529391702759	0.0716736049928949	0.0875518171719247	0.130496267296238	0.198297159778653	0.334468325438844	0.257409921520553	0.309641505663319	0.537295921437233	0.29206205197965	0.1393405206757	0.178673440292771	0.259749986100297	0.225069950375413	0.113625548952556	0.325445533941782	0.417053012559458	0.364118166569404	0.248397254255304	0.191331321074517	0.329177570925192	0.334931316418081	0.0306798855880055	0.461112937319961	0.310665022621068	0.375393855006143	0.336918960046471	0.271788094659349	0.392691412646315	0.427690909614721	0.181014921052429	0.222633982511717	0.110173606464396	0.22063756415762	0.401415931047162	0.337532102300731	0.442719797921022	0.125549108982641	0.338824598049213	0.329438885468459	0.388833225659771	0.321506757284245	0.252916095904188	0.236480189418111	0.205522338912307	0.255401745729276	0.205721163726825	0.268095386120848	0.398740333812813	0.218708742539852	0.387096072434336	0.260980473515463	0.107863956107301	0.209135752098196	0.313398568493489	0.248273290838238	0.147441799136385	0.27608693571199	0.266534794679622	0.322132445908968	0.129552101905719	0.411441685758648	0.268448742747539	0.244667395834023	0.276163842877578	0.219772072705209	0.356107620676553	0.211763483797188	0.274974015043153	0.350541731048864	0.264204779123352	0.161828830647661	0.235174795995299	0.378531724655272
0.482367700305405	0.498688686329135	0.4298734303778	0.600878764125791	0.549434562787223	0.406383162917852	0.605353602158052	0.255815739240402	0.302513715723046	0.709314028309105	0.539383049609068	1	0.47752179374734	0.505149365364152	0.650187013628112	0.499398725811287	0.319058994244689	0.0265130004323836	0.303341941268817	0.0850015644483326	0.572774776804511	0.377332496026151	0.439797625821411	0.108353813558291	0.294928317225089	0.473651323010659	0.636583317005718	0.0947417044749292	-0.044420485977977	0.0342899449026738	0.275467407041428	0.516384439554504	0.420270862189422	0.450934075767194	0.568616313851977	0.436857013376204	0.302501641373182	0.266297273672736	0.323593317683457	0.343331577503841	-0.0805242897648792	0.302176372313946	0.466769626400816	0.451292720725197	0.225386989644707	0.324548082116219	0.423856313557616	0.517860025302984	0.110032840753117	0.538546719240989	0.271783048962116	0.482813304772435	0.55245543456555	0.369023458332865	0.474478227456886	0.526016835805072	0.179925660959176	0.311110823361929	0.276797042844458	0.283540200231846	0.540495002309705	0.353263826944073	0.674099415662513	0.310841321984528	0.418181432740379	0.390683735827597	0.503989673090525	0.387262615203389	0.441275456827213	0.191107674235886	0.547055141107237	0.583601855081018	0.205030571260128	0.228255458382312	0.466251444834556	0.332914004332549	0.470078475907586	0.306219981010123	0.0491106696923623	0.290317553434108	0.409512661444406	0.39360746269479	0.258963126932511	0.401957575869296	0.448054315488682	0.545752494578116	0.135184958306748	0.556923319812576	0.344462322526088	0.231002466954142	0.439845217511085	0.373678851521717	0.416749756248912	0.307898598732324	0.395481930974451	0.566486692824587	0.209782580362577	0.258652258986649	0.382059625768588	0.479035436232737
0.266630434238218	0.186927198983713	0.223611643130141	0.336624881551855	0.151136960427712	0.137838831012565	0.324508348310616	0.523641712262262	0.181899205238019	0.218108009858971	0.236295523181958	0.47752179374734	1	0.322609386855395	0.218155108587581	0.320120920899304	0.762225729334477	0.440903449313892	0.296244284119077	0.309852696168435	0.243221209144459	0.180356796326428	0.348686853255327	0.190262723597589	0.122412785100845	0.315232173461463	0.245594714259709	-0.00947173250896439	-0.128143353263648	-0.0555789695672812	0.312150147158504	0.578613561438381	0.77925290764796	0.354505273811425	0.163290945826755	0.306010415413674	0.16367020949923	0.254800447422575	0.270122452156539	-0.0282920140851044	-0.15908432673014	0.132068143138464	0.105937302216096	0.227767097292056	0.543430464317747	0.299781775182541	0.454548166341089	0.245772109022856	0.0901110741323276	0.131749743447738	0.236221717553667	0.177554187635631	0.264328106182532	0.188827797431579	0.296133997387255	0.287455900413849	0.505759228394905	0.532768755471095	0.295604062435044	0.213607429460775	0.258456316887398	0.212508965295129	0.414548745453856	0.493458259477489	0.339247797766019	0.152508612200898	0.272777414820525	0.462476499406841	0.263637094150272	0.493756246355351	0.138147103575212	0.258463367641869	0.136307553659983	0.18208989439659	0.192801529018745	0.452416074576952	0.227472736858312	-0.130484380313713	0.116284254308679	0.316986844280244	0.47514272288812	0.612620519590936	0.0581224549309699	0.328692402011628	0.606609806081773	0.215180484355429	0.0625061150833091	0.261833826763727	0.197853886064544	0.447494563487021	0.179690131585311	0.0324280042484193	0.316548793764628	0.165112376295949	0.268921946322573	0.102815258883422	0.0758672499639125	0.189196568485657	0.165554844651485	0.115019340394838
0.614713565797315	0.591951885004546	0.559169294436289	0.495920407447785	0.353256746563444	0.364629243958873	0.476242280275107	0.167310158325698	0.13810331003229	0.471472209136716	0.24947088206461	0.505149365364152	0.322609386855395	1	0.628375863214796	0.697248271825025	0.238466414985997	0.0400344401927805	0.394530439329849	0.0064767276659768	0.448347048176003	0.264919465079544	0.258648259996409	0.244431596309291	0.224760671750214	0.607188505039228	0.582515078662484	0.100541995838137	0.0732743620293589	0.261110381912536	0.446339869076724	0.545048989823197	0.221650584632096	0.54554209211497	0.395928694996896	0.644778443805209	0.37692552851073	0.494123201047438	0.335904803450375	0.199613526329667	0.15687078623343	0.51802875153672	0.543500404677584	0.541763787451467	0.512164354919405	0.400056062981473	0.552711722315142	0.340453115564186	0.396572493444895	0.305726587858451	0.546641596044691	0.651932463535212	0.597430897411783	0.4718572018275	0.524012111579066	0.504326311827306	0.26501402631055	0.229685146412216	0.171621413327422	0.126590146536	0.553338839690791	0.35890376580085	0.512991350213184	0.345440610018719	0.723528318943409	0.565593239163719	0.681827451655497	0.380106466146703	0.605272417338959	0.15926952093074	0.467400443384802	0.603539507523249	0.352497312141565	0.234239433225952	0.477099867106291	0.464782799382498	0.532311327892541	0.188573006151859	0.196927908727667	0.393151883213804	0.399422118407262	0.426133763283658	0.473647397245397	0.538123802423398	0.568609295890721	0.588520938917703	0.305678495360029	0.477500096307408	0.513422635263537	0.425518815250144	0.30574860160038	0.285873766529205	0.606236609369958	0.516021339778309	0.632723490025915	0.346496814271602	0.462521905576542	0.363700293215984	0.61738662151261	0.528977073757048
0.499649409292769	0.531419090552951	0.537731998322709	0.699119360173875	0.44639848922976	0.538984702988761	0.710395817398061	0.187242806040922	0.293351687853993	0.569427225006876	0.458760966963496	0.650187013628112	0.218155108587581	0.628375863214796	1	0.636911808402269	0.180435701206788	0.0448204878941635	0.368263801863746	0.103704100998778	0.480290577223971	0.383691867747223	0.40108193451214	0.199716950538208	0.344939812428437	0.461884690216571	0.558880610800344	0.0991178641755514	-0.0858583823897208	0.0725816783417026	0.419106889689023	0.478841440403868	0.176906527995466	0.338446733292942	0.620334888574863	0.5217710191667	0.274411343903764	0.421170129447404	0.413505840005873	0.286924435466217	0.0549300217055137	0.349580212285128	0.624814147054649	0.476574333013153	0.341123483295845	0.39877860307293	0.44952686356978	0.594200793556416	0.167399106754708	0.552615283295123	0.490592264709599	0.64845577855628	0.715839387949265	0.555568580168662	0.604347140522305	0.612031555153045	0.209373987893719	0.323874972873193	0.25910498612932	0.309102113905153	0.479188433826995	0.390559774432642	0.54138857897279	0.264858571450328	0.590202766533144	0.605388064469578	0.629162233754445	0.390688534746572	0.536500667859426	0.274581033315365	0.494718797837436	0.611006140224505	0.316342608592065	0.326300851388413	0.494586329714559	0.329099040429091	0.43624438694077	0.361665264193143	0.0454682827557798	0.424647615511234	0.431624044386823	0.392366028788375	0.209799065675003	0.457249981541378	0.483953139512007	0.514300979301252	0.159064607777082	0.561507805191152	0.432019644599555	0.389531050739555	0.416301423643413	0.268279103340936	0.539165933632833	0.473386065543429	0.524580856438772	0.591668218144566	0.335446640247233	0.271665057757958	0.422089495156838	0.545190581100223
0.465660160971566	0.445226292670972	0.447171641711305	0.575214815479366	0.328047572137745	0.310646872444788	0.539949273869644	0.116284100811749	0.289772208902549	0.41915758128482	0.416933531873658	0.499398725811287	0.320120920899304	0.697248271825025	0.636911808402269	1	0.225252639934302	0.0483390680927268	0.591017481460998	-0.00558037072920413	0.468086945228948	0.247770531001459	0.307166371524127	0.388694378447929	0.354042605933494	0.648725789413291	0.637203989965159	0.201444246988299	0.0878951239648344	0.192090385427987	0.69257043174257	0.660145056551035	0.342065737991586	0.412483172416382	0.65867464976102	0.875649754820978	0.340811625610802	0.603939756844607	0.487395320654796	0.224115970703307	0.058794854319514	0.32179257591365	0.782011530373722	0.626367134905483	0.630002078296218	0.38434018252035	0.557636578815316	0.423432425946778	0.241996315517221	0.424036181033912	0.447136477809745	0.547072829946217	0.543301005040471	0.391894588203847	0.449224708573499	0.506119972386247	0.126758300166866	0.216770538393594	0.262703000860967	0.322722163711051	0.465253500156732	0.179717819165501	0.430815327712162	0.24368962743376	0.623166339369185	0.537532722848943	0.889629567825856	0.29859217998178	0.817228312976292	0.155428617145078	0.332321102619909	0.484801783012241	0.387851148877682	0.354285932055746	0.583989533576166	0.597974479322826	0.592138936660514	0.343589805445709	0.203297930223077	0.543867651178039	0.556130918643246	0.363543474232778	0.474216416599992	0.687888423874824	0.531152273488454	0.552544943925052	0.359630056476407	0.734442830374628	0.508400920958312	0.569779168838398	0.355275721291487	0.228605090872483	0.687157819581605	0.453386338790808	0.591379123637384	0.405055133657722	0.503313688883573	0.376521144915736	0.469885855768321	0.455428859973608
0.0819922323379547	0.101682996994064	0.0164071350232528	0.193727279385216	0.0627843063416825	0.0307271588656254	0.158110632487645	0.594030618892203	0.222635360209306	-0.0330950389157198	0.212703143550904	0.319058994244689	0.762225729334477	0.238466414985996	0.180435701206788	0.225252639934302	1	0.632271009065682	0.352816018464929	0.349700711663631	0.372454405525662	0.177126310329485	0.283683274478405	0.338640016760274	0.268340458303255	0.244232608987538	0.135141250880585	-0.0287489969134316	-0.0969894215117185	-0.110787871778292	0.426945883465027	0.479421687850225	0.683639305259956	0.296870716904005	0.0597558817316013	0.225646801107896	0.0572961895907705	0.253144738945425	0.188261732845287	-0.180217491149356	-0.188761375266317	0.0322913174566645	0.072478377344985	0.0837658309870253	0.472396720117398	0.225483382313613	0.313043357424123	0.070583189828753	0.0618042760318173	-0.00330263825010982	0.235934800730006	-0.000377277478372445	0.189482977986717	0.00257097128822208	0.217554539151296	0.11236306687141	0.564359349415682	0.613126747229253	0.387013634910992	0.310691143465434	0.0309448253848617	0.22433468866252	0.204817892845027	0.514574377532143	0.210746002004315	0.00351118170296905	0.10811106959573	0.495197054450082	0.152773883981351	0.582629479666341	0.0829130107471618	0.112670555713453	0.182279933867639	0.289890484871949	0.193124332901829	0.436289226065257	0.0864752910738142	-0.161507555753179	-0.0186399804281827	0.338370458152035	0.350622448889066	0.490153841760882	-0.0603834049558245	0.16693224596829	0.532076874510721	0.0700648730504841	0.0725372889921339	0.0983501029042291	0.05290229963243	0.48105110354688	0.0459301142571172	-0.104201933966944	0.189330951756592	0.0837483940369471	0.0445221558575728	-0.0103013185953978	0.0739969937442217	-0.0229636829538657	-0.0922226341233626	-0.0890323889111824
-0.108515774839434	0.00690861691742397	-0.0668812681412597	0.0678563666003655	-0.118555397932238	0.0822624887686873	0.0963349701072834	0.718185262917123	0.334649667702188	-0.166343083148098	0.0450956535371587	0.0265130004323836	0.440903449313892	0.0400344401927805	0.0448204878941635	0.0483390680927268	0.632271009065682	1	0.343344695783884	0.535805767395397	0.137016120643607	0.167187011852701	0.183552396614114	0.29052740547304	0.331572225889034	0.0156520859087633	-0.0387007648304917	-0.178913040026757	-0.125390875480163	-0.238269618467088	0.50063423833313	0.290192805301039	0.395704257070542	0.00740974277525342	-0.0135618987606907	-0.018146450191725	0.019480220404166	0.138054378351194	0.160539045434421	-0.29004476856144	-0.221561576479358	-0.104515886867758	0.0308156802284201	-0.148889758177557	0.401108924876656	0.167421639341848	0.10195190919472	0.0449245906485589	-0.200638032194011	-0.0231130383357049	-0.00105847602938348	-0.112108418149665	0.122622248830017	-0.020801519288411	0.187062792642042	0.00458934154933119	0.516127935704666	0.57246732620768	0.551983662365473	0.324279063411719	-0.12271978829981	0.143141223106685	-0.0283840776752844	0.378539913025378	-0.038817339635147	0.0807202956270982	-0.00543058886195613	0.370209917100059	-0.0487209432864542	0.622583934421995	0.12797127670601	0.0417131905885754	0.242043576836298	0.334562277121062	0.192094002959077	0.417560279058182	-0.151694871463305	-0.232991191414742	-0.0918764822226951	0.503343244184015	0.156287571781594	0.249390216459074	-0.252855535344213	0.211610045527956	0.294079392806715	0.0673047926773832	0.188881948531417	-0.0782554859072424	0.102888099080912	0.552263679899374	0.0208049219764155	-0.209526242832021	0.0183467084093272	0.0346828293154412	-0.02288271456911	0.106521321006099	-0.127727034775826	-0.234123298449187	-0.0851170530205282	-0.00761939294658879
0.162157574931862	0.244965537907089	0.17854348719735	0.312887799691182	0.160105417625331	0.230577277647762	0.320712552805382	0.265779291104482	0.65328370652431	0.124475700945777	0.14939546269637	0.303341941268817	0.296244284119078	0.394530439329849	0.368263801863746	0.591017481460998	0.352816018464929	0.343344695783884	1	0.283566969817938	0.304411438154424	0.112035894758048	0.249266636588387	0.323887106917804	0.668350407154554	0.317119163688167	0.303829006815765	-0.0058923250483093	-0.00497450522872061	-0.0945432401836478	0.617222787582292	0.32204724913329	0.265897411098432	0.108989037551072	0.389883603370283	0.557627400854698	0.0421141100752627	0.597107133998576	0.317502117035017	-0.0968119919993922	-0.0223576282155769	0.0347417889271999	0.485070967125811	0.223863319779502	0.456774724023484	0.182284357425883	0.218785126559599	0.243556341862255	0.122719761188581	0.0523413995236826	0.235183873049129	0.207499836047771	0.422746542266301	0.166751510964699	0.328989058895891	0.208408264585739	0.113620808993762	0.236441124154458	0.544683912196716	0.624381719489448	-0.00465295214125261	0.111039483418493	0.183311663055405	0.248299555910707	0.147224067943351	0.245221092514105	0.476003799452828	0.231986988223122	0.667265373454173	0.289867533776271	0.240248845513131	0.227906087811926	0.340480440160043	0.513551389980477	0.42925321540183	0.393521663112804	0.216799920082842	-0.0148510687108384	0.018684834445475	0.466494412037283	0.213239607799084	0.231602494953612	0.0561456011518285	0.389919689713631	0.253552066334654	0.194356319189338	0.259974217259723	0.3903981540128	0.26378113071888	0.458157677885009	0.213279137928161	-0.198273912914425	0.238617895912966	0.175879253354492	0.234701608892259	0.304878506237645	0.181127655793022	0.0147459969729314	0.089065563526034	0.107400502670239
-0.0253608946177542	0.0934594223906671	0.0420785023852835	0.200402083105131	0.143858289731803	0.222456015823459	0.181775338997184	0.770848633155185	0.569845908821805	0.125808171568777	0.0279591013908898	0.0850015644483326	0.309852696168435	0.0064767276659768	0.103704100998778	-0.00558037072920413	0.349700711663631	0.535805767395397	0.283566969817938	1	-0.0362053001352437	0.221759043346633	0.198976127469742	0.0748832271732532	0.443083384301756	-0.184659816907169	0.000812519892676542	0.0715098613770203	-0.0307270770669858	-0.205183453800319	0.151558936575709	-0.00839729824675098	0.25243899902343	-0.0957241848969416	0.102456746261037	-0.0233836870024089	-0.00217610451817339	0.0581625971710798	0.123473914057065	0.0617783210130598	-0.125997355102993	0.0386297152159771	0.0585611398630494	-0.228672821363145	0.177604289948494	0.263593525118311	0.0192491421837803	0.254841489413725	0.0217404881306527	0.156297332686539	-0.0117346811315349	0.047773581224329	0.221039295872732	0.147216465416568	0.240173485300316	0.180710920423185	0.270192778070749	0.553989635010591	0.594455373469151	0.500961395085257	-0.103211386924583	0.0210156320074802	0.0235129186707564	0.124696556410462	0.0106836046548192	0.0531492687293493	-0.0156453791776034	0.188826628896468	-0.0849494754529884	0.523079712987857	0.0774082690620924	0.112288238372521	0.239368822132322	0.473785274497405	0.148053894699809	0.192841071596394	-0.140821799837466	0.0476643133607878	0.135491805826025	0.223927016401599	-0.0522752710427582	0.209777899234493	-0.192062018304666	0.155862895571548	0.0967396183214074	0.0702623105149315	0.0479842506158678	-0.0128470988806858	0.114202240602396	0.389113849017196	0.039806999149605	-0.0953684202332508	-0.0988233718737542	0.0286788405777661	0.0690710339880754	0.29679358030711	-0.0272645327036645	-0.128781269093489	-0.0078908092035179	0.0909284819163269
0.390854678805653	0.391491720587088	0.308733571121501	0.487379552839185	0.401975700838821	0.271926554935714	0.526429186612596	0.0917553801382369	0.305027322899152	0.454180920680338	0.493197573191951	0.572774776804511	0.243221209144459	0.448347048176003	0.480290577223971	0.468086945228948	0.372454405525662	0.137016120643607	0.304411438154424	-0.0362053001352437	1	0.267884276755075	0.317076386776038	0.453892821276126	0.428032321860837	0.564184478275212	0.607538521179147	0.0275410029620107	-0.0266713742360101	0.136150853559402	0.45973224545349	0.415280096289763	0.274256952170437	0.520875598383352	0.485678775453015	0.450189204749865	0.321212582430472	0.387422045154945	0.32173909895067	0.213863676418797	-0.0205849186034659	0.240005520136938	0.522153789631894	0.516898224787391	0.253885961844106	0.218043624074764	0.402319420590707	0.361828274869081	0.076371414602952	0.375713387290017	0.170222417521386	0.383798804913015	0.415466845858732	0.268025598363766	0.415961255609349	0.405041412230045	0.253496559826688	0.259178806767603	0.242934841691895	0.33764231413343	0.44908631353027	0.399416166723406	0.485530154944225	0.360969920536012	0.364830181855832	0.341384257773589	0.407830677838026	0.488228691827717	0.42256263214247	0.185406770032488	0.49499626622633	0.403606532295438	0.374871071441135	0.337017331870142	0.4754581895922	0.373189793145222	0.480040808131933	0.224549104769612	0.0910863370767681	0.397165901542486	0.390835027460968	0.35949882469617	0.34704213944949	0.281371764830918	0.459210942989151	0.443051434738442	0.282168761900729	0.409989601614982	0.300951210425531	0.357795834993052	0.365812840726589	0.276766576229588	0.420759839177166	0.314454783657498	0.338245942405321	0.455978696841929	0.138950739740219	0.234399932643988	0.314213497525238	0.344400513219716
0.257149240454492	0.333475507942737	0.279188166096034	0.414026898096858	0.326842256315404	0.354753712212354	0.338265597586255	0.293653761128704	0.151088302682621	0.48241672648907	0.264012687169959	0.377332496026151	0.180356796326428	0.264919465079544	0.383691867747223	0.247770531001459	0.177126310329485	0.167187011852701	0.112035894758048	0.221759043346633	0.267884276755075	1	0.318303667410736	0.202341898434653	0.21233431699361	0.172050693640411	0.386847823979463	0.246993041887806	0.208284040413433	0.129046293042576	0.194432021473692	0.232062666925024	0.232031298000331	0.182516291556952	0.205388237973814	0.251604827499552	0.16608611378561	0.0741505070142881	0.141535964317877	0.335885076196799	0.270216853769758	0.297379694701561	0.243093176277538	0.238496934040608	0.144089833146889	0.469535569028373	0.21702435363512	0.282253067817233	0.27941739913553	0.422815056001749	0.150758799114667	0.268709109693132	0.297919634479259	0.355252529351558	0.292642913391291	0.321352036164059	0.173412219613933	0.284724770137308	0.111269137710746	0.0943166989816239	0.266260360365691	0.31389983779666	0.36296904785798	0.148400315871002	0.256079104494494	0.320069751171577	0.304569387039086	0.260506794285171	0.138505080682515	0.133603880006759	0.260518830437127	0.584552872145853	0.223234813041872	0.322982952690849	0.272530232112355	0.319814813601143	0.288398080362898	0.45873251797698	0.263016388210083	0.203024032522231	0.1860242284221	0.19595776310806	0.118468996655363	0.22067704886391	0.336465958437541	0.308464742469355	0.0555007931694947	0.247440223420951	0.222355857815511	0.208599542686703	0.0879361209584655	0.263431242235564	0.23054618102038	0.530748050341954	0.386379964851157	0.280850515937581	0.397805417337928	0.258388652927571	0.315693304314784	0.360293979031273
