1	0.539443851711759	0.417247914583089	0.402118401419013	0.550736768974785	0.477241225147601	0.386585350040982	0.195393476103191	0.30464065281406	0.222802646424533	0.148496677599319	0.264557648228198	0.116981261362511	0.467389504537888	0.330665186241196	0.425836772269051	0.152361993930446	0.156834839260207	0.389408315769788	0.248363909746784	0.175610898484473	0.16200011486934	0.148158920073056	0.297889584357265	0.0801729968408128	0.0198915199448686	0.143046954803644	0.117509251301137	0.118077726697644	0.0754157542339129	0.400734654480069	0.0254044650843932	0.152848186345697	-0.0168385713924523	0.390747012697361	0.238221664706304	0.0868350027052104	0.0706924203680884	0.148457184623845	-0.0708249879739421	0.136142857149931	-0.0138040483486609	0.269709901202885	-0.0598618781675845	0.285114501646735	0.109405008933032	0.176077747135885	0.123542075044096	0.18577216518115	0.121351004136686	0.197862918608324	0.474484801472807	0.217094775112014	0.429104997281009	0.179791031882741	0.311696668254958	0.181332549065489	0.409460376489661	0.357288445931752	0.335002790106631	0.0512315602460274	0.154046899882405	0.00929968664163671	0.224124150544403	0.2224121052268	0.173864295917313	0.324402648421661	0.27218847531964	0.30444437083687	0.310674156083175	0.045033733095635	0.0146839270631559	0.141656801544151	0.109020613073727	0.15692781594068	0.0132181846263739	0.0185805224645483	0.251156586269201	-0.110502918203472	0.224837977355923	0.214607996060891	0.214741832731769	0.234992594043012	0.291776895871617	0.308124191357809	0.162820309241649	0.112865235251522	0.368565559636237	0.198546546093562	0.0486949766115566	0.28555707620676	-0.0121579693981678	-0.031886012830866	0.0247088428748518	0.0418626709130563	0.17910681344652	-0.04886107174711	0.193262819264933	0.25617678455205	0.211115813940566
0.539443851711759	1	0.696668425451781	0.75343100646726	0.349831614487678	0.565161826415377	0.61409821216774	0.240749646040015	0.238700762854545	0.283619141117288	0.255289231425598	0.335233502792891	0.151084379698308	0.63851054890516	0.57751839874701	0.49847038173288	0.131690399300356	0.13349263871239	0.404532536186834	0.18593660373223	0.215957218298386	0.344844626409337	0.256626450911582	0.244766858043411	0.125885863805935	-0.0528358010812948	0.0702396218897412	0.306542486396779	0.391187527822225	0.186742759749073	0.351524381813353	0.171976183729602	0.20931827059942	0.13594219730821	0.522670255976684	0.0609404636518449	0.0824524471245871	0.132998202495889	0.295004799364798	0.114853934015926	0.214126210683848	0.143889772448591	0.28383767321465	0.0971419715135009	0.36329932233457	0.151384034269399	0.359334214735358	0.197665751113838	0.211634447509732	0.325891960345475	0.288328340502645	0.668018934673452	0.385313570524462	0.527504566604306	0.411401327074515	0.571874702338205	0.215010536606913	0.493241617250323	0.465527773175166	0.178533296659102	0.172431814590391	-0.0527257894106407	0.0824667317995627	0.156505309841809	0.365232223371903	0.0829704725802469	0.301574848086778	0.190799178569632	0.284361620143348	0.212363534501718	-0.179415927346959	0.11700128392496	0.0613189213925993	0.131095957138119	0.250823057090371	0.148175268857373	0.0217933215569199	0.588498036204948	0.11925093561625	0.206454149009877	0.0533194195936731	0.240672083404278	0.342007251364545	0.335986996896763	0.403301841909918	0.302943172023254	0.0964773404252191	0.374317569014146	0.208029698178922	0.154122812970839	0.379710414117025	0.190552190005733	0.143430281496157	0.100803511379011	0.183730164903465	0.191005150251581	0.0576270422361569	0.395045886354476	0.292377010280476	0.275749642933799
0.417247914583089	0.696668425451781	1	0.645331084926044	0.564059687069566	0.594608069748268	0.605187369885127	0.193036884413411	0.262317379040632	0.149208911186924	0.204671639399884	0.267954464419772	0.156107845434902	0.56624429968745	0.366412096123995	0.509790244350242	0.264280893875168	0.375034969142821	0.203997846683909	0.241982069708024	0.230113292837824	0.307008438755859	0.206838481325263	0.319266158311407	0.13013975477999	0.163572226910127	0.162464169795557	0.208150573267948	0.286443686631322	0.255948836267072	0.479024923250667	0.0745179410184549	0.0634872785829634	0.215477105476751	0.535652698809221	0.260422651587274	0.127861511430905	0.123652523551451	0.125477009142756	0.0638755379021068	0.233346254230072	-0.0177141438696641	0.339713497663793	0.145773588617641	0.368760198974236	0.186918576287017	0.366122544863571	0.195393858593516	0.327486236242495	0.26464264275517	0.523917096548783	0.668402844555386	0.431677505874212	0.690462574933633	0.623578466547742	0.553275708531555	0.0501271308511257	0.173314414303381	0.21108143007085	0.108168121571948	0.224310294359722	-0.0239220032979389	0.0321798688470644	0.0953608908571909	0.403839461329169	0.183660577153657	0.327863319383922	0.157736213996461	0.142458950108285	0.224731908937673	-0.194554697320748	0.0988395147582745	0.061573260758145	0.140577501342867	0.148998298236266	0.230361343176278	0.103240834359107	0.404183759623866	0.183129462634491	0.108029694442236	0.0908729666863485	0.159898779578442	0.332627330200443	0.341322007448094	0.420151570129701	0.305673234630385	0.0339623039509314	0.405823441163278	0.174178159398148	0.147950653246032	0.160667201860218	0.145375597757248	0.222541563493456	0.111008885347464	0.112211940261604	0.295182402150675	0.225380062322602	0.378610193625914	0.38685414363733	0.269460620194806
0.402118401419013	0.75343100646726	0.645331084926044	1	0.478449109983244	0.656431212510611	0.826608135260338	0.254905656449968	0.261148101408991	0.373974021247176	0.415947906914535	0.477332904097117	0.12302618782414	0.618179432498447	0.609726250239945	0.58302739651435	0.166192940616451	0.14434118243876	0.386674329612288	0.246129364482626	0.308866830305304	0.260656051092206	0.318625588564345	0.190159620757523	0.0533408581800582	0.14109622290083	0.132751345708673	0.104686249934898	0.214018983748775	0.336469024238858	0.430876031134894	0.27722544619312	0.250363649150636	0.258081284321115	0.677983972420692	0.226508458713765	0.00978585773496832	0.0945650992446129	0.21233658903313	0.202022560359471	0.189327944290843	0.168828067410601	0.367003758393223	0.137866277032217	0.422839375544086	0.0938795119910369	0.388358342329488	0.265641808653284	0.233964637465958	0.416628603178166	0.392322102695658	0.638416415183244	0.552870044114103	0.605529649896555	0.466097785833087	0.724349706850959	0.152483298135805	0.448662535305461	0.376775026879076	0.164352469466593	0.241996182553253	0.169426988523795	0.1904667855474	0.117384631297823	0.435276466602986	0.269864631794647	0.330547259872804	0.0319279400368939	0.279881576629288	0.14693803691698	-0.13189500540878	0.187055707048303	-0.0575844937469186	0.186955081333988	0.230090478267379	0.153937476756953	0.0838067398744931	0.324680405078538	0.124192840243249	0.133003408627315	0.252114875058673	0.349548025568418	0.332535322239755	0.31883406189735	0.374892815010427	0.329119638421113	-0.172667964596423	0.414073739177214	0.20586074405623	0.0828268935627934	0.290935583217745	0.190004346936854	0.181212130841896	0.0819275472581059	0.26678552380651	0.178612877081201	0.164872877276368	0.321632996302595	0.304992707333255	0.33052645421161
0.550736768974784	0.349831614487678	0.564059687069566	0.478449109983244	1	0.647883920492377	0.542384564925138	0.216886307118653	0.290081305081534	0.177547182145182	0.318184369097114	0.383683172003034	0.15357019215717	0.398164064145389	0.236721275793773	0.320366946993051	0.10257740955712	0.219564414873256	0.258833086667686	0.263524906042829	0.208529768170402	0.236462349041972	0.273363346763956	0.155754239202615	0.084669199760585	0.116626436449518	0.164266077995409	-0.0166014911038188	0.00283945395243996	-0.0114871745736863	0.307974693185114	0.0607715306621251	0.148357327379132	0.136343906081012	0.43114756009829	0.242196943107678	0.157959226881416	0.0300831521999352	0.115177273915781	0.101933360874238	0.112456613117535	0.00259855157730969	0.261566119692458	0.124129979465266	0.210443247120229	0.228589111496998	0.308351583156835	0.20242783636463	0.389679607801266	0.147977613068897	0.482331186617746	0.373890753620264	0.330483868888267	0.565380057266539	0.391876114087435	0.447557811352961	0.215295618111057	0.233002227715538	0.119907724659772	0.200147968664756	0.146703357627426	0.306733883791167	0.186487217472884	0.177828763183384	0.318989449778125	0.303794943228066	0.340369165637597	0.248361390797366	0.305406835829964	0.310852499122575	-0.0142882524822603	0.242776786759633	0.0359903801965033	0.102269242619749	0.158283485049064	0.0881608864592778	0.0848483362266343	0.136796658309228	-0.0562814927382868	0.234178277188458	0.226187495042275	0.217119644829689	0.192875580136823	0.320076447229753	0.346133338519545	0.246795397052876	0.0274097832854282	0.281132536933436	0.243808858927734	0.0682773130874027	0.102908781647575	0.173142835464405	0.21220814037432	0.218299037972767	0.189967550488303	0.0320494077922873	-0.043575540478019	0.257325340562964	0.234570879621111	0.231438588564169
0.477241225147601	0.565161826415377	0.594608069748268	0.656431212510611	0.647883920492377	1	0.750542793269691	0.185499129802856	0.208948297292884	0.220227329137726	0.255235007193566	0.339364170935218	0.109925304192208	0.436611974375883	0.536007104667334	0.570039520627867	0.195816201640863	0.192765209895397	0.403685780120985	0.266952968118593	0.272047417058364	0.0693505323757819	0.170588603893983	0.189477480117227	0.0622002529402077	0.135523294867888	0.121786640307071	0.231862478002526	0.141481439184409	0.131251664904662	0.462639855057607	0.00341635718505197	0.033503020140184	0.0430069871622423	0.631354441072499	0.304667160477735	0.0484230133143751	0.159011061782434	0.257808829284157	0.135339882154224	0.0997563400922859	0.0641616103734591	0.343764664855975	0.104986682518535	0.303197663704617	0.122951196682558	0.205133434110066	0.470567270351985	0.219965085111436	0.398019374135361	0.259239915191912	0.482884218838384	0.318323886815936	0.787028323719367	0.445281103820024	0.528881465304597	0.126845384225176	0.275893134472418	0.195637773433578	0.165482890427963	0.100711186385845	0.132115912244844	0.190977776720976	0.141805564118982	0.316493035567856	0.236561071700128	0.264528550669499	0.173406780273186	0.207914843756111	0.184495667416605	-0.0725547164335486	0.140227193725738	0.0828835898953473	0.206506507001777	0.202637765335327	0.210146636563843	0.0686093096889355	0.374539872980785	-0.0151229290460349	0.204674470800798	0.097651630472378	0.303358121475512	0.310422928931564	0.286631980665935	0.397888764599353	0.220094761531423	-0.00982202300421663	0.343831224681478	0.265362746916257	0.15547210297874	0.243638940822551	0.0591485773346959	0.213302824470806	0.146246669804498	0.254426644295696	0.106451289619674	0.0341502438118026	0.311447858897974	0.247514708222328	0.250818284118434
0.386585350040982	0.61409821216774	0.605187369885127	0.826608135260338	0.542384564925138	0.750542793269691	1	0.327547661640033	0.324295659978217	0.351369341235673	0.437972580243911	0.489452830755478	0.201099509361581	0.511752051234972	0.575416066781805	0.62274412511011	0.2285891021182	0.262508090791633	0.401250620165701	0.275201309541864	0.35500464319038	0.0771661126447395	0.336308800921879	0.238561159293312	0.0815837902655232	0.216015180030067	0.163911195504941	0.162801602421283	0.182165290832993	0.324201512785643	0.485057997226823	0.164708775423701	0.158532037030781	0.256694727533742	0.788736913154276	0.38903596072211	0.0932153846646165	0.0749602000910114	0.376349198867207	0.279052895490248	0.192156830216252	0.165727781828862	0.444912059971527	0.203216256315036	0.336458237217286	0.134889195321884	0.396322196593044	0.285325061264888	0.274633439770512	0.479117500102455	0.318893508985751	0.647283492060392	0.601675848042334	0.712541605944768	0.53348576939244	0.768135370627916	0.199415259281027	0.408282226828627	0.250883436910718	0.183468565586465	0.347946919965891	0.292682035108309	0.297434432653526	0.164225708294273	0.479951972906468	0.44076828860601	0.407198353419629	0.117075060179368	0.353283539595992	0.203447603238998	0.0380487337955319	0.247380367599255	-0.00124559412963322	0.192439180185415	0.273656531466671	0.218891591686699	0.155272219157814	0.268702901757573	0.188418601028261	0.204216174258292	0.34236196983584	0.377494218725439	0.504853824180981	0.385535964364828	0.409422812045821	0.32115681516123	-0.116086102529693	0.515714718820022	0.37974437561824	0.154055770126177	0.351519530202786	0.195328805494287	0.334302166939465	0.278507764621189	0.348375108963264	0.178133453317681	0.146706259332757	0.336352053318353	0.404313830189515	0.424426484574655
0.195393476103191	0.240749646040015	0.193036884413411	0.254905656449968	0.216886307118653	0.185499129802856	0.327547661640033	1	0.486906265369554	0.367940638708709	0.329189744490305	0.344128899668061	0.152750627643808	0.349763306943671	0.344648581939587	0.49304535473689	0.343191240099145	0.593435568246368	0.556141692563504	0.552771807261367	0.368000189634346	0.137002045189488	0.256755106993362	0.027477566946442	0.219054251340718	0.0219326768291983	-0.00920652734514232	0.162121621757751	0.020182739539285	0.0998683237313281	0.411810233322857	0.144873275961242	0.178032993315459	0.125927661042885	0.370077737369805	0.266619158478018	-0.0969775982395276	0.107731102687542	0.320130720079163	0.107313373651069	0.201936634364866	0.347971510588112	0.401047286722809	-0.0553836766626466	0.30911982719104	0.0431415234980264	0.280936876827947	-0.0265934546837371	0.328936372905443	0.437710962196581	0.134779845965023	0.298827414610842	0.249927532129198	0.165988360408809	0.0873688447508807	0.306603747812237	0.233870353704664	0.591083797049098	0.229468059476262	0.459008157446214	0.105835673844787	0.0404454970404621	0.203178475144368	0.0955729772586818	0.210759165416093	0.225771544640356	0.52124546500143	0.359301619388668	0.558142750093923	0.498322709489456	0.132751204679835	0.0985081234365775	0.11535257560167	0.075633813314263	0.308109461249483	0.0768698776620671	0.00492077683055543	0.0992203364439874	0.0908879852778678	0.463748054596457	0.160100731954637	0.241398639416257	0.137891607974924	0.419736591837214	0.295377671524566	0.20725917993429	-0.0367355852673784	0.338885825326303	0.203045401701672	0.139553751982627	0.490086500780424	0.0486206060043585	0.0263934400398847	0.0705300083890635	0.0804789503128531	0.0370432950466615	0.142087433369374	0.176113625294507	0.197331237755979	0.188037163589767
0.30464065281406	0.238700762854545	0.262317379040632	0.261148101408991	0.290081305081534	0.208948297292884	0.324295659978217	0.486906265369554	1	0.310187353336854	0.376842449395263	0.347003969117895	0.0800612487130124	0.265606845506557	0.337714994883669	0.251817904239869	0.219515299599736	0.323653225959145	0.611363468983103	0.576586917537442	0.312419186017346	0.252971336586784	0.195797420585372	0.318113582565488	0.670915238507073	0.222151010040587	0.257849181260975	0.0875054585898612	0.0103789845729652	0.142854225809551	0.258183848264892	0.13733873107221	0.0435178643025647	0.178878972357092	0.200382579123131	0.311546668379044	0.229308497674081	0.338166589679149	0.0953941933686454	0.0965864539950839	0.264137950120999	0.275720565465856	0.207899360767613	0.253773139026976	0.232616442700935	0.138660769836807	0.186712262780977	0.0859217039154875	0.295179795668216	0.377999491108356	0.219079569628851	0.304316845742426	0.332497996168086	0.259643442481828	0.0743545934119128	0.281771054367302	0.0389496043235871	0.442761625285315	0.344276780338948	0.796839400761048	0.253199453369892	0.121639581600505	0.326595940122554	-0.0150123018261649	0.279476636930518	0.333240542810162	0.483171334173059	0.139812304471368	0.574479535274229	0.590337849929508	0.0585353838406675	0.16840904252727	0.294520978977477	0.544374284883485	0.140606846534095	0.269281507242493	0.284616271836136	0.127998100295311	0.0713660852959199	0.311276158004706	0.324163061507285	0.116510279090419	0.269311990808347	0.43257490046862	0.413796271181539	0.300171319659894	0.155808540763729	0.238118023515291	0.269275033195331	0.499387687075136	0.228305798147295	0.254520974935776	0.393856928398204	0.222478102235854	0.361089099723386	-0.0802145066314293	0.116686348309881	0.240421503605431	0.37958308133112	0.382533749976877
0.222802646424533	0.283619141117288	0.149208911186924	0.373974021247176	0.177547182145182	0.220227329137726	0.351369341235673	0.367940638708709	0.310187353336854	1	0.522647145787762	0.709304984917695	0.206667398937134	0.276815586653664	0.454045255733927	0.407718996978428	0.155792127537337	0.120227360312793	0.435209056957181	0.307994078520333	0.461807785783343	0.228698980154446	0.353508314775916	-0.021114513171062	0.199936462539336	0.124260803061967	0.292055032883092	0.204001178165067	0.16047894888366	0.220321062188181	0.293539667523239	0.198514504376025	0.369938079792473	0.182839618023927	0.438366739480991	0.277108014345034	0.0227293878251123	0.209457969198293	0.335555542550313	0.302481617327803	0.221363427692847	0.542316979367893	0.352370488329673	0.2640760296261	0.171054992110753	0.173516841771948	0.308403247526464	-0.0227157965720235	0.154191102927219	0.454934580768228	-0.00886569299591961	0.222801295596946	0.345187235938454	0.115908306772034	0.0908870724526058	0.363751945408481	0.0352162970167596	0.326325112326637	0.118874995857484	0.155340670981826	0.424443073858904	0.243229254704079	0.356770998442015	0.276509045241834	0.220045374841152	0.355733602930461	0.393657994667782	0.258482953509326	0.297556772927132	0.18544869784598	0.0357765769425204	0.142696585742193	-0.140220225756804	0.35799511435629	0.232730836686072	0.230747258565168	0.312673873095675	0.101483288349524	0.189458861825771	0.250169536819403	0.252520432899509	0.217529899246606	0.253936071957453	0.255550282197739	0.219071456926936	0.295091317086886	-0.112061490391534	0.349022202675437	0.274501611891006	0.120804497414822	0.30911258966088	0.237821265986176	0.334265871613824	0.125872446978031	0.31844711443303	0.184659881664882	0.171209535366849	0.225457642694621	0.407161116551778	0.328880139867303
0.148496677599319	0.255289231425598	0.204671639399884	0.415947906914535	0.318184369097114	0.255235007193566	0.437972580243911	0.329189744490305	0.376842449395263	0.522647145787762	1	0.57629641829032	0.305334116632515	0.222308527455543	0.406393700686027	0.311859323364654	0.250796358595725	0.192812797905666	0.311040006647141	0.176336366621271	0.409913422460241	0.325925574121114	0.465210314534809	0.160375449481267	0.284720650041679	0.121984633701986	0.216716449715864	0.127898905282564	-0.00136052894810266	0.063276801718444	0.273568266628844	0.298118758207409	0.39818296806643	0.136418351668782	0.382596547120482	0.065277330590248	0.0562560397900033	0.123328241657463	0.30380246515685	0.229986198900362	0.0983264599514467	0.252052722521076	0.263073832544006	0.23383938462519	0.218857731955113	0.210432870512754	0.323008544832357	0.0673384814706148	0.185118323164538	0.326158351899069	0.176492026563302	0.161846264422523	0.386750762574808	0.304295563073484	0.202056670368004	0.453774051259282	0.0842535078308305	0.366741689364485	0.193888607499205	0.283278903316409	0.337731334017494	0.383991550604811	0.442837480290766	0.267227711167585	0.189538455490597	0.285101759791197	0.301631217954436	0.179733203823648	0.312117889102645	0.184324102237912	0.119628695484128	0.26413508907465	-0.0490903062707102	0.303158098357613	0.134267681778286	0.154320060948303	0.221927027118717	0.0310193373820573	0.187897833493733	0.149242129920315	0.342232440967574	0.330206284757182	0.277636236975088	0.278947643676454	0.284003467444909	0.2400607244335	0.00330273175991748	0.318965534210789	0.438846667686089	0.109778187698541	0.373615091382504	0.357540830919014	0.300146773245364	0.174310805097809	0.401804647382729	-0.0244352617533879	0.0115613680725622	0.165780781037954	0.381371340944426	0.407925753280136
0.264557648228198	0.335233502792891	0.267954464419772	0.477332904097117	0.383683172003034	0.339364170935218	0.489452830755478	0.344128899668061	0.347003969117895	0.709304984917695	0.57629641829032	1	0.459821417732189	0.442946437593984	0.39546805880342	0.34738325079459	0.368570619770519	0.121607660978209	0.280634604400729	0.194304542471679	0.487002576637357	0.324714521829666	0.530796054046708	0.0455071850541976	0.271418403503731	0.137813518733484	0.28419233241262	0.157530450051185	0.186264745693378	0.0692155767923921	0.225658377884136	0.351130372457091	0.514598124490513	0.25577499534994	0.510746438071111	0.171722845353982	0.0830450580149569	0.0915750994931597	0.247475568636559	0.282275831587883	0.194368810500276	0.282146340126244	0.273249065344937	0.175554533234172	0.180884730202289	0.328786974437042	0.458094266809552	0.0665702908074658	0.394312096603535	0.314130737828499	0.250400300422357	0.287648771564452	0.410574016648848	0.180261309503818	0.249590752427713	0.462194829644344	0.193856973656901	0.39020838862676	0.107953172500657	0.194357862780321	0.598951455485145	0.411840994154749	0.522770765835468	0.469823741859072	0.332613541980701	0.355640946714048	0.387408794171396	0.382009532361983	0.28658005453447	0.177080609504632	0.249619844893432	0.245641267889358	-0.132369519314295	0.360827387245712	0.25586301458927	0.341944964697448	0.245624103696765	0.159298286040079	0.245842533886609	0.27752403934851	0.374886574136266	0.411997136874346	0.262070027957073	0.253082425098042	0.305678250909977	0.346427458659758	-0.0596609221197926	0.328335991038096	0.301511752613951	0.0881087941390866	0.314053705335918	0.328551032082829	0.310774400839431	0.199920343734078	0.378558803703072	0.143633987880257	0.120987451408313	0.402803714255261	0.391626505786027	0.455175134656488
0.116981261362511	0.151084379698308	0.156107845434902	0.12302618782414	0.15357019215717	0.109925304192208	0.201099509361581	0.152750627643808	0.0800612487130124	0.206667398937134	0.305334116632515	0.459821417732189	1	0.135848682013961	0.103196288591715	0.154252878136696	0.643359132703258	0.344484990244622	-0.0850569823132713	-0.0870110993575207	0.325636607532773	0.200612289195765	0.454719404595689	0.227082808418725	0.0926637522276056	-0.0330609882842457	0.19617719596332	0.154461603933886	-0.0171383053938692	-0.0361113644457192	0.16794142283603	0.174131701096704	0.516983506132922	0.0422340423196505	0.245766480008142	-0.0754159486601096	0.1998915831477	-0.153121687347088	0.210164056220527	0.0629230129151699	0.147868303979539	0.0421652073052403	0.246180301849859	0.03762494587295	0.143183508847116	0.31084618672937	0.402607438916053	0.111404635927299	0.103947745374384	0.0971824937160172	0.213738085367904	-0.0228777545472226	0.177204006682585	0.119138815727322	0.254209704578936	0.251827023767831	0.3049406484918	0.19929591729951	0.0386034691859276	-0.00943695675967576	0.310500227795485	0.209170648615467	0.357093498701179	0.464845784303557	0.30022801643938	0.146542264620622	0.215549347018496	0.514386153744032	0.0077073648503941	-0.0118623132573353	0.462036522161156	0.297118496267232	0.160257677850883	0.0780568751078198	0.476098261994123	0.33910213152604	0.130154493790446	0.202920728741011	0.0717259716629233	0.302407717166851	0.171130227322151	0.511547151606049	0.129829371614806	0.36420425858008	0.444370096780596	0.185908787104949	0.153173008670477	0.189271292326355	0.422442776407833	0.0401568946125925	0.171997604612128	0.21208203743289	0.110885169299661	0.399045213974234	0.311003155025046	-0.00920977991708224	0.0784069078646655	0.277323346743463	0.235482977845419	0.391612191496965
0.467389504537888	0.63851054890516	0.56624429968745	0.618179432498447	0.398164064145389	0.436611974375883	0.511752051234972	0.349763306943671	0.265606845506557	0.276815586653664	0.222308527455543	0.442946437593984	0.135848682013961	1	0.58803556094851	0.500156355134081	0.25796096181232	0.180220208994561	0.325706450133557	0.23577236222004	0.428149871815457	0.299967412957804	0.24707500600131	0.160639115546403	0.195308786914722	0.170064839318043	0.165863067236288	0.320042606641193	0.410449371523965	0.399691764668222	0.45244821042935	0.364036717352471	0.314606147025882	0.317998542375477	0.504519411399821	0.209940558950114	-0.0440488426454485	0.204017961990359	0.228378700385434	0.100423143752695	0.360613495228811	0.12581394610574	0.476918656397434	0.116777582020692	0.42205961480232	0.211677766558618	0.441263362464088	0.030862522867661	0.290656287234154	0.313359495827956	0.382991752662862	0.551832936216479	0.358133222689895	0.398101345628057	0.329095907400934	0.438510292168524	0.221588462991353	0.518758045220443	0.431212280281023	0.233667731718868	0.15654231883899	0.0122608833255656	0.128220187197051	0.202551353282051	0.391017192046101	0.17079761676947	0.427788870535246	0.271787399154546	0.310618600077254	0.249397649611884	0.0192098890504921	0.134994782181919	-0.063055864698446	0.15909654394465	0.310193051004202	0.25347026840684	0.0318692714669711	0.532535387312971	0.156467170309915	0.441092069874991	0.327038759413362	0.343922391400311	0.388200157142675	0.393812679402901	0.36114424848677	0.39617974496652	0.0214805083096673	0.330588565765824	0.145581897964091	0.156543676619558	0.304675799432163	0.173521229604149	0.0971348162851388	0.0622933943748576	0.134936772385429	0.143426433005755	0.245909888639652	0.294575007299653	0.208608783899745	0.194280209469626
0.330665186241196	0.57751839874701	0.366412096123995	0.609726250239945	0.236721275793773	0.536007104667334	0.575416066781805	0.344648581939587	0.337714994883669	0.454045255733927	0.406393700686027	0.39546805880342	0.103196288591715	0.58803556094851	1	0.54835715105593	0.237905080246943	0.203152972647115	0.373516103759987	0.270257525065026	0.482649641724475	0.142192158624168	0.309662020469608	0.247477056891687	0.182289141338734	0.0643775794898521	0.212431617475304	0.368155860626478	0.275770887466671	0.368463858109774	0.444084696288971	0.172181162884527	0.199919138398079	0.114980414180402	0.565633389798251	0.111991336274994	0.023401517976004	0.277813687320678	0.378678151277823	0.206347193408107	0.201170933477458	0.290726088511343	0.528329370266725	0.230194767275265	0.259713139854077	0.0274525781033122	0.253971356167842	0.0822755343005412	0.107890270252035	0.581060972438045	0.0517356594786278	0.359846303404125	0.32114509276238	0.479466159040944	0.292930432200822	0.435615619624948	0.164891398111927	0.372237213594223	0.251660852343086	0.310014442296284	0.13702832036109	0.0490749820216398	0.291273099572342	0.162533088214298	0.220452987486009	0.176732212114977	0.269675611755836	0.161868430163232	0.202607645120031	0.244686863713742	-0.0434050918267408	0.189117026979724	0.108583288736179	0.315460625305003	0.328029474814467	0.167213477951291	0.122085743686858	0.47378031066116	-0.0571768949124137	0.272698535021525	0.187524446119545	0.335862920034176	0.307683625843916	0.301807249904519	0.292633757227194	0.215337105660621	0.0276722730887865	0.312917719906635	0.290857463258004	0.22628112452298	0.370160165984656	0.131929996375132	0.251993223928602	0.0906424872467851	0.351258181399806	0.135710260064642	0.136122472877479	0.241311595535274	0.14618021517228	0.182340268046558
0.425836772269051	0.49847038173288	0.509790244350242	0.58302739651435	0.320366946993051	0.570039520627867	0.622744125110109	0.49304535473689	0.251817904239869	0.407718996978428	0.311859323364654	0.347383250794589	0.154252878136696	0.500156355134081	0.54835715105593	1	0.372270166452955	0.567583833264989	0.521855625142275	0.3751733575819	0.452131872510512	0.0491580403454384	0.153194642329538	0.285889184183442	0.119568966850428	0.0839652095170744	0.116526296223743	0.320066320078257	0.190757851197466	0.433717024064011	0.885886973416185	0.176665518426378	0.104782288750965	0.260234572508674	0.782951196988472	0.436876804244884	0.0870534567689581	0.209377898737627	0.497990610389217	0.0413240296486407	0.35012882410366	0.347939489428269	0.641284755787269	0.0272676397484579	0.496711859406823	-0.0660590175055163	0.376284194692799	0.197072113149091	0.219507042342076	0.557399578306375	0.164688452932047	0.485654772978699	0.382427549191081	0.496556965724504	0.467986510036089	0.55735074785386	0.0853573193699627	0.471898470807454	0.336194743050904	0.227477618240303	0.0620763170295652	0.00920764407954226	0.00533252604571804	0.141269077319973	0.349369579906176	0.269163162125775	0.554244276646995	0.247399495843313	0.331777209453103	0.342223300506847	-0.00730666452651162	-0.0487627865089915	0.215126509323152	0.14899901402349	0.331594489359785	0.15112414237726	0.113828234527343	0.40713951407979	0.133881733306943	0.434552317706146	0.304001897750919	0.329494725811371	0.311023356788695	0.457756602638569	0.469025498917885	0.368988188228962	0.027042010175223	0.654842974262638	0.288874284365756	0.158910401238074	0.552311255111566	0.0259212353523143	0.133031014379485	0.0944730054619361	0.130788885322163	0.287105976908813	0.202623225740613	0.239156953662303	0.303636949982596	0.243776402408094
0.152361993930446	0.131690399300356	0.264280893875168	0.166192940616451	0.10257740955712	0.195816201640863	0.2285891021182	0.343191240099145	0.219515299599736	0.155792127537337	0.250796358595725	0.368570619770519	0.643359132703258	0.25796096181232	0.237905080246943	0.372270166452955	1	0.610009270579908	0.021592123242562	0.108078503002283	0.586364963215861	0.109588173984276	0.26957288135241	0.276270576090076	0.212053800668313	0.0385805500553627	0.223085576796289	0.234072480682624	-0.0132630062696965	0.120477618631567	0.471473668864099	0.182441442666374	0.198459858158649	0.0936526396469104	0.374340839639049	0.0326147593078122	0.118369846033865	-0.0137175879560182	0.217732672109482	-0.115860252566912	0.12840461312445	0.168290836431087	0.473375204656622	0.000952248278970608	0.286828532087444	0.074085627637721	0.318119122912649	0.100858644738106	0.218452771012229	0.299943992954483	0.21813417320732	0.0971588583772317	0.264220259377904	0.232396637130693	0.301996591922816	0.289437874564132	0.151739534649666	0.152045711162514	-0.0612798279279463	0.10679213289195	0.115099111590176	0.0686335418555896	0.118766543161525	0.251947811395296	0.240747832622786	0.15915289257417	0.311526954684654	0.400414036563961	-0.011035103809864	0.16692570920835	0.291205733599343	-0.0289312842716049	0.167161929276696	0.121628042735534	0.289580819205507	0.333209124057091	0.0930826279283342	0.207872490402431	0.03219283730011	0.241750701563103	0.24580223095221	0.39011788352822	0.0891888701568477	0.384706205038733	0.422346308061402	0.141843654457433	0.122520770696912	0.299737038973792	0.286470004940821	0.100922178709689	0.262571544203587	-0.0138551303044143	0.0667076707101819	0.133873779642778	0.220572329741316	0.0221341432622754	0.262910847049459	0.153893665060846	0.178176723736365	0.245892810889832
0.156834839260207	0.13349263871239	0.375034969142821	0.14434118243876	0.219564414873256	0.192765209895397	0.262508090791633	0.593435568246368	0.323653225959145	0.120227360312793	0.192812797905666	0.121607660978209	0.344484990244622	0.180220208994561	0.203152972647115	0.567583833264989	0.610009270579908	1	0.218122503507013	0.322487694649763	0.358427494010801	-0.00506006249667877	0.171756420923365	0.304607851538267	0.126613240103319	-0.064826978783898	0.0060694123985105	0.191375888916111	-0.102482046897363	0.141498921991969	0.672191376678212	0.0187948826021952	0.105599935905757	0.131090140270736	0.361592138496666	0.229222636057032	0.111819694005127	0.0387780210692064	0.236072612540327	-0.145012419828466	0.232993969136732	0.195278940107918	0.505746616873808	-0.0866532431093724	0.374321211997505	-0.0248520307228548	0.245142907187652	0.10336346182708	0.255999127940771	0.367366243314902	0.187856221856552	0.201773639235841	0.161040286218625	0.273196956203068	0.318570764018509	0.291403476454583	0.0910571046805014	0.2840203447196	0.0412864344705453	0.279386284434935	-0.0117340945985761	-0.00884500775775904	-0.0167088937662156	0.0218229279193358	0.205705860405355	0.113167794328967	0.474315603134902	0.325374994342559	0.207135664455808	0.318270473737175	0.0782586103459763	-0.00268265962164573	0.288420919243997	-0.0260875109153386	0.217517429650546	0.0661602491269153	-0.0226465639335437	0.124639483535174	0.0336144223044418	0.363973260404732	0.180103301425878	0.241940404955563	0.132840320125822	0.463913944518427	0.428073356242738	0.151659736301279	0.0715108839135476	0.342242924042452	0.199548987389227	0.103604222570579	0.278550658868309	-0.119124752959957	0.0337135858503953	0.117258632912819	0.106916996578337	0.110896205029235	0.18087740838835	0.181474303035831	0.233732562182634	0.123357932542155
0.389408315769788	0.404532536186834	0.203997846683909	0.386674329612288	0.258833086667686	0.403685780120985	0.401250620165701	0.556141692563504	0.611363468983103	0.435209056957181	0.311040006647141	0.280634604400729	-0.0850569823132713	0.325706450133557	0.373516103759987	0.521855625142276	0.021592123242562	0.218122503507013	1	0.627468807990058	0.28866763724206	0.0634887287531167	0.0757446383098771	0.140549261282165	0.37027980300774	0.0644293816929232	0.0241151761678481	0.154547575153577	0.014486007374608	0.173399160231982	0.376409776861498	0.12124871151684	0.0356344433641088	0.132166434833607	0.400501188915531	0.33413277073476	0.0599313337600126	0.359753535689737	0.345145369979771	0.11931119778366	0.182498851529257	0.332487347229932	0.343191012109921	0.0895970887278565	0.267723127788084	-0.0485852636853978	0.136277414316095	0.171814622778717	0.180889594503693	0.493227745632675	0.0943576765260069	0.385022435745192	0.283629748853835	0.312326164104343	0.0973791777274051	0.354313402931263	0.0135110550831964	0.542888491790439	0.448030085255785	0.573422603613711	0.0744692534726442	0.0577749625514873	0.160209133598488	-0.033521044775793	0.249396968271837	0.305426400731643	0.489953430933931	0.0642917905261734	0.661563055201512	0.556920429355912	-0.0745957876993607	0.0435413478234626	0.0967330758714289	0.288179973734896	0.229569180883848	0.111020704005735	0.138435905755387	0.215630402775207	0.0267912499142768	0.324372126736914	0.235082878397078	0.16275364389151	0.213146693560304	0.414103941146066	0.393072078571119	0.276235184529271	-0.0367017598745984	0.37113439695394	0.2587371770728	0.335381266635391	0.457458716622288	0.139848050849461	0.21855944414689	0.150506335085704	0.199185357084224	0.0706357784126122	0.062177274144962	0.161231826324039	0.290661453716555	0.231357536020808
0.248363909746783	0.18593660373223	0.241982069708024	0.246129364482626	0.263524906042829	0.266952968118593	0.275201309541864	0.552771807261367	0.576586917537442	0.307994078520333	0.176336366621271	0.194304542471679	-0.0870110993575207	0.23577236222004	0.270257525065026	0.3751733575819	0.108078503002283	0.322487694649763	0.627468807990058	1	0.312784592258051	0.300198354361424	0.0800231158176104	-0.0120613099316588	0.433713733965004	0.264860672257219	0.233419726916748	0.00852533401549295	0.0899156041132851	0.303111371197092	0.382636212016197	0.170788520432461	0.0519736142475746	0.333977956348519	0.266377643021527	0.39842351732561	0.0548188450234138	0.481257579483131	0.246784693266934	0.207863275785676	0.30519020259107	0.356858098851675	0.398889217011986	0.250092345945786	0.438212351187827	0.00534702814777616	0.208897707950486	0.0331759491522874	0.291047504599539	0.442102659016349	0.129334157262379	0.373143637315404	0.342272547455718	0.279349140264701	0.096923652650662	0.306641239191909	-0.0516854657451039	0.372620072149894	0.250728664198976	0.533184982627733	0.115274037156136	0.0366370914160654	0.262122399516848	-0.0221995529317688	0.320711935193465	0.335207154147406	0.610564671122019	0.132809825953976	0.404781901849885	0.679546517166913	-0.0345025796756728	0.068234783660372	0.0238956855643679	0.371336337441048	0.225271034615295	0.132765391043037	0.168857289821761	0.0825461127114637	0.0399544703929786	0.308061058704661	0.241217758159699	0.163698983205592	0.229647550963343	0.49979487831407	0.381044343681256	0.438252801433019	-0.10388920131275	0.364628410961538	0.14447305402482	0.463939687872651	0.365381461745938	0.181494977085002	0.225784386414218	0.149328439371767	0.209486226695597	0.0899821386401294	0.150440371686538	0.101536091714582	0.327673648697831	0.129052289502718
0.175610898484473	0.215957218298386	0.230113292837824	0.308866830305304	0.208529768170402	0.272047417058364	0.35500464319038	0.368000189634346	0.312419186017346	0.461807785783343	0.409913422460241	0.487002576637357	0.325636607532773	0.428149871815457	0.482649641724475	0.452131872510512	0.586364963215861	0.358427494010801	0.28866763724206	0.312784592258051	1	0.102839426442701	0.266326605745102	0.191161534513019	0.322697597740674	0.0479621032575944	0.348160868602171	0.326552792452045	0.0127035410443959	0.357715546627906	0.450359552464465	0.324791970569421	0.260588227460592	0.196293889292509	0.524413836178529	0.115813305729583	0.150125613796497	0.217117771424522	0.494576110239675	0.107782789574899	0.206405276468553	0.428078024970564	0.781848803322724	0.304235172064817	0.263283351744436	0.159646228072558	0.47373169709673	0.0747940016853143	0.355939911064246	0.654135475175994	0.128879551586779	0.164096814372894	0.440687394029105	0.205335823066038	0.183152146666187	0.348937175966981	-0.00349395995381391	0.250991812074146	0.122071349204619	0.250228337298591	0.0967913492607184	0.1350434468435	0.323415971577465	0.273306361359283	0.289035331699641	0.416613493997779	0.356791183068228	0.27965952391966	0.189034880801693	0.203890664802306	0.367439383764127	0.0792450046636202	0.0407774337012909	0.229501032275431	0.377716554480468	0.303939413960911	0.280841508399991	0.27459378311961	0.186748643443264	0.232048041394561	0.401044216407038	0.481101272588446	0.2643497170771	0.369259929759743	0.400790355906631	0.257572711083054	0.130601218062438	0.333539816802938	0.413948461252336	0.247935146091173	0.360155704068902	0.259399258181117	0.278641863450152	0.199859957201764	0.300241559067572	0.0300641026820505	0.255335845649387	0.124246637232334	0.200621012426594	0.358927630168487
0.16200011486934	0.344844626409337	0.307008438755859	0.260656051092206	0.236462349041972	0.0693505323757819	0.0771661126447395	0.137002045189488	0.252971336586784	0.228698980154446	0.325925574121114	0.324714521829666	0.200612289195765	0.299967412957804	0.142192158624168	0.0491580403454384	0.109588173984276	-0.00506006249667877	0.0634887287531167	0.300198354361424	0.102839426442701	1	0.414976627695674	-0.0598251317141639	0.273709866512006	0.188801753904681	0.29716675774848	-0.0728769491415701	0.332568621828119	0.0707482710187258	0.0674221455018378	0.19507168854621	0.316137865582001	0.272115072737924	0.0555666073193194	-0.00681103639100243	0.0290818663942423	0.236454018697153	0.0425522790289268	0.277567818471026	0.385709128267061	0.165818070493515	0.0115433588911249	0.229370605006822	0.329417048676412	0.338490796412276	0.340825389483807	-0.113287482435209	0.278612804427184	0.0245497159806609	0.196629039109001	0.217305535065398	0.202505924001838	0.0891929625692252	0.163967492393333	0.205771101947303	0.115194686793866	0.308423583792938	0.246078465966362	0.212140011256696	0.238933420098413	0.0983921136267124	0.228189592895495	0.212455579729514	0.206371745963327	0.0375297479688077	0.289423178414087	0.245761786140753	0.0104790639401	0.248849362789069	-0.0989242135532362	0.213226876394997	-0.0416423447346615	0.348567711213562	0.106972855272837	0.178289138498031	0.171755773258771	0.119542803038286	0.181753144373738	0.108924154249242	0.127432230674789	0.205043496448536	0.139973907137164	0.304999034176809	0.269374041606232	0.400866684436265	0.019111143641308	0.132888220310384	0.11270580878722	0.157967527960235	0.247115200039265	0.384583274531157	0.133839859254381	0.109423577367303	0.169727132999266	-0.0796962546346785	0.0837452645253644	0.287006624478146	0.255015418595213	0.116617998036513
