1	0.689959870242966	0.788286547179185	0.685974362253562	0.638619914562633	0.460292434038578	0.416064088739069	0.2234241831781	0.160219406964071	0.121030153284847	0.0969156533755919	0.13327347438763	0.36409376912599	0.490092257478667	0.541195037975912	0.513465185027428	-0.0560987102617489	0.130008083744999	-1.63393735199551e-05	-0.0181238347667475	-0.054858483836619	-0.213529591444939	-0.218285685777208	0.110244631471408	0.450304694115112	-0.156787499808219	-0.0479159216747439	0.290248986450722	0.228526301513948	0.124509461301455	0.298565771475507	-0.124962021342687	0.0124676050395262	-0.154680012243128	0.0968468024246994	0.153798861375089	0.074663172195975	-0.000222431227596782	-0.121043366304716	0.0772490314702927	0.0875451768082711	0.45587720833401	0.0858777025513061	-0.331343532120515	-0.289917260419962	-0.210312448572187	-0.186019529656261	0.192244905720002	0.41073884437091	0.320322736374384	0.461842729811127	0.468978396616239	0.0532542106116507	0.393059970538534	0.417428440298133	0.332523006457229	0.137023215844297	0.138208404217213	-0.0811179229933173	0.0956710876510909	-0.0724067402556242	0.227717958653677	-0.0522872127561826	0.11580069850304	0.145036516628559	-0.018301932757529	-0.0797940508139342	0.0720199512814287	-0.0991526680554093	0.0946740196793395	-0.0232591930572415	0.0240977425564256	0.00837087686573321	0.46101925181996	0.163845383086523	-0.362075594228996	0.0824205560936456	0.265147480051682	0.45180561638144	0.038947505425579	0.00343764567262547	0.073621302587607	0.378773930295262	0.0155424407984309	0.039048392571186	-0.317723209886913	0.0287047875657049	-0.0127060612951515	-0.124604365175219	-0.15662288588502	-0.271550756509261	-0.186164325179071	-0.33825700370117	0.129975777766672	-0.0412457378431551	-0.144790747432209	0.25139758610209	0.410430546475687	0.0978470622964717	0.224290861621584
0.689959870242966	1	0.618294793613888	0.721487542206436	0.407433711952185	0.281159046365444	0.476116891560237	0.192983538122068	0.291692109842996	0.190034765128573	0.0488714908121227	0.166352419377619	0.445040215726699	0.47151656036289	0.610041396413529	0.600957413509124	0.109198691759206	0.170449870007048	0.141788654369892	-0.0708969680113044	0.214927165804131	-0.10828090096713	-0.240624217261847	0.120698375324652	0.463109271484749	-0.0939020405327118	0.0346847872538586	0.505899664487974	0.400120183353562	0.407281361119533	0.366583694153462	-0.0156273996935388	-0.067354063593193	-0.147897485557527	0.180886281487748	0.199944740109621	0.0492175754543056	0.0318343513998674	-0.108187781330709	0.108222415877923	0.354440430014094	0.562205219457011	0.336017363306961	-0.247833439747924	-0.322219303632489	-0.27169468819377	-0.0973577844169737	0.230714204790828	0.32470953485714	0.318929817067479	0.375592420327237	0.541104085991326	0.141527219686526	0.1016209525431	0.269044560981727	0.287179945447252	0.22952140893341	0.140412481320517	-0.0644726638700776	0.15834150916079	-0.0797459657190738	0.152654896866934	-0.0195016720423432	0.258630834428047	0.163546072411346	0.0355295039453841	-0.106000616068934	0.0963738579400619	-0.0502911378114703	-0.0187262823127908	-0.0841396221162833	0.0360368202800221	-0.00935554593662661	0.392954140766188	0.129994632517875	-0.447063989383865	0.111686939586341	0.465170991067355	0.612627317148404	-0.0184241731143619	-0.0581639576569467	0.135094168560203	0.561510796223943	0.0528463492825699	-0.015640831511291	-0.408872374465119	0.00742977245052756	-0.0677133310824386	-0.0288047136753769	-0.0966505771464542	-0.344542368788536	-0.15598438846095	-0.305517279621175	0.203296838334414	-0.112680488277046	-0.234693427498739	0.377645771996627	0.430748431195478	0.265436837090914	0.328238807483163
0.788286547179185	0.618294793613888	1	0.715558747969424	0.689665835514975	0.623169483549619	0.48463591105388	0.186425822453925	0.220016917210647	0.0941530074918865	0.00675111855307747	0.179141239109442	0.385219804561753	0.411953704986921	0.519577180733536	0.508313886945337	0.0565650751505555	0.174278888357855	0.101469656652652	0.00162516426768407	-0.0182762459992611	-0.0538618282842178	-0.135908130546633	0.173898080867541	0.396928605710354	-0.0662753388266056	0.0737833659123463	0.338248078217043	0.159104949058795	0.192610438313907	0.318336443193012	-0.0968140748670519	-3.04572722482832e-06	-0.172492562897776	0.0874044667144885	0.188635891636972	0.0214874876233081	0.0969311774368233	-0.153513574429415	0.0168081938304745	0.072909151089317	0.358639524358939	0.0587828364226299	-0.210100053315347	-0.186123547224978	-0.12592985398492	-0.152059248222484	0.19134272419314	0.427409992871016	0.318250357898142	0.413297301415219	0.532065134739668	0.0902518767269733	0.43389876874475	0.492720934455617	0.432979038341766	0.278449845814445	0.2014539916129	0.0974175683574783	0.209300323030313	-0.0488615717454409	0.0686667480296225	-0.121774513656685	0.119767413411887	0.144288379520831	0.0256944032322376	0.0713577438239864	0.124813210684265	0.0259164898073515	0.204728258835574	-0.0393945442632299	0.172136448310852	0.0706614827663714	0.380493154067607	0.310294344954005	-0.216463613882503	0.0699461575213808	0.25822973432489	0.483979016963315	0.164748649802891	0.1303737387137	0.187473841077498	0.323203062406202	0.119775050856037	0.142885030811396	-0.153416038360111	0.00665157362358766	0.0523142141272553	0.0400180443392259	-0.0219470622309988	-0.270119590748935	-0.207174880266471	-0.280353676585826	0.244578673936868	0.141676092836388	-0.183005186250425	0.175613899178455	0.483975067199066	0.126141152388093	0.295147011770665
0.685974362253562	0.721487542206436	0.715558747969424	1	0.503286327139555	0.455849212004355	0.70210929562896	0.260519806787324	0.336141036546342	0.168520304618642	0.105470773943831	0.212080351876771	0.382252941181164	0.394090357685136	0.842868469319555	0.733273033899131	0.0420394692537788	0.246275729816285	0.222133276263815	0.0425093542117308	0.131850648520402	-0.0589493813865698	-0.227108851219154	0.151215609055303	0.586917680271351	-0.084286205138591	-0.0885063239693719	0.425034584962794	0.210691532692236	0.256563123898866	0.46243965569032	0.0449558641390627	0.01023865206227	-0.302283280025873	0.275891212578447	0.247938084227412	0.00212153973474012	-0.00826513097007917	-0.0466062638712381	0.00937567012273493	0.150339260757757	0.532535682639189	0.309969274004108	-0.370173385209944	-0.252254154962008	-0.183277478544267	-0.0191430623938481	0.331676561897281	0.26821823284962	0.432816560979781	0.336156788702991	0.459607620897651	0.125554029278621	0.360126527661706	0.440865965648257	0.493943151779071	0.392747113028151	0.216630442326637	0.0909351984198363	0.306486274976432	-0.0708328744392259	0.141912063031177	-0.0114093923831569	0.244954455054576	-0.00786534568533986	-0.074951194595813	0.0037653625141372	0.225165546389015	0.0217738152611831	0.218031847161859	0.0619884051980263	0.291270769706805	0.197443638470775	0.482471129505801	0.365089988021958	-0.365148036475014	-0.0559855901498594	0.30824330345288	0.607948954959081	0.175243313463529	0.0311014835105153	0.169668723080391	0.400227838759659	0.194777705537307	0.112527115195633	-0.411571280176741	0.00614373199237819	0.177151706850702	0.10738371536474	-0.0483968811131217	-0.172458575256042	-0.342039784678368	-0.441489971857888	0.328886380652239	0.131645688631446	-0.00365158327153732	0.147053442691185	0.421385299187557	0.0555512813599435	0.328111758987887
0.638619914562633	0.407433711952185	0.689665835514975	0.503286327139555	1	0.59646777195433	0.23302028571446	0.189171309588993	0.0547507005909782	0.123643246687657	0.161296824422004	0.160890116027469	0.426984543583732	0.445301889919581	0.392618422254556	0.323264217725755	0.191731675038585	0.107225534370414	0.0475708726916156	-0.112762116717407	-0.0209717321820536	-0.0965403421293505	-0.0151712891777927	0.138582093172705	0.269567797350819	-0.0490948853024687	0.136240355675074	0.271782234867494	0.0105310218362711	0.0996658520310303	0.235862813606674	-0.0141491494172119	0.16178964666615	-0.0654273484681593	0.0218460761527923	0.0110713859674262	0.0574938185760878	0.157375098286293	-0.123739788262106	0.0339781133778354	0.0376055185664565	0.208490761094079	0.0444975197360971	-0.107081323036766	-0.11910066750359	0.0988728160991902	0.00190935166589538	0.202971025145174	0.433706779258283	0.348783993459893	0.38676477679401	0.397210682762763	0.203948132519589	0.488987574854384	0.504164982793109	0.348305957492264	0.224298939951867	0.21979773139722	0.0415691152646406	0.0802335590767137	0.118545304884094	0.157498464919323	0.000959445165118237	0.200157558772604	0.179692368173559	-0.00767678728337427	0.120649114494507	0.106924766786354	-0.0025333271143483	0.14618125967508	0.0604600066548252	0.171729208579973	-0.0372069814703833	0.323683178758172	0.166976776000021	-0.121694954214756	0.0507993475000604	0.122664957788836	0.249853753781941	0.172362855217303	0.0545448187680663	0.132098124782037	0.220024608670072	0.0860378666722998	0.0730206180242277	-0.120811467847682	0.0939653444410999	0.00799866201321818	0.0813772580148055	-0.0762814065210387	-0.128551476622588	-0.200860432193697	-0.144321297071913	0.174962199556176	0.153702654962654	0.0181364238168313	0.115194721030631	0.315978681251558	-0.00514187384214133	0.26748275089681
0.460292434038578	0.281159046365444	0.623169483549619	0.455849212004355	0.59646777195433	1	0.41487292851803	0.204471097399796	0.227607094693886	0.169633743236318	0.11418194952484	0.251361705247326	0.372884303410653	0.366098528416654	0.349936672631574	0.303082428930165	0.0958024629136681	0.0546658374708992	0.176052471342886	0.124306794097821	0.0420845982537177	0.144788623821442	0.0470687754671667	0.227764651640469	0.23349060687988	0.0827795278624449	-0.00193862623644962	0.168966267280913	0.0600782336338294	0.151311079927725	0.184263612364293	0.0646398873106142	0.181271895493183	0.0685358266439444	0.168803414900886	0.23840512837997	-0.0669609036509886	0.137661744254483	0.107789537119952	0.240612544210711	0.103739103540829	0.222242655811423	0.0788249242935702	0.0149485155689757	0.0488763206586872	0.0236137847996742	0.107927290531092	0.435808237482444	0.349063127434293	0.300791246496604	0.350054066187003	0.460212207749687	0.408657091518048	0.584208736238976	0.624462551983151	0.439673614926502	0.301305139960482	0.361438234005086	0.115711343843261	0.143408084464703	0.215795384893877	0.0524103678926325	-0.0860128899111539	0.0919220808248621	0.136618928999775	0.212789163498986	0.175859016260408	0.237966681298741	0.216594922641092	0.274413063697243	0.193621115701918	0.134236042499298	0.0957294054190264	0.187231731244787	0.296909916409207	0.128078230739839	0.0417077973843404	0.154055683774405	0.221155320357979	0.23453243710488	0.237336913654139	0.228958893205803	0.347848527975381	0.159869137254892	0.262522129041002	0.112553081569423	0.00696980948290363	0.234857659863089	0.199717569827617	0.0639181282794234	0.121983482908893	0.0261382385037839	-0.0123452456959523	0.188697988533137	0.34688877373929	0.0972085270932212	0.0683496247963792	0.340547569535995	0.0799404349006531	0.324402318130967
0.416064088739069	0.476116891560237	0.48463591105388	0.70210929562896	0.23302028571446	0.41487292851803	1	0.225945699867721	0.45198984750501	0.284194519177617	0.154207150804212	0.29818137559123	0.300362060610089	0.188801070608838	0.579712367466613	0.659840920908334	-0.0136485300522181	0.132327966417892	0.316071557543299	0.132576048484244	0.365416380639357	0.151646864242622	0.0167593377917027	0.236620962501894	0.415113002961466	0.109120826364982	-0.0472265329457162	0.305740130702567	0.2575625452732	0.279448929334531	0.353156142485856	0.199524258958496	0.151699958758642	-0.0969120797091189	0.679504059133413	0.462901850774917	0.193413585182834	0.14605233728939	0.415877296179604	0.175085372586395	0.31297478499698	0.349173461111656	0.566194862412916	0.0138223397541037	-0.0354081138191126	-0.116940159913479	0.178559102933386	0.499849024424631	0.116948502683535	0.41453772645653	0.300231725657813	0.368337605433147	0.372153768769428	0.3217921052492	0.393987921079126	0.666099736523604	0.376284957214686	0.342282301857923	0.152480054522246	0.369193087625206	0.0636226017927082	0.0819844873709871	0.129421175845659	0.226142782283999	0.0547936300510185	0.186385409234781	0.230367630238014	0.250130136840622	0.150237490529191	0.282701461531498	0.178843656151565	0.316314979718275	0.260948520173705	0.333258953867834	0.387031958311356	-0.0249370194874656	0.0558285697730076	0.314948081169996	0.383715861078	0.212451887011251	0.114537434794806	0.16962916457518	0.350203167877354	0.385710266197218	0.363350473278586	-0.139025649981603	0.0561065501776742	0.423810159728984	0.342590799059697	0.24844544029914	0.116516382762042	-0.0109061976526096	-0.0868680230333251	0.303052958483989	0.222024730057268	0.0947695686359432	0.171826113169113	0.329889465276865	0.120505983123751	0.311927738476899
0.2234241831781	0.192983538122068	0.186425822453925	0.260519806787324	0.189171309588993	0.204471097399796	0.225945699867721	1	0.515998772899031	0.0443063014330954	0.135224153175458	0.0788124532157091	0.417843382072947	0.229559324445083	0.150604817291476	0.344782512239777	0.168614967804099	0.587107355639136	0.559870953825433	0.598343980884543	0.133738653354298	0.17882471598215	-0.0434061503780039	0.286991657487653	0.358436448713365	0.400904761273979	0.0656216418411058	0.129621284984873	0.201927707529042	0.130245905392468	0.420556791625135	0.333631955825156	0.262742962359033	0.112445932183807	0.148797103546622	0.364125525362683	0.0750383213054684	0.357416063860924	0.144350939535063	0.131979919269832	0.322762441621501	0.160292112583098	0.207090599975489	0.116188742768397	0.44258727710379	0.0706393880354889	0.19764959186509	0.140230869639509	0.101486742844014	0.263058957796129	0.244461688406488	0.237457556541901	0.136144170989843	0.106894583928458	0.122386451176366	0.0758492872721889	0.137774088302123	0.309014647202323	0.216834076411822	0.26540337065371	0.038595167240157	-0.133058309203935	0.105327216011797	0.182423998470491	0.13040033959458	0.0598611755546417	0.178723852354001	0.248916157384359	0.355848703860525	0.429660794599316	0.0484407439897614	0.147415853704218	0.171807955457343	0.390629467375782	0.195821313771468	0.0556935367152538	0.0805974886796955	0.237086051958345	0.318982253790767	0.234129627601791	0.110172704729071	0.222763196926295	0.261619243204438	0.182630858089211	0.215369052398977	0.0867776001367564	-0.0367583852842775	0.271025593794553	0.195908204013244	0.240438461616768	0.254573652627021	0.036600809843295	0.141131790606382	0.143637524274333	0.136520575196933	0.150291203735204	0.222923070921982	0.194476977012641	0.0228133720295883	0.165884683566562
0.160219406964071	0.291692109842996	0.220016917210647	0.336141036546342	0.0547507005909782	0.227607094693886	0.45198984750501	0.515998772899031	1	0.169115120757125	0.169528733717642	0.155723651333129	0.253833850346953	0.143596187174742	0.170457878643955	0.561080750832243	-0.000356851928518462	0.410728126907001	0.691726585393899	0.47844813782665	0.41471564075039	0.336429897460247	-0.0207399065060416	0.553553694231707	0.395144931406432	0.278585996347089	0.136846841031576	0.276252174618036	0.389343551359242	0.511230807797082	0.471754787855893	0.231306419519232	0.128527655052253	0.0102786330751435	0.48012293260537	0.662159426209221	0.237860661087959	0.258278612420421	0.325650491194878	0.19121806896286	0.271783707202606	0.316844748057563	0.382697003819607	0.10816876846268	0.273845076999802	-0.00889511673681238	0.125455643744105	0.251789407047157	0.0674820988758818	0.425009648431827	0.266718538793903	0.306957188830037	0.426883923802419	0.0393880008564198	0.111411158801633	0.44965433995393	0.438340869607893	0.518589817085402	0.505142607109068	0.77109374601874	0.0655570021597985	0.0707454475923038	0.26924320759059	0.465605258198996	0.293352864930961	0.348241101414793	0.399021285303133	0.373795228934962	0.631855162326011	0.530036202329677	0.209577270541233	0.306582132108952	0.497549272050547	0.432855533708308	0.474570721327151	0.241359352348858	0.0708531840204958	0.282869702588806	0.359409236289227	0.434754064532183	0.400382872785623	0.476935749474983	0.144204548704273	0.465518099502623	0.481400128799762	0.16704745338428	0.19508667404924	0.504931610827203	0.447379183496295	0.423131500821466	0.175934140192597	-0.0454938093645952	0.129912682538532	0.222497190659107	0.203623902274978	-0.0442801292454384	0.21565961559111	0.0764095724463121	-0.0170272353022166	0.357621007177526
0.121030153284847	0.190034765128573	0.0941530074918865	0.168520304618642	0.123643246687657	0.169633743236318	0.284194519177617	0.0443063014330954	0.169115120757125	1	0.421286988247986	0.672561937184675	0.2984310151086	-0.0112812940756087	0.0933931047119207	0.298636929831369	0.231013193455261	0.0320902740502864	0.253279484144237	0.0945184364792795	0.481117482028711	0.372423182140501	0.184191095598705	0.23257758622308	0.243016408096738	0.230735251751237	0.221587612294302	0.173699480316706	0.18111810400824	0.218300760876321	0.290834835713951	0.248698009825755	0.401504285149558	0.224244132866915	0.267713611650911	0.226147083992179	0.0845450960324137	0.206828852838702	0.231674813347755	0.221976312687634	0.237480764378696	0.424211053661563	0.439551570353119	0.189498159451502	0.108010326551873	0.0969620117206186	0.312204664526858	0.256681382609944	-0.111803688259749	0.475230540576545	0.0862832929921201	0.0796204179982356	0.227794873215522	0.0683475587586792	0.0424582713502438	0.249091335775392	0.131971730469718	0.120347567240391	0.135393110793646	0.14166539826319	0.384545210082844	0.160216801173284	0.463276012795656	0.254406826953615	0.309070840234378	0.190730792231012	0.233079363375702	0.188075392108752	0.158708177512279	0.133755589231525	0.229156931647798	0.131879367836218	0.00974451258938391	0.346909308742379	-0.0768515509783219	0.137481416425602	0.40326310593531	0.178265311365615	-0.0291597026932386	0.0858050292937595	0.180948203825656	0.123297948379082	0.214693282417774	0.0781790723519466	0.153731260916081	0.0442097424574281	0.0509154151998031	0.237082018735825	0.10614236245813	0.103227475549539	0.106170665828591	0.235687200709469	0.139703069218566	0.0773873628355867	0.00446358641360029	-0.0613425964497107	0.0360792967940585	0.0660389208148025	0.256641584071947	0.245683672236289
0.096915653375592	0.0488714908121227	0.00675111855307747	0.105470773943831	0.161296824422004	0.114181949524841	0.154207150804212	0.135224153175458	0.169528733717642	0.421286988247986	1	0.402698718600146	0.108340348677437	0.105895764295154	0.0233294375886775	0.163789478287393	-0.0101724676836004	-0.0402633171945889	0.27778945456625	0.203224970858669	0.303611660205419	0.231425909159587	0.236913643616558	0.0173159947080003	0.105662450785096	0.182022380690876	0.0206724699941382	-0.0182576372244142	0.0964982508966755	0.0112368822257064	0.0971786432669684	0.0377707645389665	0.303705451475165	0.252554900072437	0.204255120431986	0.231971309138199	0.110676534698997	0.233914727936157	0.161427143986102	0.149885420108048	0.167318535565409	0.127106765841389	0.0740777790671996	0.116805022605739	0.0859650048056243	0.211538725600185	0.0911184912930228	0.18611839871358	0.0362298229959954	0.29065146201615	0.0297301088517379	0.00242067815099215	0.164780611081963	0.114732375111484	-0.00920476311787173	0.21450783244736	-0.0247340043034088	0.276930930808094	0.258516158335341	0.139311769721446	0.313669400481461	0.252390770002754	0.43842120083189	0.104597303956263	0.302693341454288	0.277490455615892	0.222832583227826	0.0675558178485435	0.178604843871538	0.189012756282657	0.151196549820564	0.143785992018269	0.0471892708603089	-0.0135899023253313	-0.175608038300567	0.085516065782738	0.1177658717229	0.00972138629252808	0.0209749665280857	0.0854774217138649	0.162078006562293	-0.00771707423201619	-0.0171229405728705	0.0489063085713906	0.12762921980012	0.103486044939716	0.209372773751007	0.231295097251275	0.114523117785156	-0.0107439687878908	0.142884581233737	0.242829032544262	0.145730013206835	-0.0188173730988819	-0.0273953938279733	0.0692789814709717	0.157382473021457	0.0336534903955363	0.209364023304223	0.245212230710403
0.13327347438763	0.166352419377619	0.179141239109442	0.212080351876771	0.160890116027469	0.251361705247326	0.29818137559123	0.0788124532157091	0.155723651333129	0.672561937184675	0.402698718600146	1	0.43103697378746	0.0685161669153804	0.0545551745898063	0.296815575579566	0.227837113204658	0.0253071996079747	0.283824942437661	0.184945385964437	0.412502738187976	0.443296305630558	0.35215427618948	0.228366502399465	0.192502388731015	0.270360467800944	0.29397214587308	0.234841138032691	0.257982509762701	0.246534349189992	0.201265728771216	0.202956856981877	0.434789977465889	0.181869740612807	0.216208402366491	0.351469333318281	0.0815215329368202	0.29326028629438	0.265990185800709	0.358792255238687	0.196942534105696	0.262722116527223	0.315572619384578	0.222326701185363	0.150588415585237	0.13551294264378	0.293964602748643	0.236177686216592	-0.0679141068686464	0.377265450369459	-0.0431074283160032	0.123067990576049	0.24859304814342	0.141777038305816	0.0536247380624722	0.214067753888704	0.236767288495517	0.16525812459613	0.156721562702766	0.145540636557035	0.510185205117293	0.244593315551063	0.431251679106006	0.217640999807339	0.210664744409053	0.221240626505636	0.275927083459221	0.262501557997894	0.144392272416912	0.217432957625148	0.305264037345206	0.232136675586066	0.184915513151533	0.211452499342151	-0.00540859286024232	0.241064494803557	0.372452338485439	0.172068583097179	0.100897711414886	0.158343941563643	0.24755983269843	0.117041813508003	0.153814260039487	0.132220293147414	0.179598269208998	0.123142997902918	0.203844761510913	0.230558443390147	0.103247907789012	0.166532418803176	0.144933130692609	0.313905953222798	0.1956028340771	-0.00992237607577183	0.132492787533147	0.0846383962934635	0.0188081909675202	0.19506634000954	0.267161945886705	0.283473869195
0.36409376912599	0.445040215726699	0.385219804561753	0.382252941181164	0.426984543583732	0.372884303410653	0.300362060610089	0.417843382072947	0.253833850346953	0.2984310151086	0.108340348677437	0.43103697378746	1	0.416267763932221	0.315547351882858	0.432080795883288	0.554327291517984	0.325493785325775	0.280554534661923	0.15223631571366	0.458316512403192	0.22842114559842	0.247252443877998	0.190968926491811	0.426148300088853	0.183081809518584	0.361109358211675	0.364452621241643	0.34425436902426	0.356306782002743	0.33041364410051	0.339048970454086	0.497940900167392	0.0429125000956673	0.151025430889218	0.277204925359578	0.101586551376095	0.193107590053636	0.0283392299080128	0.276978049172049	0.469979088147356	0.392976400595521	0.3129532627927	0.0352327119058886	0.0886550673066191	0.153171144135748	0.358629327761615	0.177421999199812	0.31429824144016	0.427715301017477	0.323739406675371	0.454388243668412	0.261895064005812	0.150927089351868	0.274990346434023	0.218824783130498	0.183572937559437	0.267190818080586	0.111358974818146	0.099491786922003	0.353551273653872	0.192261939127207	0.203259342298823	0.414144751454832	0.237892379278048	0.0801396943543508	0.108636924086746	0.286260476024575	0.137987397873649	0.200737366231861	0.28817477116795	0.298316277153875	-0.0389263603714193	0.307165890912373	0.190604445634457	-0.0575384203672849	0.213585053031226	0.270883247152117	0.300922623187635	0.122113075940047	0.0833178781553023	0.285039818661603	0.345140598327516	0.0752009072220381	0.168218580204296	-0.104330754663999	0.0451049872123566	0.109325643572887	0.110546871012001	-0.0917648047951746	-0.024863695564877	-0.00863211042127747	0.0142191545889366	0.222421943389961	0.163188440510321	-0.0457698240352463	0.335729355411547	0.340665199795461	0.300441208594433	0.338361383515606
0.490092257478667	0.47151656036289	0.411953704986921	0.394090357685136	0.445301889919581	0.366098528416654	0.188801070608838	0.229559324445083	0.143596187174742	-0.0112812940756087	0.105895764295154	0.0685161669153804	0.416267763932221	1	0.401266767859894	0.33537000274265	0.133303440474891	0.224019627816823	0.148535569837043	-0.0963709117002762	0.0272489699707652	-0.0187366074212255	0.0795821724556249	0.191496574182645	0.352987753547122	-0.0124772004594933	0.0240835425529065	0.0919335622977526	0.254036668844079	0.239130715621083	0.257327254062451	-0.0699690813562884	0.0705490943204171	-0.0401815513877826	-0.0334560828976891	0.207700034309027	0.123962533145923	0.0175312306675262	-0.0386711829342913	0.0872607373186449	0.194489657760677	0.286773130022557	0.077305228102425	-0.0798485613808685	-0.0662911900877005	0.0491054007782674	0.081876901359026	0.168143038641156	0.644256108738202	0.231219187002876	0.409594940115133	0.425636300122124	0.249732560847763	0.20304361579616	0.311591231932519	0.215939886979347	0.118124722649922	0.300637730732402	0.00297960484173979	0.0336791115165778	0.0637613539031856	0.069378198289645	-0.0342874281793388	0.298808876027817	0.313389631929035	0.202326095309017	0.193403557970291	0.234648002023598	0.0398679921550363	0.228140451919143	0.197102084479127	0.0880036202953584	0.0197241796496248	0.214993312452291	0.29149630095734	-0.120100590407657	0.129693063197337	0.0840471632166683	0.301662452952353	0.255081761321986	0.144219632022504	0.28540512215817	0.291479253971241	0.194105011806028	0.154299505014214	-0.17293050760142	0.261927588023502	0.17878961865084	0.194405509554359	-0.0675527623466977	-0.0102396488541216	-0.218494385054066	-0.0698728695860983	-0.00426927591045296	0.0402459513154778	0.0790978645460849	0.294459086015606	0.222966938546009	0.0627562695726586	0.335311792844563
0.541195037975912	0.610041396413529	0.519577180733536	0.842868469319556	0.392618422254556	0.349936672631574	0.579712367466613	0.150604817291476	0.170457878643955	0.0933931047119206	0.0233294375886775	0.0545551745898063	0.315547351882858	0.401266767859894	1	0.617817776775926	0.0215338367204614	0.232440187749246	0.067209416014052	-0.147340216432632	0.07018620182023	-0.141559607134023	-0.249444646238694	0.0208937891744114	0.596504067257157	-0.186568466204357	-0.0617364577047778	0.388166734599491	0.109101732123118	0.178527829726902	0.410543760142819	0.0763492976787336	0.00766413040213054	-0.307011627099552	0.1866848530227	0.0594697794475171	-0.121362439453079	-0.187432153339736	-0.0900234765091207	-0.0322489932072593	0.0968366506870165	0.416765925954821	0.343617597285237	-0.378004399138156	-0.301164369463122	-0.18431136868384	0.011924194682865	0.304237721935729	0.217505713040832	0.405250529523301	0.226072994213439	0.295444620952458	0.0231589020344702	0.251221943625697	0.446567526417815	0.337326291025338	0.324028359785645	0.0674807722253489	-0.130219858429485	0.0825799108047041	-0.121482577543624	0.0719712192574322	-0.0984533324311276	0.187883621840583	-0.166117139803106	-0.267732333936291	-0.167864207680901	0.0936678537456504	-0.209154764691866	0.0877212815151243	0.0108527098895123	0.257848958079671	0.0946863964756166	0.434530738656361	0.257748729290472	-0.419942709953524	-0.0672170647025164	0.325333349857249	0.569559422900439	0.0521268617814736	-0.160559828575434	0.0298631374936006	0.463486777208403	0.123621483802675	0.0151180446736067	-0.472154485078019	-0.105630027227163	0.0204391751191695	0.0334774673889475	-0.101721965874794	-0.226994589180535	-0.281493960525231	-0.458031095510552	0.362484619637755	0.147835139586937	0.0123598945541754	0.107209322049225	0.394451309415687	0.00580762350554389	0.325993276754839
0.513465185027428	0.600957413509124	0.508313886945337	0.733273033899131	0.323264217725755	0.303082428930165	0.659840920908335	0.344782512239777	0.561080750832243	0.298636929831369	0.163789478287393	0.296815575579566	0.432080795883288	0.33537000274265	0.617817776775926	1	0.157456568586291	0.443167493898295	0.52909464809296	0.286754817094041	0.366056902747521	0.121913456811697	0.040067077521305	0.418979163829335	0.557859258551721	0.111830352634655	0.00531612635276856	0.421043121838093	0.391626134348081	0.44783569318999	0.690226295544774	0.371920415123334	0.19567895914611	-0.182380903116236	0.547295369257318	0.600547580569459	0.168726380993725	0.132010116893423	0.189183415254081	0.0590679172313935	0.282097422008152	0.545729770690447	0.557515306380297	-0.222061493289139	0.0424181086288318	0.00155449103638142	0.13865673264395	0.246471512131446	0.124220645484098	0.581022418246544	0.253481377631652	0.431148718994655	0.248758823280394	0.116967455475693	0.187582037470505	0.568493218849264	0.424447709126293	0.377778027436424	0.269318995571835	0.43759463809828	0.109257613313676	0.243255081649413	0.203871093754618	0.489120375225681	0.21492039890539	0.133055384215106	0.254186022711081	0.360012109729169	0.228374319571257	0.461410455715262	0.241954755588489	0.335189339517202	0.260066448672785	0.480963952818818	0.417303212355319	-0.135865395707258	0.16591933121418	0.305138180597487	0.461385388486333	0.289949873577242	0.146439440126726	0.38116044865048	0.301761128751694	0.36713672618878	0.324808779775801	-0.269536406956347	0.0797443031322005	0.411539249399978	0.286674530162372	0.141607653443986	0.0100875206404122	-0.274207863302362	-0.226509169170162	0.295290033463856	0.0629598747703813	-0.0694247927193741	0.0725457484912228	0.365515395381382	0.123555910937761	0.489995189468348
-0.0560987102617489	0.109198691759206	0.0565650751505555	0.0420394692537788	0.191731675038585	0.0958024629136681	-0.0136485300522181	0.168614967804099	-0.000356851928518462	0.231013193455261	-0.0101724676836004	0.227837113204658	0.554327291517984	0.133303440474891	0.0215338367204614	0.157456568586291	1	0.346361869528304	0.0743657090399894	-0.014645900194532	0.438725184680161	0.177004256539699	0.367044494912954	-0.00316961546267643	0.177788283165213	0.175041530631639	0.393044958711793	0.230184105927095	0.0558783072058243	0.12976034524916	0.269585280830703	0.357191295857651	0.433519538625517	0.0862310354463859	-0.0149013549707979	-0.00236395138265603	-0.0198178694577477	0.158176048210397	-0.112738036515902	0.0900947902143516	0.324045876003417	0.165141779402868	0.193196889103625	0.15659560301879	0.15808106928061	0.194336534689493	0.274316270735866	-0.0440502255534913	0.047737457804642	0.231307099349577	0.136989171021126	0.318403790666435	0.0735673340536573	0.0899854299430709	0.112468648040759	0.0354607654084824	0.198446413384685	0.0549227591285488	0.00771969538845209	-0.0938015074224782	0.325812312853982	0.0614292054132334	0.141227854566878	0.29567665773776	0.0381601511247008	-0.0906267146217768	0.0335725171736732	0.152980578011974	-0.0104698118264015	0.0829951453266335	0.136386011669952	0.259741820079859	-0.347272711261881	0.196047812349813	0.00409502372334712	-0.0923425855064023	0.297664386354686	0.122694877986229	-0.00355897439441875	-0.000886205179688758	0.0354008697366541	0.161414289026339	0.0963585052490372	-0.100147612676587	-0.0080943055103202	-0.0115021035699435	-0.137389952105027	-0.0204760530210026	0.0413568819221611	-0.110879042743195	-0.0144185896123151	0.00866185337230723	0.0105056115067734	0.123434856043496	0.110277552398602	-0.0193973128235237	0.0195369271132251	0.116943867637942	0.190503801824925	0.0515302729133058
0.130008083744999	0.170449870007048	0.174278888357855	0.246275729816285	0.107225534370414	0.0546658374708992	0.132327966417892	0.587107355639136	0.410728126907001	0.0320902740502864	-0.0402633171945888	0.0253071996079747	0.325493785325775	0.224019627816823	0.232440187749246	0.443167493898295	0.346361869528304	1	0.393647294074718	0.285732235202693	0.146846132030036	0.0433138805312081	0.0607852934036217	0.465142761648792	0.250004700239296	0.244967494244704	0.0866769670518796	0.190181312162604	0.192135460737009	0.198095045646637	0.733440548834902	0.448536028930703	0.152544205528435	0.0430594877265405	0.139038867935196	0.251471709109362	0.144730949516058	0.126643683067226	0.0995882261478402	0.0490397946107403	0.0926623389069167	0.176890807616959	0.368050397103144	-0.0425425392959626	0.359673730031912	0.0317382116899838	0.0966791835835295	0.178125147882845	0.102303723779894	0.144374750149058	0.123316476046656	0.129570901768336	-0.0205313917230702	-0.0815462253718783	-0.0333035018490497	0.0168031365377003	0.116142984541075	0.108789938945989	0.0369000318797587	0.162685401988777	-0.0269294670984257	-0.0606615746805326	0.00869333651325889	0.332243992462027	-0.0653508705413307	-0.0971693333132444	0.0815429143120988	0.214734997665636	0.172780298853216	0.25887197782889	-0.0197956895830403	0.155550756056054	0.194194163229617	0.282268171025458	0.167198180395809	-0.109819145034844	0.107482686663127	0.238207641135342	0.27221142143603	0.175990357567371	0.0199700418845098	0.198195713146203	0.141250860224448	0.183510433737741	0.110327599686139	0.0131382023773304	-0.0209856237893399	0.227785290500575	0.133887902025585	0.0890225302826635	0.136039741412718	-0.0659613630884499	-0.0114435771544123	0.15058332830251	0.08686181722199	0.0182114502153144	0.112645629101649	0.16306302213104	-0.0560678540829956	0.104292672440549
-1.63393735199551e-05	0.141788654369892	0.101469656652652	0.222133276263815	0.0475708726916156	0.176052471342886	0.316071557543299	0.559870953825433	0.691726585393899	0.253279484144237	0.27778945456625	0.283824942437661	0.280554534661923	0.148535569837043	0.067209416014052	0.52909464809296	0.0743657090399894	0.393647294074718	1	0.698029730420492	0.331853202108964	0.367874007402785	0.227481249265807	0.485682710578727	0.294330354938979	0.488789785167704	0.0477990601594691	0.125372990859041	0.363109302944731	0.477524915445085	0.446865872800076	0.360123704339158	0.249647755822115	0.201560309242124	0.396371444734341	0.665928775951084	0.140349985438883	0.492106788446324	0.370349545591414	0.226391314981559	0.284040004966598	0.230368905822658	0.346585150666787	0.225538361431996	0.43824913079965	0.140324188712124	0.335565170014296	0.217187784152589	-0.0561163934214902	0.470003623717684	0.126178018065652	0.301133083644468	0.419457444061328	-0.0064780558712079	-0.00347444723775008	0.301553353902865	0.334042023110903	0.44357631263672	0.485837538422854	0.533445039811171	0.194005602306921	-0.044807698841866	0.338201009973635	0.372016675461282	0.389958360801566	0.425363988896234	0.43173071945026	0.443490306620552	0.630548767656262	0.589408326125638	0.301378229880123	0.231590816341333	0.287404849200976	0.303956201575506	0.288206136185464	0.310662323022048	0.193620495130942	0.160046744104848	0.165592194547035	0.368217360792809	0.281433860414429	0.372371935153793	0.102798919356755	0.328154696182506	0.406410723786419	0.219144099435862	0.12359300028238	0.532053286785154	0.463987142560246	0.391405847387009	0.382254239398773	0.05260725685232	0.291336562858425	-0.044830139394306	0.101134676803493	0.142969443183627	0.0330874381147016	0.0381005609980661	0.100797050482152	0.420072288037761
-0.0181238347667475	-0.0708969680113044	0.00162516426768407	0.0425093542117308	-0.112762116717407	0.124306794097821	0.132576048484244	0.598343980884544	0.47844813782665	0.0945184364792795	0.203224970858669	0.184945385964437	0.15223631571366	-0.0963709117002762	-0.147340216432632	0.286754817094041	-0.014645900194532	0.285732235202693	0.698029730420492	1	0.105876626166015	0.348659082694232	0.102796220063336	0.235331928681873	0.229966671178174	0.416097499691026	-0.0683042076522865	-0.00265944339631097	0.114995853910824	0.232803806108723	0.224346223857562	0.24554395008261	0.197835282301038	0.292787791345083	0.220177486343136	0.577473582580403	-0.047418414982777	0.407484456678071	0.228259920224159	0.0746814698458144	0.0754718552029793	0.149468738245554	0.0615502317325792	0.162137021906254	0.516809138262291	0.230726478329181	0.240216259656465	0.0415322264419454	-0.212127572427483	0.26075128431744	0.00838296007954358	0.147519506256165	0.233486256289843	0.0402468862175965	-0.0440271148290738	0.178295810295925	0.151726350590677	0.318040707273083	0.438130715728647	0.360905123576837	0.189579162809717	-0.13252944491713	0.241499014969268	0.138557642848299	0.230964903973924	0.307898155289485	0.308027201523001	0.352736687675133	0.555735122558394	0.480067103953321	0.209073521567132	0.0640558575786578	0.170404108017904	0.191476570042498	0.155604758921602	0.259269990102356	0.0975285437198294	0.0567999063567082	-0.0129538758629835	0.306662316763513	0.325899735872388	0.228903661818469	-0.0162102520826218	0.150892499574296	0.257660727933482	0.235196264417451	-0.0816004628735256	0.427318260703461	0.243961681516924	0.222495070040611	0.426332583804105	0.0615652805111604	0.268677925886098	-0.0122324215482561	0.0996111620651915	0.198656701487196	-0.0159498041569824	0.0996409911314738	0.101926266227257	0.208142456108421
-0.054858483836619	0.214927165804131	-0.0182762459992611	0.131850648520402	-0.0209717321820536	0.0420845982537177	0.365416380639357	0.133738653354298	0.41471564075039	0.481117482028711	0.303611660205419	0.412502738187976	0.458316512403192	0.0272489699707652	0.07018620182023	0.366056902747521	0.438725184680161	0.146846132030036	0.331853202108964	0.105876626166015	1	0.352036041312473	0.304768155138057	0.268713467837419	0.219081525467724	0.22547767312268	0.315443597762007	0.203350927403507	0.348743356506892	0.287766530231945	0.313251993979567	0.448906339951675	0.424418613466551	0.133443210886282	0.518786768213397	0.439936027922512	0.242312372852085	0.260231689816462	0.391846483511505	0.251239137816065	0.486146501089787	0.326236126901771	0.637206539900501	0.357326843442781	0.135442677739018	0.188331917828623	0.441985460797734	0.171177068620317	0.0115174406856748	0.496988026539703	-0.0138220905383498	0.167047768523673	0.292554482244994	-0.0848684440427746	-0.113983603505307	0.279332075214215	0.183351562944002	0.217028702799288	0.114933213853589	0.213646979669855	0.335202065635544	0.171470132137393	0.394308063555584	0.349336215130313	0.147545651765784	0.282867790922613	0.294135907799619	0.161111246246107	0.18994667480557	0.193367759048954	0.328182761610175	0.338030503224047	0.0754743482425744	0.231291936111714	0.104507005629374	0.165089160614829	0.322386393110148	0.133211024931751	0.0966605400400791	0.108592647903756	0.133585829028835	0.284760782476964	0.131319628784373	0.242436982848401	0.397432789354582	0.0200913439444088	0.191672473377317	0.337915042571355	0.29508603675274	0.19279675852319	0.131894431366563	0.163885055229272	0.244252603692119	0.25651178333756	0.125292794426043	-0.18416965934151	0.0653158704255928	-0.11765414315693	0.222642613434882	0.246997720498668
-0.213529591444939	-0.10828090096713	-0.0538618282842177	-0.0589493813865698	-0.0965403421293505	0.144788623821442	0.151646864242622	0.17882471598215	0.336429897460247	0.372423182140501	0.231425909159587	0.443296305630558	0.22842114559842	-0.0187366074212255	-0.141559607134023	0.121913456811697	0.177004256539699	0.043313880531208	0.367874007402784	0.348659082694232	0.352036041312473	1	0.362361801192661	0.299938230646616	0.0738762186841267	0.372598080247406	0.239408641963759	0.150414045591361	0.233563763814794	0.224462117167224	0.0693586551961041	0.254204864612406	0.262078701362932	0.30973143630094	0.23022844174271	0.417578799014867	0.100001186092151	0.210171005995896	0.298041547379873	0.349791705430328	0.271033074731872	0.105857371431135	0.236723799526233	0.393011180415951	0.34306853843271	0.43867084503351	0.483345978106925	0.0822398171586946	-0.00505338525521135	0.277315461149794	0.0354604705893191	0.120595302658903	0.349657683184355	0.0335232527275053	0.0427956371880899	0.189045525227591	0.182859611351464	0.344849754578623	0.400900638790443	0.317060091513363	0.457613693007459	0.0984849527082764	0.440957759851956	0.241523213489975	0.260088052757048	0.344172419181107	0.408024515379153	0.241280161040817	0.386581191921301	0.305681805295765	0.316741545089034	0.357008730133899	0.197339446172609	0.155094885446824	0.135233684134787	0.53395337825687	0.300359357489135	0.230745826364918	0.0365257194782554	0.334229048588458	0.355655239528919	0.257012510363533	0.095328225476596	0.311199822119737	0.279726586100157	0.366488536811424	0.104845189434261	0.27742263676022	0.414868343439758	0.3368811665887	0.207245737973408	0.35133567814073	0.418011536097352	0.274607869597847	0.260250052883783	0.013817106634229	0.0803819795581237	0.19372113231338	0.233023829840568	0.261744130056924
