1	0.732995948958324	0.555153787250701	0.515232038483166	0.423405756008943	0.55132143905995	0.527663182056703	0.260392912504178	0.30136050560148	0.286989276091037	0.156366791247932	0.311446589308731	0.283166470912326	0.599466127876069	0.356408078312439	0.454997161937225	0.292546254650387	0.0899971393013428	0.204911168596055	0.248052570590135	0.290801319206332	0.213745739827543	0.235886798173437	0.208292502277554	0.209389350109743	0.228844077266107	0.367127218026916	-0.0138247428655949	0.093601900057414	0.397851514521727	0.338435219112528	0.269584922996238	0.169842005527219	0.390494418960411	0.531507299050019	0.36038535463908	0.185587916137666	0.216290941548161	0.416905866884601	0.225751816754462	0.265603566270216	0.160268015632058	0.426565940739876	0.282243311555699	0.0989541924630298	0.136152047631994	0.154228980055281	0.396747547487452	0.0714248268275151	0.220523125099381	0.542710256025209	0.625882799907717	0.476682102342825	0.695205723157889	0.472223939062128	0.57009419848527	0.159819892445756	0.351322056795654	0.417548321438084	0.256774084516534	0.419266427335253	0.178440096431605	0.420964986817595	0.204700424479484	0.44803032614707	0.319649999739586	0.279609051397557	0.211628915774048	0.343674164984186	0.203835058998187	0.122446426141582	0.237075091569503	0.109718203754526	0.355684042384308	0.358520793846102	0.186829614558895	0.38480649255991	0.160962877105654	-0.0455920327225871	0.225537496654004	0.206397320521031	0.0159128710227822	0.0747538802734722	0.17635436386483	0.0221807711117317	0.211644626574669	-0.0668981026426631	0.357255021411707	0.145856546409202	0.141990844262483	0.358179905562302	0.362520185019543	0.176419858490063	0.237823744676089	0.0550040569844673	0.342217617708161	0.226378655330111	0.256303772772737	0.357872942785948	0.246837054770965
0.732995948958324	1	0.740655316686648	0.62125633757738	0.45752488056512	0.577194702250889	0.571685419452349	0.234394961409134	0.434422222794329	0.417320854313802	0.0417435038320258	0.322915286563808	0.166687690143595	0.48284113384662	0.293890679943036	0.524606177905637	0.224218339833125	0.0310685624385862	0.245012442488584	0.429907449340564	0.253883412813484	0.134646765218951	0.216444819652545	0.289522663509292	0.399096613141841	0.298764944720016	0.339824304173751	0.171427981945679	0.0859786913830566	0.345830970120689	0.418282493961498	0.182083065642599	0.0850989977840816	0.490646186702535	0.558518285337129	0.410703260509228	0.234798714800992	0.20487458523577	0.370696542963612	0.299231138810295	0.304063417076584	0.360574213465216	0.500622909130989	0.251953066742782	0.060048307090039	0.240217773681352	0.193674720079535	0.341389003330027	0.129509648894205	0.302639982317937	0.355417793430917	0.71791978834787	0.625449483242355	0.682318445917243	0.460769573484349	0.620982015470455	0.0913531063989987	0.330191306372843	0.414783517859691	0.429752064041263	0.406094941962615	0.135413020308291	0.493345387569789	0.156496055330094	0.52327109693093	0.455280762443647	0.418988400137274	0.137705904694913	0.322931047102441	0.320521567143222	0.241105286523137	0.0910125733143738	0.20802929003036	0.515572471642355	0.224560715097802	0.170135942592301	0.407888611344266	0.282647603480887	-0.0316562870360022	0.237876959945411	0.122634923642799	0.0171934628120922	0.156900811968109	0.299686222466149	0.146258208872966	0.369096122881969	-0.155899100532045	0.388972479699502	0.21736751150629	0.281964122281072	0.332135918959211	0.425531132486709	0.281985576846053	0.266564650881964	0.0323838955054998	0.445668078309543	0.28671247951138	0.235380235697291	0.457902378143057	0.397855960491136
0.555153787250701	0.740655316686647	1	0.468192141890997	0.381976824768225	0.521501001084811	0.496922494324491	0.111431447836816	0.182337444312947	0.251681186925271	-0.00471614863634665	0.075095765744147	-0.0780261272653894	0.234274739691962	0.0848258561397217	0.351088291460262	-0.0322906190865255	-0.165660968360081	0.0847155137451885	0.276623220755081	0.0711263012715173	0.0894403865048009	-0.0250098916347722	0.198838036059265	0.205057727490101	0.0939919496935827	0.128828556162488	0.0876337871092335	-0.0360307298759172	0.240313238989211	0.203129927160816	0.0497075930715399	-0.11164340987791	0.361991732875292	0.443460017102684	0.315945965734476	0.366352584681597	0.21842458298444	0.4056800538469	0.0654106373879801	0.233083802810422	0.262060525451706	0.392231933123193	0.0895463856286454	0.0203798148714259	0.204619541481812	0.0137635856207499	0.312376356395265	0.161863278009698	0.242908348790531	0.108531217119307	0.64615727582713	0.522494084089014	0.614188305782525	0.37481476437932	0.483394039248048	-0.0262233394809759	0.194850965627424	0.207512748141941	0.139489628467392	0.180348455671884	0.138878705406134	0.339549443828153	0.0650756120318909	0.361751349376187	0.30631856980081	0.323100066798066	0.0418881025934264	0.193662437661331	0.374108299476352	0.111505916255355	0.133357305274873	0.03710569592823	0.276236754548641	0.152213016705105	0.146933725222511	0.222833780434011	0.162042044398754	-0.102687860300026	0.265177881231669	-0.034695305539346	-0.115356164592631	0.0651392613740295	0.422770399172661	0.263179720137367	0.445031967349907	0.00899904725814803	0.323028982866533	0.252202557184618	0.391619885972775	0.298274187542972	0.270009220162604	0.195720469079553	0.29535439952609	0.161018367904644	0.40079384415173	0.165568723734716	0.129875774524339	0.221637465227182	0.200806268534025
0.515232038483166	0.62125633757738	0.468192141890997	1	0.643460893466395	0.765428701797791	0.868286580304324	0.481088806354139	0.578814832377162	0.264402728818112	0.202438332858752	0.396714004735735	0.411759170737823	0.579806237735013	0.625434597933423	0.692644086446777	0.36388745749164	0.288037459691438	0.446567940969326	0.46843886068488	0.153364282920114	0.0146532900492502	0.232561484055217	0.516874280431229	0.34303522059449	0.397376497447403	0.426515522264543	0.249488924488119	0.0726058308334262	0.19067264948791	0.541409470494195	0.223504450486675	0.272135856018401	0.334091768285649	0.547444951440872	0.585047005541477	0.17980073830578	0.175236222475901	0.481602248450856	0.292907994290205	0.0390933941215403	0.153200197085001	0.372594193964315	0.259042943065486	0.114858423019088	0.0237384903814867	0.122568146311656	0.422353698643778	0.307675320307435	0.10337513547919	0.366732443316817	0.36812247818554	0.504779879904604	0.696289107966717	0.598104303394285	0.839352727427335	0.381307938194359	0.59223303841102	0.652184834628454	0.498381528658797	0.314690569242894	0.0636139736259059	0.419867731192052	0.376701959536133	0.503126254163103	0.218051382623704	0.448744288754736	0.506998073317523	0.575046553082903	0.243896243494712	0.324403921385216	0.0436958050381452	0.342707649365321	0.414007453640929	0.276332119777626	0.214306346040334	0.397720222318016	0.221007338119577	-0.0776734998520886	0.29619473384687	0.232042721776046	0.240857444340592	0.100068750861237	0.059212752510063	-0.04648717500603	0.0637426617879971	-0.112842906133442	0.557845852710331	0.00628408401523041	0.0907651498500633	0.374787606481519	0.334907249036001	0.241806917884636	-0.0403158538909896	0.0110465488111648	0.535412963989101	0.256738782545089	0.0689121768141964	0.255037400029838	0.217960604725891
0.423405756008943	0.45752488056512	0.381976824768225	0.643460893466395	1	0.64183032747794	0.515461359946082	0.224356891083589	0.262113158319843	0.116039961038069	0.135454948393305	0.180792473171326	0.289537788866346	0.435903155073564	0.36472124059269	0.255833667943123	0.111917473119724	0.0893939462178417	0.126038204123374	0.201790469874306	-0.21249553285925	-0.0561688083218864	0.0691095068216156	0.156895561802527	0.192997192150268	0.221594651488832	0.228667109863208	0.130733071625086	-0.0432949346354566	0.170224550992472	0.125996938352482	0.135892368994808	0.152317986247894	0.236970195709168	0.12872106762434	0.191619652356631	-0.0928839955035629	0.111743161519687	0.111112349697237	0.114027543156782	0.0917769444580231	0.121153650179229	0.0469162104966765	0.135408730364693	-0.0244482418514454	-0.0766619644208901	0.0172732425035077	0.330562036731147	0.312481907192082	-0.103279740499139	0.218349918303071	0.244245775832604	0.337688769292294	0.600421134097976	0.549885509818929	0.503388607886664	0.315537100351239	0.363353465536956	0.356759105807097	0.200014862277319	0.089579251627533	0.0265105715986596	0.171286841244993	0.211361476808619	0.25934793338577	0.00808742964610154	0.120498979423357	0.345898197471745	0.287868574456172	0.0234910278381136	0.265172697079142	-0.0446865233916316	0.105584797215105	0.24890699313885	0.107193270438628	0.0766519577127088	0.230221788661244	0.120590720120659	-0.0305309406168696	0.0974782039646479	0.225343409654693	0.158741235865184	-0.0156289412470527	-0.0737811506517231	-0.0178857378887221	-0.0232438073945357	-0.174359649327507	0.114754413190389	-0.189993473035221	0.0958307055941112	0.083660347794985	0.0934504688288268	0.0697223590054417	0.0192294727352704	0.0723139821053603	0.532954748363651	0.303449465617501	-0.0383414323605377	0.195636848315487	0.0326923464604127
0.55132143905995	0.57719470225089	0.521501001084811	0.765428701797791	0.64183032747794	1	0.766291343678219	0.291455807150956	0.564554348977884	0.35598471424688	0.252739686565553	0.452390251867628	0.433107877941942	0.549458413651274	0.490438801180149	0.565101916997203	0.269030629197339	0.0915321932033246	0.350816234388076	0.366098826772041	0.0941281967919015	0.233510432507898	0.206365473976502	0.419172711429712	0.358608004977393	0.331945319822358	0.489718007584477	0.296366673988779	0.135651953509437	0.321665190305465	0.426117782947866	0.323293125414092	0.263435506662075	0.336944261870773	0.512785945160863	0.47748716648847	0.166230994410672	0.220125611173299	0.376753187328066	0.324756121723588	0.181665398986684	0.0863481773395642	0.339281312304114	0.301283156417435	0.0178219885254739	0.0432026550296373	0.119113146263049	0.474159292022879	0.226415531472825	0.0885758311748717	0.242710863916049	0.391030999788972	0.450843374238655	0.801794458275672	0.720220421374777	0.648967183103484	0.355445765518743	0.514952119898247	0.560466226977472	0.443863666248167	0.444502568411994	0.139281176629621	0.473391155138277	0.378044894587876	0.491806748569151	0.2264140732119	0.280588270214132	0.459914027546586	0.464960338953394	0.223585813850515	0.356139121429186	0.0608357160670555	0.321509133891612	0.44508013014492	0.222906333374877	0.125002749312332	0.451904909929144	0.240367707882512	0.0237616777601887	0.218411735551908	0.280078199688553	0.184664044751635	0.141275285021121	-0.00968220822408467	-0.0599517314208311	0.071000717331026	-0.17130010255731	0.463626002024316	-0.116238044460674	0.104808321925194	0.414529613166549	0.410199359143155	0.14590649876687	0.119873254840427	0.124768099491404	0.633875530658517	0.336667800574877	0.128870672210514	0.329280547987829	0.228171796557947
0.527663182056703	0.571685419452348	0.496922494324491	0.868286580304324	0.515461359946082	0.766291343678219	1	0.386837077469312	0.593444562251268	0.269956671473334	0.257546943862144	0.398293893376042	0.434338902492774	0.598010073773093	0.569169258463677	0.72585923059446	0.380103756181072	0.246875533949333	0.423548326714062	0.490323441843732	0.227022152563441	0.079173428749304	0.248532565431564	0.533241426467737	0.338977765567482	0.413102546515903	0.497876847169401	0.0788700163988876	0.121815267984793	0.222139015948139	0.567956110669396	0.265558002693869	0.305199257547642	0.252634528254288	0.734491893640004	0.661625616796352	0.294894660334176	0.21638731883502	0.565998043502957	0.295565215719086	0.115778660789593	0.19218026659032	0.449215660462241	0.321253363975593	0.170052822255011	0.0121999063356856	0.101624227891147	0.4399153393153	0.156519002040135	0.199716264375615	0.393933314839936	0.363057531902772	0.532698255839355	0.723486549283425	0.617098616126048	0.86469465041386	0.302653021139833	0.529432161693587	0.607037840918438	0.485616422749116	0.36726883229389	0.0538441071074967	0.450055186642472	0.358473109885271	0.449750538774768	0.352158968974149	0.49818734090595	0.482512258107149	0.604123765280618	0.294062685485714	0.225989247586414	0.166842886879391	0.37883327149	0.403827132898019	0.314389241844575	0.319563547675273	0.45367064043595	0.164197179287341	-0.013374949035417	0.285840309990851	0.317057642208371	0.224533432212678	0.119584770834692	0.129465520735166	-0.0173871062442302	0.0417990003548724	-0.071234016060416	0.677034863654139	0.111120590891796	0.200783987807271	0.488504448624629	0.355360406130094	0.234613670975959	0.0763058899824619	0.02244175177946	0.536521387522511	0.174034781861358	0.204387059525388	0.315568152883355	0.264466950663017
0.260392912504178	0.234394961409134	0.111431447836816	0.481088806354139	0.224356891083589	0.291455807150956	0.386837077469312	1	0.51235939922359	0.0374760733717113	0.254817258421065	0.397268989544828	0.571376010229146	0.334613731684115	0.327606376789382	0.453516930116707	0.656550669028339	0.672939959200714	0.606249854804011	0.488887688658702	0.348940730993736	-0.0706629787230776	0.450457098988423	0.581907516200248	0.119103127225877	0.373615637511578	0.331584333455971	0.142699231195696	-0.0773843091080987	0.066289111343105	0.464741309420123	0.42344582509105	0.574542652367534	0.0868581502725595	0.309118502015163	0.536134198351786	0.351934027899041	0.274846707287994	0.424509312382678	0.222672775657781	0.0378109092239049	-0.0295144580101662	0.276284363044136	0.384228659166174	0.463148870879212	-0.0710460022521512	0.352195724655228	0.353598724325729	0.270599174558614	0.0205390292118801	0.374594127811121	0.154650560490048	0.136411260807126	0.306922367281582	0.273936319600672	0.434768965161291	0.58774942070328	0.742685614714022	0.694775623998457	0.480646354089806	0.186197512751607	0.289922097676753	0.149269790154059	0.461577687724787	0.166313454461046	0.0819882501634408	0.496606850793695	0.643815972360501	0.681252887063618	0.320297154454269	0.111263164863151	0.070458513483208	0.402989115170341	0.204532948514216	0.296814303268869	0.38306274676087	0.244928128377647	-0.110453453339903	-0.153602644256631	0.578079544570579	0.328283426056939	0.336659264598765	-0.0299349133322418	0.0958965040506315	0.137233209943229	-0.294840699348852	0.201041992897099	0.46646006859908	-0.0148205853324853	0.183059898251411	0.241464757906718	0.11423190307867	0.343864328178692	-0.252305495248913	0.121371821839965	0.247947489108058	-0.0179140456363996	0.0350858496042719	0.0943980642590695	0.127289721221387
0.30136050560148	0.434422222794329	0.182337444312948	0.578814832377162	0.262113158319843	0.564554348977884	0.593444562251268	0.51235939922359	1	0.452082664093896	0.207081486516903	0.570814138238155	0.577147778468648	0.47266665927992	0.501778094360767	0.739133250910159	0.570295914679396	0.387689669790157	0.789936695039252	0.68361055484416	0.397123038161965	0.194016906963643	0.457839256276047	0.675222841410678	0.61399801007198	0.594977710944746	0.594222697968753	0.248398601281616	0.215266213531715	0.195262953105378	0.751893435333759	0.481284369818588	0.461844520669276	0.290336123175402	0.55695762281711	0.784682747083614	0.268984268958214	0.333364952640607	0.410846374038739	0.427907636965535	0.186447801687554	0.0999772750703354	0.451862024592634	0.465829077155959	0.199524668602747	0.0467234500866643	0.320767879038867	0.340617210769345	0.0845581379513391	0.155965471726322	0.406630606013011	0.352307299547451	0.415456739004242	0.39815021646124	0.470344564261823	0.573084305934699	0.379575137874104	0.521346828871365	0.687931914628967	0.924687342904861	0.485455102678313	0.222526991489889	0.464863018213974	0.402987942585358	0.463897466716679	0.427651546045268	0.624176618136351	0.455144095645977	0.751525260835696	0.400150205426786	0.333499897069852	0.189000118575769	0.529295442908855	0.63595383680863	0.192258711624568	0.275151409628561	0.533325356010297	0.281916894765968	0.0971861389161926	0.330132194419152	0.457229542971183	0.370152907423242	0.302268300626717	0.120916149839311	0.0427447739976443	-0.0927272696928413	-0.055899037681995	0.647709691709647	0.0570281585341194	0.176218146881621	0.366458762865831	0.379930563266011	0.285783370077227	0.0858739694457403	0.0845919325326617	0.397499932281105	0.298674421852786	0.282269294205553	0.437541092694184	0.349566472460995
0.286989276091037	0.417320854313802	0.251681186925271	0.264402728818112	0.116039961038069	0.35598471424688	0.269956671473334	0.0374760733717113	0.452082664093896	1	0.224136265925151	0.502366010088839	0.173671366696565	0.296005534492926	0.267656649738984	0.319205771732515	0.123656108449795	0.0351049989313139	0.136486612861677	0.162270476451372	0.341328398999761	0.51678478940861	0.273139764096271	0.18481417627283	0.342684421008736	0.251160989989511	0.375790158857608	0.318687279245813	0.37242138929013	0.384933479735539	0.484392752904307	0.210899125850783	0.0188913730549584	0.393376260443429	0.318182086730634	0.216184335613901	0.179442275400165	0.140688116178901	0.128817660981653	0.378793647806504	0.434661482235895	0.464020130474466	0.376379278546485	0.260411267477447	-0.0154421870981538	0.333265851437973	0.280763391562889	0.162489595351385	-0.060143279354407	0.457618097845529	0.401429130575583	0.336901881594411	0.347886500459301	0.311035551347716	0.366402742470457	0.260678994206832	-0.00643571107946077	0.138980543217479	0.212290500852648	0.425200066178046	0.561932787788415	0.131538819804326	0.30680198573988	0.0215854969698101	0.467091949461242	0.344314581734546	0.188477391092363	0.0592147769155187	0.143506615935948	0.215829412040021	0.201065081391548	0.196379879120319	0.115649407295022	0.438492537895241	0.172519139026493	0.176022612340492	0.441870855818088	0.413933300896787	0.159505500012661	0.100123979792532	0.18769248342158	0.0468236884237058	0.307690328389207	0.216490938945862	0.0120640003028958	0.282213126529982	-0.207872452293954	0.20498045126503	0.16619054414873	-0.00531407485642544	0.195055925819061	0.514732995448528	0.239546231812066	0.373144388738097	0.202088379434102	0.250934363250804	0.317687776802807	0.436485681037261	0.468120100279065	0.46608344557527
0.156366791247932	0.0417435038320258	-0.00471614863634665	0.202438332858752	0.135454948393305	0.252739686565553	0.257546943862144	0.254817258421065	0.207081486516903	0.224136265925151	1	0.451451541949741	0.527823879839251	0.250029203087572	0.175717923432602	0.255833829216175	0.499728227634473	0.413048233208798	0.255682690180669	-0.0392684697938266	0.262769441391005	0.308847821227867	0.480580781134855	0.182053496217965	0.0387741761307219	0.293170800226062	0.511278165016657	0.0558217693967982	0.132794916172871	0.0718670637708512	0.240153004383034	0.463122452725235	0.503495325833767	0.0512959269613793	0.217856040797029	0.242915894941925	0.0357511243550787	0.21864448848054	0.127015936495555	0.331932309170398	-0.176030722659254	-0.195595540103492	-0.000943813200505439	0.279144077680689	0.103099420626719	0.152556935161242	0.307005275244545	0.127750644459892	0.0139830366931509	-0.0294432673399415	0.156948472977615	-0.177320406927666	-0.00339886887039656	0.132537620301179	0.346794410772479	0.143554734755987	0.291484166626393	0.274583158522881	0.216018164885554	0.172697162095748	0.268369067302615	0.331795227958296	0.163570246183077	0.322250228159541	0.226730994462763	0.0603269088868678	0.221473644089381	0.304199737045297	0.325993027001707	0.132487298375609	0.0593360869074415	0.243215526795082	0.0243856480858172	0.244850684716096	0.183870587557107	0.285951468619679	0.35411068818639	-0.0682165997817966	-0.0738508846227671	0.295091793435615	0.382603134165967	0.447518882774526	-0.00112356308047801	-0.0750698724997646	0.0261667820974181	-0.176654876003985	-0.15624848979883	0.29219764103608	0.0980699094342136	-0.00853852092256454	0.308059544954922	0.201376818088679	0.194006497241685	0.0502277572879046	0.296764364672208	0.320705075746994	-0.0747319502931345	0.163172233573419	0.257674012452598	0.261576224166962
0.311446589308731	0.322915286563808	0.075095765744147	0.396714004735735	0.180792473171326	0.452390251867628	0.398293893376042	0.397268989544828	0.570814138238155	0.502366010088839	0.451451541949741	1	0.677641204769328	0.416152954197027	0.38561580896878	0.464721313048091	0.563967470076391	0.411484123924383	0.361059297438573	0.266689716899205	0.386198152843626	0.40047273052703	0.546922276372038	0.299384409808875	0.361429965224074	0.556495044808625	0.658220588832227	0.272281703128245	0.300770056873536	0.177442016444014	0.472657923185653	0.532211490416217	0.541814220890471	0.312474384319524	0.361982750538895	0.396209616915592	0.0330329361618891	0.373842254222227	0.280315754988768	0.563033166436827	0.124481913808534	0.00480715273221855	0.248265841447375	0.541082059984317	0.159857197901308	0.189920009372539	0.298424737507686	0.265144564516495	0.0456713961184172	0.0861943911993908	0.328840930886425	0.124106620866643	0.165314882420624	0.386295943525342	0.393676226515898	0.33444134044507	0.47857200507243	0.483749801487916	0.506233606445618	0.515739404531919	0.665452751066291	0.360959983212441	0.413590458014002	0.470126760611263	0.40455186976497	0.145579120335068	0.178718992264586	0.387719715431011	0.408624914947738	0.185397831922215	0.313532036811215	0.309561308854589	0.235034451329422	0.557541089900869	0.216179894868733	0.293457539472768	0.536432935220823	0.348700829255342	0.207928180296958	0.195620133557662	0.445081694791209	0.474308039041759	0.351497263933286	-0.133946435369471	-0.0312800053944014	-0.0698066768180372	-0.288839217557738	0.379339433631518	-0.111918617114963	0.0501328546558101	0.44113036557444	0.494815611089703	0.330105034117985	0.100399780008165	0.217465942498207	0.469918835408885	0.302898346048437	0.316386170043666	0.479846965869322	0.240371407219371
0.283166470912327	0.166687690143595	-0.0780261272653894	0.411759170737823	0.289537788866346	0.433107877941942	0.434338902492774	0.571376010229146	0.577147778468648	0.173671366696565	0.527823879839251	0.677641204769328	1	0.484086119472541	0.479687804279744	0.475735226240339	0.745104894366092	0.539641366840831	0.449301445561009	0.323394002200879	0.321258082870313	0.147646464683296	0.607599473118398	0.373780554672593	0.3829619765064	0.722163246968304	0.757538015593128	0.153702276851925	0.078695500265987	0.156105597085768	0.382504289848368	0.764591646672294	0.829902794644123	0.25248270381623	0.406081056551359	0.447674961259153	0.0725079013935568	0.409136689177026	0.324122450659815	0.565230253204186	0.0263283444369961	-0.135960943860509	0.251408464491922	0.673862055862545	0.322785191424171	0.0334067809563557	0.444324341553835	0.332622184245367	0.0519049557850639	-0.0741186347309507	0.316798671578925	0.0417501809331267	0.121909118315475	0.281280849891271	0.460756381978355	0.403565528290711	0.630668014005551	0.633503837629123	0.631607918716085	0.516133001379611	0.440958367814906	0.281747572710089	0.214263151940998	0.562046723340413	0.298306769033949	0.163301857607607	0.283082244178433	0.547763002629122	0.563746791155457	0.123887053429631	0.293250685287605	0.108059464308269	0.342074040261313	0.500717188714753	0.215612929033139	0.445285743503096	0.58612044220014	0.135353675294757	0.036547402919068	0.253882706154789	0.70822516243543	0.683459414177425	0.137789904916279	-0.182001254537569	0.0847518064510153	-0.319500445222385	-0.109709793652321	0.46769332914403	-0.158100996219759	0.0839640829428617	0.438933974576823	0.331318563188369	0.344057503058271	-0.0470062376575204	0.177633500287341	0.464010899385293	0.0619770962650181	0.139212893931359	0.268797568163356	0.157639281361999
0.599466127876069	0.48284113384662	0.234274739691962	0.579806237735013	0.435903155073564	0.549458413651274	0.598010073773093	0.334613731684115	0.47266665927992	0.296005534492926	0.250029203087572	0.416152954197027	0.484086119472541	1	0.569039513664681	0.56556801800621	0.34229504809548	0.182363766889869	0.254938414436179	0.342063637521655	0.270798902197157	0.145434321816014	0.166327473904266	0.293681200385831	0.345522610392936	0.495075525726674	0.447461218897859	0.123118794829229	0.396673718590324	0.567225180522938	0.518506712998629	0.304628241757976	0.323032528045824	0.147131979303289	0.490403973698069	0.437607586884744	0.137681823560423	0.231901946759571	0.286049752869768	0.178288900034771	0.285839037678581	0.025444691624581	0.416392137005038	0.273217954247171	0.137417989446093	-0.0305688928503868	0.13319782154415	0.321254365349281	0.223415498401883	0.227372567568742	0.428409659907852	0.35759372847312	0.30211672443111	0.54327420956992	0.501195273735569	0.562550444016144	0.250019433940941	0.505497209142252	0.541757175079833	0.367732334509003	0.425440063339296	0.0264423883907032	0.472903501448234	0.360852805730786	0.487466578722845	0.234153278956064	0.343903086415051	0.467673764979584	0.404761927866952	0.028181852298582	0.311065693085399	0.282351998524599	0.220373083313098	0.375558692669539	0.425118207226883	0.305559943642184	0.374525092087773	0.240483984068181	0.177712015385001	0.197135710819228	0.35527611257408	0.200833928948165	0.257426626949032	0.118332199248269	-0.0451685519646882	-0.131143485496645	-0.0716641350828631	0.422566982364544	-0.0175208159471964	0.00819349194432078	0.2455790560689	0.187373830776133	0.150857124801927	0.17635639366621	0.0638030773498691	0.366868321051582	0.284061194521645	0.251586153314315	0.431429902617228	0.231459647618397
0.356408078312439	0.293890679943036	0.0848258561397217	0.625434597933423	0.36472124059269	0.490438801180149	0.569169258463678	0.327606376789382	0.501778094360767	0.267656649738984	0.175717923432602	0.38561580896878	0.479687804279744	0.569039513664681	1	0.582901357546324	0.302999608355882	0.309340467567474	0.381969755850675	0.371822059961294	0.198841037169258	0.0431740565622198	0.15710901394597	0.445183860237482	0.314642602071552	0.38298420089899	0.397825723777874	0.214907094216811	0.263201641680817	0.30625868456602	0.527799073995747	0.214314116317769	0.24903653677211	0.17132255860016	0.429575744817181	0.51608681305042	0.142792330286558	0.247967036107969	0.465050221142379	0.312422840150891	0.107497626779114	0.0811899587416864	0.467759354414111	0.289246797383675	0.186418439148073	-0.116532524886171	0.107081758455882	0.516501208623006	0.267988662413458	0.290328655095053	0.355667582211969	0.255671149767067	0.403425472818519	0.401284786656052	0.37900064536929	0.567173664916626	0.2780372268771	0.470040838215534	0.515339755984914	0.428437167195935	0.400131308043073	0.0238537776655723	0.387360316094566	0.37216353506382	0.430765551229965	0.187557890899999	0.311815206890628	0.490199381623545	0.44199566762983	0.0328779703783072	0.385084297762921	-0.0111471138930797	0.268981639653245	0.288945274423712	0.224824167600753	0.0893250314669683	0.198859699595689	0.357350386395971	0.104251613384138	0.124473119990363	0.198537405460756	0.287467282609828	0.230389584089406	-0.161103461346362	-0.161993051847687	-0.0493650999692619	0.003309763919241	0.413678195175393	-0.121570140776245	-0.0673974584664305	0.328507037542373	0.289844351476437	0.154185491862036	0.0179758504331216	-0.0653575498218039	0.407327683400465	0.322884592724204	0.115898766980194	0.275083450021717	0.117691320867235
0.454997161937225	0.524606177905637	0.351088291460262	0.692644086446777	0.255833667943123	0.565101916997203	0.72585923059446	0.453516930116707	0.739133250910159	0.319205771732515	0.255833829216175	0.464721313048091	0.475735226240339	0.56556801800621	0.582901357546324	1	0.572945326880452	0.369072267710952	0.639405265308513	0.614799233886157	0.52539422906594	0.0857451368395669	0.320156836983984	0.624032288577902	0.482429608297024	0.480456645400614	0.551602753900256	0.261813626994731	0.254060320489141	0.36279833472019	0.872238695214986	0.348852570191676	0.380822183533561	0.259869968935567	0.803464133834131	0.857121682204987	0.396431484839214	0.320120268052747	0.664896398504597	0.329586440282902	0.119196664383641	0.0978887137121339	0.630282635060003	0.386269204012803	0.293792194568699	0.0725038066527721	0.257272440442903	0.459294122043517	0.240648584390009	0.30993676270058	0.439355927902759	0.445416737935654	0.549881037776804	0.476463268136914	0.441406149083881	0.701985840970161	0.200991723810789	0.487969220660332	0.556231120976579	0.651026232253395	0.401589429243701	0.193284294874669	0.507092315166424	0.342047270395938	0.49763842503624	0.522887699982034	0.658209574709416	0.407789614648811	0.640260758053352	0.414320371978286	0.357242891178875	0.198288506652533	0.319645156193094	0.561585743390366	0.407927034160839	0.267477134808217	0.498028704299104	0.269445643374148	0.106333269925747	0.348214413366559	0.351047333836171	0.363521662871994	0.339460394291871	0.246301973738856	0.11279945080454	0.0405156663204463	0.0136897718064289	0.774446458950395	0.253933660681951	0.223650290787723	0.53725237314747	0.374978792641291	0.339763707943801	0.110692150288205	0.168122859875964	0.466100666072272	0.135373236738115	0.259744351283335	0.365442643064367	0.416750401496532
0.292546254650387	0.224218339833125	-0.0322906190865255	0.36388745749164	0.111917473119724	0.269030629197339	0.380103756181072	0.656550669028339	0.570295914679396	0.123656108449795	0.499728227634473	0.563967470076391	0.745104894366092	0.34229504809548	0.302999608355882	0.572945326880452	1	0.660154441370853	0.623084862999079	0.486525620440239	0.546570977112086	0.176501133933419	0.623556562639815	0.517393101479662	0.329939354188563	0.564265964539656	0.62480830731126	0.161316080969736	0.0726682464988512	0.0489311422369349	0.549066442896231	0.631406134244148	0.715664507447106	0.212458729989136	0.457639653535072	0.567553547440463	0.214943771808924	0.394431363933694	0.360133485552105	0.504035303435293	-0.101146487583206	-0.142546679399448	0.270596709441103	0.550741593728275	0.429180077054462	0.131019291831398	0.511334442754459	0.252880032619141	0.124100187641776	-0.0286828507185348	0.421639072995007	0.128883548336903	0.178290564509259	0.192910560329183	0.312496396942511	0.356836900393867	0.44923112965353	0.492423040336791	0.516154242099642	0.529874532674137	0.375883483778555	0.346211169013264	0.255640195914512	0.404007834367126	0.245835977589822	0.24867183618094	0.466241717154596	0.437467613096843	0.644249728514624	0.2747381230515	0.230182343962947	0.179661285714908	0.267460286316753	0.462389596358137	0.241801139444549	0.340495312916888	0.523545034238024	0.110291855671788	-0.0674600841935221	0.386773008309057	0.52372368399453	0.563448991479883	0.0798618217118314	0.0424010648252077	0.163262029468704	-0.147200524075155	-0.0416996627630363	0.541487340777472	0.0845884622653719	0.13191347388977	0.424002521356382	0.342517926548297	0.407252640354803	-0.0253100274087662	0.194590381218676	0.265767943279611	-0.0506631980237938	0.102248978575032	0.186578001043343	0.284801055382857
0.0899971393013428	0.0310685624385862	-0.165660968360081	0.288037459691438	0.0893939462178416	0.0915321932033246	0.246875533949333	0.672939959200714	0.387689669790157	0.0351049989313139	0.413048233208798	0.411484123924383	0.539641366840831	0.182363766889869	0.309340467567474	0.369072267710952	0.660154441370853	1	0.586350254444618	0.295370885449493	0.394957281476388	-0.0523631167430653	0.401372000328069	0.47612965555726	-0.0274815215803227	0.340785190958217	0.322344343450438	-0.0248449601580501	-0.0353838513914665	-0.0583439593986622	0.446687460194366	0.352846700262009	0.562074829656918	-0.0737706868425439	0.219647809188159	0.440231485585729	0.231754113038257	0.146512859289762	0.261505989351582	0.262118559072445	-0.134275688765574	-0.13035979889447	0.0811519999980313	0.385876979747639	0.450728280072098	-0.146422623764258	0.254890167916128	0.232845236493041	0.00455682298745249	-0.0686929493734309	0.426932174010934	-0.041460766111215	0.0624123806555151	0.0849181441564799	0.148551521979913	0.255076683827568	0.457013392289162	0.458323687359439	0.460636778096095	0.381018326711524	0.174715219824428	0.276658987101021	0.0252096557414128	0.480724700629741	0.0697234022860514	0.076646688650052	0.421567944803957	0.526843931910013	0.561187356275021	0.231142184470212	0.00606887788121436	0.0935920881243049	0.265407110512381	0.127754093221422	0.179562130986325	0.356017933700098	0.182888260434537	-0.121449300823524	-0.0027754448776528	0.347041784257205	0.362196126933764	0.420206903235991	0.0415060650060758	-0.0336018779516259	0.146802497113002	-0.433021555918605	0.0979297014101863	0.396002537671749	0.0157654023207465	0.0996900637597622	0.165002810707418	0.0175076173232529	0.310149729735637	-0.233290455603466	0.0142535662042663	0.115714250870096	-0.0983037590668374	0.0918542145608708	0.140148788465132	0.135823696244133
0.204911168596055	0.245012442488584	0.0847155137451885	0.446567940969326	0.126038204123374	0.350816234388076	0.423548326714062	0.606249854804011	0.789936695039252	0.136486612861677	0.255682690180669	0.361059297438573	0.449301445561009	0.254938414436179	0.381969755850675	0.639405265308513	0.623084862999079	0.586350254444618	1	0.631629606671423	0.39558251825216	0.0468404623385875	0.347911559636418	0.740748196557671	0.244417639394487	0.396518225801488	0.372105182073738	0.0562973894430611	0.0700039098722577	0.0324501183751366	0.658239498650384	0.316087130754633	0.416198822080344	0.0415688999307132	0.412187487828408	0.81330833159405	0.336470064955569	0.212040660294981	0.343793399327041	0.239322860138927	-0.0418879999688789	-0.058323276675607	0.253271965532874	0.261651185691611	0.282997421657315	-0.0818603379316351	0.217495041978759	0.227554147538568	0.0807841617531683	0.0281862311482676	0.371310064105517	0.225351733510721	0.285990558581798	0.257309090798982	0.275250789553741	0.426526682575546	0.381961510132883	0.460317846075602	0.607358701432644	0.760195031693021	0.283881281457401	0.204864964454513	0.301985850406704	0.406804434350819	0.214232434919671	0.273861167242199	0.731671387973375	0.480305521055006	0.853575729507233	0.494009123732001	0.166606636930973	0.17099421394961	0.498414358476475	0.318264788490585	0.177366654287758	0.230122874684266	0.235156146160967	0.000836466227788569	-0.111585961514901	0.525774728281006	0.304163810125386	0.313195071441682	0.102594676278409	0.137934930347248	0.113288762119602	-0.22885529228996	0.123781899076264	0.60422609598125	0.105393213567571	0.195936664857079	0.198761889082447	0.128148953593477	0.18688375129271	-0.0656486204891763	0.00424624820987266	0.163514907880179	0.0504017457224081	0.17209660565546	0.259093724716478	0.272074711009092
0.248052570590135	0.429907449340564	0.276623220755082	0.46843886068488	0.201790469874306	0.366098826772041	0.490323441843732	0.488887688658702	0.68361055484416	0.162270476451372	-0.0392684697938266	0.266689716899205	0.323394002200879	0.342063637521655	0.371822059961294	0.614799233886157	0.486525620440239	0.295370885449493	0.631629606671423	1	0.394417736556345	-0.0607615573281734	0.313979110047542	0.454673194864467	0.494756376248179	0.389878724764346	0.299475018483056	0.164926635632215	-0.0320177966846955	0.211044829603884	0.662789706557614	0.333151062214171	0.328561177217139	0.158458328614026	0.512490959011567	0.620940783349849	0.236146489061943	0.337793280417878	0.361667120243608	0.234953254600837	0.00433105397297675	0.226437206491148	0.485112708481137	0.325671637816747	0.413154421927654	-0.090288150742387	0.262567613345813	0.297811785541076	0.134138527408512	0.106822827362718	0.325563783745772	0.38507874431385	0.413672462247547	0.364713214630843	0.199075054571536	0.461162869872256	0.242482711199338	0.408597205763012	0.523030107576111	0.641585462539963	0.291757049083502	0.0819907804696317	0.292737395362011	0.165837968813912	0.361173305466932	0.465363980780904	0.649884492296362	0.308206985622208	0.589422244958853	0.395806148610209	0.0643548895693354	0.0407935554230168	0.316462580097132	0.412526969903762	0.120950506444807	0.241960102798873	0.335912785141571	0.2240120665863	-0.0579364857912832	0.453698745438455	0.267923822774151	0.275042386769786	0.192446173133844	0.378335127304064	0.274883163628666	0.0409107359672369	-0.0208030200841041	0.48783218188454	0.157320203860766	0.437501068349813	0.231329003180803	0.175377337158418	0.31062297301503	0.0368370839722224	0.0441957599663988	0.240780671537951	0.00924895497472668	0.154772681641876	0.246157207108518	0.238004540808274
0.290801319206332	0.253883412813484	0.0711263012715172	0.153364282920114	-0.21249553285925	0.0941281967919015	0.227022152563441	0.348940730993736	0.397123038161965	0.341328398999761	0.262769441391005	0.386198152843626	0.321258082870313	0.270798902197157	0.198841037169257	0.52539422906594	0.546570977112086	0.394957281476388	0.39558251825216	0.394417736556345	1	0.271477264373028	0.339995755789347	0.286230371859321	0.216693629442858	0.293443386345703	0.339784373446331	0.0757107843522591	0.280865179518069	0.370916427897913	0.626036259351044	0.300561011128061	0.287867123860885	0.18461233318304	0.568222998279221	0.423548872813525	0.279224425859087	0.268941635970725	0.324325476917016	0.223049760834771	0.198951181936084	0.194073749711139	0.554117922142397	0.308585637840867	0.433535066147958	0.150532557654434	0.424475112077334	0.125189402119359	-0.0680712601236422	0.512998754899874	0.46661417883962	0.294401170437393	0.170642085709865	0.115407815062831	0.0735461186318778	0.226395455998508	-0.0201890609087034	0.229879770192409	0.204772243250849	0.365435635031146	0.375537444060164	0.207274179347147	0.198188824299926	0.132914358245157	0.194598012693544	0.371612163491609	0.387942862228021	0.10440693475944	0.276976640884479	0.161468268737291	0.0496601063741734	0.270756090308512	0.188510665750467	0.33688876994765	0.35482060770105	0.337429098967979	0.384059242304008	0.11963231868522	0.101069097674879	0.166638615580369	0.247335002519738	0.240496356703512	0.245081852603568	0.333094888273004	0.21793594988344	0.0125287291112316	0.0348148393334397	0.459656169851301	0.41521124862871	0.175488085240292	0.33524035517278	0.267349569556795	0.343576921201297	0.183013635840666	0.231762848039495	-0.032506591645289	-0.108495831934207	0.25772716347449	0.328252719542828	0.437573266649627
0.213745739827543	0.134646765218951	0.0894403865048009	0.0146532900492502	-0.0561688083218864	0.233510432507898	0.079173428749304	-0.0706629787230776	0.194016906963643	0.51678478940861	0.308847821227867	0.40047273052703	0.147646464683296	0.145434321816014	0.0431740565622198	0.0857451368395669	0.176501133933419	-0.0523631167430653	0.0468404623385875	-0.0607615573281734	0.271477264373028	1	0.275292246102731	0.0958164298723216	0.151866381567343	0.0801300899360621	0.305539967166978	0.225299781762729	0.327832557226389	0.187447827514787	0.173790446692664	0.184949261840873	0.0473929130607395	0.389303618116699	0.1967088731048	0.071727067686996	0.177252203617239	0.145497990107027	0.0613755844769189	0.418701466778167	0.305487059202967	0.149374438796062	0.135668180540876	0.201774511923466	-0.123137489060848	0.502208122817112	0.267369569977129	0.0543767621489591	0.025644609944459	0.219348069366566	0.150373421810006	0.086637410938815	0.00573276743323032	0.0703562702096999	0.244564976321831	-0.0645372043089862	-0.0872703185397367	-0.0070676849221451	0.0326690817411273	0.120323625931439	0.387610301831159	0.0768937900726074	0.211108388715661	-0.0542571663333268	0.256904361149115	0.0280043272885512	-0.0658554042823382	-0.000980556504128607	0.0267311983734209	-0.0144455336873374	0.109859506690047	0.18609878919392	0.0439341622579635	0.24743528341582	0.175003146908008	-0.0374044916781228	0.28739269515235	0.37224088486306	0.00365400594232134	0.0309881774589649	0.0434751023883802	-0.0667751900273441	0.16423707279142	0.0932547678030683	-0.141662847226416	0.310457301338611	-0.0904948139751799	0.0601647306757705	0.00122149477230878	-0.0891394283501061	0.264325824285227	0.533728180334404	0.0742687399729266	0.426307547632349	0.198063423944111	0.154508857505896	0.346439381739112	0.304905345477509	0.24664849639023	0.167369107581604
