1	0.738263553083537	0.787978745749604	0.679646218999782	0.580371812855773	0.646513328592486	0.653412893136413	0.38500683015054	0.431689316337538	0.401373636912868	0.000633776318105607	0.208417090983499	0.277709792432707	0.54107036910414	0.477645081423014	0.531628520455245	0.0307410331638352	0.250609442686966	0.39873982110819	0.258895097234651	0.114522820541664	0.0845451477779601	-0.162121076142957	0.333870190949832	0.296498898089	0.0117306569439653	0.000333893197603586	0.418845017257451	-0.0738317189400572	0.0807389912262688	0.289426513405692	-0.12225144771331	-0.0745981180986773	0.40566379571989	0.613236255604275	0.360528439900115	0.231519516089705	0.0640094613826399	0.365886796269752	0.316304756260231	0.202357211186291	0.273381586530618	0.291500428604339	0.00344131696313954	0.0949877436462737	-0.0156607468506935	-0.0434004496829037	0.287913402823448	-0.146316573339189	0.386165842294099	0.447532224585616	0.585755190775499	0.628626987737882	0.647237760894551	0.484916226066693	0.691369561715716	0.21503108482014	0.371035820307309	0.326176436032377	0.430384004325835	0.354661129132778	-0.0442083164584758	-0.120536806781948	-0.00740627872419103	0.355838220136793	0.309066185953007	0.367929668606031	0.174113492482028	0.381554543177597	0.155925546855373	-0.118051722750297	-0.384458323104477	0.449743072103478	0.204138005548939	0.0598858613883992	0.0055182588982476	-0.155045880632855	0.383725406907997	-0.0619729420169607	0.185296043952216	-0.0184487257988101	-0.181668956897438	0.187954594645973	0.189212568578847	-0.0118146714867789	0.206089321021246	0.10068908158219	0.548768232950133	0.20302042207661	-0.0118163862172951	0.373546968612247	0.259899366313742	0.0701491233127718	-0.126862886945073	-0.0372351769422188	0.350026267724876	-0.0350174771272612	0.213105420930388	0.376841601047785	0.218338970423567
0.738263553083537	1	0.828694464469625	0.881208923402929	0.701707318137393	0.741225293357882	0.836153227451863	0.286301525501889	0.443329064186804	0.589126538325269	-0.188021783340114	0.37557631834299	0.466757630255172	0.566086837868976	0.628458608739375	0.562114303096141	-0.0911502252800152	0.035278571093362	0.212361654132189	0.316469401685078	0.0962920102048904	-0.117233851739402	-0.131841489981419	0.190891091561241	0.486305603803202	0.286907610432587	0.106750895109433	0.732297976654909	-0.00202034978562941	0.0941628757622928	0.26472575165909	0.0143951215836328	-0.0805486712419258	0.582400510316802	0.686758261095479	0.220085289779861	0.210135018171285	0.368502095831105	0.394723009914992	0.458194542466775	0.342130213300296	0.487104211583487	0.415911412007512	0.226088221879235	0.168906729318496	0.0594626287997524	0.0455429530268941	0.131308864317835	-0.100008340098602	0.408104635861107	0.278994942317562	0.582312340959152	0.712527133055685	0.792166506048963	0.598120432037672	0.83129832063782	0.0971381044984761	0.327067376605142	0.330565787061531	0.492429730117071	0.434525341132676	-0.218015649228448	-0.121692562432646	-0.116773789609973	0.188652805861099	0.328179557977823	0.362400191104312	-0.000193887418476678	0.217696365629081	0.18017151555128	-0.291288401646052	-0.442051273564287	0.431376302980076	0.429370640926529	-0.161622715411445	0.0652933779114547	-0.0214143284039345	0.678025201292788	0.0141711612788362	0.0951826747234736	0.0689053577869745	-0.272627652406026	-0.0113506268346166	0.181891902936855	-0.107513413953445	0.407474552689702	0.0705142310551223	0.535406579495069	0.160811838318464	0.0470317985970221	0.417642459822418	0.347595191991222	0.202354409758562	-0.164349688938496	0.0320202638048281	0.347213962011153	-0.00638852782624499	0.186530886555962	0.407042118674128	0.179475196040121
0.787978745749604	0.828694464469625	1	0.806518388085874	0.654602155124284	0.72052045393513	0.754478588730042	0.218609516605977	0.409549946925367	0.436967657783667	-0.197168499671347	0.235710885215964	0.337690055691749	0.566751330291547	0.603299319642947	0.623808845055639	-0.00864499026059789	0.106005168869704	0.387617534726231	0.259019865827771	0.172402704788374	-0.0753325364373133	-0.0773195616655637	0.300264040804177	0.464266835147331	0.232642328818857	0.191663261574405	0.616640529196858	-0.151080924541388	0.193151677205033	0.345770019604972	0.0342638873375275	0.0271847805849969	0.515526811600116	0.712835663370913	0.441142529110243	0.265530482421959	0.240592905971012	0.457329506813207	0.479509998705155	0.142835447952565	0.411615598321286	0.451769787203899	0.206405592112753	0.141624215275014	0.154657193672893	0.128765509346638	0.281800635293088	-0.0686934014001266	0.451102290184216	0.416545784433159	0.689932893290246	0.675161451721116	0.690394437195708	0.529834217469625	0.740560292827655	0.219253256004378	0.393316899775432	0.376663599093753	0.484032034430011	0.367233323693781	-0.201911703481766	-0.0745837889253139	-0.0441480875506476	0.419166433107772	0.402875625662068	0.513184359896094	0.0596755926484097	0.392023154568969	0.210261128143495	-0.164130986759405	-0.400785859196433	0.417607360599915	0.360960505379631	-0.00291370712630658	0.17093673129439	0.0371322819456539	0.576273033696589	-0.139201307556279	0.225478304335701	0.153283781691422	-0.141444434498448	0.10150073798032	0.275601323120738	0.0569887397097343	0.409556702527962	0.144125375057024	0.622902171624088	0.25853703721018	0.155937829486454	0.388663425447332	0.35149851040307	0.260769046163844	-0.146590031676735	0.0813506898778063	0.309679525120446	0.054172536713007	0.0845355287755364	0.419677916375373	0.234219272689589
0.679646218999782	0.881208923402929	0.806518388085874	1	0.651960405444122	0.760872031364224	0.910186196223207	0.340874779681193	0.544327823636461	0.594936483899057	-0.0854782635475553	0.466138521648879	0.556352365271887	0.628592608028519	0.75642884056382	0.719385934576919	0.0715711219146274	0.124759073120607	0.363721078614513	0.394902388391465	0.303454799333669	0.0506026644728464	0.066976190977419	0.385013648319688	0.571321580818886	0.462543060876399	0.276216483243588	0.70625743207104	-0.0327761825404239	0.111724666053181	0.435014913629178	0.220242586488657	0.141073678048897	0.573242676736725	0.819230239306656	0.387411946725307	0.388309674059191	0.470446322190482	0.581719820359101	0.478006230573164	0.257659326671255	0.516855581866946	0.586092316184853	0.358534094083206	0.293970175679281	0.19698498772821	0.262354616595779	0.25803243181995	-0.0146525156969624	0.540510136798313	0.339502808875112	0.584480610038728	0.813217879816997	0.759554744840156	0.695870299247079	0.907342530013186	0.23093018823989	0.429128942107337	0.383629986461168	0.557620443686898	0.439766330496738	-0.0441858442676238	0.0660636655654664	0.0602849245259524	0.217264918472854	0.375109004837317	0.517375520955163	0.0370659828290214	0.356324812792461	0.250517857518521	-0.124504994164143	-0.248467004139023	0.474124262375532	0.507763443803767	-0.0643656261546288	0.25977304273635	0.140400835237952	0.643874394237562	-0.0305230700502333	0.209205611402841	0.305525723055147	-0.0254421610112279	0.0123413303082022	0.271566225058106	0.0771653358752937	0.461255580269824	0.164716472285883	0.702226595536647	0.337247937173522	0.215326605569624	0.601742887061483	0.404640967050321	0.332932742098553	-0.0372890461093353	0.296450908406033	0.405977564154466	0.00143127223124397	0.0764092740766242	0.360590269821996	0.194026249503236
0.580371812855773	0.701707318137393	0.654602155124284	0.651960405444122	1	0.771122025815692	0.701167607241165	0.356486610336021	0.340894518888809	0.537777632066525	-0.0819220818064627	0.407281038292009	0.488584518033434	0.41440544453714	0.474140505220686	0.367639261353447	-0.10380727919601	0.0746587105212944	0.133731705769898	0.279265186821034	-0.0505858686357227	0.0409526682110695	-0.0514811397275621	0.0662921396275253	0.404827479765676	0.127237384763192	-0.070633188099635	0.574708820290129	0.136179312600947	-0.0563030784187678	0.0589676099017601	-0.177672336409137	-0.106909555918185	0.399701812372035	0.526168242213586	0.127181938561103	0.109488031257857	0.157630586421177	0.272396044426261	0.307168988825695	0.306020709446725	0.309391776816908	0.206283892397858	0.00456086847683615	0.095332680648939	-0.0850149536425889	-0.0164892718337102	0.259117807592645	0.211363342734853	0.200810514164611	0.226219257532896	0.386054457214929	0.533164050698281	0.712195448022899	0.727036019384367	0.691595627369267	0.0836607194946668	0.347324535054221	0.329489793276396	0.431318615646898	0.561159413945916	-0.0583321449214339	-0.129821435952218	-0.101372567435278	0.150089785415022	0.224341620690735	0.132482065356258	0.0959684832727634	0.149044306801275	0.141373658912069	-0.279074621615849	-0.387364187980116	0.410995270240322	0.356144132942206	-0.194916058641001	-0.142722512172514	-0.187999101160422	0.533461696025302	0.196926669550802	-0.110715430001904	-0.155557849623611	-0.392239062101711	-0.0355344324124717	-0.0668218300349888	-0.229499261419146	0.174341362816226	0.0743321446959984	0.32972419443799	-0.0627944031570322	-0.0255750217732258	0.323172515178496	0.170901634625241	-0.0656301538930062	-0.208126881794751	-0.046911470909728	0.424058869676981	0.14383324894999	0.439175310621722	0.37753124811525	0.127334394588771
0.646513328592487	0.741225293357882	0.72052045393513	0.760872031364224	0.771122025815692	1	0.838378758499772	0.458546969478838	0.537323489777453	0.628276996591955	0.010937048957119	0.44084597496969	0.525126991328499	0.539977619092492	0.656301159324345	0.590725632978286	0.0537164572039773	0.208072075785747	0.290556511773539	0.387887608555402	0.207508620943842	0.118088845661921	0.0254582772643339	0.307677215483981	0.487700713387255	0.307070717663061	0.19082080622478	0.578001728039045	0.0899406500611741	0.0844111638312799	0.308384376022494	-0.0188638315107854	0.0168867915889215	0.518327348841283	0.745870123813633	0.294702575640113	0.339697188030563	0.280182311222221	0.569049251410388	0.520394658411946	0.353083452129952	0.429107731335629	0.48860456422114	0.17987776525955	0.229857194277437	0.0247172997498761	0.0944606486918482	0.539851342673155	0.10015502066334	0.415824014625491	0.313479580873986	0.444465722921243	0.668026468607623	0.826702962527301	0.736681099640919	0.779591851748216	0.221599381754406	0.452826298121959	0.445613160312196	0.560685283128266	0.54585475407077	-0.00335320962268126	0.0376776426088268	0.0972538393367689	0.175551155940078	0.428953034919796	0.328052445614625	0.276481165443884	0.236970252346013	0.262229605170299	-0.160484756156669	-0.35756047379319	0.517832305663657	0.406034625268499	-0.020815927964476	0.0523574166144158	0.00973940835703672	0.540391596619502	0.0888828016840475	0.112838743456724	0.0199037300368288	-0.192200296750683	0.0350506914697064	0.118923932347015	-0.0410209722281142	0.225098139082553	0.175935548144301	0.594706574095075	0.189030841368498	0.110894625678571	0.551344433893243	0.329703226233484	0.109881447465688	-0.169786356037113	0.0915879777631842	0.631281889791165	0.111214857917807	0.299734761289031	0.403728840272765	0.284163564595894
0.653412893136413	0.836153227451863	0.754478588730042	0.910186196223207	0.701167607241165	0.838378758499772	1	0.448048377135509	0.595405425086604	0.609351696352224	-0.0868423661784589	0.484512739306071	0.594859537165205	0.544363309231358	0.729752092296536	0.680650222810744	0.072062076721005	0.192037038466667	0.327297141815482	0.477470334915812	0.288839836003928	0.0195188103474244	0.0430939320429482	0.356140337905694	0.612507230598226	0.456530378122439	0.251981759911497	0.663789898161405	-0.00588662854284508	0.0207359445576257	0.404186683832735	0.140638085167676	0.0538410484647852	0.549184460671524	0.847795613622647	0.344822721591404	0.332268606869047	0.449753102409723	0.618570419260741	0.453225256112918	0.314673739532271	0.491533093538565	0.607915946424412	0.339520264285699	0.323724052353788	0.108645823252949	0.238459308931441	0.370505402909745	0.0351725003234938	0.512850224074254	0.25409442042558	0.487706347258313	0.770127098930064	0.81333015795143	0.722748467026351	0.905544239280346	0.184680352141502	0.450181166585625	0.479706974126844	0.592855545000354	0.457028698870609	-0.0263427212372404	0.138402875636244	0.0794382967790376	0.144602820556843	0.384553540946494	0.495824075038766	0.110276708348238	0.303268911018572	0.329789052595773	-0.140585049835501	-0.318996792421801	0.459260192369837	0.538210048011009	-0.0448277187786297	0.20907343530536	0.100469322647725	0.619555664205806	-0.00891503882715365	0.177969154369376	0.230818990756799	-0.0859641469404187	-0.0477196953272372	0.223964658158934	0.0643198939511625	0.342497472488518	0.111366420173354	0.695468089568986	0.30797712962182	0.213462900049599	0.614744450680346	0.340064608257762	0.292171781860557	-0.135827556860514	0.252235013444222	0.48816582209683	-0.0677498310853031	0.125615853639817	0.347451049188475	0.236234640511275
0.38500683015054	0.286301525501889	0.218609516605977	0.340874779681193	0.356486610336021	0.458546969478838	0.448048377135509	1	0.79384848381381	0.431144763720721	0.136632931821849	0.441480559825183	0.513137094767843	0.229672753306036	0.213840428624908	0.421698865514559	0.517177302174302	0.718005243985089	0.56887434711648	0.705493669674646	0.304813794673757	0.285150638276174	0.232706015593048	0.479847929784369	0.494306280369745	0.157990698078985	0.0140763862621827	0.157364403791177	-0.00879138254665155	-0.135714964718824	0.37686000856533	0.0105388858181612	0.0107798171501632	0.138463706998292	0.370327135905799	0.376187695963407	0.187254706204974	0.184264214453222	0.245210469418009	0.0670973260964741	0.116645944871927	0.093484310524231	0.220282141432521	-0.0392555600881755	0.324885700390812	-0.171430017974785	-0.00401307580584305	0.268201015893505	-0.11101994292364	0.112583858506094	0.19341798158192	0.155601498305102	0.287411550885872	0.339484277507735	0.424896315419116	0.446440143599828	0.292771341994302	0.657368729437115	0.584565774320034	0.722411168828017	0.389356134240653	0.214669305374745	0.16499167788447	0.208091263299352	0.0975311289377738	-0.0536115897533635	0.246249650568965	0.434671155053825	0.481475163656526	0.668066150437276	0.111157806966288	-0.119697878053757	0.562914279777514	0.395509315985817	0.20120614762045	0.140637750095903	-0.0691564849037481	0.161855038944856	0.0639856350522042	0.228241442172252	-0.00538524106832276	-0.0307312466036359	0.0603216711306616	0.0115098543232725	0.194674468104427	-0.179899301404925	0.162219115741561	0.409806749380193	-0.0032825130153162	0.213928429148963	0.346946029653041	-0.03446313178477	0.0375884035213329	-0.265063155204177	0.0540007792731453	0.328794454286844	-0.128000846792818	0.278537514442323	0.16930717301831	0.247528198466111
0.431689316337538	0.443329064186804	0.409549946925367	0.544327823636461	0.340894518888809	0.537323489777453	0.595405425086604	0.79384848381381	1	0.498231687853932	0.0305955879471761	0.457949784969835	0.57800981668821	0.397845416806519	0.463674073819657	0.650722884522292	0.502232937721382	0.592694404621478	0.685636297438274	0.750730698497522	0.501717280060039	0.242873078637003	0.268499003518171	0.73606284578139	0.692089215400716	0.404977845087642	0.335555195809681	0.405967360566074	-0.0408125785838851	-0.0468179947663317	0.582278765615352	0.234623139359967	0.206747353084847	0.326929017790062	0.597903301433849	0.588764987636367	0.407030654022615	0.445057662027817	0.499511637915914	0.318889496177239	0.119252872080131	0.250962410236805	0.491792625902657	0.309666824484742	0.494723111708253	0.108052328696447	0.241705284296018	0.374071653057111	-0.0553211421707235	0.370410020172191	0.233210258640621	0.279156872313825	0.38751877110725	0.400637764192161	0.413876889907455	0.589507622378364	0.4700841143742	0.681284758568579	0.773982463075516	0.908987767229066	0.391890597542044	0.164790680357574	0.245098189173129	0.371348426651004	0.219784415522647	0.17083946916733	0.502660409778954	0.448771379247823	0.659355646204029	0.722767448513765	0.22546411523709	-0.0852628853366244	0.676565383528752	0.6405078201597	0.284520362699193	0.442410292710231	0.207052082178944	0.398417957126149	0.0246214249539689	0.490724212255884	0.279045250159222	0.148191166863933	0.136655058291852	0.29116088790421	0.392107815430158	0.131198037367082	0.248587836287705	0.639516535858326	0.262435600401581	0.498010422935981	0.559645452326703	0.251388863670987	0.397254708069372	-0.100490452936819	0.249986864988937	0.353120711475516	-0.0451381072667682	0.129869670567574	0.305235355337452	0.406433474846571
0.401373636912868	0.589126538325269	0.436967657783667	0.594936483899057	0.537777632066525	0.628276996591955	0.609351696352224	0.431144763720721	0.498231687853932	1	0.110427272272827	0.819876545428169	0.643747333543156	0.472203393528633	0.539986982271467	0.36420966015978	0.141960598813756	0.154550088166994	0.150265123349881	0.384690556424306	0.396561636911948	0.407788237679065	0.341282786342801	0.308462751670063	0.543507325190531	0.417243099517421	0.321433939209098	0.507252629138023	0.325781566208966	0.0312780746284762	0.181152252726301	0.0783158803170078	0.000892298994683176	0.380675682780057	0.425224180354647	0.10581172585652	0.252759808359018	0.33807189951396	0.2705178228059	0.368454920826787	0.609177414300727	0.553845278786295	0.257218530261826	0.261462205146011	0.0626600469941326	0.165606854016356	0.198256270436003	0.0809418252684718	0.070780564362985	0.497499947492757	0.219438180212004	0.369308845050034	0.541659787217342	0.635870651088455	0.507587099698531	0.546974472351491	0.136902193819379	0.326534285777236	0.274077031454076	0.454744212425249	0.771783264999093	0.128304321024771	0.181254652741739	-0.00433568795206692	0.111241846849191	0.303249811479822	0.15371913444767	0.123583043526625	0.0969088859157588	0.351647924307198	0.014723371712443	-0.0414373639272615	0.530751017908827	0.582846629335649	-0.0292103793512376	0.0502320020270533	0.228845567966447	0.45169994671916	0.342569816853591	0.00249016928135612	-0.00522128346689375	-0.235010545942436	0.00992058424903372	-0.0781598249072204	-0.136413693111618	0.24021487970028	0.133527518456805	0.352087245037467	0.088571810173025	0.0775280745112344	0.356709401753819	0.237852587295687	0.144141058404493	0.0353196617153791	0.206661638551043	0.270564957865094	0.0766844422845451	0.404194614321578	0.550736558606488	0.477568405115585
0.000633776318105607	-0.188021783340114	-0.197168499671348	-0.0854782635475553	-0.0819220818064627	0.010937048957119	-0.0868423661784589	0.136632931821849	0.0305955879471761	0.110427272272827	1	0.230449461246505	0.0947683316437635	0.0983478190504302	-0.0118633415932597	0.0403571427680266	0.285350003525302	0.273322075043869	0.178465070933466	0.0238755620922692	0.350331714843831	0.399887391385047	0.29864807012897	0.131999347036999	-0.0779589745849921	-0.00634305412356901	0.14393870915316	-0.256168425019883	0.0896929383419104	0.103472205145503	0.188189824103791	0.102858605801166	0.243048670083007	-0.101406417638191	0.0391020771982538	0.127381937330115	0.20908550269753	-0.187171724204062	0.0992648734458939	0.0366679112838268	-0.0446321454260984	0.138357202416455	0.0618282535718622	-0.0401930685712486	0.00504125908343732	-0.0122173926688186	0.210826993880414	0.217636702332525	0.0691580605375735	0.205833140502845	0.29142097334793	0.105855665225319	-0.0713681304836847	-0.114611108270192	0.145567268741222	-0.101234847259269	0.262949137188369	0.122399073359457	-0.0642696397136091	-0.0439278511041196	0.173958881870891	0.417703949346029	0.300935144228952	0.315565772458649	0.121214976835654	0.0572775257608132	0.040289644686166	0.17680964522839	0.0626083643709957	-0.00550152551235061	0.341917743587272	0.352047254935412	0.0123678500794093	-0.176316731043497	0.300888465121006	0.0180342675444614	0.126830274212339	-0.229834818530417	0.0883079410424255	0.105487295749362	0.120561186726149	0.312760172290897	0.292715336943307	0.108001696640252	0.184832832864135	-0.102902678179434	0.159531422647552	-0.016124915905052	0.259744465576889	-0.00496191171678266	0.0424306439013311	0.011281171787794	-0.0143257163523987	0.193489166097815	0.211464193818818	0.0765416522232208	0.109777259406176	0.0557399384923167	0.144210146740858	0.224897511338664
0.208417090983499	0.37557631834299	0.235710885215964	0.466138521648879	0.407281038292009	0.44084597496969	0.484512739306071	0.441480559825183	0.457949784969835	0.819876545428168	0.230449461246505	1	0.672906571963576	0.332501394943574	0.425487719192019	0.25621138127021	0.257340908837433	0.147323135413314	0.144669069134398	0.379337315895027	0.435937142712406	0.397442029229513	0.451753074374334	0.232827981062992	0.549199075164318	0.397416739976435	0.308718491304824	0.331537875183404	0.286434707498479	-0.0602358195646312	0.145955117232942	0.157938325172499	0.0678840322786165	0.220091802318167	0.272522137469231	0.0301724771590234	0.0844533786893599	0.305462605179133	0.160397831601802	0.200095044020837	0.360390526853576	0.31430818117602	0.179493061064212	0.244432805030415	0.070746898928647	0.0934933494816392	0.257563435449518	-0.0403531671416981	0.101316438862631	0.327419250098355	0.103967227875075	0.238137855304515	0.374253349210584	0.436338327330291	0.443034896136578	0.423404112857308	0.0998022447068347	0.306754685457166	0.207988844354991	0.398134660008086	0.656508294430644	0.258715271136381	0.340224412861772	0.0522663943397052	0.00992579482851306	0.0871460723946431	0.100188869055035	0.054914440452807	0.0653874012009397	0.358734354961932	0.080938109069347	0.17479623192841	0.352147545619406	0.521788198573027	-0.0841382877499761	0.0971977305706878	0.245898994465825	0.281209242376714	0.228870372927918	-0.0759395025970999	0.0848361841354289	-0.123534081702086	-0.0940245054139319	-0.16172305531543	-0.0646618451063608	0.0792748969173731	-0.00330458856108652	0.23282194379886	0.0239764457664688	0.0918025722556741	0.252252342376414	0.0962363422628379	0.150328131419178	0.0106085616123435	0.285405403716803	0.162033880287611	0.0196332232792833	0.289006483593219	0.422762377844671	0.323793127630117
0.277709792432707	0.466757630255172	0.337690055691749	0.556352365271887	0.488584518033434	0.525126991328499	0.594859537165205	0.513137094767843	0.57800981668821	0.643747333543156	0.0947683316437635	0.672906571963576	1	0.364683427731539	0.377505794765812	0.544229619284045	0.391277000943035	0.381808614308708	0.347523728852323	0.520998448694106	0.461991223885951	0.24514617435716	0.354973899490287	0.455926980036289	0.686040488008003	0.470631761367458	0.32621208720929	0.461057349022856	0.212788494833526	0.00642617317372195	0.435894525856897	0.278294766174439	0.312023761520602	0.371535462946535	0.457062256022739	0.304779978626954	0.320784756587144	0.390607909139131	0.242850956768289	0.286275663024979	0.209652973389724	0.420885273540336	0.3644912754609	0.279817165858746	0.380127189852049	0.0752872491367383	0.2911343336905	0.120396732915885	-0.00237319814516878	0.269453815486305	0.059562649654295	0.293869536215946	0.374687774818127	0.406677133371063	0.514815208507758	0.546483877952094	0.396679337102926	0.522587708297327	0.398427254865153	0.569849515393127	0.62464759839742	0.283367829033293	0.290818785562177	0.34030409624406	0.0407383082856357	0.226825106980815	0.246763973428266	0.356547501085235	0.2658703906998	0.396231751695946	0.0502570023571082	0.00508851381928773	0.590049974976763	0.62307673691591	0.0816482453551186	0.294123091969196	0.193447945263934	0.429044876882384	0.115488587131944	0.152574839018763	0.251271248165046	0.0245154497388495	-0.0579854119419576	-0.0290166985352269	0.0683429490662364	0.246662324078934	0.20315736981326	0.454849808417127	0.179541996296873	0.238429543449343	0.3031262829966	0.144949541706803	0.234745301012095	-0.0289557405857243	0.364425433125446	0.167175929564716	0.0692516044885041	0.277471869495496	0.496513616856593	0.348368118413928
0.54107036910414	0.566086837868977	0.566751330291547	0.628592608028519	0.41440544453714	0.539977619092492	0.544363309231358	0.229672753306036	0.397845416806519	0.472203393528633	0.0983478190504302	0.332501394943574	0.364683427731539	1	0.642336824202636	0.66024124693854	0.170742649317746	0.140893678562545	0.462149961972287	0.228818950884692	0.527737021308228	0.253008347567937	0.230070042513551	0.426366686781292	0.427217657516881	0.277118251374853	0.426871357313571	0.364291775994239	0.108710691092761	0.31255381771215	0.548051425036325	0.335632953145104	0.43367887515928	0.496489935456358	0.619726218413168	0.509015397376401	0.485980621127395	0.248546953143492	0.503064670586168	0.478063817471834	0.188507058518601	0.61040570467094	0.566842924791029	0.300781937631238	0.402574052547064	0.430529510203254	0.444361539025628	0.425505851174527	0.0707024060447949	0.63824494260144	0.360118411527728	0.637219148891353	0.556295159609228	0.483591842468388	0.472131813650893	0.515060570044832	0.475681396282993	0.436076460163723	0.274550689183461	0.368616307341236	0.443544869300694	0.0902841659861209	0.225803637286314	0.304400173443257	0.538987277608055	0.497389303357762	0.519881774830274	0.237642763748881	0.40577250752978	0.223452943786199	0.140522531576292	-0.00647140491899158	0.406541255351671	0.263598179163301	0.278552616016787	0.321403358979326	0.283315078274885	0.355656493957483	0.178520258289084	0.426651237434466	0.339295326807037	0.27472977654385	0.414630435413517	0.423716659121783	0.348995786244099	0.395631476245595	0.252818641591073	0.585655906023827	0.554876384739745	0.308559384774212	0.482131839500949	0.459714042057083	0.364630282921597	0.198031139424948	0.43122195463408	0.37108099502403	0.268648228942488	0.196118402926313	0.433005182973677	0.426219794707541
0.477645081423014	0.628458608739375	0.603299319642947	0.75642884056382	0.474140505220686	0.656301159324345	0.729752092296536	0.213840428624908	0.463674073819657	0.539986982271467	-0.0118633415932597	0.425487719192019	0.377505794765812	0.642336824202636	1	0.59477937198269	0.119279152486823	-0.00643481423888043	0.268452702178779	0.350502398261447	0.468175057089345	0.211302673186103	0.261999356425308	0.402386283567054	0.559894887825359	0.563569777019504	0.473962121313155	0.521786051638729	-0.0315868475152286	0.178702865203275	0.409746455790752	0.362943341250563	0.284021058479392	0.534136527668599	0.739083365951386	0.388332972012305	0.505262080938517	0.509769158024586	0.718067834598809	0.613291823238354	0.229850792512594	0.50204854303798	0.694497228989658	0.546602113593846	0.37817261134884	0.422054374239108	0.472308783772115	0.483834001445189	0.133849784097968	0.736292783788095	0.389709367844946	0.459066522876914	0.541845558032082	0.573936701037419	0.517954521118433	0.611824457203135	0.281115426228489	0.380948156035131	0.290472644347757	0.483645854221039	0.450410647967993	0.124091998699393	0.29520191273754	0.221044001435475	0.278761029957756	0.520286484451114	0.470067319942814	0.0451728849697113	0.289910475798771	0.2761308332479	0.117015845347027	0.00701770126247723	0.329087434685716	0.495043890013819	0.0454351115642094	0.386752019792118	0.387265534516367	0.443382180223831	-0.0456884275667731	0.247253590187386	0.40810993215599	0.171250920410496	0.151012438394564	0.349975491382073	0.270183382152175	0.416038758311321	0.258797503612527	0.624872778829197	0.509371702440299	0.413752005068714	0.65674546198486	0.543468797509723	0.516225182844197	0.115660136520106	0.463017288060236	0.445650613274771	0.062345164352264	0.0882969097819922	0.32464087539662	0.33057089480673
0.531628520455245	0.562114303096141	0.623808845055639	0.719385934576919	0.367639261353447	0.590725632978286	0.680650222810744	0.421698865514559	0.650722884522292	0.36420966015978	0.0403571427680266	0.25621138127021	0.544229619284045	0.66024124693854	0.59477937198269	1	0.406268477673779	0.485156192446979	0.757042071689776	0.521285185338972	0.583930394058394	0.189820108960438	0.219157891618611	0.641166744256755	0.632098773401288	0.36163540669208	0.471494225579299	0.448299144232815	-0.171299478393955	0.19250899666638	0.885692512312962	0.420235466074646	0.509543274622207	0.525585376007315	0.863550930812038	0.827323691204735	0.569545290305178	0.42616899357085	0.68992691599433	0.506568045811202	-0.0318187573963227	0.476619111561608	0.778608918854763	0.368386632499662	0.572464708670145	0.269091806403194	0.431469506546075	0.529575734148713	-0.13025423251921	0.536275646500036	0.335825553927566	0.577647601591424	0.654836199244442	0.446013708885994	0.481337646364777	0.654988137842585	0.569931999440864	0.60768997932034	0.539234658248715	0.638978973116226	0.286623829729835	0.103815335673734	0.292510912246228	0.490929023945273	0.448835464448555	0.491897185053958	0.829103181754204	0.4174172334044	0.717732670500501	0.491982268152196	0.140741151993306	-0.0620410977849432	0.52155156565567	0.463106999444077	0.413850554746411	0.510185166059422	0.334888379945147	0.454614569315589	-0.0555723475902733	0.666538250971445	0.537559795154814	0.407279452573918	0.277597144201021	0.582657089578636	0.516990537132204	0.377390646582833	0.343522078237714	0.923859399340682	0.616305794935675	0.492546922749763	0.635891860621708	0.450506764917449	0.477272571513074	0.065769978830108	0.501935406184875	0.409915043661197	0.0931293476988417	-0.0272763257862821	0.314040703696599	0.367361451382653
0.0307410331638352	-0.0911502252800152	-0.00864499026059789	0.0715711219146274	-0.10380727919601	0.0537164572039773	0.072062076721005	0.517177302174303	0.502232937721382	0.141960598813756	0.285350003525302	0.257340908837433	0.391277000943035	0.170742649317746	0.119279152486823	0.406268477673779	1	0.713562864001883	0.612302750155459	0.492343757774111	0.652132449062852	0.335827056340662	0.49460153249929	0.517107487318655	0.396666893940339	0.28618858252411	0.46132526988163	-0.155702193834045	0.000769334205997631	0.105646695569819	0.598998246760608	0.462252522488481	0.443248083523925	-0.00696961108476702	0.267805686109487	0.572937029185082	0.276210875845524	0.132013273782806	0.242944495368098	0.0567072381766568	-0.0995643990051257	0.0667287322394973	0.325065398268671	0.168546298047277	0.370292406159919	0.169719252368156	0.30097264349858	0.279594151531795	0.0424638543493997	0.181158980631171	0.344060529501132	0.245557720368687	0.00345782427242618	-0.166125869075139	0.137598628800225	-0.00334553892499349	0.474033109495613	0.517010940224218	0.335498089274356	0.445441076036455	0.248408043319578	0.501594036531631	0.525661340562101	0.631739628455616	0.33294461331006	-0.102533001596352	0.412955400857955	0.530800944477206	0.573018417387465	0.562553974493699	0.604449610439564	0.408183921167548	0.17765108412884	0.25551637722658	0.530878325781282	0.562499654465429	0.380442571555295	-0.105575436646365	0.0338171519278388	0.527497278298288	0.505963450419319	0.534787591042289	0.315234833330192	0.251157363067069	0.530736331391678	-0.00529399197384309	0.109800020752141	0.338702865453476	0.304147775599042	0.454095239521094	0.160688375504735	0.145615685248868	0.344833174057596	0.115194274884924	0.400597268376604	0.0472283670477038	0.15503002536579	0.00868340767468089	0.181510543560873	0.278144723353953
0.250609442686966	0.035278571093362	0.106005168869704	0.124759073120607	0.0746587105212944	0.208072075785747	0.192037038466667	0.718005243985089	0.592694404621478	0.154550088166994	0.273322075043869	0.147323135413314	0.381808614308708	0.140893678562545	-0.00643481423888043	0.485156192446979	0.713562864001883	1	0.692053526131696	0.556505299018515	0.425833961669548	0.21791995833627	0.163479130004307	0.555243745193699	0.35739782334466	0.0329158811955298	0.110181595858526	-0.0549213342857912	-0.105139254277798	-0.103057024218315	0.566915155825502	0.118677167411713	0.171963233942076	0.0130097912464839	0.320392349041087	0.571618852479161	0.216133770837872	0.0293237526527037	0.192333314440213	0.00630517096024322	-0.107098420491121	0.0279072801330085	0.233918146686433	-0.0515362657095669	0.358383907396803	-0.142515444880131	0.0140358435785283	0.317466696556126	-0.164355273287536	0.0330851708153475	0.209883884452608	0.18445858187615	0.102531854326311	0.0512520148687143	0.189288758839794	0.20809532187947	0.412036875465057	0.565389449619001	0.54090314908198	0.558751144412593	0.263402809171504	0.312313076920603	0.230437767133729	0.43920968006846	0.225478462629406	-0.0465820688257987	0.373105806341894	0.562980494527966	0.584647407453669	0.569621145176217	0.309705895869865	-0.0124888065215331	0.371192363855633	0.22834653024141	0.51405603449594	0.267083113881294	0.0104076270656058	0.00354280641186199	0.0276546526981531	0.442734995716215	0.161491905846179	0.215295257721396	0.214078693160193	0.215533610785932	0.385728513878811	-0.164793422118764	0.134046745401131	0.408790821205378	0.172865440258408	0.298610408458275	0.161208952956404	-0.00291313513023688	0.10800616125199	-0.151444644033745	0.0800427627318786	0.126943348048984	0.00224443236676205	0.159068465877658	0.103282672359203	0.192290986563443
0.39873982110819	0.212361654132189	0.387617534726231	0.363721078614513	0.133731705769898	0.290556511773539	0.327297141815482	0.56887434711648	0.685636297438274	0.150265123349881	0.178465070933466	0.144669069134398	0.347523728852323	0.462149961972287	0.268452702178779	0.757042071689776	0.612302750155459	0.692053526131696	1	0.492636626047428	0.584891576699619	0.236201832464507	0.240859735045027	0.713308412470588	0.417856367876117	0.174973835225614	0.347957343639214	0.155030629932899	-0.203360630928076	0.0879312287311348	0.794998698805251	0.329589565755911	0.423615631793092	0.235943663786057	0.555151964743376	0.897457443049518	0.437048650180913	0.118660336978334	0.492608327354466	0.241716464355497	-0.198519935424596	0.211103696387922	0.473959451557165	0.160165395192938	0.442188478767139	0.147621194040316	0.335032338603823	0.44419840315355	-0.174422934518205	0.320365150605563	0.412763022963033	0.488290267896675	0.319931927507537	0.0890806593050688	0.266453515741653	0.378151547494265	0.654012213591412	0.730404652266544	0.619893844511074	0.63894049037953	0.156521121398099	0.179020297662011	0.27796763830711	0.551856810177805	0.567473147633975	0.151481510124499	0.740802127848133	0.517203155085753	0.906091056328984	0.628375722267646	0.341916887438526	0.0351582874332223	0.447759570578152	0.254885007495855	0.596691552606637	0.527737411276392	0.270391886891126	0.197397992993633	-0.0219689234415928	0.742917707366275	0.470522397919523	0.438431647930222	0.43523449619199	0.542983497265695	0.610283960049909	0.162404170596084	0.289125455279286	0.708700097906696	0.471559018976217	0.506831343302689	0.425078430930667	0.249105589961993	0.398651929861724	0.0407870979011751	0.340046714176997	0.215704885128398	0.0926112060388759	-0.0285873118191335	0.224214775660884	0.400699456787371
0.258895097234651	0.316469401685078	0.259019865827771	0.394902388391465	0.279265186821034	0.387887608555402	0.477470334915812	0.705493669674646	0.750730698497522	0.384690556424306	0.0238755620922692	0.379337315895027	0.520998448694106	0.228818950884692	0.350502398261447	0.521285185338972	0.492343757774111	0.556505299018515	0.492636626047428	1	0.416312786869925	0.25067655296543	0.320921179314354	0.521340330013931	0.738873847648691	0.374872049018217	0.209159796263301	0.296363947703301	-0.129725900961443	-0.0699844949793994	0.470765825794407	0.220798126262411	0.240814431808008	0.234094610132472	0.47860801542495	0.477305538404136	0.29690432748473	0.514996275508392	0.393141392460259	0.244188094856703	0.0675751136976929	0.231292180539125	0.407092582254825	0.215519584165723	0.608699066682367	0.0548491920584502	0.207966872847507	0.27751993357855	-0.00167020819905103	0.241289781748816	0.150467208349314	0.235135552770939	0.269123568339446	0.267428422195692	0.326839251245023	0.35538915761855	0.371334914188379	0.558317714600636	0.510298276646741	0.672693325056161	0.34410627168277	0.132675050627135	0.310944420444319	0.320568688064361	0.109765342792604	0.0763407849586159	0.375166029045871	0.268846858604555	0.439906503640897	0.687113459643212	0.0689251343884584	-0.0345867678082624	0.472147338709544	0.531992026612016	0.161306071032891	0.396524529261033	0.15273675941997	0.268821350522702	-0.0229050990365383	0.313378297570307	0.260986582023159	0.153843920180322	0.138335039193601	0.181158386831378	0.395529681592807	0.0355123269165681	0.206518881344573	0.491892345029502	0.193179813017399	0.469637266558968	0.432446646250529	0.200490561089652	0.298718513638986	-0.19270128641062	0.289901943983518	0.211179390221993	-0.000760560172235786	0.142999863919689	0.226064479426711	0.343139519675175
0.114522820541664	0.0962920102048904	0.172402704788374	0.303454799333669	-0.0505858686357227	0.207508620943842	0.288839836003928	0.304813794673757	0.501717280060039	0.396561636911948	0.350331714843831	0.435937142712406	0.461991223885951	0.527737021308228	0.468175057089345	0.583930394058394	0.652132449062852	0.425833961669548	0.584891576699619	0.416312786869925	1	0.475060119711249	0.597973635943221	0.645378521691897	0.520386872902793	0.487096987711296	0.681738984229939	0.093584055438647	0.0527349228397007	0.263372389507421	0.69481178313042	0.610179038145989	0.604017004161441	0.238830265307939	0.453473264418904	0.646238683081753	0.526650133609407	0.308349226618895	0.525175619155262	0.352084057563928	0.0578673459142863	0.454922632141296	0.607599044782891	0.487218903862682	0.442885179064353	0.453389721018973	0.66651488784153	0.386483452640819	0.0414742525506455	0.575672221891027	0.308154567674776	0.361173075603425	0.233061527909276	0.0358666383903309	0.185420407039809	0.154994739248031	0.581130742755819	0.490185618919888	0.291435957014952	0.404280063376858	0.376020472750039	0.340410641478569	0.603229655313118	0.614795930140996	0.394495101338604	0.369793224078031	0.551933465155817	0.397159282616858	0.515365718612114	0.512997911104971	0.558439734888512	0.401541971745968	0.299968291910998	0.377760751756707	0.5515917880933	0.645503925693823	0.60897643358376	0.117728266402932	0.0506848092087897	0.594090696021865	0.606177799235895	0.594994674659122	0.367482724998307	0.4543094464397	0.604446737280783	0.267222852871813	0.328081133398249	0.541709325000322	0.680005270727183	0.569684271210213	0.422039054010766	0.40065727238471	0.593549753325924	0.274237292134779	0.699075519593068	0.129976158759568	0.175256448025108	0.0233257407226885	0.376848141734251	0.558741333148405
0.0845451477779601	-0.117233851739402	-0.0753325364373133	0.0506026644728464	0.0409526682110695	0.118088845661921	0.0195188103474244	0.285150638276174	0.242873078637003	0.407788237679065	0.399887391385047	0.397442029229514	0.24514617435716	0.253008347567937	0.211302673186103	0.189820108960438	0.335827056340662	0.21791995833627	0.236201832464507	0.25067655296543	0.475060119711249	1	0.505338927872362	0.448802287423942	0.136609894806756	0.0982912607233951	0.279804345082335	-0.080352171120563	0.219087063147113	0.144110044249306	0.225600866081567	0.125926600961722	0.319613753047549	0.0613330561939791	0.0971990180385677	0.238325097880532	0.336358482876553	0.0140951742020983	0.126257413975503	0.197917922843598	0.26410368029732	0.189052965422237	0.0821375374884163	0.0386126463702697	0.0449288999030288	0.18159215565496	0.248064592842177	0.169746058554887	0.111873965544063	0.323971664423499	0.322263496177432	0.177452737040316	0.144951447332764	-0.0219412055415601	0.129263349330694	-0.0354967689622434	0.409062061377122	0.283212164896744	-0.00836829808371216	0.0992688411031523	0.401760603161072	0.399618232346097	0.344626050761068	0.367472022592254	0.246762022218327	0.215386588003343	0.0939533447819618	0.314650984159411	0.218003051380751	0.273508941391325	0.350382282874397	0.416173171280059	0.345777111001843	0.145144183397573	0.289217323438903	0.120284110823358	0.263711827877089	-0.0568267021420848	0.237613046143778	0.147022329182832	0.0709772734742717	0.272130863843731	0.36449265461451	-0.0282380819028486	0.218473560116736	0.037995867776612	0.313980621471025	0.219703251384231	0.184318581397899	0.124923535467383	0.20355988322403	0.200621218518231	0.0473740772610648	0.235391896595628	0.350906451811489	0.0753429082639539	0.219482533448824	0.211026908745864	0.287330576966236	0.432351210681794
