1	0.772527033273621	0.734502866273411	0.782267180092939	0.807520835572828	0.647166790980663	0.701023024758447	0.373131987142481	0.422035171827618	0.369446289655486	0.252793672528354	0.519552247613887	0.450908762472524	0.752670191784321	0.626947356355444	0.673110926265601	0.481948150439753	0.07039703361009	0.389605628694244	0.225005968330371	0.573470509370582	0.33099657022929	0.392867447090899	0.295735525347998	0.240911933112184	0.510054058556314	0.36775103007495	0.252569124817072	0.415666003140598	0.605866177346922	0.330143353876448	0.407715600804347	0.250725960223926	0.492988850096864	0.436773296170273	0.411802154470669	0.238371683895663	0.234959130748108	0.162359010979011	0.201239562108805	0.249139001700204	0.299537712375354	0.372358455900879	0.321259005096737	0.282073209208854	0.336453287222857	0.43306516132682	0.543724564430767	0.48271315595553	0.346716132055762	0.824365294492487	0.702129279291473	0.61734786549818	0.639635165119569	0.647387064191113	0.729341439021846	0.236948956619274	0.420913915075723	0.420975361454294	0.527800973390356	0.567584866963216	0.465449473553721	0.533198915676117	0.446404582187914	0.56979189850705	0.223975631725865	0.396515503499276	0.43703469794383	0.424926815115481	0.249284150943475	0.521733322852262	0.360271824899352	0.444329769857151	0.23217919529905	0.339924163320926	0.29863703893419	0.250396940340169	0.362821591655485	0.188648962615761	0.20959621036657	0.231227041356007	0.152133997008868	0.302335812262587	0.196752330641615	0.213395739950855	0.388996089344625	0.26411703220668	0.356466641631785	0.142457951017958	0.263675352460649	0.152166174925232	0.284495830473385	0.243134840059636	0.0211318650231448	0.0751462190467733	0.361361050065316	0.371594575976659	0.353256958562038	0.477611131997418	0.23226689113797
0.772527033273621	1	0.668329138951556	0.783656768652163	0.632823832949735	0.538840767683355	0.588169744024783	0.306505547117555	0.431892928118107	0.283890752392763	0.279925038388152	0.535877197611316	0.336435180081673	0.746039760467601	0.657977407217917	0.471054069188941	0.37720241948179	-0.0180091297333186	0.363506151097934	0.189211047849603	0.475353876921337	0.438719924208038	0.3153083640353	0.214865187717226	0.282949210992042	0.495286580715636	0.40246118573341	0.241283814059236	0.338334181637623	0.501654591055152	0.127982265205724	0.371612431621022	0.279417881292582	0.524643863868595	0.30734865545288	0.222055049333487	0.0814551089732168	0.197976050846528	0.0935701455033857	0.234623562581562	0.319469082685059	0.376170370438439	0.305785061499041	0.337752526541748	0.190108049498109	0.145582216180708	0.438056424866485	0.456921146198151	0.441271796905455	0.286263631905919	0.689635445761603	0.744534646144417	0.398128009118653	0.504127093654005	0.517639317437345	0.598284690720929	0.190007010949444	0.409419496335752	0.424380223326669	0.505034833385955	0.466469604114474	0.410714522953273	0.470979133144517	0.335603201024479	0.492679366092349	0.0403116061455802	0.174044424322414	0.384031417560969	0.353287562980734	0.240547048895857	0.432067747344135	0.339161742241531	0.326027550709694	0.258291309074684	0.309211515739494	0.336039078348299	0.222273171472654	0.224992026365838	0.177166149234378	0.126087544272624	0.192452537498341	0.0590445961542114	0.230206333878259	0.0582608430137068	0.157140318490423	0.338696001312424	0.15053925580308	0.164271949256712	0.0460833831290348	0.18870841754487	0.0488429177929463	0.280074787020111	0.231841101849996	0.0955499391048946	0.159640977831866	0.206405137521868	0.287650211441699	0.264476819287375	0.413729930399607	0.0520122245258893
0.734502866273411	0.668329138951556	1	0.713530786672222	0.689782723666691	0.721660012265427	0.670005304677658	0.343850068184403	0.282017498556406	0.37339514615257	0.238501784078778	0.55740412285817	0.353893982427728	0.559455904869626	0.507482568559437	0.610178383908041	0.397570319593701	0.151379437521131	0.341238471050384	0.205130427158285	0.47365649331845	0.452128583417894	0.444370637798436	0.206744060466601	0.197246147156089	0.356473418337566	0.402890681788633	0.16526060006111	0.371803395887524	0.496335006689927	0.291872193186968	0.346700061990815	0.281354761779538	0.360957856532365	0.303872955547082	0.284194415455221	0.222672842253639	0.0825000578770569	0.0610219429960354	0.146844887350558	0.217433345401503	0.259307458588343	0.205907131005763	0.181568085183057	0.126461519070938	0.271000802168678	0.346495613423319	0.491317805395462	0.394433045111354	0.258862982487699	0.619924916662774	0.573894218406147	0.482495423316571	0.739303618841239	0.599863943408023	0.71254533666819	0.218413798199211	0.361894226383499	0.402293450648741	0.427452873046977	0.538543440285931	0.472473547730964	0.368219933042585	0.315252983713621	0.350278974578523	0.171488087920742	0.338042128497082	0.398265617275635	0.37454825074719	0.288071225196851	0.457666396327849	0.40779861190413	0.332524553672775	0.281285272075079	0.390526021189198	0.441680307998803	0.327017069103143	0.272146292858079	0.280962309462807	0.274918813674137	0.2537148339027	0.206015799719931	0.233975059074977	0.172524023002612	0.177609078802021	0.284451228939545	0.243824684607515	0.311501399172003	0.107684965954169	0.130218490673182	0.0766048989563884	0.186016404641944	0.221212113224494	0.189396800400809	0.096689893455129	0.273493151642829	0.300811436265198	0.512166630565326	0.437187320074162	0.287308603150361
0.782267180092939	0.783656768652163	0.713530786672222	1	0.755885407896433	0.622007541210194	0.721223044332344	0.342488399625866	0.44853004505062	0.413457888203301	0.287787668719299	0.491822699953954	0.40088423566747	0.697231444605747	0.716189283242405	0.61849032052139	0.368311648159376	0.0139615934141671	0.431086070399746	0.165225284450396	0.41038315254644	0.359926324120199	0.290653274234571	0.219687314360801	0.274179457119762	0.564417850669939	0.33388593192936	0.254576450300249	0.366693355979184	0.502288378153785	0.0913167886810096	0.280450623369881	0.116519451198638	0.454196674212044	0.371723069291053	0.270786654111146	0.101813913557418	0.106525181848836	0.089506757415429	0.196916432731525	0.190605841604036	0.31576669131621	0.244805595919387	0.245156462790021	0.116900371191498	0.188111587971287	0.326553098623851	0.502268322358265	0.523766614655251	0.34444433702151	0.767485740514268	0.704876049711847	0.696656040663309	0.672603005782191	0.684232849576918	0.794868281302916	0.264997820241961	0.481523285072677	0.446847111850667	0.552506302765535	0.550851303258455	0.445791666475576	0.460323897867455	0.390943899725064	0.549192228460912	0.133474352546331	0.267263462235917	0.443757954442188	0.463805429622622	0.184573737317688	0.48725928009748	0.274579523591425	0.363038887080182	0.232249108395574	0.257174807102396	0.291612158031142	0.125151204746358	0.2606772488575	0.188741566803273	0.150732478640754	0.126529783125222	0.00559653623143143	0.205352201896451	0.00263728131373922	0.0326622341906021	0.268700423579757	0.17440682462827	0.274759162178101	-0.0984966514800007	0.0883924856290115	0.0736632711724626	0.285709372109403	0.140154428239952	0.0273091988633372	0.122066862034893	0.360695288696295	0.366290522001262	0.317293280666312	0.431891340077017	0.208813950921936
0.807520835572828	0.632823832949735	0.689782723666691	0.755885407896433	1	0.76481124055007	0.776245118588199	0.396322383154565	0.487634378062989	0.469342741179428	0.361917528512425	0.643705006516303	0.494310936537397	0.68716566850558	0.588554253315833	0.67689081949756	0.435835847094785	0.0371981735983633	0.402364713425204	0.252514467216138	0.487003205420874	0.405935912233424	0.422079181481193	0.321476284751228	0.191437190527553	0.545078933113123	0.30511012511785	0.321822393384341	0.464956026831476	0.499553335172391	0.150843343649073	0.239733127223337	0.162742363553263	0.441566443418829	0.548282254950477	0.411312769500697	0.24810713554544	0.103452978141943	0.221616051236637	0.227340402749562	0.204637892944152	0.219495490190644	0.296207300095247	0.254991266309186	0.184480281381701	0.244061758521524	0.356484739613011	0.601169210301636	0.662770599417813	0.434375112702453	0.808760689695434	0.59526337491356	0.687987687758345	0.71507508323653	0.821016131423886	0.788036074875644	0.32167358033117	0.418345599051306	0.410437818552596	0.587788715749339	0.701412816965318	0.610968393861931	0.581635961318477	0.469713167861894	0.517726430093252	0.264929659938262	0.368394441386696	0.481632713139914	0.361359495278797	0.183712560846663	0.548481189962999	0.345683713853106	0.511422538935818	0.266669335155436	0.315994646860526	0.290957248156768	0.174412757442652	0.343911818636892	0.315404523221797	0.167685248206613	0.172134078755855	0.0190455817388692	0.323887693477911	0.0889819158656663	0.0447769366624735	0.249981210298065	0.309485129680965	0.456842945641671	0.0320321131559482	0.0757250346160865	0.218702650999421	0.307064974177041	0.199319256083585	-0.0149456863252753	0.0810010215923148	0.455796099331389	0.501158365177855	0.491607891339694	0.570636261114378	0.314939369944368
0.647166790980663	0.538840767683355	0.721660012265427	0.622007541210194	0.76481124055007	1	0.883848229072262	0.394457047283034	0.451801939298668	0.401398438903988	0.280602691036241	0.646517211885981	0.428723152470885	0.595198853824173	0.510920109397226	0.565894377490756	0.438518625561332	0.179924582032409	0.402627411725182	0.36351452627478	0.50561350291935	0.467589218929762	0.459987230452394	0.137735317071524	0.27201960846578	0.387865359591564	0.377903009356496	0.116802709307424	0.337811791203494	0.415407686842207	0.185839568568215	0.296755461791019	0.255755174528735	0.329975452797879	0.429872171671142	0.295386158239343	0.148946725723789	0.0746179179471577	0.057704532118753	0.0916964345842182	0.140018211843374	0.115190447753927	0.140110686699484	0.0916521769362062	0.101478306293577	0.264207904291388	0.381038970696074	0.686324467789839	0.44785585649416	0.273970434047043	0.656142748295156	0.475714436188579	0.547144260044701	0.815310087256439	0.782300865793469	0.785677115131111	0.318032272995179	0.385273421609572	0.39890012576486	0.53033424402682	0.614115351095379	0.536194083836342	0.510356968489743	0.302327338440537	0.431435116735483	0.142447940262894	0.404270077487637	0.401211682314494	0.435587583246279	0.294956533475709	0.501292018730381	0.388015059122989	0.353391920341065	0.41262325334354	0.394296757483104	0.344390456092826	0.281295413674851	0.189430733410881	0.230857773369382	0.284749481294456	0.213905915935228	0.109857016722565	0.16879815274114	0.133850182198783	0.0741930949366428	0.26595356570332	0.179733594773215	0.31646128157227	0.0811521299721276	0.091607828310746	0.0577426586440008	0.119655689970571	0.130125086322711	0.0890923982057706	0.100231043120699	0.332139119458836	0.310372505114792	0.458149164850907	0.478697517128282	0.296311811486304
0.701023024758447	0.588169744024783	0.670005304677658	0.721223044332344	0.776245118588199	0.883848229072262	1	0.389535185485087	0.490191234162445	0.396746101764906	0.337418227959064	0.598032552515418	0.40381198824405	0.623018261418024	0.539218046312449	0.636575710363604	0.374534928868388	0.119620156602232	0.423353864004608	0.312635070381413	0.475896422696155	0.441896591267875	0.494359263135127	0.190949107772445	0.232904348379528	0.43023286800654	0.340455804967439	0.18787651688361	0.359693256675274	0.450587540591989	0.195331987399897	0.270427904206882	0.194974455991703	0.366404126724907	0.514087420420362	0.32722177318296	0.199278000602615	0.0687367067961767	0.111110760168971	0.123944338187109	0.14557635909556	0.130870600532755	0.21879019809192	0.100292646403904	0.0549373015050204	0.316916355327489	0.378445735032395	0.668212774023541	0.535943884363868	0.309749727155163	0.726238384678364	0.547068591795374	0.65968381098725	0.779026148267213	0.790606634192301	0.821420176053818	0.335451134297597	0.470699438158396	0.435430854259863	0.55829421689101	0.618823346449811	0.568771639980281	0.565271668483376	0.326060227667183	0.500521321818458	0.139705295821176	0.450342975272857	0.416224268936667	0.417372091065291	0.243702371070223	0.452895123916116	0.396932355865766	0.365158067161162	0.371078686794014	0.336814246386896	0.302714815316934	0.18604878225384	0.267921162446839	0.308562495765962	0.237087590265912	0.170398244799539	0.0401924788922467	0.156958595041451	0.151119328276533	0.0202658761296993	0.275446473561953	0.227870853593381	0.387500601861065	0.0611606724373737	0.072683475391895	0.121739431527716	0.164579817760701	0.0803211949915625	0.0395871450431354	0.0631059761408585	0.409024079323132	0.339825262785544	0.440765122643115	0.445181106748722	0.250380533436774
0.37313198714248	0.306505547117555	0.343850068184403	0.342488399625866	0.396322383154565	0.394457047283034	0.389535185485088	1	0.681011696738996	0.344066011155627	0.273483822880894	0.355957919433839	0.440237034640123	0.410539757890027	0.29889452181876	0.417002184110606	0.305869788485129	0.435076912826198	0.693253322512345	0.544173878114863	0.187713562708798	0.356245319010766	0.369716217423701	0.19111044166544	0.322329671362648	0.291663614454748	0.254645403961368	0.0290965810569646	0.199269744662607	0.315423793960693	0.168053140524984	0.231952425649918	0.353261817168978	0.188801422660413	0.218479874851589	0.34183032930909	0.180333240532075	0.176403904613291	0.114547087664982	0.112984374809638	0.0626804627926807	0.166026870423926	0.0899651893458855	0.193496342267205	0.267166376790022	0.150090563386585	0.293300572061857	0.322381070283821	0.325343844523498	0.20780860833851	0.360509024459034	0.388129511623797	0.213546587938036	0.43212300768191	0.38333352033687	0.39018551270555	0.449305328335998	0.556615808674453	0.595194668534636	0.581176998815864	0.32832226768157	0.413135551035885	0.31925295929217	0.410622706044214	0.0989083507150589	0.0515069883536996	0.239460705360275	0.478350053995471	0.416729963965536	0.33007733617029	0.350368285462182	0.301063437884602	0.298252801626764	0.209262949144044	0.286336540222324	0.278226817733179	0.176942120063675	0.149581852358558	0.101781775485103	0.279652399271273	0.145490891072577	0.181117029038209	0.060137277970396	0.0634389715342688	0.140778824612477	0.172747735347277	0.119744994361541	0.276027344072646	0.0666743954049884	0.120240536635367	0.148699534517443	0.188733561351399	0.240746068162672	0.0227884658616481	0.189787256007883	0.191657798560044	-0.0281092019968587	0.262344147520674	0.245477888754044	0.0881220501627318
0.422035171827618	0.431892928118107	0.282017498556406	0.44853004505062	0.487634378062989	0.451801939298668	0.490191234162445	0.681011696738996	1	0.420174561686511	0.394506587776096	0.428693009589091	0.41747397638646	0.429949351586172	0.333400510540499	0.428069233750856	0.190423200790672	0.0431245603604642	0.595647313713541	0.487313360718123	0.249553318547381	0.374734956235174	0.14408300646304	0.384309706362539	0.497214119800383	0.361191148847332	0.344887367295514	0.25447361920163	0.352638011373028	0.27890868793724	0.00436545382661617	0.15190972151446	0.163572849378474	0.239273876657811	0.429907498140269	0.422714271475903	0.271403684013923	0.152017778528362	0.29803976135928	0.299764569039484	0.260605874392412	0.238802326242675	0.291167304972939	0.355770435156989	0.292671150163348	0.214260279041426	0.361931741747544	0.485593466934658	0.455325472402803	0.377199329183658	0.426277794689768	0.41480342514927	0.365114426477199	0.395607100487137	0.469971165208419	0.406561721464278	0.480028683933434	0.652222730009868	0.714787198157718	0.845667130084506	0.485197629636845	0.524928207686061	0.454977289668307	0.472139895650614	0.248164927590628	0.19017003501746	0.11776456688855	0.444265017560406	0.500143965449669	0.31384435032892	0.36281482616312	0.238066738955471	0.460583399627341	0.327509546726699	0.147250119871474	0.273435865954626	0.10786777310348	0.309908279378718	0.176744337527998	0.0712465304191336	0.00872916777984758	0.0202871534289622	0.125322040592292	0.0449555519955719	0.117474052164476	0.0924724323973872	0.278295369224082	0.326234265837182	-0.00358442783228857	0.128245509343695	0.26012071286151	0.309412235846706	0.310299842578614	-0.0132014707407961	0.153431430651485	0.372895356668579	0.193427437365803	0.259102977382646	0.313150492875691	0.135531924415822
0.369446289655485	0.283890752392763	0.37339514615257	0.413457888203301	0.469342741179428	0.401398438903988	0.396746101764906	0.344066011155627	0.420174561686511	1	0.399558523655254	0.549805966718615	0.50935977479611	0.25587722180868	0.300107449996471	0.367670376728418	0.289523528796575	0.0608386249919599	0.211631563200433	0.150610881448941	0.486601261677347	0.247718507959832	0.291053420528456	0.356108011939829	0.290514329845413	0.457898194381367	0.522631577717207	0.200418398398043	0.354009841330664	0.237460231003382	0.072271197062259	0.178684912760041	0.256021067319203	0.362524818240799	0.373868171848641	0.357660624532081	0.218253245745051	0.0784896739939696	0.239196283606368	0.314835541905017	0.315234537763294	0.290084470482221	0.271805455977373	0.246512932259567	0.282845498516995	0.241753781985782	0.189718639128696	0.387036482065501	0.230165809760975	0.455226312927373	0.36997797894706	0.288688757109659	0.366100448561637	0.519245894142459	0.395437311437019	0.465834849771776	0.320786146224586	0.297995185956996	0.36269219064962	0.456833476711847	0.514921591688363	0.433086580818485	0.369847345565853	0.442970391428099	0.124240623185476	0.141273568901699	0.117275715205393	0.419609576451858	0.27637600726025	0.0873551936347911	0.403813745723443	0.30774061771343	0.417050896609512	0.32205287352038	0.194109169881818	0.312773977819668	0.180177079081345	0.134799066813139	0.203856942697383	0.0524641309057554	0.0706327307852691	0.065009536453074	0.237838469391128	0.0171203221267814	-0.0140849367931547	0.0917831339041343	0.270480283143221	0.273637453508455	0.168369776362757	-0.0289505529863003	0.195231274716813	0.241501606248218	0.222244313419808	0.0703327210835171	0.0915638545001555	0.241073216863627	0.158034622421055	0.479499110911897	0.487559497145156	0.376036455356374
0.252793672528354	0.279925038388152	0.238501784078778	0.287787668719299	0.361917528512425	0.280602691036241	0.337418227959064	0.273483822880894	0.394506587776096	0.399558523655254	1	0.376482154088822	0.238721138570776	0.220753092090572	0.237682277225865	0.188483245062905	0.00229795544778223	-0.0664159694769456	0.111458192144124	0.149309050028549	0.216689318661775	0.448054244998114	0.268586741286103	0.136987469579431	0.236455291060307	0.168725230169145	0.213629988303799	0.163565211434007	0.159695246570163	0.0898841944162579	-0.128125892572217	-0.0454332911485344	0.0275723688850407	0.20817796034491	0.358412071284513	0.234197837909677	0.19464529534818	-0.0494278126388599	0.254850713807681	0.332692051040688	0.189800713506219	0.257850143680943	0.153471994642876	0.129918340251975	0.122083553504578	0.131033911202108	0.0793301636654708	0.256883531680546	0.192166298243277	0.314066844404336	0.230094732009085	0.16273598079175	0.0931455829332631	0.347431745643412	0.320441763429002	0.321519704493262	0.103812217221729	0.183964962577129	0.262636536617135	0.340934489900292	0.358373434429863	0.440978633712568	0.295899676359578	0.249063125939178	0.0960121946237584	0.0614982162937227	-0.0283393015409797	0.229352163414443	0.214963117467664	-0.0980770722216132	0.187824290216179	0.243065732404365	0.286671196940285	0.20393653016215	0.0535010966749854	0.217149441985585	0.0391088147851654	0.0495288439090818	0.234269508497122	-0.0795951413424801	-0.0617898707487159	-0.151480367535314	0.193058997343642	-0.079314033261753	-0.138996918003112	-0.0417509503526918	0.179098288696379	0.27421173207114	0.0670059636670672	-0.132410756517429	0.246280447084557	0.271759034902366	0.215642625004064	0.0687974752112554	0.0968114450930754	0.222671427476028	0.244512424391786	0.387667677216767	0.199596979610305	0.132554251108894
0.519552247613888	0.535877197611317	0.557404122858171	0.491822699953954	0.643705006516303	0.646517211885981	0.598032552515418	0.355957919433839	0.428693009589091	0.549805966718615	0.376482154088822	1	0.609353605806158	0.516862530114032	0.364730491607936	0.303001826622098	0.505630989558821	0.00137616146707173	0.241508533945484	0.199749117229907	0.501348339382106	0.499766092112152	0.542764680848216	0.169939917606207	0.235217200376117	0.446397218590323	0.380348537335404	0.0929572968735639	0.325403745320696	0.383256684545162	-0.0853216413525469	0.153174206921426	0.211398255636374	0.391162194182507	0.336139883650649	0.1840522308872	0.0432173600822643	-0.0293173424727166	0.0662759471319806	0.133503283504817	0.192929481487554	0.147522239341808	0.111297510542922	0.0767141346199568	0.089407910517804	0.141680030178327	0.307005433086514	0.499374762592559	0.3571309403642	0.29002442281961	0.505861522889235	0.432854335422045	0.31351918463344	0.558544917314701	0.610618394273904	0.549109497829847	0.234615041452199	0.320852031555456	0.3694440911209	0.514893856327849	0.750211709315851	0.631398277376035	0.657160933849436	0.534078950126674	0.204896206325449	0.0161207851015289	0.0199129246299629	0.570412665273079	0.324316876437123	0.233127268915704	0.687196140431985	0.600122077973407	0.407154523622525	0.392206669998078	0.349548385384092	0.355333270048816	0.261525160045553	0.0645562461350287	0.237133958973355	0.0636199774478929	0.12612010173285	0.105845970021516	0.140469392126877	-0.172969373657751	-0.0925069005488913	0.146000974367398	0.104360047499912	0.157336814797281	0.0194439402559002	-0.0932189515083876	0.029690744012449	0.165419147362251	0.065824546897481	0.127553608846748	0.218831217776179	0.226377085540743	0.263865855997124	0.490306275074263	0.501645308077212	0.372297623178311
0.450908762472524	0.336435180081673	0.353893982427728	0.40088423566747	0.494310936537397	0.428723152470884	0.40381198824405	0.440237034640123	0.41747397638646	0.50935977479611	0.238721138570776	0.609353605806158	1	0.437183267784766	0.28448305529554	0.484995545902658	0.5894304557125	0.253130647881277	0.362748626646079	0.263475602158959	0.509201234898758	0.168835976541684	0.413502854821092	0.409643239276623	0.34563343147691	0.563660013918695	0.425088594903749	0.0344681953263717	0.254036204509068	0.434786895847268	0.171691820620917	0.324687259627259	0.279558989061474	0.443291483157604	0.282951252306128	0.34815328339682	0.171206293386348	0.354091940628769	0.0664723369374545	0.0978251786006374	0.240790374151713	0.333974819619149	0.187394790779106	0.15244731170428	0.237025779298647	0.101612925978776	0.312661681818231	0.419754362599935	0.252908670474869	0.359908483520725	0.345427573838672	0.31675025292547	0.361438745602528	0.467446878244775	0.474695496187762	0.402476154302351	0.439296354618234	0.376427534164979	0.349724135273535	0.447431288919331	0.640402502982671	0.480913331821252	0.548621471985581	0.816268534694638	0.233399027751964	0.123070919072815	0.166157017342897	0.70735552615594	0.332385292317227	0.239166415040854	0.597951771141719	0.459727059577443	0.446267219201241	0.354881875286589	0.412559981411519	0.497570488760469	0.366323538356967	0.091729574500464	0.150551171467396	0.203760112309583	0.284260102933531	0.188211088660749	0.0725406101850747	0.0698791892055775	0.124360574199146	0.262165852193327	0.103158226028419	0.100343531014394	0.261752960342276	0.156943704193885	0.000334765608679525	0.185027214444306	0.114644485791786	0.0986984524454998	0.161357720550625	0.177521163870122	0.0881039977637524	0.37684180074996	0.490216244373901	0.394310366547587
0.752670191784321	0.746039760467601	0.559455904869626	0.697231444605747	0.68716566850558	0.595198853824172	0.623018261418024	0.410539757890027	0.429949351586172	0.25587722180868	0.220753092090572	0.516862530114032	0.437183267784766	1	0.690195061907356	0.540597407769297	0.435527150691194	0.190686568670873	0.400182558538073	0.224367492523454	0.491309611321076	0.398802738633685	0.383116970562485	0.252437146607322	0.329540920557822	0.462266689237368	0.311246475387618	0.231193733959993	0.329042848586187	0.740027202830339	0.21180108665696	0.402202694375646	0.315877157777227	0.478149454726268	0.275025000655661	0.264159673188596	0.172837219354388	0.249750292820433	0.0870920322988576	0.202596036982639	0.293171166680403	0.287188543468271	0.268108449237601	0.289680054278083	0.279486276414716	0.136011285246056	0.453086154210075	0.492972112535568	0.595602404448426	0.361512785581335	0.721537273064957	0.768720087252674	0.555634846071852	0.54746461536623	0.545700939952806	0.622276414543323	0.191983449309233	0.363545383926321	0.372312967665623	0.472572462734732	0.5127309110065	0.370091828171099	0.501547520796135	0.364412159841218	0.657438224516413	0.158322380383501	0.378464272501905	0.40490723564452	0.32654386058595	0.301577749063261	0.433219134448308	0.428374310618993	0.365931042920813	0.227230985223721	0.332353085574082	0.268399590506178	0.163086052346107	0.185217883820456	0.21938469777332	0.283896546487694	0.254099034218715	0.142222894610141	0.365088973165531	0.168575390336224	0.191971580699477	0.416553671974936	0.236699306792675	0.263546235741362	0.0891878290973943	0.291608882876827	0.0950155062033929	0.309369977317983	0.203235334192102	0.0667779842227875	0.262239183904006	0.255013382412745	0.350506172744716	0.396397380157775	0.527625930561064	0.200326732836107
0.626947356355444	0.657977407217918	0.507482568559437	0.716189283242405	0.588554253315833	0.510920109397226	0.539218046312449	0.29889452181876	0.333400510540499	0.300107449996471	0.237682277225865	0.364730491607936	0.28448305529554	0.690195061907356	1	0.490478710832322	0.291777181666819	0.135591812876412	0.286251294061549	0.083221223368953	0.38806678761569	0.278353485726176	0.203658714654606	0.23499641865517	0.184517309246366	0.474614287379153	0.264552428361101	0.177504183014746	0.224023154074799	0.520538757132959	0.169593158734817	0.249977499169398	0.236022116931757	0.394815150595764	0.308545840376772	0.238639052435908	0.140268957068139	0.0951793812193314	0.113861349530975	0.250866582101502	0.350563136363688	0.326536123564339	0.260780134921296	0.239636843204413	0.206495984964314	0.199678020733848	0.264850530541108	0.400999114517377	0.402336555021245	0.419911026878343	0.556319338644095	0.582529119307521	0.525082716776869	0.532795366803954	0.512346140532277	0.588017021405297	0.120741926938472	0.231278390820585	0.287000890786026	0.386044236773407	0.328873736411267	0.255669464509394	0.329971715402633	0.244580025189911	0.551642024675694	0.181745207312417	0.325268547060286	0.243469314745065	0.219861318725219	0.166289259351599	0.253863073351644	0.271787062185698	0.25513406330838	0.248360081549608	0.230063216642335	0.198208654074015	0.0936287212530915	0.168534984947799	0.2840088029579	0.215202898948812	0.146616387354499	0.105868968295875	0.292197868846928	0.154790912205341	0.0547900717958185	0.321557064852974	0.22325679184992	0.293715830659232	0.0253611819318118	0.122586178736703	0.17389754124221	0.308709613709929	0.211816003991047	0.106193802838691	0.133938670611634	0.312890892560006	0.229961301261348	0.316233295594273	0.366356414377101	0.0990842488564484
0.673110926265601	0.471054069188941	0.610178383908041	0.61849032052139	0.67689081949756	0.565894377490756	0.636575710363605	0.417002184110606	0.428069233750856	0.367670376728418	0.188483245062905	0.303001826622098	0.484995545902658	0.540597407769297	0.490478710832322	1	0.441910918585639	0.341179815781675	0.524236997923159	0.39872484860868	0.529130944973034	0.233191441007433	0.304797545654578	0.407816601527454	0.205881719225516	0.50153479923598	0.421811111485943	0.291541868332337	0.417490077950948	0.566922683814805	0.648734681098263	0.466357006963247	0.300099736728051	0.441663526814596	0.467132837844556	0.571650468281675	0.356689624933713	0.296250888047051	0.128260973054629	0.113848763019891	0.244419367024906	0.262043998570424	0.399280744131037	0.196701002136449	0.262922291004377	0.46451912743681	0.357104460011934	0.466605040238302	0.485721892869586	0.455890536389802	0.557611016807946	0.527858346511877	0.648166750692971	0.611446601477087	0.601553793393582	0.633673676447357	0.404365593171104	0.412999331297204	0.36595916600339	0.46840776653894	0.46839418587176	0.488941414836512	0.408912805329213	0.429967468635078	0.517278549433247	0.240938715163328	0.635341746238018	0.417129745027274	0.387241868274527	0.362535760862164	0.393782719317735	0.290413978571737	0.341240825320898	0.27030666545388	0.418179937647606	0.42850107882044	0.328281226916474	0.354447733339502	0.160478032134155	0.414413409578473	0.356270998641004	0.277358817982708	0.175642337973638	0.422889271773328	0.266625782589227	0.431294970388271	0.26578997706738	0.453114877046335	0.228102383122826	0.277871752500382	0.120155831222797	0.172730433817427	0.14382115023418	0.0704704363390843	0.0141800671200728	0.292666448905841	0.27480914885931	0.342101463045714	0.359607934681762	0.215264099063942
0.481948150439753	0.37720241948179	0.397570319593701	0.368311648159376	0.435835847094785	0.438518625561332	0.374534928868388	0.305869788485129	0.190423200790672	0.289523528796575	0.00229795544778223	0.505630989558821	0.5894304557125	0.435527150691194	0.291777181666819	0.441910918585639	1	0.491022801906084	0.403006868288442	0.296806787963163	0.633713102469734	0.12470910963927	0.429909358011423	0.0314787546724179	0.160547773478306	0.396455523793897	0.335798655137392	-0.175533448821502	0.180846517286013	0.533095281764186	0.328952975782279	0.361138839499122	0.270599523356326	0.154523881503918	-0.100039681848868	0.00483704489502743	-0.134863478123799	0.230942978542917	-0.387516995596595	-0.356626047010506	-0.108172124886963	0.0281157055882257	-0.13777968193172	-0.188818904138809	0.00579498904672769	0.0706842255468989	0.167480621408116	0.0986024606534974	0.129559980411264	0.103710339217429	0.400409595904993	0.43792174838159	0.242849160903204	0.419813371060335	0.385963508873862	0.37436859534817	0.234435657215236	0.225378616563644	0.228244283758213	0.392584460943636	0.4914571606134	0.380737250421022	0.47074383867638	0.442516021323952	0.36209083921611	-0.211323157818554	0.3173977198846	0.560985388196362	0.404439078934464	0.502351471320423	0.714545314598079	0.534542659214596	0.37483456786666	0.415343115200495	0.68681930691383	0.423394286517218	0.37680799757617	-0.0943517818695077	-0.130540319224127	0.500744584177396	0.535374838957129	0.470117912272694	-0.156587539056033	0.0574746182801213	0.286031156998519	0.398316507368312	-0.0757542478649106	-0.139705657404916	0.168745144510508	0.192945704386373	-0.375057766930872	-0.268852696754137	-0.215941835140353	0.0437719740651748	0.22330192132068	-0.12054735490627	0.0414237509082019	0.147947807221608	0.352657241092392	0.391114470345796
0.07039703361009	-0.0180091297333186	0.151379437521131	0.0139615934141671	0.0371981735983633	0.179924582032409	0.119620156602232	0.435076912826197	0.0431245603604642	0.0608386249919599	-0.0664159694769456	0.00137616146707173	0.253130647881277	0.190686568670873	0.135591812876412	0.341179815781675	0.491022801906084	1	0.442195978479319	0.293995069315276	0.235527669867181	0.000195016271508227	0.222724442563458	-0.0223808001973211	0.181687439779435	0.00171990258859493	0.167014139526657	-0.317438140044352	-0.0612849276274633	0.324329727417379	0.517800225082512	0.27798236437515	0.313084643541631	-0.0925211386110743	-0.237293599086661	-0.0046098487266564	-0.124499353883842	0.1046724802924	-0.359049028241474	-0.381375185026632	-0.191780811495004	-0.0430881210802454	-0.265732955042206	-0.331987357692485	-0.10467788885791	0.0086776808901303	0.0116424635004044	-0.0885147684698347	-0.031718155784473	0.0189551429706263	-0.00277414203899077	0.0887429410791386	-0.0574791361645196	0.205030912186263	0.0994342557854866	0.070703147105439	0.282359539611958	0.14869078522978	0.12565968015186	0.0356762597196307	0.0378186764249123	0.136562879424383	0.209830141148227	0.178967574966593	0.105016859485487	-0.257551402812343	0.417641809114943	0.301885248315133	0.173337821969949	0.492111498405117	0.113299552366221	0.347129327609614	0.01078819831858	0.337453765672463	0.498738746265521	0.326686232760386	0.266435290077711	-0.119649181522655	-0.133053929331005	0.660586013414982	0.576092246007457	0.571771953534204	-0.184756161982631	0.188615201286222	0.234948487232396	0.279888338341603	-0.25868729079734	-0.160344766871202	0.261610585634803	0.16894431889095	-0.319172062221515	-0.314508674906143	-0.145093404978769	0.162332713817351	0.251781606287007	-0.296303905649242	-0.156320488472271	0.0579485565676391	0.0923866164813314	0.18360418982172
0.389605628694244	0.363506151097934	0.341238471050384	0.431086070399746	0.402364713425204	0.402627411725182	0.423353864004608	0.693253322512345	0.595647313713541	0.211631563200433	0.111458192144124	0.241508533945484	0.362748626646079	0.400182558538073	0.286251294061549	0.524236997923159	0.403006868288442	0.442195978479319	1	0.576731644529842	0.196481095554965	0.252074995221709	0.186803716386766	0.197276178043749	0.390110060499379	0.304311029453311	0.30156462908712	-0.0164663399673284	0.225662912619282	0.267626620906919	0.272012787673908	0.338056580353145	0.313751569249879	0.18934259786407	0.0699415298256564	0.303416240440954	-0.0916614454235646	0.261080552181475	-0.0571556766514701	-0.0964737778631332	-0.0638239197218956	0.0981806283281475	0.0338614893686402	0.110055436660869	0.166087990800368	0.169672070073121	0.388890893726942	0.29708019796006	0.280985756482197	0.086854132917449	0.42926609107914	0.418070374269957	0.32016057192764	0.384795771125437	0.375109589623513	0.393313963603198	0.491271281154133	0.59839122555883	0.539827503577413	0.572861701856189	0.310453696988672	0.392717486185037	0.387647507492143	0.417666008684866	0.283875081049265	-0.104039878159908	0.28293357549306	0.455013920276982	0.626980190701027	0.424858828508909	0.358352926930111	0.262478474511138	0.233088692420791	0.304334025906247	0.388007730881223	0.271172669833645	0.214063901869535	0.107467132934702	-0.126652918754245	0.425182172195981	0.280410170078472	0.35579109008091	-0.141097666228148	0.0474529267852602	0.236778668026694	0.307974587312701	-0.0786760148668369	0.010947950647781	0.0281185337630039	0.185370978884914	-0.114032702930895	-0.0433976813495854	0.0840404761914018	0.0328328582078549	0.249116918980242	-0.010715295027381	-0.0269732687745045	0.130178738962378	0.135264447829073	0.0776080411195575
0.225005968330371	0.189211047849603	0.205130427158285	0.165225284450396	0.252514467216138	0.36351452627478	0.312635070381413	0.544173878114863	0.487313360718123	0.150610881448941	0.149309050028549	0.199749117229907	0.263475602158959	0.224367492523454	0.083221223368953	0.39872484860868	0.296806787963163	0.293995069315276	0.576731644529843	1	0.138294547633828	0.266314248819134	0.247412592051328	0.0914487817684271	0.403477985070103	0.257913413519427	0.312141175270867	-0.0496485689863533	0.20199792201703	0.245446503573512	0.292276364181888	0.389748078881438	0.378859524782288	0.243322918408505	0.087832143893166	0.253319566410188	0.0586274677897868	0.32690161900988	-0.0334492801101116	-0.00779818614439636	-0.1238348397875	-0.147737646239993	0.0305316575737454	0.0471998642884148	0.284359367626722	0.21482183537639	0.312325958352898	0.314288059747573	0.146992088308676	0.0263857055739171	0.204369857685802	0.178204495793274	0.108670193221076	0.239694765506658	0.230029530369535	0.164251625987009	0.436904621184097	0.44612553718155	0.360726162726752	0.480239727558985	0.104101925280986	0.231369817487221	0.153886499907211	0.251163807800411	0.181102920474174	-0.0246809766598268	0.307355795208013	0.339844146323463	0.37707658556119	0.541210824490246	0.205733329587793	0.185364511658778	0.100785460912207	0.419713787084159	0.305552049627964	0.289485141129415	0.339800071816676	0.104381345989981	-0.0419558198846314	0.327310546578843	0.245584222399436	0.314500581457453	-0.0231762557033837	0.180313736723983	0.324027944670794	0.267514447451797	0.0693198333366389	0.0611223563178519	0.0731206035112104	0.324340399293404	-0.0203445042251781	-0.000580658012993124	0.121697343690665	0.142314004733654	0.19445221578565	0.0174501651030414	0.0426500394557281	0.0795890783820809	0.0367475005190108	-0.0485987192628005
0.573470509370582	0.475353876921337	0.47365649331845	0.41038315254644	0.487003205420874	0.50561350291935	0.475896422696155	0.187713562708798	0.249553318547381	0.486601261677347	0.216689318661775	0.501348339382106	0.509201234898758	0.491309611321076	0.38806678761569	0.529130944973034	0.633713102469734	0.235527669867181	0.196481095554965	0.138294547633828	1	0.129097754045618	0.382464621025787	0.272896553392446	0.238188448133703	0.380654405019295	0.552777475146827	0.0710758229942718	0.376177785044852	0.57719179732007	0.46966402947074	0.528787529640796	0.442142392738615	0.422626700321399	0.206373879069842	0.267870297974189	0.207611237277129	0.28099890084457	-0.0383802500345906	0.0587820456293265	0.274503576742303	0.31893005654054	0.276907526210785	0.156709629258391	0.299806746572611	0.299767436562787	0.464388958292914	0.299755175362479	0.201368464468567	0.455648280196613	0.431370135981453	0.447968832383164	0.365310858649556	0.487188456355146	0.349763271786846	0.440306869446823	0.12801995376049	0.15130534524185	0.282079647671991	0.317319201899476	0.558437513598249	0.37803085984777	0.469351930391399	0.387937160221079	0.410727284041833	0.147569934877739	0.43311809972989	0.401320497586699	0.350081347183637	0.358053692602448	0.589468789479585	0.516568523597606	0.385445446643713	0.355853554083258	0.5778609511756	0.499907172279987	0.379791673946013	0.107124491399513	0.178680907487207	0.335419077708982	0.497076919823635	0.40068304843516	0.264960549138494	0.356110920262202	0.356364016866777	0.508782340059137	0.214622763999206	0.13707427476967	0.468026135702301	0.350102562531546	-0.101123990680112	0.0854622638482451	0.155528553943208	0.205067491943712	0.212537335447647	0.0397466185720945	0.192358169188536	0.447082245035382	0.533341031851648	0.490607668641386
0.33099657022929	0.438719924208038	0.452128583417894	0.359926324120199	0.405935912233424	0.467589218929762	0.441896591267875	0.356245319010766	0.374734956235174	0.247718507959832	0.448054244998114	0.499766092112152	0.168835976541684	0.398802738633685	0.278353485726176	0.233191441007433	0.12470910963927	0.000195016271508227	0.252074995221709	0.266314248819134	0.129097754045618	1	0.511174050701546	0.0837757239317537	0.313662553706214	0.262077592771148	0.289682317712954	0.113907776358562	0.25383891641568	0.263888078846473	-0.0617117029853961	0.15660880118692	0.155809795119377	0.279769732184386	0.242758646509911	0.187428057455832	0.119591890747734	0.087749833064728	0.12502906228221	0.230418245321954	0.232330008323085	0.135587804592154	0.131428049815056	0.161743537674862	0.149999655846491	0.188782934416098	0.222777940924717	0.379117792111967	0.331046304303177	0.110329588648597	0.370273005606856	0.363408894859233	0.209047747590348	0.461578933776922	0.407986606422239	0.430494216755606	0.157243178478215	0.340481215613805	0.400101146950393	0.417549851525657	0.491863872772725	0.484135606430247	0.336577629618978	0.116084196647175	0.197497908002097	0.0692980774827772	0.0401425905356577	0.24477999063356	0.281543324841899	0.118194033200498	0.27706760781578	0.384455913862913	0.310454592305451	0.270458458082553	0.156637059562389	0.275030969966507	0.154170323843674	0.18280796842866	0.162621926328726	0.0882179524550426	0.00205791809678217	0.0713318539494576	0.277744054691199	-0.0527544732875663	0.0397104603055461	0.11206599165417	0.178535766363795	0.256432035323479	-0.0321231341981997	-0.0382725067171965	0.127368619077413	0.215030861058443	0.19978816998943	0.220463848616909	0.248438186307368	0.159885270804903	0.276993615313902	0.515809107347437	0.309678112883784	0.220326294773693
