1	0.862751180619242	0.85323330380746	0.672349735489012	0.839929219497112	0.826128431199483	0.595314347806531	-0.11914835612786	0.344539121124952	0.264725092187744	0.15610426872679	0.13704753932535	0.0120355180880866	0.746836900362496	0.439245892950714	0.719102945709337	0.0925565276491605	0.109065930488284	0.480969654737607	0.165535339163896	0.493359812710903	0.201392739563649	0.261216319644899	0.41173669524963	0.238607259104857	0.242670096421514	0.329851507899097	0.44270584985575	0.351339554034295	0.205488373302588	0.365096825529972	0.478264082261018	0.426093910252098	0.286760893165624	0.639210643045271	0.343634866007661	0.446273807051345	0.162246273869503	0.482314481662547	0.369453430527868	0.466008166468523	0.346071372134188	0.527476051299661	0.0887250811915851	0.272673851572275	0.209001333832398	0.367559627886021	0.513351542842581	0.396467096494606	0.397145648747454	0.628303210359004	0.896107450573312	0.752162526688923	0.782220743204888	0.746213947132395	0.795523132311023	0.615730390659978	0.54170090844988	0.473378838868758	0.581264410859697	0.309268824562667	0.239404336142271	0.177768501438175	0.241801630831516	0.533365413691686	0.636111598653625	0.592806403033186	0.5641350015355	0.668183339220449	0.524674518366699	0.431158967002194	0.24354349946032	0.337841050783489	0.222509041550055	0.526196086266636	0.20475622179774	0.264128727277273	0.648994033528879	0.484688939046119	0.462751159910839	0.576032128700384	0.290874304701455	0.503744851081237	0.256926665974056	0.354593454938346	0.51738534821244	0.327531363170877	0.655151106265396	0.521755890804644	0.262250423888387	0.55527991542821	0.347780554982283	0.0892334087827553	0.261519692213443	0.396996644745541	0.579359889882511	0.634402711951681	0.717477624455074	0.505937111918927	0.520470119384813
0.862751180619242	1	0.862279205888457	0.683329500846316	0.763876168463863	0.767032054945645	0.59942995010881	-0.00707744032628742	0.325406329475415	0.258231988064912	0.107004110181808	0.100679348219252	0.0511667385928847	0.733967917737386	0.439113985911372	0.748009640404111	0.185355742332019	0.198981408378511	0.469892475839714	0.215032040434091	0.496866452768481	0.189034709814683	0.204722672958963	0.354979379686203	0.3094100268517	0.292414577544233	0.38743887486757	0.48842360613049	0.365264117347008	0.283904514067083	0.430945157040275	0.506041974075558	0.375969622480699	0.322505253107418	0.675592792665761	0.478565916646681	0.408564493866572	0.270732403904642	0.433388398082003	0.357076546642914	0.504752934391419	0.333541755116453	0.582549986405048	0.189593652109652	0.348419424017987	0.147069092361425	0.368724167058139	0.452589178694416	0.384863217725451	0.421369599561662	0.553559288474671	0.837626503131122	0.663610939103257	0.722018892526626	0.674150102374569	0.705397579568977	0.578631741288628	0.554276727634035	0.477206266823285	0.515912172285702	0.312119995343413	0.178658985719075	0.169471926753865	0.216597608258042	0.586952472477071	0.620933134604892	0.562777177477605	0.538431287077207	0.643906077361451	0.562493646296022	0.400005100744383	0.175057203634999	0.231909416314897	0.270210647337859	0.484864859107978	0.231678586535569	0.307577924538014	0.680258169902251	0.530647299341916	0.502221448561462	0.550119523697932	0.35932655212632	0.538994126048753	0.348711765714888	0.44702017520293	0.571768018164053	0.333366473299942	0.547484965191848	0.493444969122345	0.333477054223375	0.516638625049884	0.340515692621219	0.190000018515022	0.234334140590599	0.375800578542227	0.497435421566911	0.536137554522146	0.676759524673569	0.497425429958065	0.521815321978116
0.85323330380746	0.862279205888457	1	0.689400217264404	0.824257630767875	0.825479105879885	0.619299502303114	-0.0603153453366046	0.270628654085125	0.216197696361207	0.105053267772178	0.134072064097337	0.0831948493012857	0.718079342356697	0.479977129252159	0.706407765424578	0.17414070470292	0.180749077826814	0.352500044632586	0.149147135621886	0.392011506210856	0.238804014367666	0.265667357205851	0.316541977788447	0.226591209802049	0.21660733677486	0.337172274666354	0.508487010179908	0.361582905956235	0.310838491507439	0.383506392607202	0.475327134198208	0.431757000609019	0.265702601105424	0.588874214710633	0.348639065533037	0.446548080458863	0.158342836114084	0.416344321418047	0.399944232992898	0.457865429987114	0.400425553425157	0.518228921105377	0.104486323400488	0.287840415816109	0.261556103175435	0.410611575270892	0.47810120272875	0.346147942712766	0.363021463670497	0.582815947950466	0.856985817280792	0.714635334238601	0.788890648170342	0.724222615911208	0.740462947249297	0.59551094949906	0.584191957270239	0.454521481056244	0.488658763732175	0.31579712895286	0.197216576549697	0.144680688005403	0.253015768095206	0.549005440305471	0.586293423635935	0.546238553474819	0.581321239095361	0.604396590432622	0.452438969268459	0.469230572519726	0.242509528978544	0.264519781132973	0.222472786919289	0.511266774868947	0.178714222241188	0.325213504861514	0.672621217074731	0.533450976767751	0.474836889816985	0.533261252952006	0.326638803155845	0.468034654062767	0.284586555747317	0.392567433701392	0.499489501633554	0.290898987961123	0.587684582568294	0.484920777807489	0.237439229986569	0.565302181325213	0.422312358703229	0.144937886076145	0.298598315789651	0.389063449218364	0.541144380223609	0.511230451886233	0.662648686319355	0.430120194373599	0.529334294425724
0.672349735489012	0.683329500846316	0.689400217264404	1	0.650650894919472	0.67961212713568	0.836596779918495	0.0999842973472725	0.454580447596793	0.456258121895687	0.055535540123357	0.264472269589099	0.0926056686438516	0.68380752665411	0.659198288546214	0.679832430757516	0.0972393123189737	0.0553275131909423	0.464455846026285	0.23462772145566	0.465683067345832	0.297607638294612	0.304685243372557	0.533591431006958	0.238621316331025	0.266025859889296	0.464378941607185	0.476949453229665	0.292095530904026	0.331136921819956	0.321089630986168	0.397884999708241	0.361697413397854	0.47633247840175	0.55876216545043	0.435936035267077	0.469040373647109	0.264929956530253	0.450509374773752	0.522163742713912	0.429054905748665	0.374186910804702	0.609214457312447	0.405635084220435	0.338282229373618	0.275990083691825	0.500986049395283	0.559441104251425	0.330236832383943	0.555908045450537	0.362148652035704	0.636716990826461	0.663680241239674	0.684327974185372	0.575026608291315	0.742022201754383	0.50920727271258	0.619614486857892	0.467058935689255	0.572118744164609	0.522620291177834	0.350355869839775	0.258899336890115	0.324799839346281	0.530609680618246	0.69287005542596	0.490247704823899	0.454067977787654	0.486480668883883	0.43271805423861	0.383079202570676	0.310304574492377	0.255475761717088	0.318258093766726	0.373897206019464	0.337916278071836	0.496295792026163	0.584812586344813	0.441875428400994	0.415687566233098	0.369667842575211	0.350507227700021	0.576117694959518	0.338761948857957	0.451001870604253	0.519134209190524	0.353926186990264	0.525803798184344	0.441620788319509	0.270473483781697	0.468991710176062	0.569958542145498	0.450235493196288	0.388645024931797	0.400043717150864	0.507994745787302	0.366548028895228	0.628048990325594	0.592765136360916	0.560128822390989
0.839929219497112	0.763876168463863	0.824257630767875	0.650650894919472	1	0.869385094389008	0.617326723203852	-0.114795376515103	0.31476642218572	0.410708248560198	0.0869271401631423	0.216952069107456	0.104609011908532	0.684977184160337	0.464313939054707	0.664568704452968	0.100855448877154	0.0685780785902428	0.449812530727862	0.180251361350839	0.414195137925876	0.276543478120138	0.259275556425622	0.383280611481628	0.24294351395017	0.243121178702888	0.321975074369816	0.46961642177744	0.288456395974763	0.136287712427041	0.287414513480791	0.40574981680857	0.436897248638195	0.3439040394173	0.557619012116392	0.297970000206228	0.416352014447235	0.122377038773536	0.445148034602164	0.407138439618275	0.454176771118112	0.423086784133794	0.445743784922134	0.124683687476812	0.258936538850269	0.19768473373294	0.348018333611633	0.528013074447051	0.375012264650796	0.353221299101727	0.566162420131426	0.811860776982426	0.723242698600536	0.806099217609316	0.757490818244465	0.736065695772387	0.615360400318624	0.517746571681733	0.468415415007157	0.570359334088224	0.396739528004581	0.251401825414293	0.104346761145303	0.202463616396347	0.44259334396283	0.557288114684797	0.452577923472301	0.535173260166676	0.655408100928016	0.49616667720082	0.400795663913852	0.210140908195221	0.394474266803588	0.315996104166274	0.482571687470453	0.191037604117394	0.305598996704302	0.617042810405471	0.461340336134703	0.382756003029755	0.491573317380607	0.253179313474452	0.384517406234563	0.20625900291646	0.30530106076065	0.483549202533787	0.263838234520193	0.605713402149045	0.494170787751202	0.256608603583938	0.527571123990355	0.425856147029722	0.131694327653471	0.293049851149527	0.345883733469588	0.579697760799946	0.552450567090937	0.699602443315491	0.505870685806575	0.473869117769471
0.826128431199484	0.767032054945645	0.825479105879885	0.67961212713568	0.869385094389008	1	0.683961119530188	-0.131809346822674	0.349751578419431	0.417873257877327	0.0479687061620004	0.187436613004752	0.0181162208203942	0.62432683381824	0.54150749027452	0.629610732930291	0.119222489425894	0.127638854298064	0.369008024976857	0.0770720924340643	0.405231564098288	0.24460555502128	0.191293493904565	0.409664806513255	0.196317136677963	0.233497678477562	0.360327445427152	0.489868164483776	0.241637347059168	0.181401977555885	0.298247164277391	0.40007398310332	0.370183351114485	0.27482516302643	0.58852312158104	0.311644500647512	0.485715162432992	0.0614904174714332	0.588361798975752	0.498990978487466	0.376078343829422	0.445053677664731	0.528417573476565	0.162916386502791	0.224949568589522	0.331266462240533	0.388619244120452	0.714009371102586	0.3882527554102	0.416674911571665	0.536181788089344	0.825089897953047	0.734423013483892	0.835351118109517	0.794785405455734	0.730731049644086	0.521305176774547	0.515280119371483	0.394830696653562	0.528901598294083	0.306786714066149	0.198413876114322	0.0448974632780137	0.128294023484315	0.506757375776282	0.618087096745644	0.509276186587379	0.567371230475914	0.603701075351978	0.42496542110128	0.42604086222205	0.171266224102514	0.382578187975498	0.277789669921992	0.552080524150472	0.240339174080168	0.370287054189347	0.668000597954236	0.479350067537042	0.438002911246914	0.541734137561772	0.250369601887302	0.464335632802645	0.318852358483338	0.357417414617896	0.492702642621097	0.332677195698844	0.629918619758652	0.46571320277198	0.267082374016942	0.644500987745771	0.523433161793263	0.22448362246891	0.302824908443231	0.462701483581255	0.6647500052426	0.528113655006191	0.690328486356704	0.418150106090747	0.4857200178541
0.595314347806531	0.59942995010881	0.619299502303114	0.836596779918495	0.617326723203852	0.683961119530188	1	0.108188472712434	0.436351428608759	0.400146382046779	-0.00367771954684954	0.289548600762516	0.164931660723138	0.488126060870726	0.496556113981987	0.555436870676746	0.205227572137351	0.0605519884609485	0.394023617322261	0.230436422726523	0.383826122455716	0.370040173278532	0.300975663171778	0.453334830631848	0.201631560334245	0.270705052421024	0.382942051062124	0.38137135392604	0.241413966495423	0.342790421520551	0.297651822918298	0.337547737601452	0.329748737803159	0.430934920281955	0.673820428086542	0.391933507025621	0.468798080095264	0.327937861271221	0.475506036264437	0.451367132227439	0.393517874485924	0.383110067977299	0.48444723682948	0.360633826903179	0.24855781876369	0.29889587812636	0.492952733637035	0.557534726133954	0.35903254596758	0.439413682961243	0.423033205932317	0.60979507419044	0.494394116213934	0.652910108726188	0.635164448116356	0.679649228129849	0.406970317159211	0.490178542172319	0.290548689929861	0.457393912568687	0.427509796864126	0.236289455264372	0.178809657425808	0.30766892496147	0.426360318163569	0.593524199294869	0.447385313590248	0.383265047978363	0.395179741712954	0.425945795363175	0.341333355831516	0.306417224840378	0.256378150033521	0.286664690511364	0.460777612131471	0.416788978261078	0.543231340439739	0.548877704212607	0.377358715439687	0.444494444562848	0.432889666205616	0.346162469805458	0.534604133683209	0.458204589126257	0.463927762891145	0.507184137065627	0.39176653173062	0.518376399843956	0.430740171555947	0.318346826311622	0.520309314936676	0.509856356810608	0.467889786878824	0.521996292679238	0.508247188310659	0.542157968486238	0.305028831488352	0.606569163236405	0.56605642607912	0.446041802472044
-0.11914835612786	-0.00707744032628742	-0.0603153453366046	0.0999842973472725	-0.114795376515103	-0.131809346822674	0.108188472712434	1	0.352816227050389	0.128737840170387	0.0371984414943229	0.309216896564059	0.441802685174592	0.00414994359581796	-0.0528864639910032	0.0764998893199522	0.418145363821319	0.436359380425904	0.238478011542984	0.470436888252993	0.219384746943184	0.14093469298186	0.194458808244651	0.0877769524937951	0.249360629561014	0.227896443807582	0.147476676776004	0.0503355220155428	0.105787814797931	0.179865692035631	0.309796355660898	0.196523912376034	-0.037244588997448	0.326279011819357	0.0331496967490478	0.083362572483482	0.0855042419211326	0.415467160637694	-0.0714527468428906	0.0134751195394156	0.167598939405494	0.0159169771533833	0.165842468364892	0.159859752107539	0.390484038613432	0.179526723775925	0.297112153477755	-0.0602475643435215	0.0304458033726718	0.168484073057464	-0.114909032189123	-0.104651479000549	-0.136887457822117	-0.1895725870653	-0.148067389787807	-0.027793773452412	0.0306408605748363	0.217442804329613	0.239613025422806	0.118636244570579	0.233201777491622	0.179932062657295	0.329752627914607	0.16485075050963	0.0603913611601569	0.0161311595345596	0.0816403253232366	0.0456866156530771	0.0772736097703627	-0.019188606434314	0.10322307030555	0.340770889131874	-0.179536247003666	0.149500644796026	0.0527401088946721	0.246138618688168	0.114816264939536	0.00194242920557515	0.00504155576194009	0.190202977965757	-0.103214332228766	0.252291090121384	-0.0437288840501285	0.11174383767691	0.208271421674516	-0.0583319870328026	0.0144805780757559	-0.113552429202526	0.196546696812947	0.124537254718194	-0.0721262160275189	0.062725903655387	0.204740080264261	0.27666444437711	0.174368708207589	-0.0875382554431908	-0.155676536180018	-0.0502858535718363	0.0884442252605009	0.200689684131756
0.344539121124952	0.325406329475415	0.270628654085125	0.454580447596793	0.31476642218572	0.349751578419431	0.436351428608759	0.352816227050389	1	0.359786719057289	0.049372477509338	0.285749491040046	0.385919916872446	0.325702352445107	0.400491211153261	0.396323405430205	0.195801758433311	0.178146473887867	0.566745252010922	0.369393853119892	0.462620472713424	0.374934946669902	0.298209011399184	0.507422920591679	0.334389407829738	0.350259939710043	0.556609518580544	0.304489659555345	0.204874603620285	0.199086880116399	0.210077628564714	0.409488313425753	0.408058368877727	0.442413780041333	0.329384141724204	0.0810169635916537	0.492434687798375	0.222896276640225	0.438114285101651	0.496100445559085	0.353842607206799	0.121885216333404	0.429453240970917	0.550503313434512	0.413830805309205	0.226933712550499	0.513274925951894	0.480706436335217	0.246930109053324	0.383994020208536	0.098969709377295	0.381624597868357	0.46943965162621	0.318760450872617	0.201371445501648	0.494093207643038	0.404888576676154	0.631876262426978	0.603905540028493	0.798948508198854	0.46101588673798	0.481379023810545	0.327719630776569	0.357409454632854	0.350873500023026	0.50434135717934	0.303152190923917	0.439431247445319	0.530257874644738	0.35468389986806	0.455796440930141	0.468152834867381	0.433995058315804	0.50457324829834	0.34862009047561	0.247505001366651	0.49721276976043	0.36780499613659	0.222180021235791	0.324934805521221	0.282595133647358	0.369777703258074	0.297035204028838	0.139866605580126	0.251301679050594	0.416117768809631	0.430272640747648	0.344536821526268	0.441293755112938	0.15069260048116	0.374314810426419	0.53021156779203	0.572953492744245	0.372110030782938	0.393400682011895	0.226541682303463	0.164361424106725	0.322589555144679	0.446177001177245	0.488609680667407
0.264725092187744	0.258231988064912	0.216197696361207	0.456258121895687	0.410708248560198	0.417873257877327	0.400146382046779	0.128737840170387	0.359786719057289	1	0.361845572294309	0.64086924214041	0.0891955370630713	0.245937144005624	0.392956162335797	0.244618003764668	0.058410300758411	-0.0709298290481034	0.403187385121698	0.238242197958614	0.330502351446843	0.606419913696569	0.365524194871541	0.267150954392749	0.207429768742127	0.135662851447412	0.314125480179206	0.144362499556952	0.103550231731985	0.0125719856295813	-0.030631370110331	0.189081085020838	0.241074491998286	0.377686120498941	0.142432650783528	0.121207217095958	0.302024788026235	0.0534319839140535	0.295591145387103	0.446683987898753	0.333443906695768	0.122469938718173	0.349021751557065	0.449692338813151	0.238587516332488	0.0966103174191804	0.254412794910967	0.390176425283421	0.134016975349295	0.396696195169789	0.105893668665168	0.237748833199191	0.344723611554475	0.355109175960948	0.259098753252517	0.366351363020361	0.357009386446513	0.384535747471968	0.300002560970948	0.437631011544111	0.631339191122246	0.401652026957945	0.289733281587957	0.235917954404496	0.173936948708536	0.352062817226528	0.110931633774147	0.209844302155934	0.282099455410535	0.135972319331527	0.2281061200585	0.258176702001709	0.246977240484121	0.34816473254534	0.116842131946865	0.206238642535111	0.479451245484637	0.292401885114868	0.253479155016431	0.0375766957056529	0.13461704079428	0.114789847877555	0.252238919636707	0.142533362104439	0.276262612171718	0.302418484456109	0.220830374526415	0.184372547110981	0.218140058336293	0.182210810544753	0.300118385883367	0.453591635394072	0.494253702989083	0.304278805826052	0.17052086717817	0.209062732404873	0.199874158645092	0.436951856174491	0.4279341596166	0.340346059142956
0.156104268726789	0.107004110181808	0.105053267772178	0.055535540123357	0.0869271401631423	0.0479687061620004	-0.00367771954684954	0.0371984414943229	0.049372477509338	0.361845572294309	1	0.395755661843306	0.263092790161793	0.123698607055548	-0.0696910777331698	0.133709878106289	0.0210599680972196	-0.0328424443166618	0.210146883530915	0.198655712882144	0.212928490633629	0.413818259941578	0.32889934586814	-0.0045736034807193	0.10271482521422	-0.0635183916274294	-0.0156041091941153	-0.0826807845045619	0.0402537378092819	0.2122394826769	-0.0940431622275286	0.0405889538827179	0.10967652048598	0.118570084303539	-0.0213634002038046	0.0739969853676351	0.132313877843869	0.0262819239773592	0.00365840528876578	0.0167560297029991	0.159949689801717	-0.103413146665419	0.071155898733061	-0.0673485559108338	0.239687809073032	0.0968287202717881	0.162946894901364	0.0161309342006924	0.137770431653015	0.129501231929263	0.150531210859348	0.126253052160751	0.101211192833421	0.0889061743193502	0.100058439305522	0.190563767451415	0.194011599283179	0.0880478448358268	0.0474002924220685	0.0928968929051889	0.195107347496517	0.235760086024362	0.442165465460054	0.327599223063404	0.0627070690839579	0.0560706544146928	0.0910411963049305	0.180273436734615	0.154969267507006	0.107770299724004	0.338939175352647	0.277860562777648	0.0431568953293532	0.137011260303201	0.191818782688718	0.116071658781976	0.114334649998652	-0.0580820748153602	0.0462617134394699	0.0224867724483595	0.193988723595836	0.228730452421414	0.0289680954659611	-0.0148684167036632	0.156989218287749	0.216713554826343	0.14155775727537	0.110988969053135	0.125966672269354	0.174637847023095	0.045758058884719	0.0293095071457913	0.0679358731461729	0.0815534128970004	0.099577020162866	0.0215454172408927	0.296420313189328	0.188233434393392	0.168079613792387	0.216923968061582
0.13704753932535	0.100679348219252	0.134072064097337	0.264472269589099	0.216952069107456	0.187436613004752	0.289548600762516	0.309216896564059	0.285749491040046	0.64086924214041	0.395755661843306	1	0.276811420863943	0.180934229259985	0.169549788171811	0.181751136501458	0.147772054462512	0.0237227430412401	0.422552834941297	0.370274815105051	0.272300445640159	0.444372892520684	0.476609694254112	0.201963773590388	0.297371931032297	0.267338593961865	0.198722887271554	0.00716491196039459	-0.0072968523588301	0.192142206886866	0.0127273401609308	0.0872429205804205	0.221057775084569	0.34261403125823	0.0933503006804097	0.216383853043947	0.215230387976283	0.142625000396021	0.0714313592726275	0.260647450450679	0.263418647195307	0.270730471462077	0.102150126080195	0.174657978267454	0.340235948243213	0.252891677198929	0.33035556631536	0.124697424936311	0.21175415847708	0.291398250105472	0.137972486709893	0.105441641839147	0.154830758407193	0.159435524153832	0.221291092482296	0.22001360235808	0.331271314222767	0.303258876568823	0.138117609484669	0.247701466120568	0.534197339661261	0.396298267249148	0.34456526855193	0.310546207347873	0.0488528827137904	0.147718793269384	0.00113089240857914	0.148628749752134	0.219687864510455	0.0847560523465815	0.286278534387976	0.438996635539439	0.0246384428579125	0.295107249073687	0.169763644789358	0.298659572262631	0.389568588002476	0.112984944134899	0.211056662366735	0.0776651218949927	0.0726973202506276	0.152436394881454	0.142805641167431	0.0767023574189997	0.290549986798415	0.148982390044844	0.226976636253045	0.0529926366599526	0.159975935737877	0.180350554027314	0.153309686689309	0.268538906792095	0.28572841296832	0.395597537199435	0.278867697744434	0.138089358483313	0.189010611432646	0.283372592687981	0.363609467304573	0.359387610641713
0.0120355180880866	0.0511667385928848	0.0831948493012857	0.0926056686438516	0.104609011908532	0.0181162208203942	0.164931660723138	0.441802685174592	0.385919916872446	0.0891955370630713	0.263092790161793	0.276811420863943	1	0.111154644491065	0.00371607203701511	0.187606119653026	0.520477892044781	0.439052022501104	0.254239077117147	0.371562391759406	0.3063970255681	0.299314642555398	0.244696303029667	0.172078804266888	0.266334558985759	0.320278156600713	0.238689914151056	0.0523564236347491	0.0324434644177515	0.219664690682487	0.300590735284846	0.29578091541253	0.295402925605236	0.307608399335004	0.12023478558954	0.126257745654199	0.152318566076549	0.290050351789146	0.0224087485535027	0.119508541199423	0.110070958458544	0.189873774591779	0.0762766510391695	0.167032362489965	0.38441499245991	0.115562303976103	0.396860224389885	0.0093080126767538	0.238311675880476	0.178687800746773	0.0815025399257509	0.0874223479247777	0.0165197135272943	0.0351374194693185	0.061551798685968	0.0665280947092771	0.229588680060327	0.292754160316938	0.341337009669329	0.236688169231493	0.270176943944626	0.315890741000288	0.290836808927004	0.278930223067111	0.237807597125201	0.140401832169432	0.171272402496292	0.411482181654584	0.221326467393515	0.32012471706195	0.452426162540358	0.438593796651541	0.022908199107476	0.375288499006539	0.400658389807613	0.199265107134397	0.31158698193293	-0.0714000917096579	0.0461409588350715	0.387437163565246	0.232382869864213	0.51651654127029	0.0551486661621373	0.14514839534364	0.349892143257902	0.164239819696155	0.0969139493073505	0.0919976334021684	0.40763493243244	0.266473845972294	0.107060222823512	0.124035767118817	0.203225339296901	0.320499595684348	0.294100247372526	0.163270818189971	0.187931294345278	0.107387455343965	0.246750428747164	0.424381705856014
0.746836900362496	0.733967917737386	0.718079342356697	0.68380752665411	0.684977184160337	0.62432683381824	0.488126060870726	0.00414994359581796	0.325702352445107	0.245937144005624	0.123698607055548	0.180934229259985	0.111154644491065	1	0.546065199421595	0.677809749578731	0.0542844818845069	0.131357374189681	0.450693994070674	0.221830655128025	0.411022646401635	0.237277089222753	0.360358711029988	0.298367296611021	0.19972276936113	0.141311103863234	0.325416884186576	0.446164979614141	0.37743018932584	0.38450478014735	0.372221036563486	0.483703972314983	0.418386214418929	0.320931297162329	0.488813299944247	0.302128572423297	0.417098866039113	0.127682870585858	0.474792387157522	0.421760761215972	0.473452988182905	0.270385658609003	0.515978496641242	0.144939559335315	0.212678216996822	0.19133860463207	0.424921329103281	0.532566501987587	0.484044842835317	0.50178980548062	0.469798571227053	0.773673649839877	0.704018726142019	0.634205702052836	0.560781340661627	0.724900681658415	0.574742360108002	0.568991795941613	0.485191744752286	0.556204456946704	0.323702888838614	0.331120669969379	0.157265600712754	0.275418393557323	0.565601540240218	0.606271668197031	0.551214881104406	0.534790692999119	0.553232153340148	0.453906144835158	0.420417346676831	0.197612261972065	0.259523595938493	0.117329157883627	0.361403916596021	0.0171959201745665	0.181720114602088	0.627914650723011	0.515119995581332	0.339556214324965	0.409942417309777	0.348718080759333	0.425839333943736	0.144141273514582	0.343954398368904	0.50362951239213	0.385276297929286	0.539109932312255	0.402611276306025	0.194496233243744	0.524948645072387	0.398356452471342	0.119668569139497	0.288153536993205	0.378927446585879	0.513418504707359	0.548744750869133	0.603364187287304	0.463575358706054	0.523905211939256
0.439245892950714	0.439113985911372	0.479977129252159	0.659198288546214	0.464313939054707	0.54150749027452	0.496556113981987	-0.0528864639910032	0.400491211153261	0.392956162335797	-0.0696910777331698	0.169549788171811	0.00371607203701511	0.546065199421595	1	0.442678675648509	-0.0943890506957713	-0.0950539923138407	0.293800864703801	0.0131707293772381	0.248276827954238	0.267810308293388	0.12485355511529	0.424825654346588	0.0525055085690528	0.0965885896406892	0.297510341666135	0.285637303143529	0.0577548646905134	0.0648099060435152	0.113516288987846	0.197262003627751	0.230818601319562	0.24045462105023	0.309259486274073	0.269451016001162	0.41854153316005	-0.0792986909449257	0.528826092934758	0.55135837776922	0.175338099837142	0.208790818539456	0.499591851002567	0.319274812053409	0.00640316963253935	0.264563695706588	0.220195938894175	0.68050090388421	0.24493282020544	0.576051448882063	0.248019118270641	0.385572454681278	0.576616122831603	0.598416933076575	0.440380961377533	0.583125008280888	0.325633989756449	0.456294510462624	0.402822011401723	0.406925676857756	0.289511401097666	0.208983193072003	0.0346314782735693	0.161151532591283	0.430204863046573	0.560684348200604	0.31179865937022	0.254835829783036	0.369320178877044	0.147875672825072	0.252239195947225	0.110581073053255	0.279068285450944	0.143308669089771	0.155300064825994	0.0520515603187211	0.329407129884456	0.446076698235515	0.349610016069086	0.124820051422433	0.182812225582626	0.089879488479589	0.347039125985566	0.144044795116222	0.0794330208875223	0.26497494364754	0.22821045731535	0.372842759367946	0.179257039004105	0.0934088308491369	0.457745139746563	0.551198837690396	0.294280665112583	0.230232751999308	0.131284159359645	0.538236072220341	0.389976881927197	0.471554992601431	0.342707466420874	0.504827731825498
0.719102945709337	0.748009640404111	0.706407765424578	0.679832430757516	0.664568704452968	0.629610732930291	0.555436870676746	0.0764998893199522	0.396323405430205	0.244618003764668	0.133709878106289	0.181751136501458	0.187606119653026	0.677809749578731	0.442678675648509	1	0.224913080095252	0.355539015729554	0.661013172665685	0.36779257190841	0.49783445244552	0.183732982119188	0.253351355349058	0.485841697312027	0.27820156064378	0.341560433665975	0.43685793242229	0.509548013276357	0.491108465121562	0.406231558579448	0.676896461319813	0.593733120540662	0.373534702116914	0.26957084531745	0.686979225188215	0.577893748923695	0.434438781852746	0.354584561074388	0.433183518848193	0.261141204419511	0.504476278154983	0.352084294212761	0.535172579693973	0.120293090679876	0.414578981946351	0.157488342472214	0.425568583123274	0.413459212662324	0.497532080568067	0.467387386311383	0.509183653858779	0.712543058067397	0.778943429813383	0.683769267089771	0.615757724883911	0.743823077492145	0.543812952618355	0.554487431414308	0.590605129384797	0.525113265296647	0.340740861298716	0.373331083739041	0.261166354743252	0.290811240132876	0.678292599121246	0.781679150741451	0.765534284115571	0.608270019737554	0.73638214965164	0.61746732298016	0.531476053726757	0.307812452198513	0.307431279979323	0.344828583126784	0.478344566864844	0.308540907963165	0.32812889606935	0.60291000895553	0.510884845962356	0.591279442773611	0.540335353411537	0.479799686515457	0.503138964051771	0.365215863318536	0.478232366809832	0.434933938760319	0.404539899839452	0.761306804731701	0.602373119472013	0.432422589631193	0.512475834322859	0.298332938888862	0.198633671253573	0.396305904037209	0.388167353445128	0.476989402690972	0.517893161645656	0.568982408967819	0.60365725867655	0.667548672495163
0.0925565276491605	0.185355742332019	0.17414070470292	0.0972393123189737	0.100855448877154	0.119222489425894	0.205227572137351	0.418145363821319	0.195801758433311	0.058410300758411	0.0210599680972196	0.147772054462512	0.520477892044781	0.0542844818845069	-0.0943890506957713	0.224913080095251	1	0.669257849932095	0.188459514579408	0.343732693525699	0.510633553751763	0.144111714383051	0.138631013738697	0.294542503482369	0.266052913458258	0.334825531546562	0.251547006800048	0.150431723548941	0.218054508184766	0.381045482637324	0.561328730590067	0.486651642445547	0.128221124131129	0.103873654342415	0.387876275837422	0.219888888064542	0.234366422943479	0.545932002694039	0.0985129703912228	-0.0531804163621567	0.20955080808425	0.340402365571877	0.255692200553765	0.203973389064541	0.450627982408111	0.230150539749309	0.435545405697454	-0.0371833952247498	0.159408794426424	0.192177248478538	0.0456240308124558	0.0945364467278772	-0.0803179066201956	0.0777909894079343	0.0278838740154568	-0.0287041296434673	0.0163811875542578	0.181912022955647	0.209839117746716	0.0812674045391713	0.102069304045567	0.0683730278321989	0.150927757602987	-0.0157478859817249	0.411833619763806	0.141079937185976	0.345950247181266	0.281992374904311	0.113530455525318	0.233113318960666	0.231708103381263	0.254920287360997	-0.0464566967062819	0.230663369187081	0.467431201186958	0.280313224143001	0.287543259214946	0.129065680521563	0.0917438024339785	0.614926336395942	0.330520457665432	0.470535121138763	0.203399836293312	0.545569037295308	0.487724162259166	0.108063421362099	0.14794028508603	0.19198593059693	0.431299686158176	0.360551126814717	0.171227340757205	0.00415958030555573	0.210899523350445	0.230409426082502	0.398993898096459	0.0751356824156881	0.0778019167597622	0.119453660642731	0.151335756296007	0.274315429361536
0.109065930488284	0.198981408378511	0.180749077826814	0.0553275131909423	0.0685780785902428	0.127638854298064	0.0605519884609485	0.436359380425904	0.178146473887867	-0.0709298290481034	-0.0328424443166618	0.0237227430412401	0.439052022501104	0.131357374189681	-0.0950539923138408	0.355539015729554	0.669257849932095	1	0.336103281086984	0.267093466768904	0.293730619291095	-0.0428586829664403	-0.0126738530932445	0.154610444009008	0.222409704879082	0.252534749516565	0.1729813117267	0.205717352656385	0.309309313370788	0.367159165986964	0.742446161354546	0.589531894486652	0.101898054692019	0.157662838381643	0.269149509190018	0.171456586121061	0.0893837986590619	0.465207053149765	0.086678942201141	-0.113085597465256	0.142164324280345	0.230146927711392	0.209911561406877	0.0455556120681956	0.414816624394406	0.179058717004081	0.387308860599297	0.00846762359772181	0.262489902195373	0.106900545430326	0.132099894166338	0.186139710721399	0.0863042654890914	0.0768345808612678	0.0510870175703647	0.0551922204207914	-0.00123641389762923	0.171281297332254	0.316189405705363	0.113981127406249	-0.0787701808862125	-0.0312123998639791	-0.0694241144913363	0.0163929323565209	0.474700409640868	0.209215794887534	0.52494422977514	0.391458452944957	0.241095737195574	0.238887247718404	0.248452667389599	0.0923365416113822	-0.158334247108139	0.126163396832473	0.35469617280875	0.089805905475305	0.157198750933954	0.158741651750395	0.205429662972895	0.596747979510155	0.312683875852586	0.472733396169904	0.129262339390111	0.431036741658998	0.46882026473974	0.0058000515723002	0.00195427304992228	0.260702467639968	0.403077614743986	0.300160161818989	0.134265131442661	-0.0879373593131089	0.0298245022825942	0.245993591029943	0.267399429809128	0.0774697913685316	0.142789055939927	0.061348828867958	0.161011092165361	0.277983586626644
0.480969654737607	0.469892475839714	0.352500044632586	0.464455846026285	0.449812530727862	0.369008024976857	0.394023617322261	0.238478011542984	0.566745252010922	0.403187385121698	0.210146883530915	0.422552834941297	0.254239077117148	0.450693994070674	0.293800864703801	0.661013172665685	0.188459514579409	0.336103281086984	1	0.415829496832994	0.389640813391634	0.276199969133641	0.294829319174115	0.379443105937009	0.319063100650387	0.337915318041131	0.359790594835947	0.285794952616496	0.348477362737262	0.330799604342285	0.415684365712191	0.51335233086641	0.426794775505412	0.366214861190264	0.428605116938124	0.292384502084223	0.406869900791681	0.292029949292152	0.343668017282286	0.374239378474811	0.474149593984266	0.101377831866512	0.420173796073118	0.334821809872623	0.423700815440774	0.151404683065116	0.414833521470383	0.377833815703148	0.485814052334666	0.291151499939361	0.2607850593544	0.475883409191472	0.525631318055649	0.379725509912517	0.323583597314703	0.570732925542416	0.429633426863477	0.518055149290815	0.575343263534614	0.619666710158109	0.510666221963385	0.393618580363603	0.331468788377505	0.401628687907122	0.473200066643322	0.570303019314462	0.493898087766256	0.472875865399648	0.699076848136688	0.485718906954383	0.475662030262858	0.400270389739946	0.223402632244971	0.364758833775695	0.278615336211083	0.214384823061631	0.401505155861158	0.435983696098936	0.384341849482298	0.386076317780756	0.279126199593149	0.363622360506964	0.40392578156142	0.218645383111976	0.424825741212895	0.440081664009667	0.348638009313573	0.498510100022573	0.448986870393019	0.345757495375808	0.36573471129021	0.348889248519581	0.32307726672447	0.404295267021171	0.261570956765648	0.306680672139756	0.340901254673371	0.453788510671677	0.578068996758245	0.576242059969208
0.165535339163896	0.215032040434091	0.149147135621886	0.23462772145566	0.180251361350839	0.0770720924340643	0.230436422726523	0.470436888252993	0.369393853119892	0.238242197958614	0.198655712882144	0.370274815105051	0.371562391759406	0.221830655128025	0.0131707293772381	0.36779257190841	0.343732693525699	0.267093466768904	0.415829496832994	1	0.344984935059626	0.267104770181082	0.420459701079138	0.2514651327133	0.578328565283106	0.350302800634382	0.358466136690828	0.13903260727086	0.25495793939626	0.189329151128965	0.273697954840676	0.39162496005423	0.258971668480084	0.406866289351703	0.217372014791229	0.209468312157977	0.137191317533193	0.532921938568836	-0.0181339276425189	0.0778396147613503	0.440917939768352	0.145201758933922	0.130934330669594	0.201724222832251	0.495168943309861	0.0818341617276647	0.440640307749674	-0.000292761465158596	0.153294019453634	0.254628080953844	0.191741048982109	0.212109261706982	0.177180296438466	0.114528708670128	0.111833959066721	0.233903407752932	0.426829451471826	0.318581908512848	0.197677603975344	0.344960389126673	0.373184655827772	0.301238859845167	0.412040530002234	0.393489431239279	0.270665893537711	0.267881093419686	0.205593719800116	0.306452067677275	0.31046034397348	0.387644506804386	0.209855644650312	0.40619772942049	0.179230067042734	0.391677700076604	0.203747938955646	0.232447213308233	0.190679132964478	0.0971351988540885	0.0744405942037252	0.217598691220486	0.144974357860839	0.342053641110641	0.098422135078253	0.0710876290316697	0.332682950729748	0.159387022943945	0.275260366464203	0.174808559546726	0.289925739277567	0.269229064008518	0.0618842123804147	0.0442197257910206	0.180592178179417	0.358055335919349	0.354321450874071	0.131781462861882	0.11871470289339	0.216791821385255	0.3063742673248	0.337578010327945
0.493359812710903	0.496866452768481	0.392011506210856	0.465683067345832	0.414195137925876	0.405231564098288	0.383826122455716	0.219384746943184	0.462620472713424	0.330502351446843	0.212928490633629	0.272300445640159	0.3063970255681	0.411022646401635	0.248276827954238	0.49783445244552	0.510633553751764	0.293730619291095	0.389640813391634	0.344984935059626	1	0.269545946165532	0.298983047990988	0.500820811835414	0.370277591246278	0.413800225074369	0.434047790035347	0.314055527467968	0.304274848964867	0.277209687593575	0.400551798508279	0.551965546461211	0.219379760203627	0.310802059847558	0.452803678961733	0.375173104665412	0.33980934415292	0.292545750562555	0.360546652154308	0.282569240303441	0.501811392544233	0.390943322446718	0.614068485315414	0.408234609568515	0.563050266635824	0.227759576486592	0.476879891212138	0.235877656565003	0.18089696964412	0.479613329978253	0.190247390650636	0.461891873347987	0.392715414181799	0.373980596918073	0.33041015807152	0.438852024499962	0.310666503275031	0.473828615075525	0.483117273888567	0.437376223978028	0.321101702654522	0.394494030395917	0.30915303184322	0.0970131383681882	0.522545593637841	0.464484726513118	0.462470228899615	0.434573876472256	0.477328651670617	0.368929288026319	0.362139656525172	0.223646574986553	0.168513428122897	0.347727479626462	0.549367955979962	0.289918285142352	0.329791278821587	0.332055442298164	0.26522133106225	0.547111622310513	0.421242178500828	0.409118774432103	0.416695512111169	0.435124793696774	0.436088524066131	0.348474121335549	0.2705574819632	0.435877727667601	0.561694047507214	0.351562806512405	0.314351126885665	0.24437462167779	0.394169614781264	0.199367151469312	0.444095487654134	0.262484690354992	0.308769934505741	0.299135839247287	0.376934430856883	0.384563254719353
0.201392739563649	0.189034709814683	0.238804014367666	0.297607638294612	0.276543478120138	0.24460555502128	0.370040173278531	0.14093469298186	0.374934946669902	0.606419913696569	0.413818259941578	0.444372892520684	0.299314642555398	0.237277089222753	0.267810308293388	0.183732982119188	0.144111714383051	-0.0428586829664403	0.276199969133641	0.267104770181082	0.269545946165532	1	0.497496727246191	0.26361356640703	0.157137310804262	0.0872200254192978	0.311161047628566	0.144762986696748	0.119022188311586	0.178404753084652	-0.0319071444131923	0.213218545696709	0.266023521566067	0.245026604827189	0.258876905192886	0.0755319265166574	0.393102242879126	0.195519380922647	0.360537819973135	0.340953935095017	0.366693014599157	0.118877219904819	0.247265565864151	0.320535231255305	0.135877982068822	0.220202748851572	0.24268813019872	0.235156294362556	0.318279886913534	0.330371837493414	0.165794964030031	0.267081343661453	0.231193008559632	0.292975624865678	0.202584578609946	0.267604007237364	0.237010644950029	0.29793655767419	0.245320298212314	0.330654224706139	0.445335956643278	0.345760339362553	0.255391078867825	0.276502206800396	0.198791217209836	0.28251333500951	0.147326092769501	0.189442258021486	0.215138449548614	0.210515530013729	0.336526448499258	0.30791502507933	0.256346248235883	0.262847965421305	0.228256561350451	0.179463010453053	0.438325238137002	0.245967177849223	0.319882721060399	0.193682760930031	0.369518048370071	0.317314749497193	0.31379545089801	0.234943017601575	0.307149741139356	0.402780178722713	0.337711513380846	0.189980594078994	0.311821724150935	0.329304004776735	0.390085553361667	0.345155278922761	0.504680345469569	0.381931121837479	0.270844208259166	0.143033372057704	0.276409547559242	0.394324263820421	0.425038583177665	0.37791213419537
