1	0.694297227105778	0.570918770455462	0.608969760032596	0.532350754458256	0.367120613206545	0.419007064224868	0.15281832823426	0.157170605124399	0.468245998793779	0.164494439459465	0.327047984799015	0.271372203884798	0.407900041249648	0.235591940125106	0.115054445251663	0.157931098610658	0.0376083202789842	0.105067399734002	-0.0319392523829694	0.26305021379948	0.212357909045917	0.145603957575287	0.0886803713284633	0.207993594886266	0.0387979223344264	0.236823292684639	0.286585124525353	0.0567891812232352	0.148946160828781	0.0237026623544276	-0.0279253067730696	0.309779455392182	0.214058187645866	0.198376681056345	0.00953109919546053	0.161218440485609	-0.0808379487539795	0.159614255892517	0.261549079580377	0.233887930823317	0.135657364323418	0.0490326686931708	0.112974895389258	-0.0104620400956945	0.0744796576352327	0.132872334442067	0.221889756338739	0.303168669943206	0.249575153869646	0.457202475793793	0.367095104954665	0.426790621235269	0.466829748712803	0.403669011929839	0.536788678023117	0.295866497683585	0.255510117388745	0.172556477966544	0.261057181714184	0.313762598844713	0.332966657757593	0.277498590731383	0.148733304579483	0.0974961285385748	0.25310890387233	0.0400288646307636	0.169879861169262	0.147860988920612	0.281158268965786	0.313148536570559	0.247200597593096	0.0988173840699029	0.238740696761107	0.142926122042905	0.157760574596164	0.118109573753656	0.289523863058483	0.0208043171044158	-0.0787760881561699	0.0760403540209559	0.275906092099959	0.24140444605328	0.0823994106260931	0.253290450097765	0.196816264837482	0.0586192958205293	0.303900060491555	0.176980766697292	0.192649105886562	0.13640610087655	0.24602061553775	0.204401417335038	0.0706828532655586	0.0893865618532299	0.351148669395577	0.265977795277413	0.214869489026358	0.0987266499659926	0.122083805792628
0.694297227105778	1	0.731486229179082	0.764385579581725	0.534574727423881	0.390287505735278	0.518343425501163	0.433509297572087	0.356746065864944	0.358368882800382	0.0999748371182463	0.31414362850198	0.384958809038874	0.479510384112346	0.389833609156613	0.283626847226397	0.259749202695453	0.292343776669741	0.210041533418963	0.226840110291681	0.18569032266082	0.151693601189158	0.0871128185700452	0.209365170243158	0.419805246204243	0.0574391287386743	0.28501982162283	0.242290027909751	0.185327502048718	0.196708912566881	0.234575573925205	0.130466167175453	0.3262425216875	0.19303702561173	0.212183485480475	0.184207117110103	0.140968704837845	0.0300321934589789	0.21431020515433	0.228231491227872	0.276635304867959	0.204128142385178	0.173150572914401	0.177908174717819	0.172290135130854	0.0932218130095543	0.161309458292813	0.246296710013347	0.413396482182181	0.322737781582635	0.67838859633438	0.595843978180866	0.543429262388189	0.490603546690376	0.467350633065921	0.68882570705838	0.37768683911621	0.368153484851616	0.29157782502285	0.477094355763865	0.285880482007155	0.367644447121295	0.287373229637336	0.215432871426808	0.360536903643941	0.327574589767937	0.251542498414234	0.286908657182659	0.327305820536182	0.393970566641613	0.345141966354476	0.258315296402568	0.168207623569108	0.39040740789412	0.265703552104094	0.203348887906459	0.207379941066737	0.293207540723227	0.236789710067551	0.0966726442608839	0.324699123047216	0.274511240281807	0.427743955441339	0.210473812900112	0.41707033688764	0.147158917564284	0.0556968400064376	0.376332349781462	0.313817444685213	0.222298072023413	0.16582026303289	0.248688178355247	0.248445303620995	0.182869227054045	0.162502877725512	0.295273591467559	0.421518201963039	0.344137307692317	0.317346286075125	0.410871364508406
0.570918770455462	0.731486229179082	1	0.723596137222845	0.561192302401898	0.612732378814985	0.765722715064984	0.346985286234355	0.455644846051116	0.331321570104649	0.18041987527113	0.285852844286377	0.375653792184444	0.356047327458749	0.326733447559879	0.261991552943241	0.233930391412744	0.243371597600215	0.210993986623448	0.214551374239062	0.301173688824178	0.223965438196376	0.220193574027346	0.355287380357308	0.443853046709118	0.197584912497052	0.413510951586576	0.343327168654429	0.252583007693644	0.368424754098602	0.242639200298098	0.125298294492512	0.350112560767755	0.224257787411904	0.449883900249238	0.319458540423964	0.252423198838106	-0.00827028305247268	0.295451862052806	0.395573753916127	0.415252771893878	0.214199793364713	0.21033187873014	0.275742105968094	0.128487808578078	0.164440836139363	0.268875182750039	0.271928188210279	0.398931778862214	0.319267311882741	0.554040139050536	0.612486386877877	0.485958912714981	0.740436978540286	0.574274674892334	0.766771101891614	0.293355840222102	0.380451186025623	0.225905953185479	0.501143907666053	0.275440640469297	0.316758849000342	0.35653988627793	0.19284783959506	0.343441366093023	0.239323443386596	0.182164148313185	0.337094912522956	0.344510424119673	0.364782461161938	0.27992196355779	0.332648273061182	0.215146034949452	0.375631830409456	0.297671874222265	0.225526592317156	0.280918685824623	0.344949610296138	0.298028320441703	0.0734387311663164	0.242081146857105	0.222934313014112	0.371275998040738	0.252128257390956	0.260393158099242	0.233000215646	0.114026033266421	0.499435593663601	0.229314298927665	0.217372077283166	0.242473859170224	0.411331978558331	0.349997590536326	0.289956906763321	0.221445704246152	0.39159389670887	0.350031634172952	0.410567498273316	0.283790126329913	0.237745193982846
0.608969760032596	0.764385579581725	0.723596137222845	1	0.656365006257338	0.665387796710041	0.744607192334287	0.378063880533418	0.453572561442183	0.558000312116167	0.286135628616586	0.509807311462065	0.514774983728363	0.413956690313554	0.616301577552515	0.37241855709208	0.355665648090858	0.265399978101657	0.178201742246653	0.281160660932821	0.494191129443503	0.338622017959776	0.383723058431484	0.458213143051704	0.537611966247486	0.222775447637206	0.497106689080987	0.264453778872329	0.206369103505878	0.170949257565889	0.292323080078576	0.265123077258219	0.564286724598142	0.332145265987146	0.407195921198978	0.278217161435543	0.35384705829152	0.13421005582174	0.340067648256577	0.354321303577582	0.337459789496733	0.257276145190944	0.27389560972194	0.355276485398067	0.232728781749915	0.267502593538213	0.357476123901572	0.403132166714211	0.464613059986987	0.474109896698391	0.611550071561262	0.541048453344754	0.66858401189429	0.654738164484303	0.671482979561702	0.825219307778477	0.383868539499775	0.450441243529289	0.277378122194192	0.537208420364301	0.436177811901993	0.608643759755218	0.466840692110969	0.340478434386881	0.315539636796659	0.407977385595949	0.362187781448337	0.478947927519341	0.395085029383649	0.483504095850462	0.508850726102673	0.546946147257666	0.366333187796275	0.483473705247688	0.492886041892683	0.339508485853408	0.366340030852085	0.305242627060806	0.211471398572842	0.217237863027543	0.433443145126654	0.406203777021132	0.397121382560965	0.298187027947501	0.405991739580375	0.295198619597414	0.184225974656192	0.620068376260326	0.414229174076809	0.383724215886976	0.288760984818973	0.360652280926634	0.455809353934478	0.363291694396175	0.400162673081385	0.48808027217959	0.27420992664189	0.326779163518041	0.289317478906847	0.397788469978326
0.532350754458256	0.534574727423881	0.561192302401898	0.656365006257338	1	0.709278810158258	0.600877292269449	0.40726958726147	0.45658232301924	0.429038347854806	0.301662501273383	0.469457123671925	0.510735466812678	0.419695665201441	0.406758363579556	0.279590318940872	0.371272103922134	0.272359016900604	0.163746067591657	0.344768005236417	0.430071443902872	0.340032547879976	0.206699743966508	0.337278101775229	0.431895130275637	0.155249281687098	0.394234021246122	0.157056486786502	0.155284379918622	0.0610556931850243	0.210720408146792	0.0670819760988314	0.446552960171416	0.24972922026586	0.396135720024574	0.243768770990081	0.258649285631087	0.134245018140267	0.27400846130254	0.30135993871732	0.327293666827559	0.0741006038022821	0.181858128865477	0.155519967901105	0.135973279846319	0.272318006206212	0.249577470740065	0.418201505188063	0.549225159000064	0.283055735688802	0.617126067450292	0.450390472754392	0.428748739660972	0.564292537974818	0.674808079210678	0.463409721258626	0.364580292603769	0.378891945456243	0.264867875688137	0.447142546503843	0.24990116651203	0.40016033497425	0.296664640574677	0.162843457752024	0.269409511215276	0.271716409369929	0.209339056668103	0.382046922968696	0.297282155843732	0.407312845657656	0.34931843905612	0.296466209976577	0.256583109610689	0.328400010168062	0.275850595552905	0.282511459174017	0.291895162176256	0.270884355074963	0.20434001404245	0.0789471399684981	0.170140461724002	0.208655426835159	0.253227912653716	0.192497579267308	0.186016345404913	0.141279713172965	0.100085297538117	0.459087715187169	0.249889403369939	0.222289946003844	0.226894319347913	0.324705611278702	0.201399325151063	0.248372133448644	0.111753735591556	0.399303753616447	0.20422594414049	0.302680115839548	0.149569586216335	0.215613585336411
0.367120613206545	0.390287505735278	0.612732378814985	0.665387796710041	0.709278810158258	1	0.773239494426586	0.360364240827785	0.445601113208673	0.468927889649352	0.359491388177243	0.538197307976891	0.598745280430903	0.348793371642571	0.582798616539732	0.321511140116728	0.419110157584113	0.235254498116032	0.153655336517275	0.3549946806144	0.580468657240633	0.382286127936605	0.429588351900074	0.517935639216219	0.494367479603531	0.34095551693711	0.587560114735894	0.17509540578248	0.0912948567614732	0.193900444578032	0.210360882181392	0.143000677733306	0.51891219105567	0.338520394562527	0.501675421567705	0.316209440876188	0.480772327873944	0.185882473598053	0.460114880821122	0.458085608678484	0.370379732193076	0.174629043252082	0.330083587098431	0.334067148916486	0.146301709962827	0.315087469796309	0.392706792799386	0.620824727900298	0.443000387739632	0.469453781408644	0.447889032101451	0.472375517917303	0.57042495951012	0.782103197667783	0.772465508905599	0.627791092598649	0.420769333543169	0.47350361998305	0.290674135923461	0.492333708808591	0.330290340084167	0.526080128220315	0.485814501328038	0.36402857145198	0.222399489601231	0.459332040729199	0.3715731395096	0.547356678445366	0.364234862734751	0.425611528723501	0.437500828755377	0.481411753505844	0.381865598382676	0.490076880537879	0.458928956549309	0.398085744600737	0.499706620295741	0.214398632128588	0.0949076800554975	0.249080955558362	0.234088751023927	0.280755343097299	0.252424471776566	0.393069101852576	0.28040604149546	0.371336690898457	0.348841003926718	0.696965504923515	0.378145030668523	0.353915036819627	0.450133820828371	0.442050316237603	0.435637352811452	0.315727595326488	0.295884967579994	0.68654890349626	0.126062876725854	0.193335252169518	0.128440265208682	0.190987148721574
0.419007064224868	0.518343425501163	0.765722715064984	0.744607192334287	0.600877292269449	0.773239494426586	1	0.37643376428301	0.463493824348722	0.467991204618028	0.310816341217778	0.478515415286272	0.494734221757459	0.361830426282704	0.466203972164648	0.3850428620104	0.41080483114566	0.297872331261538	0.201810162956175	0.31597770482833	0.579183791356877	0.325520008750739	0.413669852742577	0.522147541658978	0.478275177852328	0.324999558797872	0.55418519587099	0.307716071931935	0.219130548405076	0.353672594395434	0.33431794591977	0.254617359963621	0.487176076013029	0.327448718809041	0.705136751211018	0.485415015590994	0.49462526400555	0.119678953660401	0.52772340880512	0.492651768672288	0.454301631752372	0.321279123986989	0.371229459451657	0.4602111550142	0.169086107193009	0.366165350033709	0.402331371748538	0.48726716878076	0.383497154831077	0.489620050916267	0.476892689746679	0.597081163820487	0.441884829911349	0.71434324008356	0.627596015896098	0.775017382396777	0.316886008172404	0.396435519925518	0.220531004603255	0.478262446467616	0.341489338466244	0.462204213218237	0.422851520691638	0.332302643978877	0.344875807624681	0.341404197605312	0.314787074561598	0.47988344412178	0.40893555704379	0.363260221034383	0.460617594960091	0.480010189931299	0.331036800443954	0.457302192814784	0.392601964728788	0.335909217197379	0.442436020531223	0.291295352181759	0.104712746829232	0.205383845642761	0.316808442225181	0.282319782725552	0.339498491188788	0.380078922949431	0.269730018479757	0.297106035245091	0.318504937095331	0.719283450350685	0.441845963789479	0.336246429960483	0.455429827388339	0.504691585872076	0.478015701408475	0.364203603167283	0.3214059943013	0.583987663387876	0.268956314141492	0.309431469270603	0.232125575660357	0.197786889218071
0.15281832823426	0.433509297572087	0.346985286234355	0.378063880533418	0.40726958726147	0.360364240827785	0.37643376428301	1	0.74190347184148	0.237559224060171	0.110782844630072	0.335911563116185	0.496318199371715	0.26207672352045	0.228494335779177	0.513894022689077	0.546590761407802	0.640218825436633	0.646214389757246	0.760570420554946	0.075064304221791	-0.0409294295627435	-0.00796737449048325	0.361023271998648	0.635087030693341	0.254953857463086	0.298883674746927	-0.148394781176021	0.102148197865081	0.0880461284662406	0.390149941500025	0.189135389105739	0.339740594954403	0.214264684741777	0.279574785601045	0.489233094255887	0.075537654223326	0.462257468344227	0.120805556971811	-0.0348788900960216	0.0254934247796343	0.035458185537307	0.0704363282699266	0.0383185398889902	0.488772338819814	0.110838068170836	0.0586986641409767	0.130672704787798	0.194839469809843	0.226532664480463	0.358610515218258	0.410814359447836	0.305409179819875	0.352486881030292	0.359171003410273	0.318782756191294	0.57834299066305	0.677320955014772	0.546548394475446	0.601598545639421	0.116063124399594	0.177376185191401	0.264454731702634	0.470483984929682	0.238442183230366	0.212528810971283	0.469414316088752	0.623183535391403	0.65626860751177	0.582731167151864	0.411494219851272	0.0816459630162013	0.344563321122889	0.490885661471006	0.403529364622789	0.111998251564573	0.323469611714935	-0.151135907978285	0.112387555738409	0.440089234403403	0.123594342818058	0.267648506957142	0.107156314986549	0.0177302545148076	0.326264994354106	-0.0135135416067772	-0.000189980745231642	0.34842946963375	0.215595775965339	0.484291778104858	0.0508403984454317	-0.0441050935261453	0.00405135794244021	-0.00451977550722378	0.0211798733854611	0.184712921957355	0.195866894617875	0.123313032770324	-0.0576725769521726	0.194698723876872
0.157170605124399	0.356746065864944	0.455644846051116	0.453572561442183	0.45658232301924	0.445601113208673	0.463493824348722	0.74190347184148	1	0.363717586681805	0.2930002787007	0.369835491238742	0.38880029411737	0.24735720267344	0.368334097648504	0.43069802472512	0.449886892578756	0.548167285896888	0.547609632713496	0.730858258282638	0.270914875419011	0.091461494887908	0.142902541293549	0.486056738737865	0.706430025403111	0.363211772375188	0.316249636921141	-0.0876600539455522	0.0643259600829012	0.185768185961787	0.349066348285697	0.208867306232339	0.447949670314577	0.253906417193033	0.343443728389759	0.464051513716876	0.183331556513159	0.364862042573668	0.141914435553013	0.11426984740823	0.129444265373996	0.0905249345635208	0.227717855367206	0.147245919577214	0.418627857560664	0.0764665260158167	0.167018428271551	0.149434958443094	0.271916082384922	0.276802994830146	0.32776557784961	0.360301423989092	0.406371939453972	0.426087164045385	0.40381448592384	0.453683408815971	0.478666457192851	0.676405736186234	0.596549695888133	0.80278057088201	0.213247571600963	0.377412793984263	0.411214552990627	0.480533474389274	0.305497656843653	0.274021750846517	0.46672534542425	0.671031256727442	0.675394568546061	0.673289151014928	0.455045503759079	0.248851872522157	0.459766352082577	0.542935244841644	0.478978138143124	0.249444679736444	0.312476528496312	-0.153623853755797	0.195295453140048	0.470889574814121	0.231090571254005	0.285133872279281	0.196774415018522	0.125847863761107	0.21433940605052	0.0736103334467015	0.127018319044354	0.42889222986419	0.206539174632151	0.502428351166661	0.105256992467465	0.0679624948392538	0.171291698903827	0.0760114930087754	0.178184482327393	0.274015868103377	0.256425420097249	0.257850491187506	0.017172797971239	0.145200416486266
0.468245998793779	0.358368882800382	0.331321570104649	0.558000312116167	0.429038347854806	0.468927889649352	0.467991204618028	0.237559224060171	0.363717586681805	1	0.557953876822726	0.762181151845135	0.493406359211283	0.373777260965758	0.535997010682153	0.301347940554516	0.335599260872317	0.102702267662904	0.190887949249498	0.180395515865621	0.517249500663801	0.421725585194036	0.426270156881475	0.260684771468339	0.448442606126839	0.329472792138672	0.414148910114089	0.167793460671359	0.054710697982648	0.27443643692004	0.138000386758059	0.22711334402365	0.548932020808357	0.446385610240729	0.313677676431261	0.183064915192968	0.194359649836727	0.154052946913257	0.187695701933091	0.222559689135805	0.364135711335767	0.247064492261464	0.18733215423573	0.231916480679364	0.180100267950707	0.0951279396988935	0.27291020978924	0.322670979440818	0.348936010750803	0.456973540716918	0.527663640611896	0.307367313682247	0.480252507993892	0.423831414902017	0.45512591322781	0.518594821487169	0.354406534552403	0.391790608106843	0.320649325855683	0.386874838167809	0.470442669881233	0.614803501631289	0.527750128783167	0.437843157840716	0.317178376704736	0.321026844737064	0.339692309689719	0.392927171111777	0.402856656677264	0.433853299183598	0.556084607238467	0.407318889736733	0.148569647202049	0.333571654453248	0.318425453043318	0.295595108185438	0.322337995607656	0.0483960838564101	-0.0590451614217184	0.0862473484513103	0.311477843294006	0.410757019038902	0.333195709334963	0.122566958641692	0.297285976391287	0.271328076366016	0.00570400683059191	0.454037837544831	0.33754545300247	0.334160161932233	0.107626500126338	0.192817250218516	0.30038336721301	0.123097311824303	0.203535890515356	0.402409241310766	0.228633692613189	0.343130185033226	0.121054383898792	0.246049322301541
0.164494439459465	0.0999748371182463	0.18041987527113	0.286135628616586	0.301662501273383	0.359491388177243	0.310816341217778	0.110782844630072	0.2930002787007	0.557953876822726	1	0.649335347972543	0.460359972560114	0.217114776552508	0.436232542115196	0.215530103452775	0.156283670500361	0.0655391818595521	0.0359432152473604	0.0441864688116145	0.466406589143239	0.256014068069901	0.432862983054768	0.19548954709082	0.234324895631944	0.116445415006721	0.15611593406983	0.0164232754973869	0.0414641168330102	0.184361568312648	0.0822413639107258	0.053567790626315	0.445967716760985	0.182051476440858	0.265225204300503	0.162007862217371	0.101001822527593	-0.0818221349962548	0.176705349552386	0.178925338545411	0.209741440791305	0.11020675099306	0.263626960403851	0.0451942866903166	0.0206876092772433	0.121585791324026	0.252898980724834	0.324153483140914	0.316810238415671	0.312745169034269	0.250672072823749	0.103006638294147	0.286892341687819	0.2982267964325	0.340958628184641	0.306266572829729	0.400617433640388	0.237438745539384	0.0323959432144951	0.264465178153689	0.218788405172004	0.451769255901804	0.349669521343753	0.297758412611594	-0.0212910221878046	0.193696789408459	0.129992561534523	0.210960252327109	0.0237474908996828	0.269932039556271	0.19663025071684	0.183207751311378	0.0750325243329565	0.121404584631719	0.177748552541527	0.180202409629346	-0.0346120451145931	0.0139830878612039	-0.0584627056496517	-0.0238932126182331	0.301879551884325	0.29062208798549	0.13844128542677	0.118118105603247	0.122816011863583	-0.0008137964727293	0.0170891464573042	0.298509426317269	0.11487561302471	0.155303715299074	0.162243119770238	0.129006279998565	0.158770810417119	-0.00408994768118737	0.0957316413081287	0.348270324926403	0.134352192739327	0.14714324980493	0.0239461264601416	0.0542379161316579
0.327047984799015	0.31414362850198	0.285852844286377	0.509807311462065	0.469457123671925	0.538197307976891	0.478515415286272	0.335911563116185	0.369835491238742	0.762181151845135	0.649335347972543	1	0.66717409704145	0.345063821151333	0.535142014965742	0.365843688801089	0.40659913292793	0.151484756736303	0.175230993408406	0.226293534361798	0.535217872197612	0.389577359907921	0.520049487609674	0.249511018084834	0.50412621676574	0.200237870656177	0.412490649545967	0.0508686812164224	0.0835481940054987	0.111113374253742	0.179530543491459	0.192195189548176	0.650291833068651	0.37493507838431	0.256726621845094	0.189367204184402	0.156731132299267	0.113664219724407	0.181923002871669	0.17586792129014	0.177666628993594	0.0741736961541981	0.228666034573289	0.195337342624587	0.198548047223203	0.25001336738549	0.292342022022499	0.363832013889546	0.346661936604061	0.389387690123514	0.446459766048749	0.286438333782264	0.473201476979236	0.437515781476347	0.501012615425862	0.445412911695908	0.476634210300125	0.358699087374259	0.18226748094817	0.381179335577889	0.293859958841397	0.489493828556032	0.535168237144309	0.491841059491791	0.247522741747642	0.383007898540302	0.357018676539342	0.413798626314695	0.361372927636085	0.431210970759956	0.482227549673349	0.363541669428342	0.164319566779412	0.431876763227545	0.3688060879434	0.250355551702959	0.325654938981356	0.00127355300231496	0.00214018903415329	0.0882009658753341	0.384015381131105	0.480013835614813	0.215422209244315	0.162957938456053	0.292672470817401	0.140208101416809	0.00144137470374607	0.426206954361685	0.334710259592217	0.324890045044071	0.144795637684491	0.177822022522924	0.318431462857875	0.0840977390987162	0.233155536746689	0.470005225947936	0.173958077507424	0.215086830817065	0.0328680272692285	0.336577883320696
0.271372203884798	0.384958809038874	0.375653792184444	0.514774983728363	0.510735466812678	0.598745280430903	0.494734221757459	0.496318199371715	0.38880029411737	0.493406359211283	0.460359972560114	0.66717409704145	1	0.386286607280498	0.449423067167182	0.507749599717785	0.568063399737338	0.417576592443043	0.292626384669031	0.301362551934547	0.542955658804119	0.196435112344285	0.310667944296133	0.377332012772111	0.456165051390811	0.233161644964943	0.47536554521565	0.0933639403888631	0.0693638226080959	0.154627301270416	0.440688257345522	0.289731588745009	0.710399730150815	0.295379079114026	0.345548716190839	0.307372293840268	0.252855427910281	0.196869035254757	0.248359759707214	0.181438341113924	0.094514613058181	0.0655286922929358	0.299068134743048	0.190428983140615	0.35840949073317	0.239211825763079	0.309842371208079	0.422086261925468	0.392178933512503	0.462070584004558	0.370232148946259	0.295708240434884	0.477618538157024	0.493422536933449	0.570058727459696	0.497560515548414	0.638391681701855	0.479572510390575	0.313690050297049	0.461703697761265	0.256555494407377	0.357703925656611	0.379362927483096	0.580682103840222	0.150074443607256	0.35662573326346	0.458000188027736	0.562304679015698	0.311841302053772	0.466852254567995	0.40964816875864	0.300279112888434	0.313941345078184	0.456878331226851	0.463815295296354	0.295633838230546	0.406951907939116	0.143859472621065	-0.0131853436179756	0.264053857252931	0.29660401280466	0.44229845175998	0.147956535704933	0.234236905232564	0.41743528469524	0.187742970553151	0.0715142615771264	0.479838915922738	0.343719356591582	0.385086674250388	0.166454743847691	0.173876665915866	0.307017084206652	0.154958792492467	0.205313915325608	0.397969237279305	-0.0322833575135861	0.0675194986291696	0.0688792835786656	0.288124420074278
0.407900041249648	0.479510384112346	0.356047327458749	0.413956690313554	0.419695665201441	0.348793371642571	0.361830426282704	0.26207672352045	0.24735720267344	0.373777260965758	0.217114776552509	0.345063821151333	0.386286607280498	1	0.40196442230753	0.417079827751779	0.277348613384424	0.134290405549693	0.298574516683816	0.242190780565481	0.359863341227643	0.247019673719385	0.135075894756157	0.188572467504014	0.385601023767109	0.249893787432408	0.436137475375307	0.357626358995439	0.228414691151619	0.396545375090193	0.220489359681307	0.245809642147032	0.290785618850673	0.163359801723087	0.330559862481004	0.330460923677455	0.138415805466655	0.112402639432236	0.255821074772845	0.266505788190762	0.303920803123233	0.445401180309549	0.271917386977605	0.333870366987439	0.304986472945067	0.293854340497975	0.240063147715999	0.291651388114321	0.470122527281364	0.552122298640606	0.484637307003266	0.356227708018973	0.440737343518089	0.355901852560947	0.306995882180211	0.270282974240497	0.348499272282964	0.358191433481173	0.342440421611905	0.374048015615151	0.0878246103612615	0.188611935593615	0.0856097401554127	0.290583185163581	0.528872239942118	0.593251288092511	0.40363234215044	0.248930458420993	0.283785675415396	0.345989444710421	0.163264631845003	0.21582090283012	0.0710540424561973	0.243338306992935	0.316473789728476	0.165810352192499	0.310795760548203	0.311473188681341	0.0489119390027381	0.149580047587291	0.312375320979404	0.352438663050651	0.347680936646839	0.19155513456431	0.46930103587916	0.0909672396446741	0.10813645158443	0.284755847072913	0.433939224357757	0.241556502802433	0.205397386857278	0.233204619698241	0.369029284679864	0.282191741892919	0.228438390713825	0.219072883127853	0.254965511411726	0.257929545027934	0.417624268726959	0.534522807310205
0.235591940125106	0.389833609156613	0.326733447559879	0.616301577552515	0.406758363579556	0.582798616539732	0.466203972164648	0.228494335779177	0.368334097648504	0.535997010682153	0.436232542115196	0.535142014965742	0.449423067167182	0.40196442230753	1	0.389223149145653	0.358103225563515	0.252380375083101	0.200601853768232	0.368594436382625	0.539122756015269	0.418119596826955	0.393137228801411	0.418107794564004	0.514512255235543	0.285851557937487	0.467214270544468	0.129421326644289	0.131474062602541	0.18826442301131	0.294939942935434	0.206546413750647	0.535126969329041	0.288869522266678	0.298312606822471	0.279780897939236	0.274201537514504	0.254926252773859	0.297011051791178	0.291910211426104	0.231093689628355	0.248388960064665	0.436290186834982	0.35196039182062	0.242397809791901	0.212928764016139	0.436668716941349	0.38983944771431	0.312423435025468	0.614072071506941	0.414223341537084	0.336290234094144	0.552715039633295	0.466882972709246	0.557321237940194	0.494656061479621	0.379661915165101	0.374858483582826	0.298166771583752	0.37342958790808	0.317364991685079	0.526537861623373	0.321976342744626	0.319395109051542	0.279621215400956	0.493186433617776	0.491992535730507	0.507507677692801	0.278444766840435	0.382515970737918	0.313305314433758	0.491051117579527	0.291631057615029	0.408515578313852	0.52107947696288	0.279597501767727	0.423737171933768	0.119713235429095	0.183708510908211	0.379107988277653	0.423601651581192	0.340263886581941	0.432540077252868	0.376262919762312	0.386352805536813	0.248671201501558	0.137699770894262	0.530899274609433	0.44430500522932	0.415468683866554	0.281074296922931	0.249520446626582	0.385631979815354	0.302443386398954	0.466520408689533	0.49714877677939	0.189321471097336	0.298263004798889	0.333679273124147	0.38032637846732
0.115054445251663	0.283626847226397	0.261991552943241	0.37241855709208	0.279590318940872	0.321511140116728	0.3850428620104	0.513894022689077	0.43069802472512	0.301347940554516	0.215530103452775	0.365843688801089	0.507749599717785	0.417079827751779	0.389223149145653	1	0.726069883424806	0.634608145884433	0.672569725529781	0.446809916111775	0.490308981628096	0.0124799087050322	0.13785266261615	0.522670917135274	0.403013041461318	0.475466850679827	0.519164556254783	-0.035900016350027	0.10652990096424	0.336185421433886	0.85232408013423	0.651787774900247	0.548336243225438	0.495975195822822	0.577163482114335	0.748429560843447	0.222662366676396	0.535965433092552	0.360970552613544	0.0640874238312007	0.00315111734115349	0.263125051737621	0.437492037042144	0.448548474191692	0.714695634013466	0.339020391700095	0.403243539347037	0.190267201354787	0.111017340043837	0.483526844149629	0.254333356509456	0.184620210332496	0.350702309974737	0.28796715872223	0.250774617344979	0.345002306116012	0.368839903486435	0.441530560039571	0.511507602001461	0.417887505329731	0.06429132456865	0.24513751009014	0.0879362242051558	0.427804316668492	0.229812825040283	0.380203321016277	0.75020953867632	0.569412838310791	0.568067829582603	0.349423393621784	0.258364165320772	0.271961966151426	0.248850341777959	0.368039946327822	0.536926230430922	0.250338278025035	0.465232975577735	0.0882322126142123	0.0969375788647415	0.569349590399753	0.395160986845669	0.486965371567079	0.203171566145445	0.163985896613776	0.561597560593577	0.229816698536737	0.103576376756036	0.500595115932209	0.413036584431595	0.491754515331892	0.152466385980207	-0.0133021366258743	0.363004685246235	0.224566838678038	0.420328896734888	0.100955844645407	-0.000343143791565155	0.126299604607939	0.214441992640431	0.31825809161353
0.157931098610658	0.259749202695453	0.233930391412744	0.355665648090858	0.371272103922134	0.419110157584113	0.41080483114566	0.546590761407802	0.449886892578756	0.335599260872317	0.156283670500361	0.40659913292793	0.568063399737338	0.277348613384424	0.358103225563515	0.726069883424806	1	0.760877016140828	0.593805808120108	0.465349515953946	0.560486390195413	0.0493332312230788	0.147397911510523	0.484397188254756	0.417817080083651	0.41252307679883	0.483785463364847	-0.086570797646233	-0.0250080055255513	0.189744557626303	0.719132744577674	0.522634945886995	0.506802363556971	0.413007253510229	0.399711380396523	0.58303620260449	0.283141120804344	0.583713451642443	0.248042482233259	-0.0177146076462794	-0.0236201118632165	0.133038393039905	0.381333081191209	0.362400533233185	0.588861027367131	0.274196107636333	0.346277250752705	0.192728890378846	0.132379905062448	0.465001987496153	0.220731253443962	0.183362171202947	0.24145960802225	0.306008956378958	0.334967410635562	0.325423487364771	0.278783138396152	0.457913837479285	0.492349755852813	0.364175264001551	0.205418778261734	0.20536033632728	0.212766266251967	0.364909633973027	0.170139029146309	0.286032789737193	0.61083895454445	0.662750659700129	0.493693412018588	0.30847719860753	0.423963568806042	0.284217880062449	0.373875801892344	0.386765071016753	0.573022802523825	0.28146629530751	0.38280979995853	0.0273336821468122	0.0203564340428364	0.605935846803554	0.268527232483402	0.339742552725559	0.109520937648148	0.213978683771617	0.427882944438421	0.194477846239749	0.185567591428443	0.437366349459435	0.447020613739722	0.508069524937362	0.0996257172587325	-0.0421635456018828	0.305839505679898	0.184528303422028	0.325648935730572	0.16042324771412	-0.0988093240545866	0.0956000590265239	0.0459547314459337	0.200393507536466
0.0376083202789842	0.29234377666974	0.243371597600215	0.265399978101657	0.272359016900604	0.235254498116032	0.297872331261538	0.640218825436633	0.548167285896888	0.102702267662904	0.0655391818595521	0.151484756736303	0.417576592443043	0.134290405549693	0.252380375083101	0.634608145884433	0.760877016140828	1	0.636317992030601	0.612143329029524	0.222678018292068	-0.0624770886199615	0.0334494632972983	0.505044539153217	0.423883210605412	0.433153914226597	0.380016824112696	-0.262806281705993	-0.098337427733972	0.0810375925782013	0.715585815550226	0.40244567328368	0.375735824824399	0.257507969168666	0.296926038570843	0.567589357295946	0.161983156252638	0.560117130806537	0.114223855173589	-0.150721263666637	-0.0568380891024717	0.0904375181667466	0.257490151554705	0.23997772494249	0.63774992446231	0.112297409938448	0.198313149076948	0.018501298635074	-0.0241028875584241	0.326420143278393	0.110434826757386	0.218710947086059	0.200535778154084	0.218076085367363	0.308779080334711	0.295579327055488	0.305720412027094	0.437408363687365	0.534548249866689	0.391910992071884	0.0548806990710095	0.111045966603203	0.155466779506039	0.348033085576397	0.165373449204477	0.202965143219874	0.611208563050237	0.673625516385338	0.557147163256285	0.345281680712669	0.313023033504542	0.172431820196394	0.404323788911497	0.412660573723942	0.494460761919399	0.161946335657357	0.297693517579621	-0.0935364239991224	0.0691277323592147	0.69221997253292	0.147218027064297	0.181095436594052	0.0428693380852591	0.0959999504416559	0.406244417683497	0.0533786575048323	0.132663029903564	0.390758260676728	0.257100514010031	0.546342845666411	0.0385576827122129	-0.149823707014962	0.166822246153134	0.102530474278574	0.211646217523805	0.0823708945606682	-0.0405237676715709	0.0335100825378244	0.0473201577647091	0.218215916948721
0.105067399734002	0.210041533418963	0.210993986623448	0.178201742246653	0.163746067591657	0.153655336517275	0.201810162956175	0.646214389757246	0.547609632713496	0.190887949249498	0.0359432152473604	0.175230993408406	0.292626384669031	0.298574516683816	0.200601853768232	0.672569725529781	0.593805808120108	0.636317992030601	1	0.615626586059405	0.131016620874257	-0.178983101391996	-0.0818877955595921	0.256147497383773	0.485446071904863	0.432991050192278	0.264586529616448	-0.227032657604333	-0.159014322337104	0.248309443611125	0.533019734282297	0.344830288914054	0.34460869269697	0.265648731469517	0.305310299190705	0.621018160689787	-0.0699264595605854	0.496895447837335	-0.0310841546044562	-0.233301642889844	-0.214625245753171	0.0728702776061679	0.0195889179021525	0.0984640438454714	0.512173488157937	0.054282928560115	0.117170617028508	-0.119756016945721	0.00123002367218153	0.275311555648603	0.107617944087557	0.139769541262349	0.177350046647409	0.201825962608906	0.111702251162837	0.175415314821342	0.378636382271922	0.46951625851783	0.598809171177172	0.389709389100299	0.122174707426455	0.146492742729003	0.198277639693825	0.460407797241001	0.133271603242292	0.247337844222917	0.528508520313705	0.558597434883589	0.643398609634567	0.39335788128745	0.322809422643095	0.149742042532015	0.281677505350973	0.316152221418098	0.454309380556703	0.0474513028741436	0.226620648272832	-0.253786012026812	0.0536653455382205	0.523247918954742	0.0654149796355199	0.339875926422913	-0.0367863721205112	-0.106984467089081	0.30093111679171	0.0515052765913862	-0.0669896111584571	0.228449383537115	0.234875030921437	0.472353202120968	-0.148697351282263	-0.251041587997124	0.0310154172441441	-0.0960204496498337	0.120602838853313	0.0332779950914169	0.00779286964907728	0.0365767067205646	-0.0784963168229331	0.142006894413692
-0.0319392523829694	0.226840110291681	0.214551374239062	0.281160660932821	0.344768005236417	0.3549946806144	0.31597770482833	0.760570420554946	0.730858258282638	0.180395515865621	0.0441864688116145	0.226293534361798	0.301362551934547	0.242190780565481	0.368594436382625	0.446809916111775	0.465349515953946	0.612143329029524	0.615626586059406	1	0.0908130202597575	-0.0297539945726712	0.0278985805469898	0.399992127757376	0.676616799210438	0.352953292283523	0.280369930874059	-0.2182460161029	0.0395803045727062	-0.0092676474860177	0.351726113913797	0.212037329199541	0.329680668132124	0.208415352823008	0.234947916358858	0.479025898397552	0.0184853382183612	0.567623756571119	0.0442841373923022	-0.0779413658917281	-0.0190509764989532	0.0407030309743996	0.0997928560811837	0.0946153154607681	0.531611267340793	0.140572701885532	0.0609983168763822	0.0453340178884765	0.159955747437956	0.218030227797438	0.214373930007599	0.267039540489435	0.290187348249039	0.274490914642184	0.31940176158423	0.200718193394041	0.455880883805393	0.505503395689446	0.553938100826488	0.543390890497336	0.184495185180448	0.214405001025154	0.210092665833873	0.424834303827484	0.248714285858605	0.318654265010337	0.528675145966546	0.573335346365539	0.6690847045474	0.540780071714484	0.303358752944533	0.200730972041095	0.300487442727231	0.449177214322945	0.405449431095052	0.175063202105952	0.365899941495076	-0.199973536444152	0.0605394804977432	0.530014937265985	0.135763501189605	0.23333881533619	0.0651000732598742	-0.00526813434250359	0.241061322095464	0.0414379991480343	-0.032311116617816	0.292295699412308	0.197040012765774	0.517925125571616	-0.0254936995073016	-0.0999665694862732	0.119596923136568	0.0281049953781706	0.0712109227840406	0.165623264598312	0.212403888535595	0.197114574438477	-0.0179196795555358	0.248300131760424
0.26305021379948	0.185690322660821	0.301173688824179	0.494191129443503	0.430071443902872	0.580468657240633	0.579183791356877	0.075064304221791	0.270914875419011	0.517249500663801	0.46640658914324	0.535217872197612	0.542955658804119	0.359863341227643	0.539122756015269	0.490308981628096	0.560486390195413	0.222678018292068	0.131016620874257	0.0908130202597575	1	0.272101375128672	0.402975621680029	0.535068188333507	0.264748891757301	0.365959358898371	0.478728779868796	0.222247813504087	0.114793556035742	0.314630963627313	0.487054578188135	0.371709412534863	0.54779358801236	0.418184507650039	0.566810119575787	0.407778478010404	0.570752912171267	0.202610341323813	0.511805865214252	0.384702813709502	0.274842056365003	0.426345216458431	0.655085010850017	0.564617482413165	0.200359209171047	0.369378573952417	0.570279880523933	0.536532955501805	0.291275487818452	0.69067142529688	0.244904179476633	0.148654765521637	0.342576063832997	0.427302143418773	0.399579771764501	0.481916961931773	0.179949893950133	0.219601724200222	0.213962391985376	0.284161194757063	0.228998220490878	0.428507564974022	0.188362288180284	0.225964707850482	0.134314628941271	0.388972897180306	0.380387013935651	0.442177920919574	0.187921561107059	0.134972227564066	0.323840658181456	0.408224685238408	0.351200105101472	0.241053666978352	0.525310643104376	0.376070184165767	0.367800078571533	0.241053457709725	-0.0221271151520762	0.321470164065932	0.332970619903191	0.266711112408998	0.255079215483711	0.516059510278541	0.177280590381249	0.265321815233247	0.42625511732649	0.621031306361874	0.566766831722667	0.349867646181345	0.426151059487833	0.314046163276809	0.552247387415811	0.378761145446952	0.413287992844241	0.40008107691798	-0.164470749467775	0.125402869068532	0.32700538263954	0.158997759283134
0.212357909045917	0.151693601189158	0.223965438196376	0.338622017959776	0.340032547879976	0.382286127936605	0.325520008750739	-0.0409294295627435	0.091461494887908	0.421725585194036	0.256014068069901	0.389577359907921	0.196435112344285	0.247019673719385	0.418119596826955	0.0124799087050322	0.0493332312230789	-0.0624770886199615	-0.178983101391996	-0.0297539945726712	0.272101375128672	1	0.523538216091168	0.266902666386363	0.148027159150211	0.186796839498109	0.424410295964037	0.348228121605303	0.216070390822918	0.194342110822813	-0.0673161749106834	0.165391024674468	0.330589117915942	0.308348543566375	0.18785752145694	0.0304443941783977	0.318566290966568	-0.0608223136514219	0.283129037122551	0.443165508876488	0.46037961056111	0.168068695373459	0.143461807015941	0.372665717744272	-0.0277653037692006	0.379756759975833	0.423745266932857	0.401290794921304	0.207246711282667	0.350753602295025	0.344212517897276	0.153841327539422	0.266801220566502	0.276114806185209	0.388016159707213	0.250418351892327	0.135575857854573	0.198591461949846	0.0611700271458828	0.147586103653185	0.249503398298323	0.408969717425574	0.297889084193846	0.158354306459545	0.344503374229837	0.29743081534185	0.118796716827289	0.206200272038512	0.0578456948273753	0.160531588886459	0.307005169537711	0.412655799403852	0.148469292720634	0.184823971205624	0.222997292935369	0.194053864781316	0.282201670060347	0.255909496353234	0.0644641865403202	0.0255510520867598	0.312924081318547	0.209465272551599	0.345221189106535	0.245369766028771	0.276367258810737	0.354364745211738	0.160884695036207	0.341941990655531	0.201245917959744	0.107250683304772	0.32689274577158	0.440839086554131	0.382284150347913	0.483440407934163	0.392689164359492	0.44253731801824	0.224834590801579	0.255283289233124	0.269002048619636	0.241130273105622
