1	0.805819008907838	0.800648112492655	0.663690796599014	0.646585993794151	0.547175902187317	0.71514102470286	0.299663368909488	0.39609193067426	0.208757582710703	0.227212427113703	0.230748820504023	0.349911455811357	0.564117253160522	0.497989598925618	0.482335248373953	0.268615633401261	0.136467000373849	0.34446822444838	0.228272939699024	0.324576892496559	0.318749706230001	0.273932660053101	0.416542203680949	0.357186351542732	0.218554243766674	0.267589934799417	0.256312232689332	0.148110636473102	0.325977385646801	0.265379918714602	0.243965931917885	0.317887311032664	0.21132028061063	0.663536268945736	0.49126996990397	0.389668578534088	0.320674476827447	0.453283636370122	0.175200612415871	0.217389856095506	0.199990647842501	0.316437528243549	0.254111203857611	0.255879799250657	0.224030962381918	0.227215766082434	0.399274206716189	0.317265668915269	0.41740153590339	0.698666959813748	0.723820348647087	0.639993774021795	0.570005417550987	0.33453685463587	0.640452680987111	0.17158153410845	0.160289139923693	0.188576232720176	0.292139126189127	0.386239241774333	0.211930738106001	0.277177766694706	0.30215816118353	0.431070143843049	0.432384322679795	0.407659573849721	0.360196981727898	0.375228169987696	0.339449746117141	0.333855042484788	0.363807939105237	0.154221157122743	0.330379366674979	0.220549140850575	0.32417780198174	0.321926154124977	0.293435551815489	0.132849595715065	0.23822855121116	0.295113220704181	0.323710609862416	0.226724270960501	0.325951515773856	0.166118987723325	0.309635052611221	0.193684066435146	0.559690846950181	0.317894304956708	0.198175014528992	0.412412928063166	0.208270079182542	0.280333348442819	0.246251580685442	0.242612614412502	0.389210202178575	0.22264545307639	0.360745467180884	0.337283399204087	0.348498955077101
0.805819008907838	1	0.782042852024831	0.660068253611923	0.581540068299518	0.483231881056205	0.657012033005611	0.443250056500705	0.454726832314505	0.189211892287677	0.279333246183098	0.203654599044352	0.287632885797463	0.472386345245426	0.530083999298935	0.382581070040434	0.225360251901079	0.0648191267704252	0.362019089053379	0.280948364775972	0.167453755206684	0.362373246064791	0.179203628754875	0.412852377470161	0.308945257145973	0.0381986242057022	0.0828966217437427	0.193710644929104	0.259630698430631	0.202036406496637	0.14732070227771	0.0175527279502015	0.244344010953848	0.113212652308943	0.536002645206341	0.339701256745833	0.359010936639784	0.221019639637292	0.367737313120065	0.147296996853754	0.181316702142344	0.0749120437366441	0.211306800330242	0.159454916557821	0.151608729123965	0.1651205747787	0.111171163900808	0.395348206225092	0.402685425889558	0.269505890011882	0.51043199542372	0.687078069026287	0.556515098308843	0.482653877924858	0.232422298025988	0.517350896894785	0.246676683196725	0.258168820235768	0.269715769891231	0.365737313772446	0.448954534252192	0.282643817266498	0.300839107384481	0.310146900499373	0.360903620600713	0.353376276354071	0.234801747242605	0.376430615770276	0.388941665133589	0.360158460023392	0.320794061511752	0.261866464828923	0.192006235839457	0.300114741882937	0.195559401066519	0.169534034358775	0.185885276609567	0.300418167539258	0.258943523840687	0.125773961821253	0.141511588622316	0.195347955707846	0.221447625624073	0.141466677486568	0.112310996417853	0.147449176466586	0.152673507244503	0.375438922298551	0.262558884939508	0.119799952413654	0.330735305362547	0.112981693935782	0.153506632732758	0.0828212476556743	0.0901758359010091	0.292144114253916	0.324611840488809	0.345816776284702	0.329049827707514	0.375024611431012
0.800648112492655	0.782042852024831	1	0.757612205924663	0.692548788448074	0.705094238463174	0.825012146141635	0.459394522152572	0.475012996967842	0.186230885767698	0.375717902709802	0.304966891351006	0.39621542129211	0.48446305326606	0.614485976473303	0.466074249657612	0.337239644917905	0.126446719808809	0.399796441486091	0.211236358309888	0.30318042394565	0.440966199981238	0.260689774988579	0.473802977207071	0.321884042726501	0.077742448815376	0.219593858357542	0.186912863297352	0.287924678511081	0.296667528679474	0.161734286490467	0.0671966524697398	0.297408937574898	0.124897897596587	0.685758315010613	0.398750773569012	0.408299791559899	0.316435036857898	0.484513498864085	0.195542849053026	0.325720532680372	0.200356873253457	0.302723956057096	0.213685058452329	0.1811688484986	0.231105568087143	0.154778731117481	0.498448012684653	0.366723695449781	0.474202392869896	0.61011469966717	0.702352399818177	0.698897127657449	0.671739501722846	0.422125642984671	0.627238203825592	0.360034444115435	0.29373998635904	0.23573144404906	0.351823558768851	0.44076839021805	0.34768616134242	0.390607336785846	0.420586282851741	0.390329095023808	0.503060949875096	0.316957533783603	0.49530342239715	0.393993517615054	0.348440796023194	0.420664399359727	0.393826887473968	0.23028001534851	0.390124291611117	0.254789595229986	0.244646724468918	0.265353986078549	0.279459836868655	0.242184763603411	0.169975075353715	0.221443352744733	0.316976968460688	0.250159899956921	0.232627482429986	0.128259945315968	0.182897768089877	0.197550606013764	0.50717408893028	0.319555552305662	0.129672750090927	0.440916661625552	0.207764274150027	0.256252138179521	0.118390294340024	0.171241081177092	0.437212835062438	0.303082936547254	0.412673459664448	0.354425842700258	0.370314477659371
0.663690796599014	0.660068253611923	0.757612205924663	1	0.672994295613904	0.692757509613149	0.84672985434233	0.341550670684179	0.619622081593988	0.164864874675894	0.468781202674271	0.425614060547617	0.290730334920859	0.454633055680584	0.690924206890352	0.423968734408035	0.365228277489996	0.0238002863720788	0.496636059097294	0.22042125428877	0.28157085795339	0.547730467609573	0.437535208922101	0.435278298634121	0.413303284153468	0.171635605067149	0.365864496265236	0.27370435028641	0.184094550699691	0.128418368089161	0.00550167672698835	-0.00462710419244108	0.322213632480427	0.287585576728456	0.632276167412433	0.414210697538474	0.405532354139217	0.298127914815113	0.480109981585531	0.368703870871135	0.151822389448815	-0.0848677228206426	0.0784715555254808	0.240711327643172	0.047448873595663	0.362862848241259	0.266732277805833	0.627578691854167	0.332671618902335	0.399182901891377	0.569589658290025	0.492944073919543	0.79270076006487	0.65829450378112	0.553560594405306	0.769032845438372	0.37803958354762	0.37276007627319	0.418533349637034	0.499406188861462	0.568595615899705	0.390357150484987	0.565232613438771	0.349744903674971	0.3864184846584	0.429760345747485	0.217847773825607	0.380304726037798	0.622649029785055	0.312204939284685	0.477880825107875	0.622852904763745	0.343104801831629	0.494050602210061	0.445933395046981	0.31193006002033	0.428413231632409	0.428675911967523	0.173890490488301	0.0891085080438246	0.193604061967861	0.187247215715164	0.305446254880924	0.132444662960412	-0.0358263270553657	0.197919542034098	0.236201070575605	0.632703463085382	0.467750220914596	-0.0420881143871607	0.523895715076594	0.380916833487141	0.253245652863506	0.132412134949609	0.171266063335227	0.553648186240363	0.251852382401577	0.424825601156928	0.216307332705957	0.558337993899737
0.646585993794151	0.581540068299518	0.692548788448074	0.672994295613904	1	0.738708829574553	0.682416155580096	0.497415511565535	0.584296043524269	0.131902036210764	0.38833350398871	0.301404398618737	0.367487786343241	0.535779212323908	0.561040738521781	0.445123740041603	0.313555879969381	0.146953071576321	0.424876216947827	0.344702920925628	0.274663374748975	0.527447329267617	0.356122831694157	0.499737554339787	0.46341316785209	0.262098852250519	0.350137385833191	0.402981892489474	0.133209071824073	0.302562202739936	0.123346384399035	0.211851436943615	0.423270166985458	0.349024926454773	0.647082570217685	0.419805278303944	0.413508203237301	0.388619269326209	0.428500319671593	0.473744542163242	0.269466111299575	0.135009911506661	0.186527531455394	0.324062031276434	0.278027071869944	0.30549801842806	0.331269944892485	0.507564414548984	0.542710152616066	0.450821160975198	0.652121260772796	0.646506703188502	0.720185749421919	0.655320137307768	0.482510676738489	0.649486642880449	0.469963359658714	0.497969152613786	0.475309127208934	0.525216572668923	0.540606531935544	0.379796584131298	0.422449274645757	0.440135070965793	0.348909591649284	0.407511644041877	0.343614373946065	0.496327899335619	0.512539056700239	0.408384899925091	0.496853807559328	0.475645284873717	0.28470062608429	0.393153284204266	0.332010197453236	0.313718292527781	0.364653054318529	0.433271346835243	0.0565168008634429	0.289864651471713	0.328595334984177	0.354698229764884	0.245091905459124	0.308355455022276	0.148552159327109	0.252589793373141	0.196656861890979	0.551673944170693	0.503787164249559	0.135103386676452	0.446808732019567	0.35885746372343	0.309817505885597	0.304217845663535	0.204973026499457	0.456199104947764	0.248454490746441	0.409491498730738	0.365975926471986	0.480289429679391
0.547175902187317	0.483231881056205	0.705094238463174	0.692757509613149	0.738708829574553	1	0.705578962850436	0.443869761985555	0.513685000825946	0.179478994854077	0.312419862178722	0.264470578910428	0.19202269357672	0.362930847539902	0.639240746026798	0.404159374731933	0.355687426483233	0.0793849424239994	0.390869054061462	0.283336434878853	0.277079408528448	0.461898494462939	0.254462555330598	0.521709924800691	0.368240739862694	0.192602321353772	0.323013320092315	0.422852479462474	0.155507635383302	0.0609618916813267	0.086791430006837	0.112427831197208	0.203127967819091	0.28352296465237	0.696866611445892	0.408211077372872	0.51486742596416	0.34667969104533	0.568891498565912	0.502108835787488	0.287285425885304	0.0877930158874162	0.21535262693138	0.346118849276615	0.110032147182134	0.422718462955896	0.290457957474001	0.650835298961497	0.342239243407541	0.472324233567328	0.536346232221183	0.537809105554593	0.691326951638361	0.724152908894162	0.600990766486887	0.627295004745371	0.406087964084235	0.427380228880353	0.37264413397036	0.426507441013764	0.496766889008651	0.242937729840623	0.309097622361479	0.327947610357708	0.244834588196813	0.528336305522108	0.293941462578935	0.352650589218286	0.489086652389263	0.361862350143424	0.380028174160788	0.423146799562083	0.353853966754697	0.409872343245343	0.297802899252959	0.2513234958919	0.383343182225536	0.421923821432058	0.0474815067091502	0.176237878753972	0.311082236853997	0.268335317866784	0.307558717819582	0.343010936281229	0.114330405889347	0.217742843694376	0.419303546202407	0.628693035080216	0.43838629603164	0.176429551914535	0.564089099888732	0.467513078159633	0.381255387330772	0.353756808287427	0.203162572202431	0.481766848174918	0.165365899000129	0.473140609697994	0.336520676150603	0.327013827289597
0.71514102470286	0.657012033005611	0.825012146141634	0.84672985434233	0.682416155580096	0.705578962850436	1	0.472619774874104	0.552305945796459	0.215404937944955	0.524593516492262	0.476488456025768	0.439630316580856	0.472847831495171	0.602382331761924	0.485067306259892	0.414989045000837	0.0894302688752558	0.469460959115852	0.229029733160667	0.390937162287536	0.573585882422539	0.490506421775259	0.493786784896505	0.391804621793694	0.123603835163253	0.300551164745421	0.279322958262504	0.292928084226577	0.276268056439657	0.128702562184129	0.0681390502320775	0.376019981301058	0.306718403305264	0.809968707545009	0.456372083149217	0.490384100758376	0.362196523033774	0.60848230577942	0.379725772156406	0.143485352770295	0.0777292463862236	0.244954853981816	0.294282439685253	0.188082295306635	0.400005521437924	0.300160648364885	0.647899079758361	0.311794837009445	0.495819657700669	0.565956803172896	0.586695907732708	0.717571267984894	0.641276544769853	0.467995210913053	0.766387598852347	0.381715525080136	0.414048002474592	0.428269216891681	0.452266864824682	0.502409688147368	0.451058126949184	0.584801765900362	0.452965523780256	0.409025333485286	0.50412448941517	0.250258847378017	0.495154684199473	0.506109584981557	0.319366874596248	0.548883515874666	0.571965091319262	0.260594156596873	0.470643606170986	0.375362957531828	0.239821826503167	0.385345017929495	0.40073906499368	0.235127871217322	0.156672980942252	0.25770902081923	0.247076468756354	0.326697945984659	0.211723479271097	0.0525500435569998	0.218295702765	0.247863601738508	0.615504681380394	0.385988846672437	0.0459003447193087	0.572951497328466	0.378530720214417	0.325332064922342	0.186742075417791	0.1997572903442	0.487503500335386	0.227854627220835	0.426743507261642	0.256390197141213	0.48178971693098
0.299663368909488	0.443250056500705	0.459394522152571	0.341550670684179	0.497415511565535	0.443869761985555	0.472619774874104	1	0.464864256015363	0.195926772352258	0.4613423094556	0.312676587712559	0.542460504774855	0.405138704819584	0.402761512124568	0.487604901663324	0.410227468468522	0.470492139061128	0.574385742733901	0.605991479937262	0.338889314827743	0.302790245270787	0.301835200828687	0.402111273675211	0.466896663681909	0.211819301972966	0.223589251828116	0.122433297893751	0.232246854839673	0.374426223164009	0.345709186421554	0.231684713029704	0.453739162474758	0.250030737592334	0.424864480645894	0.403675192017631	0.254028099254125	0.464446232790288	0.196664563620583	0.0829871177447953	0.00385542033969073	0.203076104346546	0.292952779032958	0.222592876440373	0.506966857289598	0.235969607294737	0.213968994843305	0.248018879070559	0.318298911685463	0.433151485189061	0.251624336535097	0.505922263457777	0.428390708217304	0.400540862520235	0.199812942007367	0.381202441820694	0.520152445176195	0.627332354394937	0.506710450816024	0.362111424828544	0.321787043660718	0.395474535259339	0.316630435708376	0.511312793934239	0.284291327504388	0.314147570033909	0.350029158748636	0.716851795319934	0.390721926823194	0.610228900283293	0.475143501001624	0.250807083284616	0.164117154907815	0.320847657044353	0.121977563639359	0.263416458369452	0.25401710039419	0.0274817403691504	0.20052467573725	0.42402037267502	0.318684543042378	0.447608239342547	0.0132401641502693	0.298885545341595	0.365369274923337	0.0700137472893245	0.124139081073374	0.160692536022383	0.174615300608562	0.382336262468071	0.158611547770449	-0.0344503531509336	0.251598520247238	0.190168807226652	0.125977057495902	0.177930914902827	0.277059007498811	0.175481058972711	0.294430586759865	0.270393730306512
0.39609193067426	0.454726832314505	0.475012996967842	0.619622081593988	0.584296043524269	0.513685000825946	0.552305945796459	0.464864256015363	1	0.133652101456869	0.347051868938304	0.507280615103866	0.309266224037483	0.4602786933289	0.614189829863604	0.261158768006247	0.473430728218686	0.0412128803826297	0.561229973080408	0.489383284174285	0.31193669954046	0.609815719811516	0.599098135513164	0.631541021702602	0.641259240409111	0.339656982389723	0.530281488071627	0.265869284382567	0.199378278345064	0.295159504467412	-0.0770019713293467	0.0357649792671912	0.457661308469255	0.368327707012076	0.45565602835712	0.37478440925377	0.44001075025916	0.428245886104357	0.314554362495555	0.426757453608492	0.114177569764958	-0.116580930350022	-0.0459978817032773	0.316490806914817	0.173500012873973	0.446865039389255	0.4337122976281	0.5299630381499	0.551463710784492	0.249690910827747	0.434123246201636	0.409070106106693	0.708100464710359	0.635305784404934	0.481571900809499	0.632295339240409	0.570542242879288	0.525416982103813	0.601381570286748	0.884737974446972	0.743994353108187	0.580240425355099	0.622447942843452	0.502368028101422	0.385122241299806	0.416235739857679	0.175321041432583	0.441036450434906	0.721395743844414	0.361723200729583	0.58207139722319	0.701302851822052	0.519216661742401	0.71199910107081	0.641189393587425	0.328553663587181	0.524236042771498	0.336806433454426	0.0165440070683083	0.171277108108169	0.322836853688354	0.33353594998865	0.226995017961106	0.175821889180176	-0.0441982614654553	0.188985462922228	0.33304366226065	0.582500649258667	0.732583962873509	0.0440692100246679	0.465186618963836	0.35562132172561	0.306019758710203	0.219853358657391	0.316045131074945	0.604360319654167	0.357655254300873	0.28890003060334	0.380215939159707	0.643741815210755
0.208757582710703	0.189211892287677	0.186230885767698	0.164864874675894	0.131902036210764	0.179478994854077	0.215404937944955	0.195926772352258	0.133652101456869	1	0.19279993054538	0.449285338601816	0.180849469244976	0.308587214981356	0.14433895194222	0.48379105609441	0.114601652773764	0.398298341400577	0.338647334224542	0.318528047487739	0.461938407245381	0.155210394641937	0.211482374208826	0.0899741125714189	0.367963034030173	0.366798566311678	0.21674787144379	0.134887110628619	0.223845220338315	0.293515947033644	0.461813455346418	0.439590214963998	0.280080535895843	0.218450055224513	0.279013652306614	0.419577384858113	0.192845634972723	0.502371117570173	0.18416249505488	-0.0806798841638685	0.213068180098113	0.439727590956423	0.517660233292139	0.399778290603876	0.438743555674328	0.118220626483825	0.425553687777083	0.0401458745997353	0.0128397628998788	0.496028543209302	0.249019865422578	0.432515252639344	0.180471319779951	0.210297298531156	0.228058371879527	0.230400470526	0.00691231710313474	0.247447366626513	0.28856608341875	0.150539724299638	0.169168001505288	0.220512528495277	0.0398391050887513	-0.0224137235955135	0.491136341419108	0.259557264048487	0.472200232375152	0.162813504593708	0.267714883267286	0.455045116601371	-0.0114210852671038	0.227586249605749	-0.0640152969293081	0.215094959071753	0.0125705421306718	0.278630996435944	0.267802805235189	-0.15403907263708	0.147018406145348	0.408798706464014	0.293191641018413	0.336505330245876	0.0157276165564804	0.38109631923537	0.39720300635281	0.331568327864483	0.172440559605362	0.224956991795354	0.0652660335877112	0.34531651119406	0.167490563044163	-0.108198563101362	0.315046958978928	0.286802895301291	0.384708642886019	0.0501130385017133	0.0752060633584757	0.0418133661233528	0.269711616121177	0.152951550333565
0.227212427113703	0.279333246183098	0.375717902709802	0.468781202674271	0.38833350398871	0.312419862178722	0.524593516492262	0.4613423094556	0.347051868938304	0.19279993054538	1	0.567227216157827	0.562912220425789	0.375168898031446	0.409905427465272	0.347398022863398	0.301797306940082	0.236914625900909	0.450055701000828	0.323240989095714	0.314077693096092	0.473082800655998	0.542735363411264	0.177905450181291	0.36060318879237	0.149604467145002	0.225772397918023	0.057165030445935	0.215862948994794	0.2293151587475	0.164999112705677	0.0623107867556928	0.505073559377223	0.387141519031607	0.332279045942303	0.313196905456134	0.135112065878687	0.288776054553793	0.191694710462659	0.110161022255285	-0.121976242466487	0.0414279891057873	0.124180825681894	0.0840358428138549	0.219377400501819	0.214460802469367	0.301253553068293	0.329657518662441	0.161960634982644	0.321982160713219	0.185443508467964	0.293534606227644	0.365291660159985	0.264734015744777	0.23984838555368	0.384180474772503	0.402166388984429	0.422143053763551	0.397794719524682	0.319519957989534	0.373264670506504	0.550320276975487	0.581329783954098	0.499449590040907	0.265343707285878	0.238429590069498	0.125077330826793	0.504741101741626	0.360687617833866	0.279334634743298	0.428735142508521	0.417037398598014	0.0454446898420924	0.279448464393882	0.0615184261959443	0.177888934326784	0.127784842810533	0.122544137234842	0.167400774135945	0.111906693799502	0.189555562681594	0.147173524676618	0.0343490553107434	-0.00256206827274232	0.0779295589951244	0.0526114789185974	0.0281093768350027	0.204403573513353	0.14972509434004	-0.0419914190474645	0.182501890491864	0.0913973891484044	0.0728231429058761	0.0303920646983091	0.144583639348838	0.125979567589162	0.214587573590555	0.212170066955689	0.0732382706257008	0.306524039317878
0.230748820504023	0.203654599044352	0.304966891351006	0.425614060547617	0.301404398618737	0.264470578910428	0.476488456025768	0.312676587712559	0.507280615103866	0.449285338601816	0.567227216157827	1	0.589455954215237	0.383702063910404	0.368175920433487	0.322024213726995	0.509494117966977	0.227261466329683	0.528511584138514	0.283921035601807	0.511638583456799	0.395908260401855	0.635257087285219	0.312374034850141	0.506445055220373	0.39361679515264	0.361469907605693	0.350977449684528	0.182296402697831	0.307225516505512	0.175804025010992	0.239125942217468	0.588934564835798	0.434697629579499	0.353551988449761	0.399519216702431	0.191990264542574	0.388854943135091	0.252311301391178	0.234498142201758	0.0114612588874411	0.123140667430259	0.205346721938735	0.309336513733369	0.233126094273865	0.30367021898419	0.538198053377454	0.319348137764836	0.250802882880277	0.350769759471586	0.263086968622936	0.330775267935939	0.428550927490084	0.432017951857439	0.398747154641399	0.463582983539962	0.246603789942631	0.414838269121371	0.462302349024726	0.436828589047224	0.562701061027592	0.599298670788707	0.637121757034237	0.37110400139225	0.446892568806295	0.389061415727933	0.224225792548846	0.363700811044164	0.562555990818326	0.260551055130702	0.521698915762996	0.653575330182522	0.118564470118625	0.452628795555031	0.39294959907181	0.392830267333589	0.282564598506659	0.166926618844375	-0.0683772860655014	0.219960582033359	0.371838394098918	0.339465148638217	0.0661734220344558	0.212000865394598	0.110736361198331	0.306162174177653	0.102898939352477	0.402304480951848	0.483765378163146	0.0673630187141944	0.334807819115158	0.126676070266716	0.277293747680667	0.156541829836367	0.431832841063798	0.348917470715375	0.195645508870446	0.15945454085637	0.24764044460278	0.46710315694353
0.349911455811357	0.287632885797463	0.39621542129211	0.290730334920859	0.367487786343241	0.19202269357672	0.439630316580856	0.542460504774855	0.309266224037483	0.180849469244976	0.562912220425789	0.589455954215237	1	0.433191139274903	0.257485994126016	0.310427613264321	0.52398238423455	0.457321417681515	0.374069538188908	0.355470060035123	0.412380910037053	0.270779088106574	0.50028775651744	0.232680758425571	0.36589566130349	0.270947719876914	0.200447507664341	0.222526038796833	0.211688506386953	0.458204212046382	0.315374674949809	0.334933116101613	0.762459363583578	0.315818149396178	0.370135064128904	0.289603299693537	0.0588490978211627	0.380258203733355	0.155144772534802	0.0514768089337577	-0.0598381189406384	0.268807798702832	0.309777236503608	0.205407836061724	0.441215292561934	0.138749292398646	0.291754358330942	0.132964676711648	0.0863190488810059	0.318497935659008	0.29051336835049	0.463235844710471	0.29259220797455	0.392753635790628	0.160247969559025	0.350302354040794	0.461333167442038	0.379834144277203	0.358896603922545	0.236039311952828	0.331148558766761	0.553718010150757	0.51939006543267	0.698780693615651	0.327139342351625	0.29449728327624	0.306986445461303	0.684687025953312	0.247706840737608	0.234698870343884	0.532478689213148	0.359720692400447	0.00455356541844457	0.236735527110718	0.0716647297175284	0.285967133483468	0.15607609683343	0.0572531232790572	-0.0165411404668844	0.384258548825954	0.417140167423871	0.312365635301325	-0.0870201056155423	0.28506239222294	0.262896598734119	0.198881591590497	-0.072469137205835	0.16562986874182	0.228341024646852	0.206625077837394	0.121771161327008	-0.029371149910655	0.211638293298196	0.147304089935709	0.269366512584281	0.0973847419493682	0.10719592701714	0.0836823905508948	0.213363956506498	0.283150093839569
0.564117253160522	0.472386345245426	0.484463053266059	0.454633055680583	0.535779212323908	0.362930847539902	0.472847831495171	0.405138704819584	0.4602786933289	0.308587214981356	0.375168898031446	0.383702063910404	0.433191139274903	1	0.545869947588852	0.646412560486618	0.27808016417938	0.350688585061455	0.49058654010743	0.427377987529759	0.328242170207273	0.327333487489101	0.399930382535863	0.248315280128157	0.493020204605993	0.343079416032929	0.427392012210462	0.290714067932787	0.235644977170865	0.6745808176304	0.402661571977074	0.435278820925382	0.532730235651558	0.324830180459354	0.489123625337612	0.566497605591745	0.235141078014351	0.520422335940486	0.2475482723987	0.165062339430924	0.0554167913054799	0.253713550659815	0.333439185007325	0.418733728431596	0.468591346211815	0.224501959488263	0.422635221575469	0.241269503067469	0.449626593787142	0.485422719904018	0.59167168421451	0.672632301646759	0.564509288544404	0.416099088083105	0.224765249154882	0.592889098364436	0.303033261815911	0.251857576200581	0.2964321633277	0.350386266937663	0.348419042957978	0.373489572859752	0.289087603788381	0.442383798310036	0.53189002324447	0.331001167794835	0.581528852663246	0.437074495253455	0.474065055602018	0.611148518689092	0.384455236894249	0.4693509928278	0.0587630365994899	0.410768263476413	0.177790589786007	0.463090717026379	0.463252844517063	0.148175196155971	0.135271084976782	0.528885315803781	0.459824333176044	0.553014072236254	0.0675514108565658	0.459561803816873	0.431892337169813	0.399296400386349	0.123323384863806	0.461797140588101	0.466029924509008	0.332946854742052	0.265209320776938	0.137692017130477	0.390297079545404	0.326474283122355	0.422135522272692	0.259202563899803	0.294207038418698	0.218500787591362	0.397960417413838	0.515759743315507
0.497989598925618	0.530083999298935	0.614485976473303	0.690924206890352	0.561040738521781	0.639240746026798	0.602382331761923	0.402761512124568	0.614189829863604	0.14433895194222	0.409905427465272	0.368175920433487	0.257485994126016	0.545869947588852	1	0.294697982429701	0.380260943572978	0.0502992872915641	0.388235614728936	0.252316514509453	0.246027535056678	0.543934752308671	0.375939735883613	0.43745930722088	0.408629941981716	0.129484162853894	0.299505108216466	0.299342276828776	0.266400935575103	0.162725962892187	-0.0858138305052928	0.0128537554825605	0.312703922790205	0.208486117240115	0.48195188935432	0.360626857526406	0.327157657639093	0.348830760849036	0.391426464035083	0.357393293496729	0.210757375156966	-0.0222146009660317	0.0518747278536809	0.220157267020894	0.0747914152098908	0.401418673330926	0.289704546295516	0.540685159807747	0.395277300129417	0.35782166709078	0.396737064767897	0.433050403251219	0.715161436868474	0.645117005671617	0.446797412825656	0.573281035923724	0.453235289343659	0.386185761538798	0.42190274470988	0.571249624930385	0.546146620564935	0.444609824308995	0.517135919775767	0.359130741991728	0.284730078486528	0.467753313858956	0.113426951431424	0.339211170648754	0.552192576276502	0.296816572559624	0.400476880975142	0.603778960996793	0.334096774282847	0.507114361657232	0.408219786738357	0.240554605636751	0.35177354029332	0.359208869795023	0.15033858229365	0.0927763552860611	0.174377470616945	0.252359066532498	0.306948733161565	0.0958353121821781	-0.0198385457056564	0.122028693529289	0.275396264808004	0.491274726364877	0.567801630964424	0.0164596648768813	0.409988694584763	0.31638687089913	0.256892199319071	0.144515165257548	0.1888913443639	0.458974009210052	0.226257502188385	0.44689255495107	0.369550204408659	0.537016494762581
0.482335248373953	0.382581070040434	0.466074249657612	0.423968734408035	0.445123740041603	0.404159374731933	0.485067306259892	0.487604901663324	0.261158768006247	0.48379105609441	0.347398022863398	0.322024213726995	0.310427613264321	0.646412560486619	0.294697982429701	1	0.303546837121816	0.650844900338672	0.696471625841892	0.429078698783124	0.608429890475615	0.178466738092116	0.198385208793851	0.286428830436918	0.482419785132129	0.549180296665212	0.421078913165497	0.105599532699324	0.206317310393749	0.537889052144942	0.804910236694818	0.59160949321225	0.381057042786833	0.410904007334833	0.589603144717045	0.771996852369271	0.348087980981404	0.648523195964645	0.31150020386814	0.0274989718632193	0.0630010992919904	0.444957281953949	0.648156576112499	0.523974230341006	0.674210941326207	0.176427335124995	0.392003015538483	0.166249031511279	0.210715788074334	0.620937458646238	0.508121056900439	0.682823326581477	0.49320742353512	0.316057119071266	0.296708220520598	0.550811377500109	0.175676380453163	0.294553356334057	0.312576515545146	0.183994280223539	0.166635405344474	0.178001880790344	0.0535082399405979	0.218616398827461	0.648772888869628	0.351244282718279	0.812571036209345	0.447217403391667	0.452188133957596	0.794185709870061	0.204387270583477	0.2898919097054	0.0972266130721229	0.345820647467951	0.0465148443636601	0.619866362792033	0.459541422760702	-0.0517708304901744	0.254365210713476	0.702107633005981	0.466613882676188	0.614254687447318	0.0466321951793998	0.622874547525547	0.659043081205732	0.483494664556737	0.270000195453132	0.461026587892809	0.168061194068432	0.604288199997996	0.208746776558263	0.0311581376153883	0.500104986145482	0.336979640163044	0.352806019705737	0.17639979183947	0.303688583874923	0.143776866774999	0.262720714060677	0.260218948729204
0.268615633401261	0.225360251901079	0.337239644917905	0.365228277489996	0.313555879969381	0.355687426483233	0.414989045000837	0.410227468468522	0.473430728218686	0.114601652773764	0.301797306940082	0.509494117966977	0.52398238423455	0.27808016417938	0.380260943572978	0.303546837121816	1	0.458683700137446	0.586015518066549	0.263431067943225	0.60585225926462	0.320460653857768	0.364882068125823	0.563365216092314	0.390063856302571	0.351577232608864	0.331181068546233	0.156960426209747	0.190667603254634	0.28537591193851	0.19345057510624	0.237355416780248	0.450204923604237	0.350028297364805	0.394672334328229	0.43096293621841	0.276423622738879	0.294402590050472	0.267932501710845	0.24463065887448	0.00736337139810727	0.0580157115287538	0.12625326653397	0.26683554202235	0.241149219829024	0.224729407921694	0.363432187214142	0.251139533912851	0.251334647119652	0.268453529441254	0.182884492557504	0.311740130721284	0.371543375801426	0.444568193107995	0.237397871433935	0.388757816498096	0.22299452695243	0.291694682504782	0.426066743809949	0.343002968376051	0.415659216007014	0.385488723152452	0.350536662611283	0.369767589707305	0.257222708425684	0.372987924401154	0.15523628323893	0.409315693623304	0.561272218251172	0.283340201471021	0.558637207459395	0.499993848238979	0.336602812012624	0.449010126457746	0.508561806493165	0.384623149799243	0.336322640543002	0.162490570132813	0.0594498598519611	0.328775555482386	0.387998640715597	0.353402572025743	-0.024152863517125	0.30643371331539	0.151210061882836	0.269912866850588	0.293161835944636	0.328862855367738	0.46497886782248	0.164023431879952	0.256016872947133	0.1477203718208	0.295577545140061	0.22780602609019	0.348408732251029	0.2795624569753	0.0498120296795313	0.212814273520877	0.182698294341263	0.300110157426608
0.136467000373849	0.0648191267704252	0.126446719808809	0.0238002863720788	0.146953071576321	0.0793849424239994	0.0894302688752558	0.470492139061128	0.0412128803826297	0.398298341400577	0.236914625900909	0.227261466329683	0.457321417681515	0.350688585061455	0.0502992872915641	0.650844900338672	0.458683700137446	1	0.530676144145462	0.361029525301468	0.549910602982926	-0.020345098270184	0.00951041402928393	0.236327238719139	0.24193226356649	0.470596222975166	0.250915475382881	0.0279106032708541	0.110954889089256	0.466825022619057	0.756467160751994	0.612913249920347	0.410484875515304	0.308742338109769	0.213907363372977	0.591163703051739	0.119294049608127	0.490551738742121	-0.0242511030682423	-0.175279019351125	-0.0714507061793535	0.461972610213533	0.519030973410646	0.325719027920927	0.699704425592557	0.0783024032113812	0.279967889055649	-0.186905747942325	-0.00211034367010989	0.417830948726873	0.158617327401717	0.474218119041522	0.16103061186933	0.134143790992827	0.0753486617550263	0.236267546603618	0.109393467099683	0.24751614147874	0.326461745557687	-0.0313588558222274	-0.0250907288955338	0.136157711753953	-0.0625671802878175	0.134477353462954	0.443680453548401	0.165502649978462	0.619761368479556	0.426033911282542	0.257711287962231	0.607062311310317	0.153923382604668	0.0937384131292464	-0.0103864049407786	0.0171371409687132	-0.0428034695157877	0.501842733612719	0.262473636898888	-0.231735913025851	0.12746647646829	0.731131566266435	0.413112079854222	0.565519830676676	-0.223057497080845	0.537625222503626	0.625898247338354	0.320992214596397	0.134010909309493	0.0737056342551719	-0.0269949756705947	0.594656685456264	-0.134177225555692	-0.251957357679357	0.315961659094582	0.284224840416631	0.308247894219665	-0.110566055779125	0.117717423687022	-0.0936945768245107	0.161629072289937	0.0760090729182977
0.34446822444838	0.362019089053379	0.39979644148609	0.496636059097294	0.424876216947827	0.390869054061462	0.469460959115852	0.574385742733901	0.561229973080407	0.338647334224542	0.450055701000828	0.528511584138514	0.374069538188908	0.49058654010743	0.388235614728936	0.696471625841892	0.586015518066549	0.530676144145462	1	0.433991617843841	0.579315359309118	0.321420076364933	0.413946534638848	0.500568444551471	0.566567719105966	0.577573935741539	0.484198849640425	0.108294305935343	0.181292226372069	0.436839306331913	0.447707002777065	0.35393044382752	0.352295021839583	0.467431457362715	0.456957233554943	0.705867887486912	0.32960044613015	0.541070610002787	0.228026730492404	0.186113221937713	0.039583247795628	0.228593408485766	0.300300979749755	0.37106905121452	0.454258924127091	0.205952823082509	0.460829953021424	0.304296375767778	0.311320731273357	0.495098570889242	0.29529007052259	0.455277772669585	0.540347125232184	0.358007077158461	0.357386283445279	0.537928575822808	0.251902722309804	0.465237599091131	0.569278502251486	0.409701383397297	0.414189702999089	0.357905620587393	0.349038502775772	0.320354587601188	0.526669630456455	0.378917815567638	0.472861872037273	0.477559805304337	0.74785041811321	0.676397260149184	0.462291502915681	0.450208046984052	0.345520270049462	0.530298453243434	0.354343144916179	0.548558371929077	0.402769228386463	0.0486630463630996	0.207329627514046	0.504979667840066	0.349721024945988	0.47308357355805	0.0445073006656645	0.386749588598874	0.315596050552871	0.295072242782661	0.269920921581841	0.423671575912944	0.383319824874182	0.319099161127325	0.229052273873668	0.0593334995259112	0.308009030709329	0.16208120999387	0.360796177603508	0.361515791166622	0.256756318544094	0.194129045185649	0.35505291876789	0.419157614879661
0.228272939699024	0.280948364775972	0.211236358309888	0.22042125428877	0.344702920925628	0.283336434878853	0.229029733160667	0.605991479937262	0.489383284174285	0.318528047487739	0.323240989095714	0.283921035601807	0.355470060035123	0.427377987529759	0.252316514509453	0.429078698783124	0.263431067943225	0.361029525301468	0.433991617843841	1	0.25916926010591	0.23129398105351	0.299816929510139	0.141240656420724	0.709974373515294	0.458653188611907	0.44028592643249	0.0199747057549613	0.0779013563791332	0.397873319820098	0.295552045040824	0.397849090553707	0.48543442421665	0.387002198018354	0.275477383162672	0.409133322898346	0.16286774991473	0.591536984624339	-0.00085088091433832	0.0927050657527837	-0.0381923617150868	0.159201254641151	0.188866150658928	0.367386672920727	0.58888933432787	0.239035532309959	0.385844238524219	0.055538746113947	0.244455182026563	0.189090186429315	0.27963574105174	0.441783949133346	0.337367091326601	0.331256573151721	0.172544210619718	0.308408698614939	0.393508574466803	0.382165268358734	0.377920005724205	0.426832623562722	0.25855719501415	0.285610367870532	0.149630603690057	0.32033388632851	0.333726220768591	0.217880146005847	0.409171611707951	0.441720230330925	0.436417517282158	0.630691433092424	0.272207348095312	0.252618766114217	0.08571547674716	0.454408511084868	0.102351364199388	0.373828918476199	0.459535598074491	-0.0109581112975295	0.0180114974834863	0.447279400716757	0.405515679702086	0.401310996970068	-0.0785509767059261	0.353644617480842	0.40812662347376	0.251451064391456	0.136344529178198	0.181968569443849	0.258633089959442	0.441015587764592	0.051289150008908	-0.0575548436848053	0.322616178130265	0.267018656727532	0.207673158612249	0.163533199874042	0.237803517369874	-0.0853182966998653	0.271223421906527	0.33064725917513
0.324576892496559	0.167453755206684	0.30318042394565	0.28157085795339	0.274663374748975	0.277079408528448	0.390937162287536	0.338889314827743	0.31193669954046	0.461938407245381	0.314077693096092	0.511638583456799	0.412380910037053	0.328242170207274	0.246027535056678	0.608429890475615	0.60585225926462	0.549910602982926	0.579315359309118	0.25916926010591	1	0.194566135495411	0.363903279928231	0.369995689886914	0.44529296335728	0.551318206583703	0.436774181140594	0.152735722266246	0.212924021499812	0.358546195182497	0.606056916388637	0.605842942649808	0.422425576533656	0.412080227983972	0.463118830166936	0.602184611025017	0.311364674882145	0.549846826082477	0.306170773618179	0.0860283961955551	0.076585249011799	0.441292041109294	0.611811793391537	0.514340403725158	0.538910220172727	0.262603495487677	0.608646975116372	0.112040790097353	0.0902829039432138	0.58887462664475	0.23672153891477	0.44695953591919	0.372146285892322	0.30259216145804	0.209782394098865	0.428476308220133	0.0809245378360617	0.26999961758071	0.343196709914959	0.243841923695772	0.232682714204898	0.29113815791953	0.162985510674244	0.178339966543624	0.572298409656397	0.429405597919997	0.520774172205348	0.356923832747842	0.438788276609182	0.48819414540032	0.391995794083813	0.442195521653407	0.0847265817141764	0.429396387152133	0.290108600962788	0.557968385873135	0.419309379010486	-0.0181908577809794	0.159319070781517	0.524945506809733	0.527329994092296	0.588387230251586	0.0766891607245183	0.585395735573046	0.523538469176866	0.517982916942327	0.203839533634523	0.35959354463815	0.295009503873213	0.472382892324374	0.239767368490986	0.0938427826102869	0.5316686433033	0.351716867725274	0.588645098407008	0.114163326373286	-0.0134051906474577	0.181336181425529	0.238888535091988	0.224001439170486
0.318749706230001	0.362373246064792	0.440966199981238	0.547730467609573	0.527447329267617	0.46189849446294	0.573585882422539	0.302790245270787	0.609815719811516	0.155210394641937	0.473082800655998	0.395908260401855	0.270779088106574	0.327333487489101	0.543934752308671	0.178466738092116	0.320460653857768	-0.020345098270184	0.321420076364933	0.23129398105351	0.194566135495411	1	0.408299664478311	0.529356662469358	0.287941448666687	0.100319743919146	0.284287382396006	0.34575093911058	0.27725737091613	0.0996040168028456	-0.157823721832155	-0.100400558742517	0.352333082422962	0.193253544281627	0.45130872221684	0.284784878995919	0.391706203548693	0.267968000701545	0.4369188142677	0.31009146291873	0.203792261139506	-0.185154080747659	-0.0563704663886614	0.0703131706735645	0.0168748825381317	0.376327170051639	0.23271144421244	0.523112740464357	0.448178253282395	0.2503648195875	0.362323352654684	0.230708834944741	0.543231551759327	0.42046340158099	0.38374822887395	0.467357904278035	0.507885498968886	0.514811956989746	0.518749571991891	0.610781786661615	0.609391573881761	0.489421718654875	0.591778633013078	0.460226647205418	0.192500883229103	0.436035281893117	-0.0124617567693649	0.380849448610628	0.486577514040111	0.0892441244489044	0.40577451374754	0.593037955039384	0.369655589706414	0.381096120625443	0.392214042007337	0.0780201425432609	0.28272670079778	0.444141044475199	0.04529433986073	0.0254486964103792	0.0305232059653831	0.0646626447232267	0.249813108057339	0.00785906874081383	-0.158615846956394	-0.0490061889927496	0.31657472455079	0.506895518466373	0.463492191477676	-0.142037620057948	0.481092140778801	0.339062082043092	0.127195031361496	0.0737199448112404	0.106111840273647	0.482769946850071	0.312929272085212	0.474963110374806	0.239161364874587	0.557495881316888
