1	0.749760243378953	0.808986399732718	0.807617480451556	0.769352646269609	0.721084993317048	0.617065284517635	0.387365447767542	0.597675323573839	0.43473426095072	0.458116423631916	0.486027334802611	0.530914210418415	0.491232153644271	0.442238491625861	0.522450231941051	0.59969833081438	0.304566369795484	0.557648245355864	0.242403215769484	0.525806616747482	0.439171146556402	0.421729207898711	0.378907558700725	0.531489788973578	0.412484143779782	0.462413425314925	0.462370095784542	0.431317827388749	0.349024251429387	0.459733654317606	0.576527947849348	0.519648078958685	0.290902708791524	0.528856238294403	0.446097255955749	0.507595330970219	0.345974468541765	0.316787652629318	0.34645561276359	0.48385006485254	0.499237414504181	0.47742828595997	0.369257494564616	0.295137939307291	0.428319717891303	0.513818528660396	0.452366272497831	0.570197115174486	0.597257189847743	0.572902596591765	0.659240230442959	0.516600890362079	0.65632873081143	0.371491505042925	0.617317651557466	0.479042601305552	0.602222763499749	0.592816855203248	0.661906102406399	0.628202663103199	0.54253558680993	0.450494089388737	0.445469821328947	0.587642713400177	0.557657635927296	0.465215200753372	0.36004532631684	0.516446345524814	0.323319938553646	0.296347600047009	0.530110146530523	0.283636878647641	0.56548312393726	0.31602494548432	0.296681745732587	0.397215888058583	0.386188226351562	0.556404291256916	0.384349875831382	0.400076839743277	0.467161684005305	0.562418917810681	0.395189673025331	0.393343528835449	0.0935894208266146	0.345856660300137	0.29602355256326	0.460646507836799	0.243859391947534	0.0384345954791514	0.255508359698761	0.268666122290435	0.386287104038137	0.369194544389358	-0.119945853672107	0.566431406158342	0.548647535033724	0.49664067003983	0.558270911204554
0.749760243378953	1	0.754239990201369	0.881976407063366	0.628910516894658	0.66484594204248	0.715286007635594	0.493174760064225	0.665581077886084	0.535999064875379	0.475371243941456	0.548694018347123	0.617724801756935	0.496814975996406	0.547396433884839	0.647390761314575	0.702049032758163	0.499864871781469	0.609502092773731	0.387205698055397	0.635557839633549	0.488143290497016	0.39424510532923	0.559201858100829	0.656574328002331	0.491198627376007	0.525312812926564	0.677176284562692	0.421631711947847	0.534344799084492	0.59971156486976	0.566429044686437	0.501914263491819	0.355433560219851	0.58751187206271	0.59859702473513	0.555600758169131	0.397905161503456	0.392738888871436	0.491878119230659	0.537851590974772	0.523019898032167	0.605116626275625	0.422388158848095	0.296389566436611	0.46814189460644	0.542297807765335	0.441594420767377	0.556652241303207	0.693779144122245	0.477241936798912	0.70690587567214	0.654045700868922	0.578273629888766	0.378820133025232	0.726210449384846	0.568360612916344	0.649578924983406	0.609712203126389	0.687974461810412	0.676572119704074	0.571661843620644	0.420613986552129	0.5653239610041	0.545589970580301	0.594779648555322	0.588593482769209	0.469353341717437	0.651529262445445	0.415355288941968	0.401022466008781	0.550269917591322	0.360444345192827	0.604706466913539	0.555924557583003	0.489921974506602	0.411901375707526	0.641536106938561	0.621857670195034	0.557493728223038	0.57897162674079	0.543384111946755	0.697381295461754	0.546173156247468	0.500849226124226	0.282289815921392	0.30859984764828	0.478418812856986	0.636090914223945	0.413298622395294	0.0541227951048567	0.431759958060899	0.401740237845309	0.575168059814776	0.447351728340953	-0.166996680904424	0.486364540281419	0.671167543266221	0.608218850548749	0.679283127955388
0.808986399732718	0.754239990201369	1	0.813211200290317	0.699533027421926	0.704764065525922	0.596699594780867	0.323256396747659	0.469264926336324	0.372044627246352	0.421866482413652	0.394765128558344	0.428202373578121	0.404615050664752	0.347351385604266	0.451683751914534	0.534225431546527	0.33685733945109	0.42905097149051	0.237025246299072	0.427377374886287	0.420098274867145	0.281305535802147	0.433713958212702	0.426749364111642	0.45240080655116	0.349919878111144	0.51336347962689	0.356568144245027	0.377223053830521	0.447697908046534	0.512539306913387	0.460524591491599	0.278870628247731	0.461400094324255	0.501256243407103	0.410782153381205	0.214061928114288	0.355456894515187	0.350475548109203	0.427911721077858	0.405308668304513	0.396954746589514	0.32523580801352	0.304544700523061	0.374756717346596	0.387803814127056	0.420260356955546	0.545842169184221	0.529411572570875	0.490715037701741	0.693808573030847	0.555558438174272	0.682108085656768	0.413792991956198	0.564148595336801	0.466597835376339	0.520298776928994	0.495607880304521	0.553329366086104	0.515412509773665	0.425537436033996	0.366467860166491	0.455915151223337	0.490348265151567	0.50821866588056	0.490653448411935	0.423655165444033	0.553954550134564	0.390237777607058	0.287938078785335	0.396654403271687	0.351859814193886	0.379952523680479	0.383861356310806	0.385425754800877	0.272956843345477	0.40895275528149	0.444080783677573	0.434156060798494	0.397413867747086	0.493752153197273	0.52291036492114	0.43155489977708	0.445609822554345	0.161816087962619	0.269661842877368	0.381909413667917	0.476325334259885	0.318731510606888	0.147523228232202	0.271385545933729	0.284204739006182	0.371553671665766	0.265873826951876	-0.0754115615367807	0.475136213888937	0.528527961655786	0.483355802879536	0.496731852974152
0.807617480451556	0.881976407063366	0.813211200290317	1	0.694025631324462	0.771179151640824	0.766310574151055	0.473316757760707	0.664676794017654	0.564381898297731	0.490707095595315	0.539360553431522	0.653291382478695	0.518456217027399	0.619532920802149	0.681454614680749	0.657027043737066	0.445549054340731	0.62910247364993	0.346014436133949	0.598813741816736	0.461994814718678	0.402094481996795	0.505568418822988	0.603373668410334	0.459907669366935	0.462971956977711	0.632220817407255	0.456038488520353	0.505303397955856	0.574208390395466	0.579357309445129	0.592055555666661	0.214575607806025	0.583830340397971	0.579833714181708	0.517342107761725	0.353279390242382	0.364602264349496	0.357495639751782	0.532926468747831	0.583403765027028	0.59717328350023	0.341369378567907	0.299961381888595	0.436801355176572	0.52751694354534	0.474090140871953	0.600604724710962	0.669305207732295	0.518488529290136	0.717931370437651	0.670680956337266	0.704738423144054	0.410228507253634	0.753602878521594	0.599089899998807	0.691519749668596	0.642893001257945	0.702199949074904	0.660611332357853	0.481154479298796	0.376579307314617	0.585866559760315	0.54461454036127	0.578310444760639	0.580156140417806	0.569943377170523	0.646655548561722	0.453850006892065	0.41111506783216	0.534992364253389	0.400631507358077	0.598810581716173	0.542739222910314	0.409528587449526	0.380465060291863	0.586070440079862	0.597917698427712	0.568655784747276	0.475043282215051	0.580056721766784	0.67277177880678	0.555319016720418	0.48465784969494	0.116808800219289	0.344468576943514	0.429733867041217	0.633880488491728	0.371821733087602	0.0383313305713952	0.302234232336582	0.278589097877137	0.538235495462466	0.438416663320925	-0.200071660669392	0.456543416831984	0.656228562627256	0.587257120818327	0.674389847942771
0.769352646269609	0.628910516894658	0.699533027421926	0.694025631324462	1	0.735953477279376	0.58547881785957	0.230507042608829	0.505285439250833	0.403446539525942	0.383160894271865	0.406876370101156	0.400928565714561	0.370960150454724	0.378840268645497	0.465367595308793	0.534481950561948	0.210015653957197	0.443565629144308	0.0947560305122137	0.447933699242167	0.356067384911657	0.397275958070581	0.440097443313141	0.39305120408707	0.308987456216872	0.384073803053642	0.440441561392521	0.432004087444429	0.314056244057775	0.408505269765941	0.449916232338229	0.497931297872043	0.201312484208883	0.495789934256701	0.370077390276513	0.491709431679045	0.183211105870182	0.357269871188575	0.30770130370126	0.442819338286452	0.338812702826979	0.424709533266219	0.263373763475532	0.227288554414428	0.419897508864525	0.491354693790243	0.5197409706226	0.529105937469414	0.49055123688824	0.57649454712865	0.548339728940305	0.447302709042509	0.649008472959505	0.372676571566887	0.541332476898861	0.402023182818779	0.434321895122184	0.434051884320136	0.502289591794654	0.586231490769942	0.5116166431138	0.436443279103866	0.348306768457805	0.475064181749764	0.418071706188932	0.429204552547385	0.250256595876473	0.407724383273472	0.187212546628136	0.229553976978522	0.49276985725563	0.259008551865168	0.433639200407227	0.163799658411572	0.284580260039642	0.389316515397703	0.379694630191764	0.484638137416191	0.24491445590368	0.345394963719055	0.35842088452317	0.453867967898684	0.286253444802505	0.28914676383554	0.0847846486881509	0.367535205750317	0.27244068007533	0.341451474006307	0.17659157579867	0.163084959851236	0.298365485188911	0.190498147673751	0.385321798641739	0.323869600519027	-0.123045792851622	0.434481792894937	0.502811281251504	0.423407854027001	0.416900938936611
0.721084993317048	0.66484594204248	0.704764065525922	0.771179151640824	0.735953477279376	1	0.754439033755152	0.581247360211036	0.697369200718391	0.581149733162802	0.501605611158472	0.555669270043528	0.603332148947167	0.476696403657338	0.473054081262504	0.700736364964267	0.670378988826245	0.524915905391745	0.706052701219194	0.420390055315338	0.630551216462161	0.54195751125314	0.483472560128005	0.584584538398067	0.505098132460552	0.521403191539665	0.482113293135833	0.593841527594551	0.578075284004907	0.468869109990927	0.685299688878452	0.615311768214337	0.694152042291008	0.271886480184853	0.682924432559444	0.672349136108908	0.586238972329292	0.452658867833103	0.55205050179734	0.361615586282967	0.543521633096932	0.578369538601404	0.639452326262042	0.467544152750168	0.490486912958767	0.509796163804399	0.588069263880916	0.703278446698948	0.636851541132127	0.658215965204928	0.574225953381445	0.664298684203548	0.667666338635176	0.706337057461467	0.433902335110202	0.726418113957662	0.572703014924253	0.650081856009876	0.610620790532487	0.655153599189509	0.635201692687235	0.49263432962143	0.393834409260637	0.514537145757063	0.572254974139384	0.695921691083272	0.662334632321535	0.541045415119919	0.639262635419111	0.49347357617727	0.494820357975717	0.499393762452574	0.439949809368728	0.530998820480138	0.49828630866626	0.505634966301557	0.471563924796021	0.452669925895371	0.46469894521892	0.602881810281694	0.527752560629399	0.627382672534788	0.577156778736953	0.588409626039798	0.611228229131195	0.109729890205876	0.381839513608841	0.505195060892116	0.575500557171107	0.447428190991894	0.250585355614587	0.256829280493625	0.441152354231561	0.482780120836273	0.45084245101623	-0.083791116119265	0.538221286370661	0.548280591034166	0.544339974530873	0.636474369829005
0.617065284517635	0.715286007635594	0.596699594780867	0.766310574151055	0.58547881785957	0.754439033755152	1	0.605746733011168	0.796175308499177	0.456673350848394	0.429506145893594	0.471200745145994	0.510442126128271	0.32609756761171	0.403647746727896	0.787968910130703	0.555832819934305	0.429166053195877	0.648808554271467	0.247728402673671	0.587651106434058	0.375487362042462	0.361589345877256	0.739917414000472	0.453576209098751	0.430776030974454	0.314515545844523	0.498467387936038	0.391032688372076	0.424862571691356	0.649865059355836	0.464805931571413	0.541967395644389	0.202504859446154	0.882102018200285	0.724099462363737	0.679374967842367	0.38495750410771	0.750357870006635	0.373726067478129	0.404896328303253	0.484328033235574	0.78458060902889	0.417730732567913	0.356551736114	0.283293131143548	0.461665394393581	0.6723031156274	0.482553866230673	0.582300715688523	0.440895711899356	0.528652502650466	0.67220459173419	0.541783820540432	0.352380828539058	0.87193473145424	0.496659543611052	0.722526780417041	0.692502469184313	0.733618743971178	0.553553957256389	0.455673660320042	0.299297511671552	0.435774834088421	0.433288381630571	0.597096184908814	0.654151581039868	0.442193725426198	0.664007742456908	0.465579057456216	0.302353167598262	0.379118179407232	0.562562635800142	0.416977570238824	0.521565748108657	0.432466396488389	0.317725390858258	0.401630728706598	0.441845022004387	0.59181551476993	0.349772595367362	0.415238000583273	0.563610268932816	0.650180649561535	0.54947574799599	0.0369575418768929	0.487935729197439	0.694205921191589	0.582981172668398	0.507068006868762	0.373421660395436	0.306291397726672	0.400305588480382	0.366808322158309	0.314019310266155	-0.0802613021208722	0.399145652798251	0.483306845280295	0.413460295466676	0.553666468494342
0.387365447767542	0.493174760064225	0.323256396747659	0.473316757760707	0.230507042608829	0.581247360211036	0.605746733011168	1	0.788609985450783	0.393769440472307	0.351975046727331	0.472383560264072	0.583814477969255	0.471133117439193	0.363213843890723	0.688087206601286	0.555034529415045	0.699510640264615	0.75793888817309	0.679385214441011	0.52782033274679	0.396146699365712	0.34627668115472	0.574923730302988	0.560403232420635	0.546819998133316	0.449256403809438	0.428598358773156	0.330254013289534	0.321939937086974	0.647329434570232	0.516384141627312	0.543364371295742	0.203303064159043	0.611178136933191	0.658978236480671	0.468169329058554	0.490901637793847	0.522225433303364	0.272257042961459	0.424234174546181	0.521486398930886	0.646066666637404	0.499046937513752	0.597333876173907	0.351145869998964	0.44106287347252	0.434676999368314	0.521466172249033	0.470172131988077	0.385723794653035	0.490925589393349	0.517582337502292	0.35137626350737	0.330131245809227	0.640549951385982	0.581344899158414	0.741966250625279	0.703087108769996	0.724124529840409	0.475810533008267	0.389006592180634	0.196730677337225	0.529205079672242	0.399964956381031	0.521837453890409	0.586371538636031	0.628339534305543	0.719317653508045	0.638351067908203	0.454096590039176	0.427158656838641	0.482313211567945	0.517719410724865	0.598726722110754	0.422847748330217	0.353967593734165	0.302890052388192	0.362533717522372	0.692564878703374	0.531551351066986	0.579169260613092	0.433965755780094	0.62726072187621	0.571019309749862	0.129372139570769	0.292849756976806	0.603315347805851	0.547273294007643	0.640964124635846	0.272496750226232	0.213410757217789	0.583276089372162	0.412449659073755	0.42264149638725	-0.0590392668318665	0.333584817267225	0.401257522537526	0.380807313640117	0.521798066710524
0.597675323573839	0.665581077886084	0.469264926336324	0.664676794017654	0.505285439250833	0.697369200718391	0.796175308499177	0.788609985450783	1	0.462893438073434	0.497560018656187	0.504511521111544	0.638371115844649	0.400579469615513	0.453499426706675	0.801922889421864	0.646241114283044	0.560764747014598	0.799492469604618	0.490554671681789	0.670368499014993	0.415086504399908	0.472739566275291	0.712794102538109	0.616349333027397	0.514129966577835	0.52313172926605	0.505806133251921	0.464008204038978	0.390002715276171	0.683079088716171	0.522826064651517	0.625739293703149	0.222323287783741	0.802249660711802	0.733507461468393	0.685523509329725	0.524829007880639	0.619941408691554	0.354858896633865	0.451008329522029	0.611835489303748	0.756242572021894	0.518114568645123	0.460108966010185	0.42033983025233	0.567772955204341	0.535396487746182	0.571259896709032	0.575458135205305	0.483315459226761	0.517051711965563	0.616850971582801	0.463459343599179	0.382161334870766	0.780046877697975	0.637829205349665	0.789967903171995	0.820764231328904	0.907921962063063	0.628078942917406	0.574821846224855	0.341341497747621	0.508319673547889	0.499138126441938	0.573477249062388	0.635548267067236	0.572951818362539	0.76472008885458	0.559528785238894	0.428403044363415	0.515549847413867	0.561870836252936	0.579271405447973	0.57308223702437	0.415801427269328	0.43957805269129	0.399391005451987	0.539999851428533	0.655175267798131	0.476080934526831	0.543974992386363	0.543009668594056	0.664400888262505	0.529139735350457	0.0464114340266698	0.486521878718182	0.639990068369621	0.609544748482405	0.565550097435859	0.231807179755445	0.283398322198805	0.49911525332204	0.465388268977834	0.432305647197535	-0.178997434569728	0.426386086427777	0.49747720967326	0.440989772118558	0.639225255574349
0.43473426095072	0.535999064875379	0.372044627246352	0.564381898297731	0.403446539525942	0.581149733162802	0.456673350848394	0.393769440472307	0.462893438073434	1	0.581225476745056	0.769393987958724	0.631749780701972	0.266066056953491	0.527205231980518	0.503253678309801	0.726756518246637	0.591637223866837	0.543906747772356	0.439495335094868	0.741427934334013	0.750150259126226	0.562132942587576	0.492604417268106	0.573789495172125	0.349345169575635	0.650469041574779	0.65921780490372	0.612384968853079	0.460210397917787	0.593156987561051	0.630149922707339	0.593997982953826	0.487287137099581	0.417691907456556	0.470701643821643	0.512068471056987	0.438636985438858	0.281775701235309	0.541308440171152	0.608484531655833	0.602494253230925	0.521881431119069	0.521727444347725	0.342506830804974	0.649035211154859	0.689090858604412	0.350654232667773	0.47684545927699	0.718307069383279	0.245573034290527	0.477871520136733	0.513143562009024	0.405430798071676	0.264000831247755	0.492425516891422	0.546766182203223	0.463607566980684	0.477703945616185	0.563821999976459	0.782760757948386	0.595495596181696	0.50165749518994	0.539674642405683	0.546664528432511	0.596274645726933	0.500420080019276	0.440613533246975	0.454631686047823	0.43209364829162	0.505299829954343	0.718347210566094	0.277765293004887	0.644461009660657	0.476333220475249	0.617907224054433	0.683409980096399	0.705841916816241	0.625907800087224	0.519292573066727	0.669183553146817	0.569166088850927	0.641332116003103	0.507202222027533	0.526013634220791	0.492876188469809	0.199666634676059	0.316384235650983	0.580439746422039	0.464885241782134	-0.0444647114471983	0.578793384417816	0.526634521553158	0.695959242667147	0.706852053668824	-0.19633070940284	0.420120000022535	0.67331215502467	0.771001913683352	0.730407864840096
0.458116423631916	0.475371243941456	0.421866482413652	0.490707095595315	0.383160894271865	0.501605611158472	0.429506145893594	0.351975046727331	0.497560018656187	0.581225476745056	1	0.538410955143632	0.440332340146414	0.193500797112342	0.297586628168062	0.409695453726221	0.558072831823963	0.378038498906546	0.40030255561968	0.33231902252741	0.537871181536741	0.568811925723611	0.44626387453972	0.464498091110893	0.461314403172715	0.289074218690593	0.486921935387203	0.418702166278046	0.433951661121353	0.238416179493325	0.400513816662726	0.440545562554666	0.424358306446255	0.390217211559102	0.439724113543585	0.411101797031176	0.454981891914845	0.214207347231096	0.260104992429648	0.361151986674027	0.418552643630106	0.349570185156419	0.423813599161731	0.403654812415643	0.258500850483502	0.454961516811251	0.506843845434414	0.255973270580422	0.443878956360957	0.48895564695134	0.218191651947952	0.290101613196387	0.38931168791555	0.376159035395827	0.309887313015915	0.430609946709747	0.437622693432874	0.458373524988066	0.4201286629467	0.532876733123995	0.568119927244214	0.467466513370038	0.337824100964217	0.376145896653763	0.464014947595935	0.527234614955087	0.408258364010122	0.255805777779001	0.383982600564866	0.281943297723609	0.352557020009039	0.492673732082056	0.332594354304956	0.504606614591852	0.330329621206849	0.417563504665558	0.485772459455871	0.433278573349268	0.411645854467162	0.379831037315755	0.422266482551158	0.453387576223977	0.458010927634128	0.44993065629234	0.410861376826069	0.199283234303347	0.259191959185033	0.314074193943323	0.491152885637261	0.315032652837005	-0.0179154867880159	0.331620105772753	0.426078025506171	0.497918590109813	0.424769340173608	-0.121936553402669	0.288100601185445	0.486884823539931	0.421589904498423	0.60625446137791
0.486027334802611	0.548694018347123	0.394765128558344	0.539360553431522	0.406876370101156	0.555669270043528	0.471200745145994	0.472383560264072	0.504511521111544	0.769393987958725	0.538410955143632	1	0.715456953152392	0.404487015010196	0.479438002109857	0.455463590728202	0.74522050433135	0.575582291856478	0.582268363907277	0.439467654762814	0.759875513916636	0.782742294578402	0.719253439132035	0.486456854119232	0.606267803457661	0.498248558373868	0.634651473041059	0.623060237270062	0.610982683589024	0.433540222543501	0.540560048902295	0.671941467808109	0.674807551020547	0.467243194271223	0.418374456060327	0.489688855869619	0.436447200717033	0.392695181309637	0.347646455328806	0.581576082523399	0.634047463216194	0.604408354727437	0.496713411215614	0.643900980481314	0.433854172848958	0.690061283990662	0.725603964278059	0.383596111413164	0.533618095348921	0.725915252752628	0.24905235916229	0.53428625797774	0.497810867231726	0.450996867741504	0.310746237004035	0.479954972798573	0.467548006218373	0.444548204218094	0.424345546142073	0.532781176410692	0.761050058331356	0.585703170938954	0.576004569609744	0.541856236524382	0.577791812437745	0.616605028085912	0.50084416212272	0.462997269591268	0.461589510127419	0.43543829518838	0.575135647458585	0.717272010688872	0.281896457681118	0.631758432430002	0.462725884991156	0.619623144624687	0.678634113338594	0.63795515806438	0.598009249139251	0.518203016933191	0.640135369745004	0.550866212785353	0.634284583114013	0.458380558772456	0.502614072444251	0.507297718955369	0.240657060578813	0.369957207881968	0.570907185849742	0.455527386773841	0.12135769913855	0.633542090957295	0.634205895330644	0.645458451498288	0.703764390297145	-0.0202660808129404	0.352863159018895	0.630970376976461	0.646265898707279	0.688879510564497
0.530914210418415	0.617724801756935	0.428202373578121	0.653291382478695	0.400928565714561	0.603332148947167	0.510442126128271	0.583814477969255	0.638371115844649	0.631749780701972	0.440332340146414	0.715456953152392	1	0.573653213960362	0.653203745181754	0.715680495411985	0.79328976778076	0.685760191233823	0.713148733788809	0.54144440660779	0.774744996172879	0.654180732859983	0.622733407512036	0.496204800391356	0.745721764898562	0.451858975959123	0.608190051748451	0.647208632326859	0.641045875587285	0.580006838808616	0.736554637226268	0.690074724350438	0.728186857710457	0.239412148744407	0.518443524938687	0.597693006032959	0.514770908368994	0.46690980097959	0.299156590326302	0.286070192222715	0.654226821896785	0.720228766002635	0.679019700288922	0.4428903173059	0.450447068065945	0.577932520342678	0.694265694833579	0.424781806112759	0.610865824797807	0.722143182863813	0.382215601670648	0.601076554871156	0.625103769777136	0.435453351190727	0.345791835925608	0.58871084875398	0.633587952394352	0.568901363258365	0.537049424335631	0.696591932549539	0.718748154391177	0.624635554695808	0.558947808702532	0.720882150392336	0.60696661026223	0.615183803122027	0.604285748430206	0.666403123513435	0.591387736400473	0.558369569663014	0.694154518375333	0.72725816848184	0.36205319095083	0.754002124242957	0.620417474677373	0.497722855919307	0.573767305197145	0.590146998558645	0.672827473723805	0.668016354386771	0.666677561057541	0.720970850499609	0.721421131345576	0.635073113227499	0.55454522522049	0.240589001741528	0.311760104668944	0.435849776300421	0.674650414012041	0.476956235130979	-0.0524047274287535	0.362120158043886	0.468606727534929	0.639964213472452	0.578611238011844	-0.254588886433008	0.436755559630298	0.644886643546902	0.62215763580101	0.736249012954673
0.491232153644271	0.496814975996406	0.404615050664752	0.518456217027399	0.370960150454724	0.476696403657338	0.32609756761171	0.471133117439194	0.400579469615513	0.266066056953491	0.193500797112342	0.404487015010196	0.573653213960362	1	0.548415751278004	0.492311289857776	0.498272418499316	0.447756456540614	0.568667440519876	0.379023852838353	0.451337989947223	0.302057455067098	0.337762910289821	0.224959310606722	0.550177821949907	0.4733640561073	0.433359888703706	0.429177105486879	0.419457109786954	0.514377886715215	0.505479787396493	0.513105035526393	0.504713752779778	0.0587413988428126	0.24939247504714	0.42748773066785	0.157412607051583	0.31047496887212	0.165075926499415	0.226459712596575	0.472703714531344	0.409062732392094	0.451191823580268	0.275759246530345	0.493707041140337	0.319524704914806	0.457821890376805	0.280775485427947	0.589296080704792	0.51296860377203	0.488174611316639	0.540496474589555	0.557939206576471	0.457089056783429	0.144000594156169	0.495039974977843	0.456357606981383	0.44079691625435	0.349184293492585	0.416175528749414	0.484996870534435	0.367752454284666	0.373839575696777	0.538597010337446	0.565489139115171	0.4967485584572	0.542782736198095	0.562739236245267	0.577234248973691	0.45639933246405	0.613786258040461	0.468380827157377	0.265047341314419	0.545757218585626	0.537854612952636	0.383861462373614	0.315745013544645	0.324456804782379	0.413997201104635	0.552984889517194	0.502925905493979	0.599695666251067	0.491307277086408	0.480167347234893	0.435419006465195	0.239759450513519	0.111075998485911	0.347411777362342	0.546011213990385	0.332978517322979	0.0411028981258755	0.186046748140342	0.284815734734747	0.410796814777433	0.381264592686642	-0.261538708755459	0.40754515409294	0.43558500510396	0.368426625333073	0.515843582770464
0.442238491625861	0.547396433884839	0.347351385604266	0.619532920802149	0.378840268645497	0.473054081262504	0.403647746727896	0.363213843890723	0.453499426706675	0.527205231980518	0.297586628168062	0.479438002109857	0.653203745181754	0.548415751278004	1	0.562920105355801	0.520982647028892	0.451748376969412	0.563712745742992	0.298257313824915	0.544816407422857	0.338890324389558	0.390944777492843	0.254744023497063	0.530151610905468	0.286967305200622	0.396206988759045	0.628600378422254	0.50807056027858	0.502935425315582	0.50937302580523	0.486041183009393	0.511524371429129	0.168976904055816	0.328430564757844	0.403898524019944	0.352890825105781	0.232696963991646	0.109006587722345	0.272206935843968	0.497291793386591	0.482264671975112	0.53354124157838	0.260170583071383	0.22612504959952	0.416107098773839	0.540981530796601	0.415844660734836	0.473192071089416	0.642299299702529	0.403769726541834	0.567357747015892	0.562491129107156	0.351496042685034	0.328358538546449	0.511644455571491	0.38910553960095	0.41299992018547	0.382203556096913	0.48868403787602	0.592616979516301	0.428236174259705	0.411326914639648	0.537430876726699	0.515773317990945	0.43238627208758	0.449811670255546	0.503935148855298	0.459252316185035	0.394872849752766	0.528252401558398	0.584445837048342	0.246616301367895	0.621528561171626	0.467816899173332	0.341112909215318	0.37091686735601	0.571596637745233	0.621806055912219	0.432534210341945	0.514197847503029	0.561266402071357	0.541822783263333	0.451903489282824	0.389219541217059	0.14771760812157	0.224540807905042	0.25072955619969	0.555675893555078	0.286316622001771	-0.155369175620716	0.285910808431967	0.200264775444542	0.561411369792892	0.512916390686979	-0.231457122429172	0.349795191670888	0.513969319819467	0.460489367041583	0.560547384736776
0.522450231941051	0.647390761314575	0.451683751914534	0.681454614680749	0.465367595308793	0.700736364964267	0.787968910130703	0.688087206601286	0.801922889421865	0.503253678309801	0.409695453726221	0.455463590728202	0.715680495411985	0.492311289857776	0.562920105355801	1	0.674202083956401	0.636064781335174	0.737929807733278	0.49263923918891	0.693752356128342	0.422060616712328	0.433660964249131	0.700535427955258	0.649293835097268	0.426877077807516	0.411659604611018	0.583996062734007	0.511508555254454	0.585661072912499	0.860886392088781	0.595586090952316	0.591391528999001	0.175705011151088	0.827039673892433	0.825358013378977	0.67210403851258	0.506191301942845	0.615329861539328	0.280981131728227	0.53442536034786	0.612424766527083	0.893368194384144	0.414105180182886	0.497036725296836	0.372880938073542	0.58344260918645	0.579919848260923	0.572408290246834	0.64991031019035	0.445323899655315	0.523469595409056	0.745181087165227	0.483961212765777	0.345391598808343	0.867954171590372	0.635243932508089	0.742193152013533	0.707516611273871	0.776757197395884	0.619734692792722	0.559212535120979	0.366929586925846	0.580837233976718	0.564139170976158	0.686900140796106	0.788267591144839	0.595705605563411	0.730218729034037	0.602220164429582	0.502894681643466	0.518522982287663	0.51544363376577	0.586758603970952	0.69984060422554	0.476142416885542	0.445589377936574	0.415274113676867	0.524056475958063	0.762918451088472	0.53103801277917	0.648426766308005	0.612815380736867	0.813153719236399	0.657690827290123	0.0574865486362243	0.474835975687018	0.746126896154041	0.738968033854863	0.57844116682693	0.226023599300159	0.197615125428877	0.449395485039123	0.466410516016863	0.426981132960024	-0.199366864803491	0.413095896720299	0.483386928991833	0.45764819192503	0.643773080600547
0.59969833081438	0.702049032758163	0.534225431546527	0.657027043737066	0.534481950561948	0.670378988826245	0.555832819934305	0.555034529415045	0.646241114283044	0.726756518246637	0.558072831823963	0.74522050433135	0.79328976778076	0.498272418499316	0.520982647028892	0.674202083956401	1	0.687698949229586	0.692034032812092	0.554682813583429	0.879464914737921	0.731187524000983	0.615079312682704	0.593097653891572	0.729295867983553	0.584386163340925	0.701259179660762	0.701442702733402	0.67125655423974	0.598493841282579	0.769028177528485	0.77321104015811	0.674855594278092	0.466086440347144	0.575014993215809	0.657833919508475	0.581744769478963	0.517659495256351	0.398592202825302	0.482231521014485	0.692224289029538	0.665385852756482	0.670951787638527	0.603605874697781	0.502220086841689	0.629712527137229	0.707742715187396	0.401947679638237	0.655642805425733	0.753273700050819	0.422187257485379	0.617604792473831	0.637582561207702	0.450848033497504	0.332735550840234	0.602375294718255	0.627186924576257	0.602573697416177	0.575079824885193	0.686379782181164	0.794508938390798	0.707093406397212	0.625997300286645	0.662201251045746	0.700833648105108	0.712811427400343	0.688574337825713	0.557710807862576	0.628957097749647	0.538195577260866	0.635286790537047	0.750245914032134	0.338002097446775	0.731837074801459	0.59722729373759	0.623558416959056	0.708929409884117	0.621178813356927	0.632755043272904	0.642441876967244	0.726264730457762	0.718634081036293	0.678708138698742	0.622915650529438	0.624077388323876	0.389425517612301	0.251092351079686	0.475662094536134	0.690635847516962	0.524130641984923	0.072564638074392	0.497023643963508	0.575125166252116	0.650804195258049	0.639692949175077	-0.188555561359925	0.537236979276143	0.666770726090383	0.72589917721139	0.788886250353764
0.304566369795484	0.499864871781469	0.33685733945109	0.44554905434073	0.210015653957197	0.524915905391745	0.429166053195877	0.699510640264615	0.560764747014598	0.591637223866837	0.378038498906546	0.575582291856478	0.685760191233823	0.447756456540614	0.451748376969412	0.636064781335174	0.687698949229586	1	0.649563168101473	0.669502328248776	0.651536635876887	0.540737400243381	0.443625856644816	0.525108690915757	0.599836008836685	0.514072594517453	0.628902702935874	0.589710230212662	0.465655861810595	0.4721749373849	0.773719632268092	0.551679928992799	0.59125969086882	0.347725189439604	0.457117983255461	0.649090765545411	0.417813744046043	0.515407175269724	0.408849498427872	0.384842637317543	0.533114954537586	0.50837991273761	0.591931004523579	0.530051828468714	0.530020274367488	0.441749395767548	0.462712680027257	0.379747448849723	0.500357182824138	0.553219075834072	0.313672986280038	0.49320778832217	0.548712901011438	0.322528734497452	0.321429401631013	0.525065352775795	0.53814189728825	0.569022819016978	0.550890514081853	0.629610643760763	0.528566843992381	0.409388399895012	0.360026684515432	0.562919515661103	0.537339959354445	0.586672563228589	0.591976313829611	0.606806375694164	0.659835257457004	0.60740009623539	0.540307678839766	0.502395913960872	0.334645571453321	0.566342438337449	0.601103211191354	0.522619158318953	0.563926667202301	0.552672849394329	0.456557175070067	0.685350677305156	0.660710974047503	0.651764923277918	0.591458864758908	0.588738891442279	0.597091208949466	0.384644244105452	0.143389735617791	0.537547389422091	0.561415293202452	0.654840699636424	0.121067699891204	0.397591660186629	0.668654726394986	0.485261232044511	0.512144902669981	-0.125733055340241	0.488122073153041	0.461855038061207	0.606889284402516	0.619464561565912
0.557648245355864	0.609502092773731	0.42905097149051	0.62910247364993	0.443565629144308	0.706052701219194	0.648808554271467	0.75793888817309	0.799492469604618	0.543906747772356	0.40030255561968	0.582268363907277	0.713148733788809	0.568667440519876	0.563712745742992	0.737929807733278	0.692034032812092	0.649563168101473	1	0.616610005588075	0.692937376703071	0.48727148465828	0.496957583090067	0.544239372385833	0.741978710308598	0.511118875359106	0.591399000272233	0.578195098901266	0.473707222348757	0.510130605406955	0.730842493350072	0.618883511931226	0.679594690347935	0.259288801500801	0.604219388677053	0.755826958020661	0.500012238588322	0.580503495762603	0.450476908399361	0.320987305425848	0.488772436969769	0.62365600278823	0.68924774387622	0.558711388657721	0.55788902060569	0.437871909829932	0.602407101337486	0.492721980530936	0.576531173925181	0.706403594668976	0.537720044837075	0.655329827684508	0.723902624842006	0.471210376699616	0.381444404169248	0.740762611398339	0.663030590332966	0.749713998980489	0.746350778507489	0.793395531329912	0.664758720525024	0.568635360401086	0.408481016950362	0.597254642474447	0.569881467523093	0.662777224197025	0.734562562383641	0.67649487764951	0.849107147948076	0.736333102003822	0.604358647955623	0.573137252522766	0.346782063569367	0.698224233314755	0.655394439546591	0.48968497837754	0.515571017166515	0.466903395124942	0.547835750728878	0.76966008688672	0.620664346693825	0.666807177299414	0.612101329654197	0.658608418850379	0.587791152191517	0.20893958946315	0.28934364240218	0.554724639654197	0.679856238663352	0.577995008376543	0.12582934757437	0.289872212272433	0.527593349564503	0.468886636326783	0.536858832186599	-0.110440500653942	0.427028459180881	0.529777081174269	0.513348798390324	0.694171901145962
0.242403215769484	0.387205698055397	0.237025246299072	0.346014436133949	0.0947560305122137	0.420390055315338	0.247728402673671	0.679385214441011	0.490554671681789	0.439495335094868	0.33231902252741	0.439467654762814	0.54144440660779	0.379023852838353	0.298257313824915	0.49263923918891	0.554682813583429	0.669502328248776	0.616610005588075	1	0.499884587249168	0.478550956854998	0.397899083140927	0.314375655478541	0.603758571378816	0.508238543655696	0.532583728878712	0.471942741471271	0.397105270442533	0.338701918594239	0.581386805835395	0.513424185640401	0.463312827633602	0.367490996395895	0.289157721764086	0.557745949377544	0.180851832960398	0.554319947257217	0.172505817212856	0.359063165249075	0.407982660299233	0.472712586765347	0.38112989842077	0.537483852195562	0.597570311435978	0.463644670163584	0.431560114990125	0.185738966415097	0.436891222611532	0.457609811804268	0.302126243593918	0.407469504123995	0.461072372111043	0.306376749264475	0.319164232586667	0.4204317270933	0.487165802611757	0.584105635043226	0.558926164484678	0.476810730489522	0.488038132312626	0.300402557860929	0.266551290973716	0.492682195834057	0.46330935756279	0.544703460202715	0.510047958619632	0.619338456362893	0.63129933599668	0.569046528936322	0.504902221088653	0.467021379554878	0.162013604570243	0.514707336679312	0.525307248229123	0.44794984448343	0.522214325935216	0.391991498138847	0.364605515673954	0.628890788944118	0.612303310032781	0.591556114112662	0.487600861278709	0.495404324442125	0.470740872700889	0.333441146532845	-0.0334187936549194	0.404504030842549	0.474689077991463	0.50521832989735	0.0617647134338536	0.240775219976326	0.613272356238416	0.489830056921365	0.462812317465636	-0.0318207086874706	0.291713029199109	0.46046855143059	0.529683111981725	0.547285795115697
0.525806616747482	0.635557839633549	0.427377374886287	0.598813741816736	0.447933699242167	0.630551216462161	0.587651106434058	0.52782033274679	0.670368499014993	0.741427934334013	0.537871181536742	0.759875513916636	0.774744996172879	0.451337989947223	0.544816407422857	0.693752356128342	0.879464914737921	0.651536635876887	0.692937376703071	0.499884587249168	1	0.674723679423078	0.682850592757758	0.582023296478598	0.723050178824912	0.508848730583396	0.663984841418914	0.637481566035104	0.680148302832264	0.565202293614372	0.778232591052764	0.734001593760431	0.719531708968513	0.456599439248269	0.593153141107056	0.675205458135495	0.622747267157451	0.495374264346217	0.432337556260385	0.483978776576289	0.661257381215296	0.65787157659319	0.729155651866164	0.61759526512816	0.488975088694113	0.645084187767834	0.77803161788073	0.42244116812903	0.583259787666735	0.804546450461197	0.305962947408105	0.529969438091141	0.683243281724188	0.407417697517702	0.322388523174205	0.646828129370189	0.618591652284485	0.541143311579025	0.578985958362931	0.722741597058285	0.786175917654932	0.693699103406501	0.613484639861633	0.664855810588591	0.663033565092342	0.743290635424224	0.695843482548487	0.541935876747043	0.619979885049794	0.529556220587738	0.593343433347206	0.72317996386465	0.419304734604311	0.70438663366806	0.591409047138322	0.659461891602637	0.660596919916271	0.556480836351094	0.631400916700552	0.664672365688301	0.696300857021837	0.703964834884605	0.672146008620902	0.675654738431075	0.639187270559929	0.370258132441093	0.306451358353919	0.53040522442104	0.734983873686652	0.556741260213232	0.119133598415169	0.49288071857598	0.577794897040754	0.623788257050888	0.638290951093844	-0.148136771758327	0.481044348721714	0.610958124780458	0.646488173581652	0.79014927285034
0.439171146556403	0.488143290497016	0.420098274867145	0.461994814718678	0.356067384911657	0.54195751125314	0.375487362042462	0.396146699365712	0.415086504399908	0.750150259126227	0.568811925723611	0.782742294578402	0.654180732859983	0.302057455067098	0.338890324389558	0.422060616712328	0.731187524000984	0.540737400243381	0.48727148465828	0.478550956854998	0.674723679423078	1	0.696547027827113	0.45057481828509	0.591857114013389	0.459018821009145	0.634648655587366	0.591609445951617	0.701773726448337	0.462908078439988	0.559084732482358	0.676258533550171	0.5747387527313	0.511234586221018	0.374343442224756	0.496305580141893	0.399216853011822	0.476542009701217	0.263550961729054	0.540655959958806	0.736335713841574	0.614482749865909	0.417674199646872	0.626792027013761	0.419807876372054	0.81025910374	0.714404950258229	0.312693872843957	0.604950221496592	0.667054375847514	0.268024393144997	0.514270803627234	0.455145226277096	0.438887027155796	0.34155268046959	0.417760597414687	0.406755437027822	0.395039178757315	0.411874181400228	0.478087921233459	0.69167039363436	0.552364803633679	0.51216789675623	0.474957076762607	0.525828240208909	0.601938384461932	0.512117429660158	0.476343071651292	0.439089294743813	0.381207848008934	0.621600035743092	0.712753815038364	0.224589815018739	0.580052768697015	0.474599069143097	0.605843783539625	0.694745243346092	0.598175565126919	0.621605959334731	0.541274716916806	0.674178740941469	0.590076423904918	0.631713264669196	0.475566990407805	0.556209419214084	0.514904305880815	0.0963111913883307	0.348997151258866	0.53423862463764	0.385336315607939	0.116128496149405	0.576861986229181	0.653421086868686	0.675346487973545	0.634343328671936	-0.0289737119223122	0.482808367777211	0.664983439865171	0.677466424879444	0.620443757831553
