1	0.598089575511632	0.676725356409717	0.551938330002717	0.548037014356369	0.523294700541365	0.530704359774641	0.0409712060749241	0.178780953040883	0.276313949417894	0.062275133368726	0.347707556714057	0.337957265038722	0.332615740413899	0.47679984178488	0.350133074070226	0.278636969737135	0.194941472633132	0.158477278763657	0.180202852913899	0.175634843699855	0.0807661989764915	0.198380067677101	0.132689135847082	0.132847991434843	0.271956497592435	0.0530661375369033	0.0340974741409845	0.118491449978394	0.239973772508514	0.304789560541371	0.258835779296407	0.281415462159846	0.214524119440587	0.296518300583893	0.262489979066889	-0.120630279594082	0.179124389954109	0.132257069226191	0.098470985842822	0.227009936376734	0.335953775488505	0.215367413711198	0.163502808712379	0.221852922068999	0.0657675810729537	0.217355169160518	0.122952470299487	0.0710977617804058	0.305488863368549	0.619746857909421	0.581016070703983	0.427815864761024	0.668919788239109	0.411394190901934	0.575584742426809	0.0943962412574581	0.213131524990996	0.338108754346557	0.199353482214604	0.304979800990534	0.184062693404792	0.348326076997571	0.192638607486451	0.520720353445688	0.122706230617771	0.277197788020602	0.0915888142757661	0.245290089768245	0.154370496087566	0.0304864134918697	0.261193432410038	0.136538898036161	0.0277604485387733	0.0577980267296967	0.159114977866231	0.0614294198910034	0.116988045161409	0.00117778924121521	0.207663468172416	0.182535750515602	0.234773840410769	0.0865710063227831	0.263746545661392	0.19283502933808	0.16701804637289	-0.0474501521264717	0.283865232791544	0.124022799730007	0.0454403563203242	0.14100282324882	0.0470739048962102	0.121702528022645	-0.0583512294991659	0.0896083897365296	0.11112417684817	0.119458663849286	0.0100856251642652	0.275684290599815	0.154492660346623
0.598089575511632	1	0.844085780837386	0.719779660376479	0.657333177029703	0.60832937748128	0.636590554665595	0.298954662385258	0.515854871361364	0.418548417363223	0.0200427568554187	0.335455570292868	0.374259135481825	0.573159985414066	0.564567248493174	0.633137387807685	0.375186654287554	0.289740508379796	0.547422409922834	0.311332351185154	0.332165591140691	0.178204187595594	0.233128519598364	0.382537885925028	0.366415571475197	0.25133191825967	0.188670106546214	0.363551361351968	0.219687446338719	0.459924774745553	0.486294990162252	0.308517350546639	0.19334832776695	0.500188730909746	0.397371714246979	0.575646547718626	-0.0275364244203706	0.305352707838783	0.334052834489551	0.342992576160387	0.492422035362126	0.482700603049862	0.371204820848768	0.371219585689997	0.249049910852405	0.00343826708477284	0.267926749532913	0.221157207305065	0.351480915805031	0.408230434958146	0.670751459986061	0.828725874574491	0.676688188858789	0.707021133836123	0.573499303237155	0.802677666763611	0.214162696070358	0.451924421606847	0.616015050345221	0.48697920253084	0.491693633564023	0.313153383665202	0.468135910413394	0.279119976968079	0.67914304017137	0.520295270237734	0.579128713649467	0.315333689043311	0.656779757733551	0.200265638986264	0.151970556877828	0.312313163686084	0.288196599887182	0.18009019550046	0.137662222300713	0.197743032270432	0.114530221819404	0.343787190194516	0.244160232068316	0.530188208576951	0.173378557126768	0.221404956795426	0.466568722098354	0.406282485811624	0.444650905975274	0.307297254394991	0.161693253940649	0.49531766435818	0.288134547425846	0.232763679270389	0.263018600895771	0.310894015182003	0.32693915729041	-0.0854871142632241	0.0655110362735247	0.18497421530182	0.207989489104871	0.304986504333716	0.550003331337241	0.301630649052877
0.676725356409716	0.844085780837386	1	0.793869968264896	0.740065822284024	0.687132310552591	0.736677623219565	0.290967638974498	0.43464758055257	0.409197693605567	0.0365306007681804	0.381070168180855	0.45237193747806	0.474202266584721	0.599548707555312	0.603324686963296	0.425587938846815	0.332645674411019	0.489879414966325	0.308450355217612	0.323151401391587	0.181474673209891	0.301341473551395	0.436148224281176	0.35592034629223	0.367229654228415	0.21231063501333	0.260386838670596	0.127535682227368	0.395442325216776	0.484837641300648	0.375889960471133	0.301439032397117	0.553098637338882	0.49032613012174	0.588744352094389	0.00738490545630441	0.303468089258477	0.384079699434315	0.406872820501669	0.399499885109102	0.381320762436819	0.366901133228126	0.377191830717538	0.269581798919771	0.136444247683142	0.332847752341508	0.208571444779703	0.360351295045304	0.37070527502665	0.777039954137758	0.874651800340135	0.654228181888764	0.84893571742359	0.63103589072425	0.824107693109185	0.232875628139006	0.476842357878157	0.499465138717499	0.405500943700565	0.470111072977164	0.248212610902111	0.547618800182494	0.31010092639683	0.66814148169991	0.425233436821081	0.571103869746514	0.244610167019259	0.562451743856406	0.262129782278338	0.193836791171868	0.361556843458266	0.224460607992571	0.225073163160395	0.144174060701262	0.232944576433403	0.207163744510226	0.329302552926491	0.202598073429483	0.475168577379456	0.172010409759253	0.282755084497462	0.387966380789843	0.409261577738492	0.363523237210393	0.36940060596017	0.164348159152104	0.540624653893988	0.270897962937885	0.167931225170772	0.260943455330944	0.335451181352692	0.348839145130417	-0.0167062385824886	0.145894095559834	0.217442331204948	0.216834396141601	0.236398562614265	0.440530209628196	0.299248279593014
0.551938330002717	0.719779660376479	0.793869968264896	1	0.647847819279807	0.751295324887233	0.8536570555188	0.508939859073998	0.565114552854436	0.530675477224515	0.0673731622354732	0.496725980128326	0.652633648311569	0.614647001223228	0.734837162916528	0.778199481201202	0.533315892896525	0.456062402972472	0.60136083107667	0.474044305383265	0.461188159822052	0.386635294566426	0.475259089224129	0.601589176116438	0.428279399207552	0.481817337025359	0.325938256259576	0.250633225287989	0.199550669801525	0.428323217926877	0.65128248956566	0.483432850250004	0.514789403735361	0.625137165106301	0.623967538684747	0.760287561792733	0.0643433392973562	0.487221425464869	0.509947434067577	0.469374963094344	0.553938959804828	0.492462821407552	0.558840811863485	0.426314239143252	0.484325237285097	0.261443974440307	0.548925331769647	0.370514700512232	0.290661527293245	0.500981624053452	0.685821430817528	0.782042433495051	0.7754788179424	0.751910393881876	0.667535569959692	0.829735929741025	0.276722645138468	0.604306187972493	0.518813380183611	0.548768937031228	0.610170961943125	0.349004290379962	0.582696677829713	0.420405973354697	0.612830925545327	0.533891441754502	0.641321895109522	0.423593979214559	0.645431852941345	0.422712861926651	0.440982345944382	0.481414198721795	0.258634589729308	0.248652024784526	0.327259539462086	0.330038176509049	0.271689955553645	0.335257805691712	0.334796520636646	0.609447490184508	0.381254451542045	0.378977299141173	0.542464378279321	0.520704640359385	0.542402636702967	0.597560625518381	0.133896895877068	0.697660600255392	0.433707946560027	0.353480075686473	0.379043500920633	0.421294318729886	0.446629833128581	0.203124135390625	0.346358890416932	0.405818715515142	0.231840694810997	0.300827532191761	0.541668185444116	0.401304985876712
0.548037014356369	0.657333177029703	0.740065822284024	0.647847819279807	1	0.719676280700941	0.57754096129437	0.266365760059128	0.334586095572861	0.312053018793987	0.117945940659605	0.309772730783327	0.41356281463726	0.287543715383185	0.526665343138896	0.528611327851993	0.407712908381884	0.329094255480545	0.36921918989899	0.188601956172044	0.273455104344101	0.119687786938923	0.177047890946303	0.397708210907467	0.215653890345357	0.331848989174741	0.214071285741235	0.362701624122447	0.215166521221391	0.321253548639421	0.420491755550145	0.346305036649336	0.173337948492669	0.435623195869262	0.475733249301823	0.479787662778565	0.0696833265227048	0.305532439775545	0.419069229757627	0.416881164506691	0.415141470192727	0.255614662273855	0.375190617788677	0.34028461473653	0.216309912265072	0.183862063812094	0.365560103068578	0.281247447788303	0.369064844877516	0.353722088645708	0.622260065015815	0.653860533641326	0.557172834454841	0.698066290027863	0.614715384261014	0.683333230333053	0.273438598057735	0.456270401858758	0.439448650207425	0.294563560587835	0.38231501528961	0.174215510158863	0.382569262319436	0.249934030893428	0.522578487735491	0.431343188046472	0.501706157252203	0.23334551090557	0.453518582351339	0.289381325839351	0.225590458949255	0.291987927151931	0.29492242902641	0.0832664203084795	0.266211396996465	0.201387491316677	0.182450496225608	0.385218591724805	0.388468989937161	0.466282979378482	0.294361428545752	0.298813549915776	0.388449852762685	0.450509822746669	0.31240751367224	0.397991486109384	0.0999533244467514	0.502514519899094	0.345935963782359	0.0782468844695361	0.250189908469426	0.424143839390602	0.367212839744989	0.0206798543783193	0.18661587221417	0.290425984859973	0.262768810495802	0.144477657049761	0.353814299622264	0.365062705148373
0.523294700541365	0.60832937748128	0.687132310552591	0.751295324887234	0.719676280700941	1	0.737172239181914	0.239022574312969	0.402772055360249	0.499443305406923	0.198118747604991	0.413262521913692	0.572648503211324	0.496048447832812	0.716135708183639	0.620180897844542	0.449242284721501	0.356637637643536	0.469369340043176	0.233447257484033	0.341372633562792	0.368376356954398	0.351878207601997	0.456073026967659	0.211525843766515	0.42680376462249	0.197774456369214	0.20856789460574	0.291757846383259	0.423604508961201	0.514398711676704	0.330923947935297	0.336640483252447	0.542050279576585	0.594822932041816	0.589099906803568	0.220439293092277	0.468043892041611	0.622004237942752	0.50297115179253	0.492629510773844	0.439218560173551	0.506028245556317	0.497419288923916	0.318291331445301	0.271517668091988	0.388982712532581	0.584320112853491	0.337965400206482	0.420773306869109	0.647286855841083	0.695613966791377	0.687139947543933	0.789158864043304	0.757690175317494	0.720017249006794	0.285096441057082	0.509983363407852	0.484256965325974	0.395828382653682	0.510123681706344	0.351100134707185	0.442598345395034	0.34100797703394	0.461089640714086	0.479363621701742	0.475514039069908	0.284765856796449	0.5788452668749	0.188949045919672	0.318178998187333	0.472876489139042	0.296039416989478	0.0332133184866357	0.260009068742368	0.273052748087474	0.128709730949658	0.232504209325471	0.440532389374057	0.425072168904033	0.396985241560987	0.374529234189344	0.45747954912862	0.443641976549572	0.32267729730132	0.510876132385844	0.25893233445913	0.563033135372551	0.432487958264933	0.132910698915363	0.501232370054624	0.48369282824174	0.481199369184541	0.160912078930336	0.242431491107552	0.562450343819566	0.249543553884592	0.186765371726746	0.464367901256372	0.373116266091554
0.530704359774641	0.636590554665595	0.736677623219565	0.8536570555188	0.57754096129437	0.737172239181914	1	0.451256212852227	0.522126274569878	0.398626179996554	0.15734447820573	0.400251894411534	0.581842841922107	0.505678212908877	0.709873373163573	0.709989218273781	0.447069338969201	0.461884809193317	0.60737405340966	0.447868360925787	0.422691608270276	0.296663143213187	0.396050786603227	0.516611339802406	0.390564527551806	0.444790271951618	0.282543221315043	0.122006228105194	0.174659936969614	0.441535013707295	0.571320117519733	0.452494771346314	0.523730815783207	0.532148446486878	0.762005178990558	0.693166189690441	0.0567672711358014	0.515022535760989	0.605579303794803	0.441223160274649	0.466723955951035	0.432232914270275	0.644878733845993	0.51963643316389	0.488355922495885	0.236535895855025	0.447625894328095	0.417320470064596	0.268445006553223	0.477423813982342	0.692594089510768	0.753261567311435	0.678537405470312	0.751951646988402	0.70696222328548	0.804667779470896	0.316879304397677	0.598987257394016	0.583047987997121	0.537221021851944	0.563915505057391	0.43252099260529	0.576259699514783	0.363158824414562	0.525051557257225	0.491581217644732	0.569738329679155	0.398423208848889	0.592825416560012	0.447668068112475	0.400396635210777	0.534926078958015	0.168884754578327	0.176442938849458	0.344455476694296	0.26863690967229	0.214832944448971	0.221352380211965	0.296358307719704	0.598402088912309	0.33971645068741	0.429856125330074	0.460233422301079	0.54813695645732	0.488140184445604	0.501743292708225	0.161088088257896	0.602696446643471	0.551221059128828	0.363208871199184	0.4576541535047	0.381351489707701	0.456077103036841	0.209479717119754	0.35542377201788	0.48169782718634	0.207870688289095	0.31702584744499	0.461347501893462	0.340723725207139
0.0409712060749241	0.298954662385257	0.290967638974498	0.508939859073998	0.266365760059128	0.239022574312969	0.451256212852227	1	0.779091830533819	0.362239150058525	0.142814031076628	0.535355653132883	0.585349962597568	0.330544318621039	0.279504887442003	0.604668230642827	0.588700973008327	0.682716468088214	0.758465090250834	0.699071067615462	0.526372945578155	0.306217616898583	0.39469134927716	0.594178564494625	0.522674381878521	0.194293439966712	0.340646352052358	0.0944008504346545	0.134830685218628	0.0638681986533189	0.681430695224373	0.435433319120031	0.528929564170245	0.381135338226426	0.371296442504761	0.591609256198487	0.0998542887507781	0.346119859390036	0.307688964068791	0.289434171471376	0.31533072110584	0.223901016748193	0.496924477900799	0.266611984067397	0.436518536622387	0.202426384179414	0.324081981183592	0.204147646902176	0.192001532198841	0.234810342482482	0.312927800321489	0.285649594883875	0.438099208036409	0.212537892339668	0.280462093844512	0.370869508796381	0.390600306565433	0.474951211068506	0.385267712146676	0.608049753992035	0.287995508001526	0.262090481854329	0.340863895827331	0.361071741960886	0.357141608970148	0.381325155598706	0.454851755369224	0.522638542714608	0.555897133036463	0.612584276005217	0.518894154490088	0.435006126664139	0.262127265773255	0.429185506898049	0.40158530197211	0.399511033811812	0.280369133098532	0.0677873946937101	0.156631526263077	0.553612322710406	0.327292632300073	0.370055188717304	0.282146622775814	0.44596548272219	0.644721026719092	0.385893934702027	0.225785006989863	0.426822532074731	0.3391510858199	0.524647683635771	0.228313130912647	0.247520721053836	0.346678141373128	0.29291969115857	0.420009341317602	0.247855811195241	0.273173083266063	0.253506678691907	0.204785126068267	0.27027105663573
0.178780953040883	0.515854871361364	0.43464758055257	0.565114552854437	0.334586095572861	0.402772055360249	0.522126274569879	0.779091830533819	1	0.469196494364822	0.203773745395621	0.546680012118084	0.562469198216183	0.432058270678908	0.385496077793924	0.655322555701139	0.570577382101112	0.517319101089498	0.827946210363171	0.67326108530007	0.56552953185787	0.381981830363452	0.393955547571385	0.674216605917467	0.626840663052839	0.254157233112313	0.363775068933858	0.212971128323873	0.10304365943892	0.151697941507064	0.638365262888817	0.351061814971643	0.450403273312639	0.423598319508969	0.451163307358806	0.673981420325059	0.198145943517187	0.373235538642665	0.40837600465557	0.458882603862904	0.462444385708468	0.444553970594795	0.437838271138598	0.459626253943566	0.315306992032154	0.234249399662698	0.302134437997111	0.22124947742631	0.214981358961201	0.349685751504178	0.445190800083251	0.430619863284838	0.490039421687824	0.355727438637478	0.420040998350167	0.491445749141622	0.368609631122625	0.528209913635067	0.592373675796018	0.836792988239212	0.386903712188133	0.373538443093549	0.416178448626233	0.351924780909873	0.447327967276899	0.38196964745272	0.51783109532905	0.503104738700925	0.753434723981593	0.591477901306044	0.44401111851835	0.477880322640304	0.458697060024875	0.427473662867261	0.268381681536869	0.376027397056903	0.330499122683134	0.145699101337602	0.128567483292281	0.532111494030033	0.35232089218572	0.462520021555582	0.333754981354265	0.424633820836295	0.603963618416957	0.391927785929087	0.359311654600989	0.467716161548032	0.292798409213465	0.494457056861699	0.313900724638205	0.357685832877433	0.48649578010967	0.262457156219237	0.450538058329803	0.272083104468729	0.329849431894539	0.334390384556917	0.364150215608511	0.210260938573321
0.276313949417894	0.418548417363223	0.409197693605567	0.530675477224515	0.312053018793987	0.499443305406923	0.398626179996554	0.362239150058525	0.469196494364822	1	0.125960682641151	0.537352901492194	0.411059118315637	0.524166418136427	0.504342401137154	0.39929453251662	0.324204265871898	0.288779739073037	0.477621034992499	0.35295188157576	0.389720165699806	0.494705803470981	0.458909491054045	0.518240186270969	0.409452548328856	0.381164356506638	0.362525279829542	0.273234585149553	0.242798197512362	0.269233226743666	0.383339654010753	0.116316769710459	0.225221209180355	0.367905273327908	0.294328543055612	0.459364164743982	0.130864378025101	0.2576736455628	0.535268469974358	0.550887290540039	0.519532322625947	0.71757930042306	0.322781281398458	0.41212162215151	0.196122491608182	0.332766205300241	0.317400037848512	0.276262178698404	0.256658629139853	0.609822193211699	0.391830197372186	0.404381065669747	0.616586696624192	0.385867730391028	0.510480676683354	0.461294372625361	0.293932171051383	0.484199511140691	0.444861409115692	0.488867608863895	0.676173801873772	0.432401108417847	0.527277865638062	0.396797857287684	0.373472462091894	0.475036343335257	0.467675742589586	0.494136986118606	0.534243498447277	0.283393128398632	0.429712982246556	0.638531743539647	0.272727571075507	0.139395143647927	0.245632308999388	0.221505899313864	0.162016797510042	0.265319047252797	0.326997302052474	0.424309508112312	0.423312381155287	0.275529316324785	0.417535239020709	0.309559455271477	0.380653895425399	0.565055584400174	0.159736969013086	0.571786540920462	0.308201880746975	0.203251118033413	0.382477002528152	0.427991745616562	0.398755135934559	0.265378420408356	0.422108610110744	0.323051914173162	0.400727108293031	0.305751187560403	0.617329098113248	0.378194598379403
0.062275133368726	0.0200427568554187	0.0365306007681804	0.0673731622354732	0.117945940659605	0.198118747604991	0.15734447820573	0.142814031076628	0.203773745395621	0.125960682641151	1	0.428248944129338	0.193536586618544	0.00801405904284774	0.0443878955757707	0.245496662584708	0.160149477080008	0.0710564026203611	0.226358758156325	0.0660892962405814	0.160777284912875	0.251004650326124	0.242893847610428	0.149388166156383	-0.0211274917546926	0.0880475203965739	0.0575944786132727	-0.0477221974413853	0.123971725984241	-0.0208868120888975	0.202446467296699	0.200754348040276	0.149933427770636	0.145242778494847	0.116465832761209	0.126207203866989	-0.0877478720809297	0.0957161115171767	0.163284457187968	0.32008150999057	0.111215176346847	-0.0409962174027807	0.182840939465835	0.241914894443468	0.0534302749937942	0.172292834562319	0.0566313565328454	0.271105706962181	0.093114856236292	0.0796330799157891	0.194302953291295	0.126347014169765	0.134259401175135	0.158073343554539	0.31134945415169	0.0498274124032419	0.251774654476162	0.255653120099489	0.298593591775437	0.233156779806171	0.186388992945866	0.0790738355542223	0.091706282922236	0.178503558678	0.0479184948136211	0.0841390346840594	-0.0540003260790734	0.200309523313467	0.247142522330533	0.0789801699161203	0.148325855317521	0.270826623201868	0.179991578528512	-0.0256004688530746	0.278944562020982	0.208819969948435	0.180215782744985	-0.0145708052314569	-0.0687579178283171	0.223376161294789	0.314291649820476	0.313653423620721	0.0501970401500624	0.22613892492167	0.149188705408592	0.202930575580606	0.188259134898413	0.075482299052428	0.203998399201674	0.0584600149904989	0.110188016825075	0.204086246903253	0.243849907358221	0.0599854848498879	0.304360076329716	0.341001908846509	0.04121330712271	0.0712884933611391	0.131826785095276	0.0736749592428518
0.347707556714057	0.335455570292868	0.381070168180855	0.496725980128326	0.309772730783327	0.413262521913692	0.400251894411533	0.535355653132883	0.546680012118084	0.537352901492194	0.428248944129338	1	0.659521949014779	0.307200689775111	0.353965129037641	0.500061637065972	0.539308591269268	0.529811831309427	0.530696655069088	0.382443170623864	0.474802928805034	0.513174968510585	0.666128931348676	0.485587167756089	0.332788007647622	0.328101145585313	0.355870243934968	0.152572628299853	0.29102362933823	0.152266943104453	0.575213179370571	0.44645691027872	0.557229518157133	0.277014801172174	0.335768887360955	0.3991203085524	0.0997733974264215	0.390469199379544	0.325751482080247	0.460785439576445	0.439212422510182	0.251955284685763	0.34031630695611	0.376242036928773	0.307352591930316	0.441030146873107	0.396693871895409	0.31800250141714	0.144059133966679	0.204551210561872	0.479557138544312	0.312483813980649	0.510234934369206	0.387885856496042	0.454153709861361	0.320871954827748	0.360564111310271	0.471015561323548	0.486768930207696	0.507080902290415	0.380069242067418	0.267831983829889	0.318599563323547	0.426403824155314	0.380766721976131	0.283900411924806	0.310629818259249	0.434615091786906	0.45570965346457	0.397326603229399	0.402086989797103	0.483976873698145	0.353000674963166	0.242141184065521	0.364711747855578	0.523583543073464	0.289352722442249	0.0361159212773076	0.0922985882723013	0.434453610754045	0.443707718326199	0.417441547786854	0.0992672422875848	0.382898223620678	0.543700510624095	0.409202380677388	0.221644353754061	0.442087445116261	0.280023219179084	0.404496372229642	0.272098183758839	0.327107994549276	0.363564635471155	0.261803611386173	0.465140613868997	0.38905733449084	0.222775634080987	0.179939620376938	0.25635472117035	0.2551651690261
0.337957265038722	0.374259135481825	0.45237193747806	0.652633648311569	0.41356281463726	0.572648503211324	0.581842841922107	0.585349962597568	0.562469198216183	0.411059118315637	0.193536586618544	0.659521949014779	1	0.365021566423759	0.50106715779795	0.697775368370672	0.726826395145435	0.675208651729735	0.571824547160008	0.374492140407963	0.474295028964562	0.447856917855461	0.466431888816315	0.572997665360883	0.359801032731235	0.415334188861879	0.38728303396947	0.17539103020991	0.149332238594551	0.22071705696398	0.712130013804719	0.514566502209233	0.654119157268156	0.388457473677126	0.507884345696256	0.556694617547522	0.261815134582007	0.465635862760828	0.434693005466266	0.339564553535672	0.390739940337597	0.187697288949362	0.440724363109479	0.374434661070167	0.469545028587449	0.324535260034809	0.443637520035708	0.408851464219728	0.195697814945207	0.192672807623342	0.505795121028731	0.448453517730202	0.523491428836965	0.514747941825858	0.560793786558716	0.524799438988521	0.364612373222698	0.533000089627264	0.408558163904199	0.507517567749809	0.363987063945103	0.253223223269272	0.367616488375312	0.504101164862466	0.356286162164593	0.263257473698915	0.321381863952352	0.419338320545144	0.498439261954912	0.382155218335233	0.489802457916487	0.521192826203905	0.429974831755734	0.299191739363338	0.349257726833455	0.508938679980796	0.291006586899028	0.134305299107826	0.198863302742765	0.467167287974659	0.308509261385297	0.482095979709909	0.284353581641467	0.446115786666234	0.510481474711603	0.359257967986502	0.283473650821389	0.476065222424757	0.318753223398845	0.354780100778165	0.295878762716653	0.213715465905621	0.408042304339201	0.312936351366839	0.359581210764449	0.456156474662522	0.17423590028683	0.138895748132106	0.304423887646252	0.276149438195081
0.332615740413899	0.573159985414066	0.474202266584721	0.614647001223228	0.287543715383185	0.496048447832812	0.505678212908877	0.330544318621039	0.432058270678908	0.524166418136427	0.00801405904284774	0.307200689775111	0.365021566423759	1	0.663764174793012	0.493614487601883	0.371370254178278	0.349280210738224	0.386202143404215	0.403855230325938	0.413309140151602	0.400656922607269	0.29286069045672	0.299713288291673	0.358950314333966	0.312063231292884	0.195489040290619	0.28547878784904	0.406558201406825	0.588549763620327	0.497979433902031	0.31642421515592	0.308349036866009	0.489889746124058	0.34506963053441	0.406070988030201	0.00745902720200844	0.315360495526062	0.260410535652778	0.324300247513508	0.482565420192502	0.481705186107841	0.542930961640352	0.382541470297931	0.356051312530368	0.142908940901206	0.283587401535239	0.291886359815797	0.2655945879441	0.481608799119567	0.399816873211839	0.510764009943708	0.432349648043588	0.40347609513361	0.387128712177423	0.526692690229246	0.214543810362445	0.365767971663808	0.401050446288518	0.476860506132883	0.385515610477906	0.212561669726102	0.379559852329919	0.285065518479786	0.562238831234475	0.44195424991189	0.415008171366628	0.360925509741106	0.492944700664773	0.246960726718994	0.335012894926307	0.31763589744913	0.0943824715294459	0.197041496802275	0.104364417174032	0.180014304060227	0.116266949652829	0.233671526319519	0.361584373973093	0.400683645929182	0.394580177557234	0.251799568036722	0.500926742985592	0.203737577663653	0.466985904603005	0.281906955506259	0.0539405408818549	0.377183752952665	0.179862964058245	0.221305419115377	0.179555584603451	0.283727970778751	0.256757142424923	0.0627543660729163	0.177318397597423	0.200629840916627	0.305945713674644	0.221651711734505	0.550244875971513	0.372974911654229
0.47679984178488	0.564567248493174	0.599548707555312	0.734837162916528	0.526665343138896	0.716135708183639	0.709873373163573	0.279504887442003	0.385496077793924	0.504342401137154	0.0443878955757707	0.353965129037641	0.50106715779795	0.663764174793012	1	0.625843962834575	0.36817331757872	0.382690051931628	0.404557929774461	0.404665197742811	0.372146859018495	0.348221432691267	0.420759224584973	0.350157482907687	0.464329075269449	0.396077324370812	0.325411886158353	0.247695972533961	0.307827011355123	0.5578552864786	0.543657274684106	0.305435677081837	0.377207873786726	0.565205481238624	0.648080221618672	0.609069866741434	0.0914123167101242	0.545146371290236	0.503230584910525	0.473251555227581	0.459012796657915	0.504142543206254	0.653661074512425	0.495796376864167	0.424007164982959	0.295342576306455	0.362678792887906	0.418738116992544	0.197808363892327	0.634049318502931	0.51734923099434	0.587437408437731	0.603562008904066	0.600525664252763	0.543433023866664	0.661805758621925	0.112700699671684	0.339243583851167	0.359946493217566	0.425250953306196	0.506970196590382	0.306248024660834	0.445287420582908	0.144429877969532	0.457433797784777	0.462102266885888	0.437467887426079	0.185341853714037	0.463253401470837	0.205421240845653	0.289402369640182	0.403728249223867	0.181073387219876	0.220592949980542	0.141840520976522	0.0894975719068683	0.181564213527772	0.218942519061084	0.306130611218837	0.338659960414891	0.306939887848936	0.214771014132893	0.439788302461366	0.312551923701223	0.322402321758122	0.372963641133648	0.100514150959357	0.546190047061252	0.367992002712779	0.170284218722858	0.41196895351771	0.303538535412946	0.32920994765942	0.215339315409729	0.252054203582635	0.357716863829138	0.196209342697638	0.213926252206882	0.515084318872765	0.388289501587849
0.350133074070226	0.633137387807685	0.603324686963297	0.778199481201202	0.528611327851993	0.620180897844542	0.709989218273781	0.604668230642827	0.655322555701139	0.39929453251662	0.245496662584708	0.500061637065972	0.697775368370672	0.493614487601883	0.625843962834575	1	0.694160281205811	0.555201262399985	0.636123700798376	0.537244851414978	0.606191138129074	0.318186743375391	0.473914225426157	0.576231953138433	0.518122966457287	0.397779972937136	0.431656653017172	0.274372170523474	0.150505205597439	0.331518718065296	0.841542236527622	0.600064983711749	0.554458636087717	0.586744643280132	0.661266947037171	0.785470628058977	0.135837680875444	0.566390183155369	0.439235522353976	0.427277490983565	0.471014134268012	0.270643358643796	0.648692083447144	0.467982960376519	0.549710509261125	0.195734690043552	0.483848202649577	0.35396892592868	0.260860416388294	0.412162086387901	0.542144930918913	0.637872794837441	0.61866348075018	0.587481558267422	0.614174934405999	0.666340578750305	0.195807051357307	0.51169488106376	0.519349236287855	0.577948037734795	0.479730321187033	0.363900131183003	0.524565500084997	0.433132493295114	0.519931077324693	0.462451135592468	0.571121713563988	0.434013091109344	0.666957729603901	0.382347592514849	0.439199375793445	0.493823944171085	0.322461741034892	0.349029217529924	0.331806417946868	0.48632470145576	0.390996703104844	0.168380193133552	0.183528229075	0.598622387134721	0.348676976956902	0.429528263837184	0.430994706082986	0.514422936098366	0.596300095276264	0.422064328174779	0.253797530575876	0.604679902278817	0.433365172355735	0.418958084037056	0.32219284086795	0.260228048600921	0.483374703374514	0.145945372167276	0.290577452396764	0.359556235265014	0.167957658792245	0.278323638210447	0.46806131914489	0.409110276042772
0.278636969737135	0.375186654287554	0.425587938846815	0.533315892896525	0.407712908381884	0.449242284721501	0.447069338969201	0.588700973008327	0.570577382101112	0.324204265871898	0.160149477080008	0.539308591269268	0.726826395145435	0.371370254178278	0.36817331757872	0.694160281205811	1	0.651483518571795	0.529581410632949	0.506616881894246	0.545896228444024	0.412393022029551	0.316225202811358	0.513546048815121	0.393601049901328	0.349645745599987	0.372260178708371	0.214325630023326	0.184524091163355	0.155930403426943	0.774157310304376	0.5733982255891	0.588630036462784	0.456585270602171	0.385453694469379	0.536399121873924	0.310630671570459	0.448751562810564	0.290385956099049	0.275057195502488	0.330748633743493	0.118465205364473	0.533206791562835	0.435755037836165	0.525960019680829	0.188229053966651	0.352619781899167	0.238693849055679	0.175751814676615	0.186159814764056	0.456124644451706	0.402506747171753	0.468661143100961	0.458747756525068	0.491619385942896	0.432032383226554	0.373530235054439	0.491487127855505	0.400579138447739	0.46666519150955	0.290091484739735	0.174697885199615	0.272512230814654	0.433348739304167	0.388461512293103	0.319321187452004	0.362917905051385	0.405127083397967	0.504275420316388	0.42021222399917	0.480720293494398	0.372506535927838	0.297113298395968	0.348512171858959	0.315122577513919	0.554055517735383	0.365745542140815	0.0655814883143185	0.100826674358479	0.434627388073643	0.326055559230478	0.527528481234277	0.303866799591917	0.411069596766614	0.590424228323303	0.283790396111572	0.30202452798572	0.402753744347352	0.325110098068529	0.399762268755901	0.234761340981913	0.145704450104694	0.507734049989385	0.204595459248295	0.238505590801255	0.301564741529415	0.118549546649003	0.158515828828517	0.408442880889354	0.42262538804045
0.194941472633132	0.289740508379795	0.332645674411019	0.456062402972472	0.329094255480545	0.356637637643536	0.461884809193316	0.682716468088214	0.517319101089498	0.288779739073037	0.0710564026203611	0.529811831309427	0.675208651729735	0.349280210738224	0.382690051931628	0.555201262399985	0.651483518571795	1	0.585543947576218	0.414884944874068	0.466202662854508	0.290026274556424	0.274512526039218	0.447436815403507	0.289619344127211	0.120441744844868	0.261032328791691	0.0677632565883999	0.161745947470341	0.103821538598346	0.782941556915698	0.438485783140995	0.537910027157719	0.337962107238408	0.337316258914449	0.471920610166628	0.121099980010884	0.411841824825777	0.318680338816749	0.241463625008917	0.197827845194176	0.0309886523821565	0.461567853858129	0.255844168842374	0.442646805485911	0.0514543225134423	0.239191368020227	0.21487781373605	0.193408711781405	0.0984345875992225	0.361936438736924	0.308115982377698	0.322922516042996	0.32326479451706	0.363957167901185	0.313493712413501	0.289939299122877	0.399533228497102	0.287237819115859	0.432410771358233	0.242061263009073	0.166092412543391	0.208811546400299	0.30673367820212	0.254462243245907	0.202803167320866	0.250169116392454	0.394029844287343	0.45481146375673	0.41455425648475	0.397087748354484	0.355494698536203	0.316764652140244	0.209570339550607	0.309345547814017	0.354150600765909	0.222946197215425	0.00917139862701422	0.102826224708779	0.392816267349923	0.232688473741741	0.411987145930078	0.0919139218551597	0.456446788801013	0.458865497431498	0.217755914132705	0.193824720288487	0.299363775589169	0.306857111759723	0.316757445388287	0.308904856675162	0.137637188308113	0.260447034357633	0.118854944646373	0.250718317050781	0.353945781647161	0.133481048619825	0.0312760516462972	0.22992474371391	0.163183167339841
0.158477278763657	0.547422409922834	0.489879414966325	0.60136083107667	0.36921918989899	0.469369340043176	0.60737405340966	0.758465090250834	0.827946210363171	0.477621034992499	0.226358758156325	0.530696655069088	0.571824547160008	0.386202143404215	0.404557929774461	0.636123700798376	0.529581410632949	0.585543947576218	1	0.506823608965815	0.462152327805147	0.478423198070515	0.372312808618819	0.660507912703801	0.430779953156397	0.181509938223532	0.228814634360958	0.161146646397272	0.203955100779639	0.213258322754421	0.601961841120439	0.365422338534866	0.379357320348896	0.493085531765385	0.406809712018136	0.700927554781684	0.115184650489794	0.360410773706569	0.521395335574635	0.470115492522255	0.49835867922352	0.358097829988915	0.47602353552971	0.415102577035296	0.299317906133868	0.171669480059375	0.297159022383034	0.308091282024241	0.35508947786524	0.312266415517968	0.536939260111964	0.550685157549946	0.628503522261081	0.451099557455478	0.513105064114672	0.584538409180365	0.514749133825099	0.607367483390855	0.624890784033655	0.716789133820435	0.461688127844553	0.494867747400209	0.436765000144479	0.453838044236326	0.405884616738822	0.496490958375369	0.487294240997048	0.577382264763317	0.763445182297827	0.456767960584424	0.458995369440778	0.544621592013044	0.352493843107815	0.251778225964742	0.352139649534077	0.333686128066176	0.194877648305461	0.123299219602139	0.218443619212416	0.642668779011222	0.318811630589446	0.496234789102278	0.391529386601728	0.522354416722582	0.605501177164338	0.453387508687811	0.333081956996654	0.490637133445009	0.446303868170013	0.496164153177277	0.416098913491525	0.36699339066345	0.5180142004877	0.193165513509964	0.380953449603922	0.382296774381575	0.290327859907689	0.473507909282649	0.439437969177343	0.267115306777655
0.180202852913899	0.311332351185154	0.308450355217612	0.474044305383265	0.188601956172044	0.233447257484033	0.447868360925787	0.699071067615462	0.67326108530007	0.35295188157576	0.0660892962405814	0.382443170623864	0.374492140407963	0.403855230325938	0.404665197742811	0.537244851414978	0.506616881894246	0.414884944874068	0.506823608965815	1	0.449000643382665	0.281375440574517	0.395189899942446	0.454388891186144	0.655333522291639	0.294288600575166	0.405450291454752	0.183395301506499	0.163302654454099	0.1564793913067	0.502189886940564	0.469417372588824	0.521826530410601	0.406467190704271	0.427266398631826	0.532036124649291	0.17386911865983	0.476075456421431	0.258183222210162	0.319449758991096	0.328140646455465	0.336537149599793	0.558495528535188	0.381190395770751	0.607823360670312	0.222036413330251	0.33801200209976	0.0744700054760938	0.0928898178695251	0.3168901678256	0.316869487342313	0.241146510246951	0.338582134436269	0.21305277183929	0.264057841807713	0.346451096418409	0.190175184280224	0.328699450202825	0.336029048476462	0.598061277508062	0.345570360217755	0.272673437569876	0.313321530564489	0.237176677590607	0.394166044445837	0.363257435491819	0.463914849341086	0.394801597221334	0.428732438928886	0.620424463786872	0.450941513941997	0.325683648115867	0.300008848700886	0.575697714957725	0.322726356939773	0.345308287615579	0.312465277236336	0.0884155043521425	0.0378487895173604	0.421448460581693	0.303166208390318	0.326332342608349	0.311041402938819	0.337161335588607	0.604180937990557	0.340964327361403	0.238405675133465	0.420502763202246	0.268473758312508	0.474928843403371	0.205987138477754	0.144204633055003	0.337358306143502	0.344970056613117	0.363064226734618	0.103070744821758	0.203737851660348	0.413200423811279	0.302070499988706	0.379977117350536
0.175634843699855	0.332165591140691	0.323151401391587	0.461188159822052	0.273455104344101	0.341372633562792	0.422691608270276	0.526372945578155	0.56552953185787	0.389720165699806	0.160777284912875	0.474802928805034	0.474295028964562	0.413309140151602	0.372146859018495	0.606191138129073	0.545896228444024	0.466202662854508	0.462152327805147	0.449000643382665	1	0.430126879411581	0.544453771944419	0.421225339447583	0.310534073648859	0.24346624207459	0.290601126820819	0.172775535900618	0.184512602615866	0.177132667696213	0.607758940084641	0.521086872981453	0.556874802404981	0.358380368321044	0.420186479754593	0.469387801201302	0.198632119957101	0.348528033902027	0.288969385912199	0.379783260859012	0.416415561088254	0.249994317323587	0.547734870273941	0.271674527109626	0.392145386106242	0.258010874857782	0.372712721929246	0.0955291432960692	0.356107625324821	0.388258864326433	0.348274885397857	0.288046811148762	0.304875614978027	0.260747807596805	0.347354132735534	0.304777908492285	0.199146932618815	0.352995009327655	0.336312869038811	0.492273113990078	0.238808783406191	0.266128625028421	0.302370106698048	0.376675465561617	0.294582739115551	0.331796763742965	0.344540864245698	0.392131563177276	0.475249485019695	0.40174818720688	0.418399437372922	0.346051346605866	0.316084239679341	0.214211373076997	0.314341889512538	0.371453435385686	0.232509874472487	-0.00966852011698757	0.126675627389808	0.38436194024789	0.554438650362822	0.413116421015468	0.305996675194676	0.31583961556328	0.525305065829307	0.243735237130859	0.205411197885563	0.365301626740657	0.308916941471959	0.296710448556779	0.144198072775878	0.277735747441711	0.357187236787516	0.129090368798099	0.342973263479022	0.165286313864783	0.289751602076771	0.141508364520931	0.308383755184569	0.297876112514998
0.0807661989764915	0.178204187595594	0.181474673209891	0.386635294566426	0.119687786938923	0.368376356954398	0.296663143213187	0.306217616898583	0.381981830363452	0.494705803470981	0.251004650326124	0.513174968510585	0.447856917855462	0.400656922607269	0.348221432691267	0.318186743375391	0.412393022029551	0.290026274556424	0.478423198070515	0.281375440574517	0.430126879411581	1	0.466679737248132	0.330058452311759	0.243586787659417	0.209784739470424	0.260370126670607	0.12876212408548	0.351048587004885	0.134418254286197	0.359426003465041	0.358843114294313	0.399889377605573	0.363704420587098	0.334854379099118	0.365160527368058	0.175720418744016	0.315516544231672	0.386430092253894	0.43560699393693	0.501662725667549	0.353303201464016	0.383488596508738	0.362795036406318	0.271708018066164	0.340235382912729	0.217139793546896	0.366082891984358	0.206799325276978	0.301043554249059	0.345942570270292	0.22805447099426	0.380924248571077	0.284850803228105	0.373564029288312	0.244381634265543	0.424309045839282	0.408074792154532	0.335180412661201	0.44957902405518	0.39096556809592	0.323543761317452	0.284284979589969	0.463656972936598	0.225426038487087	0.430978911896859	0.203406385078085	0.477937576792776	0.422190769553328	0.310681628713542	0.446510499682426	0.485438946814868	0.236444506118657	0.113859669609871	0.223973381965488	0.298641456876653	0.232592827362822	0.0583397954221723	0.190124864083781	0.352344296402851	0.392205616276217	0.505757351852112	0.349785612765649	0.344796937892602	0.436832904283049	0.317149896951902	0.196478632261412	0.303492494157348	0.352102665936635	0.297051681993036	0.259907302296275	0.300517902365456	0.413530812020154	0.311649698079604	0.340611054953636	0.345841499134907	0.269002635170705	0.400911552139673	0.428381123029923	0.356485988336014
