1	0.899787991798314	0.892334529643183	0.835793787650656	0.777916629071196	0.785658656092104	0.764017079666496	0.230517650864598	0.466256475786009	0.579519532163683	0.341913198727829	0.546346814585172	0.135253170064221	0.842296664985151	0.2304164959898	0.375837708016289	-0.182648861011993	0.354876502854794	0.25448710891653	0.381363944106289	0.275861791787769	0.252602782868358	0.118775008372829	0.0933657516555774	0.617610859711695	0.469329100039124	0.474941808419558	0.191566358957538	0.343695221272591	0.293064090637014	0.202175522682059	-0.0159257071612073	0.568819956733523	0.0765007839718213	0.176954984617732	-0.024809010861487	-0.155087719151716	0.284098659552468	-0.254564532367978	0.0783576615246418	0.356139497373684	0.688621796103727	-0.474329481862248	0.00919412713184526	0.614026458783161	0.52484750409486	0.1965485385913	0.337751245766517	0.512546224146449	0.0528232868187205	0.886207932574034	0.885076716477842	0.86790859730616	0.855384346840474	0.799479057532484	0.854960713126027	-0.00792715107329577	0.250269519120857	0.559556431070146	0.638106949003358	0.672284631024424	0.574879091241571	0.460092451837253	-0.124405527251458	0.761639032436721	0.132178664828039	0.592104922049137	0.322632446924315	0.406738191714115	0.531973898793887	0.425686117764712	0.573139210430385	0.164822205391306	0.570443940413359	0.00755747453121568	0.231052988273772	0.434976759370954	-0.00131151827224447	0.584715924930387	0.336668755105078	0.0604855582734737	0.405360652126444	-0.0413582887079738	-0.36737082303616	-0.139951228148726	-0.0346021818927622	0.0894623969561444	0.640355636474181	-0.526629961817545	0.162085123957155	0.16510054819818	-0.108923109020615	-0.172503292271271	0.0184087100019785	-0.00662353272129472	0.481556139126557	0.606926371127757	0.545663883623771	0.488746108831007	-0.0750422158932666
0.899787991798314	1	0.866270238618819	0.833355113548101	0.717896847219439	0.718997107447067	0.732903374022828	0.212172402516278	0.433058506027299	0.550720460319952	0.280012034546059	0.533944337630279	0.103241401274552	0.821963852318644	0.179942715594602	0.378833592400772	-0.160138627353921	0.376504510896735	0.214961599022567	0.440247638486981	0.189136841802119	0.228611921657875	0.159680415369755	0.00518354296005988	0.66956316397369	0.426994757996042	0.321065856855452	0.14089522469414	0.394883722620162	0.29268621768874	0.22575798821034	-0.0394405968127463	0.564247564033427	0.0120631104868911	0.101518651541094	-0.0217685171982563	-0.196248418962628	0.242635656356369	-0.296414267815259	0.0301535941335805	0.289573371226036	0.617874340620918	-0.546155578320284	-0.109382437062442	0.619274232455705	0.423998703545226	0.0895463490203957	0.243045098838222	0.481486900833548	0.00222652571896326	0.830738264751951	0.888981482599741	0.859769025057295	0.823318654867314	0.790870393270433	0.848911403367666	0.0111138145365856	0.337143268200633	0.584417471488754	0.648264696352648	0.67806374315788	0.62593568035777	0.462884107928334	-0.0845176810986831	0.776326408668048	0.0923938367919898	0.58760304869073	0.350349128570123	0.439453284245812	0.566217417841934	0.452656015994245	0.57946736297737	0.144836136698112	0.565399813096889	0.0549028981392263	0.2817787917952	0.298419426071396	-0.0618687199179226	0.559515899859027	0.385872143841088	0.053852828814733	0.269469698177442	-0.0321658717105291	-0.368921903802341	-0.179912782980585	-0.0636834111523932	0.075387491198622	0.614764098725207	-0.497009198865441	0.129407452227115	0.107006638450653	-0.218875262926391	-0.268453765526431	-0.0704308052853949	-0.0546240811596549	0.488628586389882	0.556375174797771	0.503488324120426	0.546878307717592	-0.0911044763885951
0.892334529643182	0.866270238618819	1	0.856011220783317	0.790804117044558	0.802417966314542	0.79707601470335	0.179779627884036	0.350820330465559	0.563374921817464	0.322078454358231	0.548329149020999	0.0805732483283562	0.76962860823183	0.316671892719767	0.458561654343583	-0.0806035718565545	0.383991309814586	0.210893750175525	0.353376322126234	0.244108052556524	0.290728248964129	0.148432864992655	0.124446565620063	0.560023942362022	0.480095727447066	0.434509810120748	0.159301189602086	0.275718258091611	0.223018345387675	0.298817543479862	0.0191845534801414	0.52954663508245	0.0561747548277061	0.299802024707031	0.0670958104515643	-0.0792066352449272	0.274258310293963	-0.217384690106425	0.00373804743232871	0.294580824718522	0.589450260428745	-0.449853755981279	-0.0290674823202861	0.619448120071687	0.420627518215832	0.159168156245972	0.28917865489908	0.425206012808737	0.0516402131045829	0.835671584923785	0.890731535263172	0.83011287733137	0.843083000525189	0.752829700577776	0.846793215741823	-0.0766906348406435	0.235659068318608	0.480045649903818	0.508998950674834	0.666846691598672	0.544312730854342	0.502887579782774	-0.0658642867057706	0.665134193699464	0.145133270201563	0.598581511812838	0.270930707680732	0.365654396511609	0.472182223399784	0.405440195759014	0.585963550114235	0.133598354467901	0.519685171341541	0.0510646436370328	0.304715342645939	0.465313042208387	-0.0100413533997553	0.465922785173684	0.390320637149152	0.0278635216841801	0.377910372861876	0.0129046702396749	-0.262714982840213	-0.0706465860986553	0.0473320048849161	0.0784741878133504	0.685019241475934	-0.513955103946572	0.120987275585731	0.164634243694712	-0.143577568390465	-0.212801589574417	0.0201756939908521	-0.00472225386780071	0.459883528879355	0.534806356030026	0.540647405182074	0.542178141409485	-0.132530635420902
0.835793787650656	0.833355113548101	0.856011220783317	1	0.745830861533849	0.803127950108291	0.849435230094832	0.220287553720582	0.442331007086142	0.557255210578671	0.35189283039106	0.530178096998103	0.12275624544148	0.813616774115986	0.396287377284762	0.569079510394466	-0.0968346135809469	0.277202666525833	0.318533200499246	0.392342171141397	0.240478741942038	0.274990274549904	0.278354708553518	0.135567785736362	0.66333471053794	0.541492970724702	0.438382332229774	0.0236990440791199	0.234984622418807	0.121869545928548	0.338465821091827	0.0853487487236627	0.571010793747842	0.0356410270410587	0.264166832054301	0.109825817202011	-0.086681545035997	0.3204007236592	-0.286134711953488	-0.0726980075802859	0.192865265241566	0.589442358096272	-0.480192509420168	-0.0185767131575474	0.61707116373151	0.402636280482658	0.182180155192539	0.308011492803136	0.512830281058556	0.069031824794254	0.817499016731347	0.858735825512433	0.876593623420702	0.860683281153635	0.795432020228651	0.883736131159061	-0.0316098541531168	0.331527054591648	0.509670405409589	0.55850829447185	0.661777883286592	0.535357901801432	0.392991687984304	-0.085423453526492	0.628076665022217	0.222461477206218	0.676308738028548	0.359527993734671	0.42976852247521	0.501799904080511	0.443218921610926	0.637090027546687	0.117833464044189	0.600091414992159	0.0555337604079142	0.414927846900441	0.432361247529615	-0.184530975662936	0.422110163079884	0.436704180251005	0.161498848825691	0.415375904897401	-0.0729495606366338	-0.336097020350337	-0.0450553153618628	-0.00600259342066197	0.0709025989593238	0.73055820629575	-0.39789496577026	0.185527524615541	0.0808952575892055	-0.221019985022239	-0.202917782095781	-0.0542791790110038	0.0654592752695203	0.52554536179243	0.477205109045319	0.447970579006401	0.522282017537833	-0.00760265658777961
0.777916629071196	0.717896847219439	0.790804117044559	0.745830861533849	1	0.751921817386296	0.743885850707009	0.266230798072988	0.469030352544893	0.485853949348443	0.24255020009916	0.419837508455122	0.103044380398423	0.64382579972851	0.209067006451075	0.453662683203741	-0.0780048619195562	0.29069555130038	0.225099425054808	0.382063287234473	0.345162063827044	0.318627072589629	0.135830505115248	0.147653876263477	0.53274870254807	0.455313189308382	0.358235980371897	0.0767687772624514	0.231480018956161	0.103626230469826	0.280960085088561	0.124647436863814	0.493946114915103	-0.0239765744233476	0.281948553214437	0.110036059068186	-0.0826791074050377	0.321698937805005	-0.1640661140036	-0.0964145679771318	0.256201462545476	0.528548170313427	-0.373996538076109	-0.0495537444087082	0.519216115493228	0.384363759361832	0.19062043632918	0.347463531418336	0.452672917338113	-0.0239857646553339	0.713915116068146	0.737873188296171	0.691866503879872	0.729519083627309	0.671826889751634	0.783224725670702	-0.00178785436302288	0.271700485208362	0.402795823440897	0.556789606842254	0.509672713240185	0.391945534271194	0.407419375200608	-0.0170709780497258	0.512096703192601	0.0672519794185022	0.477842199468477	0.282563094555135	0.404127004488566	0.481402399166023	0.316769543812781	0.39360367434063	0.256998857184756	0.472897178326511	0.0434559589540436	0.216095749626326	0.377570748280811	-0.0541895913450329	0.374913640289469	0.358117021346612	0.0725252204040688	0.383047304963332	-0.113432364689894	-0.32673852330714	-0.105316675760605	-0.126114762611126	0.155968409401279	0.618591308315653	-0.385052941082281	0.128363753930588	0.233032157975732	-0.155516497590271	-0.257236825986473	-0.0416745245084354	-0.0357047081586091	0.503963203261918	0.462648567397107	0.42650632096789	0.301724625256721	-0.104968298451649
0.785658656092104	0.718997107447067	0.802417966314542	0.803127950108291	0.751921817386296	1	0.864632825481886	0.123125469528772	0.461318553182159	0.536000441214468	0.24698082630374	0.520252385035655	0.110581184029173	0.701069799629455	0.466780378459582	0.48802778092782	-0.0406744937739275	0.207169592390944	0.296816182115435	0.285691385464793	0.355242411477717	0.353491074027919	0.196492048396322	0.163487055182253	0.507207940555453	0.519174606579918	0.412409114033797	0.158543146437967	0.293016629149381	0.123172662056849	0.354012693106567	0.0636211503402482	0.429332226644021	0.0800214847655673	0.362962806364606	0.141542906324522	-0.0395295716302681	0.296779197385482	-0.183400311998355	-0.0882062397363266	0.233338971951479	0.56542552501753	-0.313077850351231	0.0532616200548626	0.506063716715426	0.456722992334236	0.264380581672374	0.448183647957533	0.516259440152413	0.213224602545603	0.73632158671334	0.788579311286574	0.739169736151066	0.842499188824278	0.764753159677756	0.789457243183226	0.0439035862216737	0.30287601696406	0.440524571732962	0.486284928325325	0.665476216013933	0.533062113390935	0.469989408886153	-0.0484266362213341	0.553511200422429	0.220810062758979	0.569922967473121	0.178364863913331	0.404345156470368	0.532076345384871	0.405645080214571	0.563337254207716	0.162309176649362	0.469925591807456	0.0729169752572871	0.390608377815168	0.456104291578562	-0.0653790473779084	0.452621529848664	0.354495395198098	0.0801943880227661	0.43644396129199	-0.0751500421197893	-0.216586109310477	-0.0311993747776617	0.0799664576754001	0.112392479331224	0.694795002342128	-0.319721476987375	0.127071159134368	0.236294883364524	-0.137577824510688	-0.124623912403172	0.0315640493096983	0.130562563907673	0.515177849438121	0.436869719378718	0.44205572736485	0.44915165050379	0.0331234612258396
0.764017079666497	0.732903374022828	0.79707601470335	0.849435230094832	0.743885850707009	0.864632825481886	1	0.0606613725104038	0.403679176078971	0.551274415576366	0.216007680988086	0.55672426641447	0.0468636925022741	0.672396328735902	0.351259066649607	0.441207517864866	-0.19185294036061	0.16510665206248	0.207802804144265	0.252170119511164	0.260823665819351	0.331889094453066	0.201782487220287	0.152371654809572	0.541236993494066	0.518339380731843	0.479070136777478	0.0501109807704714	0.250735182754059	-0.00476010384581491	0.253179463387679	0.0428805328874196	0.512071199513622	0.0480575767060505	0.475281269409473	0.0719155110972494	0.0174084959255881	0.291618334127435	-0.168110164523003	-0.05652825423161	0.24273069219116	0.482292671735913	-0.374309305328456	0.0383716336623565	0.425450408665777	0.48760706608655	0.190202853906969	0.432423938095723	0.530440830878085	0.0970253527829576	0.753036889593091	0.79408806723256	0.801172673661792	0.872985822546265	0.810138393969106	0.874820680394315	-0.0201608343914014	0.247841329217463	0.400195520305828	0.47797857415817	0.695507992403477	0.577338681665287	0.515327094244305	-0.0235656266311931	0.53338227000971	0.116486795960228	0.529403662371503	0.152422907498993	0.354321852165724	0.559181137362469	0.349626335482731	0.644544239843277	0.128959353998728	0.493285534079679	-0.0260525196847454	0.365915483645056	0.469575196448038	-0.0908190573547988	0.384613460795296	0.290517668984168	0.183904541698539	0.403095309334657	-0.0976448335681689	-0.280938579816391	-0.0153406071982896	0.00098114418494881	0.169828440336581	0.717319466701798	-0.370173068380608	0.140518620761481	0.245455074157453	-0.125221192952598	-0.100125640139371	0.00482938469550414	0.0376307573044527	0.557788909906443	0.375427028208367	0.508994871974533	0.434813594214552	-0.013824665295611
0.230517650864598	0.212172402516278	0.179779627884036	0.220287553720582	0.266230798072988	0.123125469528772	0.0606613725104038	1	0.514837318963548	0.210183855808093	0.101979110780859	0.226248066588847	0.279104744417366	0.251070440700569	0.116631692401056	0.446658935940963	0.279414281134207	0.541185077080125	0.576579676978531	0.498374492174735	0.141070964414944	0.173473910182234	0.249670157806103	0.262873769327393	0.326689810266123	0.116702061403849	0.12255179888778	-0.0822818299581824	0.11775368030444	0.169959033923604	0.287977961812212	0.263102729373198	0.188434744149232	0.0523927418360047	-0.0892732459144122	0.506323257480854	-0.11845783760896	0.359376832994498	-0.0781893256344074	-0.0452031429040019	0.07794998474442	0.287556995249875	-0.102977218046922	-0.0719339784818623	0.504090664604921	0.137382766850837	0.062003779657997	0.0742082245995933	0.22799745472649	0.00911906694400562	0.168501709348214	0.159001549148797	0.118760498167298	0.075007193324782	0.10552160786426	0.121071508328392	0.372991660129003	0.380003230531905	0.481214366164828	0.527774265794297	0.0258829407876783	0.0705669434020382	-0.0424260059852499	0.26725016934799	0.211831606603491	0.156841712312161	0.186639754548675	0.620368676854836	0.627036820072023	0.299640243441513	0.411685611064379	0.21910663169262	0.317159301164291	0.288702558933475	0.317267899807032	0.241936513094254	0.143096116620773	0.068832900050005	0.121490533049873	0.406356475978815	0.0612304518024051	0.0965443110451883	-0.216219176764865	-0.0746912474906462	0.140038790270397	-0.000823444454284844	0.064357990653625	0.206817251507475	0.023448904158927	0.234502798034818	0.0614628866405507	-0.0516371090479054	-0.0830340132011151	0.117515722490274	0.215842138325562	0.135987456253182	0.250343069066281	-0.036437203703649	0.166335639912618	0.240155178885083
0.466256475786009	0.433058506027299	0.350820330465559	0.442331007086143	0.469030352544893	0.461318553182159	0.403679176078971	0.514837318963548	1	0.402961727925126	0.221724633299709	0.359150293903243	0.0782490027379504	0.361070016248888	0.167551294039084	0.398387692711236	0.00739972249503165	0.408573618725314	0.627127141376243	0.650365586996073	0.416921399001004	0.416617043162173	0.0746615780211085	0.463014111579268	0.590032119360081	0.184415302932166	0.136989501406139	0.110410874712288	0.26031457651816	0.0259405332124509	0.349201767347926	0.282878487160494	0.353557326490244	0.0620861494291883	0.189977751202182	0.396498343088052	0.104028538237933	0.510184286978889	0.0786766777598711	0.0747655812385779	0.325172294150507	0.38530014532692	-0.0508083802966618	0.106045515204996	0.43511601551708	0.27285119792968	0.203441253259756	0.352522155569945	0.36083861450514	0.171707252360642	0.377176080272372	0.37042735790896	0.382867162013123	0.417235344222755	0.495172234811237	0.436546568622717	0.0639435560516908	0.208657993156301	0.448300857287507	0.780480280936839	0.458535536810318	0.302158000123386	0.203972012445701	0.117639146210045	0.256359301403022	0.296892010228072	0.360010620317928	0.343635217309531	0.719069525583782	0.410624552149156	0.378479210447711	0.41780010324857	0.504176538370583	0.474701427861411	0.133279521010417	0.136471630710654	0.0667208551993102	0.01709634872969	0.353153929968922	0.373746191764259	0.191103646580736	0.374103303530753	-0.135955606779555	-0.0912108626752938	-0.0264321119121383	-0.0305824122116775	0.26796100286862	0.430211592408906	-0.114925045371512	0.222643117715381	0.258610141347212	0.0260672421822546	-0.0559161683824238	0.0800994874677584	0.248250834252216	0.452610638689729	0.309536986574913	0.297087088451945	0.180543879646342	0.227509391801964
0.579519532163683	0.550720460319952	0.563374921817465	0.557255210578672	0.485853949348443	0.536000441214468	0.551274415576366	0.210183855808093	0.402961727925126	1	0.426941952157996	0.618230544729505	0.177304385585618	0.494269155751967	0.31575156901472	0.276257774096664	-0.0205318329765406	0.276972419511517	0.346359908508898	0.245804458256419	0.276467707077031	0.317863713607107	0.126170680618299	0.253332601133918	0.349961051769449	0.262487318043581	0.296814359741793	0.204191881696936	0.337616288052335	0.0287631507360479	0.167127796263886	0.0179159091235401	0.410617299122275	0.217549034806673	0.356136012980725	0.150082593419024	0.170549761852738	0.260575872213758	0.036012673853756	0.137323286353282	0.473823083714525	0.377169417100299	-0.18540659851704	0.182870360031808	0.453112809508662	0.416316739519489	0.160532103880394	0.39098992170032	0.440788146322278	0.196093531612514	0.515632264111899	0.53578411500285	0.496179380556064	0.564308977856714	0.507240415166675	0.58095591986914	0.0141940571633873	0.236410936061773	0.418422553891778	0.488776740052788	0.457865552312864	0.394227782605592	0.350118375011572	0.0404641321455715	0.370870125705828	0.195341659578852	0.304219674249439	0.285609448155852	0.355949931437123	0.352423799846042	0.25334731781692	0.331430405774505	0.119615556726941	0.318151244584351	-0.0966385397022438	0.109930774184119	0.303084892389066	0.124122535836105	0.459173333378107	0.124229807538307	0.0445978338721371	0.308444643695717	-0.0444106269279354	-0.201041501089819	0.0969566745097453	0.117486573772195	0.0901297897409734	0.383734834761146	-0.233393726469141	0.161304258698569	0.181341650892167	0.142248980414871	0.116250238501002	-0.0385001992125417	-0.0169124732936107	0.435517270143441	0.468858011000524	0.410900586043498	0.46703722079256	0.0801768151082458
0.341913198727829	0.280012034546059	0.322078454358231	0.35189283039106	0.24255020009916	0.24698082630374	0.216007680988086	0.101979110780859	0.221724633299709	0.426941952157996	1	0.38192988591093	-0.0730053757284014	0.381437402087223	0.256332926701325	0.195214457662005	-0.0129039719221855	0.165294158553087	0.288502911585149	0.0831291054519576	0.183436902174582	0.127306358312508	0.0190102439849689	0.106063514620171	0.288508418218267	0.0822271834126053	0.106949659443281	0.232332585300276	0.21930453671669	0.0717686866336529	0.185745060955577	0.0151919686086001	0.155027833492315	0.144226575498932	0.165721799484943	0.0192933479321281	0.0935786500976627	0.275920656964047	0.0768043494213371	0.156707916796563	0.354774707207187	0.252896720427305	0.0383124874755734	0.151739269196052	0.329881295572573	0.120062980786173	0.0923763436424478	0.272414345347863	0.176671181001322	0.196762180595589	0.387164729699631	0.30983396794708	0.292933589957237	0.314677858264045	0.367503200551829	0.330406014837555	0.0213465479115523	0.0284237601539897	0.250018482102438	0.294189626943532	0.309542373801213	0.313190519785656	0.145723218786703	0.00372104270852612	0.293974685152332	0.192718284523861	0.225381892887295	0.136006662879768	0.165606472519653	0.12168147318006	0.0316404705159649	0.263108655266343	0.0423259156922121	0.324427897318805	-0.174805153248659	-0.111997868327219	0.237998791620047	0.00868750525347701	0.372887984633064	0.0636480979890197	0.0884060921312134	0.201733824195708	0.203058760942272	-0.154700366019815	-0.0315128138310226	0.117064395291925	0.177455054885478	0.211268843088957	-0.213261579497027	0.0715065818846397	0.0693095927965031	0.0931678605008486	0.0805320164718892	-0.0160611483370205	0.107535261830956	0.365627315018837	0.2700528250956	0.275053140562845	0.29964367923611	-0.0576842921197478
0.546346814585172	0.533944337630279	0.548329149020999	0.530178096998103	0.419837508455122	0.520252385035655	0.55672426641447	0.226248066588847	0.359150293903243	0.618230544729505	0.38192988591093	1	0.283705663437283	0.506794010268402	0.336376119333591	0.167816384915977	0.00220760630625993	0.191317867544048	0.298398522800215	0.2560080396034	0.195235333857464	0.290528087724113	0.322617557426404	0.162913784149866	0.362030225450923	0.243265657223026	0.34804689946619	0.268157161108938	0.312628788712886	0.225192354894386	0.00630440212749496	-0.118902717764894	0.503358027082734	0.230213372769866	0.281798968319498	0.0646777255674907	-0.00399892099726899	0.163158268825073	-0.0543039956737544	0.220179750561658	0.305110428386271	0.303322832297017	-0.272888783641742	0.0844901984336121	0.407998475791899	0.329549486174571	0.224564792142073	0.444760157658139	0.350315651898561	0.203147116841357	0.47151926600019	0.527680983555585	0.488266280231286	0.542509893982712	0.547580125595374	0.517820705226836	0.222978325689972	0.421950519403775	0.429095332122951	0.476742803396391	0.619205339338379	0.604329434824702	0.547794456540896	0.174114380713832	0.447718392985491	0.139546123423688	0.206813492698359	0.178453031754059	0.310860629703531	0.439251072311943	0.366944091293416	0.522045540278128	0.0621434772348486	0.310612092131438	-0.0062605005031781	0.099966481500236	0.21529829940934	0.113619250499171	0.452145531330704	0.0548635561833801	0.00655989384595297	0.322446568294196	0.000292997211126695	-0.322275538913729	0.0504309858060043	0.152313183857025	0.0430157513322387	0.361545419992529	-0.38295181376351	-0.0529767621108008	0.169811427369271	0.104577580834203	-0.0114447566125789	0.155722529696137	0.0714712611984622	0.538717930288233	0.373832948342113	0.393126331686448	0.481179338826729	0.112961370671451
0.135253170064221	0.103241401274552	0.0805732483283562	0.12275624544148	0.103044380398423	0.110581184029173	0.0468636925022741	0.279104744417366	0.0782490027379504	0.177304385585618	-0.0730053757284014	0.283705663437283	1	0.141539684471915	0.162084843628045	0.15269625482332	0.396428816102665	0.0796398752929666	0.184328883932623	0.136325709776013	0.0877798904814775	0.124452681810198	0.15977793772571	0.130532812367016	0.108113211785532	0.0243226271142306	0.142803166877527	0.0398769146744463	0.210637021539144	0.230016740962422	0.066573578578475	0.0746535437625018	0.325834241255692	-0.0538736822391138	-0.141949746175443	0.0103167692297315	-0.0670429033046035	0.133742609089656	-0.149806965068548	-0.0866310635950851	-0.0317566576160366	0.152280935994808	-0.144425103194414	-0.102760328013948	0.114493501991505	0.0275697434229738	0.0595984036684234	0.100822778331267	0.101364078527055	0.0743543136945228	0.0311431402887614	0.109841532799594	0.0642483057221761	0.0612208934343379	0.0141805802150712	0.0452281386361216	0.267685426168847	0.43599668191015	0.334642274159446	0.13822978535038	0.0626780635793758	0.0416404910611823	0.000475530421531535	0.171941336568131	0.180642266350728	0.0962819699759779	0.00667992606470348	0.33682033828641	0.222845254205266	0.195305577250859	0.322060060199768	0.0763606618496946	0.162342829607037	0.188203676179319	0.192369045364924	0.154472064930943	-0.0980812877958848	-0.0324826075594156	0.202829056776616	0.0669043624583461	0.0164243058815647	0.168420534918462	-0.178721889881596	-0.239778985992567	0.0128163532813195	0.13480566148878	-0.143195434353617	-0.0104953648014933	0.0983957741174854	-0.118836255405855	-0.126001000372266	-0.0923376318203954	-0.171525069654385	0.0719289094029669	0.0345784932466847	0.00137729617365753	0.251962547606518	-0.153746454455258	0.342988564087432	0.249327179267208
0.842296664985151	0.821963852318643	0.76962860823183	0.813616774115986	0.64382579972851	0.701069799629455	0.672396328735902	0.251070440700569	0.361070016248888	0.494269155751967	0.381437402087223	0.506794010268402	0.141539684471915	1	0.362212631739545	0.509328630505776	-0.0407770218301603	0.346253159114535	0.298972062723383	0.411063183963372	0.15572491065325	0.222623822105061	0.228769357419786	0.0532566621935463	0.564604540012994	0.610407396030138	0.389112562513939	0.0933339112285319	0.380369867363284	0.408967850289406	0.308298380999571	0.0203561941851235	0.430596785668569	0.11130166823944	0.107253363487162	0.0894840824684627	-0.192151173258613	0.310092446823094	-0.362097610280953	-0.0479419193181833	0.257218965113748	0.676798882663605	-0.50500235973091	-0.0850428122294704	0.64050537749207	0.465340515415281	0.202058485124661	0.231672366164772	0.512850445727014	0.118471178429155	0.860024772654459	0.836309686468648	0.808968501905695	0.793714702355661	0.700816302309172	0.747288359419183	0.0524509997533501	0.325224902605206	0.64216356316189	0.578358007938602	0.581844258819322	0.489294493177425	0.377810102053164	-0.129061592897236	0.819077456187245	0.182438750817558	0.705214451973064	0.428358667903769	0.437703392687942	0.565416106004032	0.400688390539841	0.563988744792419	0.107450950548923	0.514278578078483	0.101993508947055	0.467304018078193	0.357388602765052	-0.14650785665166	0.535038963552599	0.44954350156209	0.117149476150747	0.290452179721755	-0.0189505215388708	-0.392927991317159	-0.0855818716882544	0.0923061213676106	0.0344873749235749	0.64513445410571	-0.421698342277779	0.207014549239537	0.0774230171586062	-0.228675027220847	-0.234699563818924	-0.0536979489639748	0.022814748563411	0.472400668811518	0.607942144493892	0.434028066931031	0.483147768181119	-0.0381650191274404
0.2304164959898	0.179942715594602	0.316671892719768	0.396287377284762	0.209067006451075	0.466780378459582	0.351259066649607	0.116631692401056	0.167551294039084	0.31575156901472	0.256332926701325	0.336376119333591	0.162084843628045	0.362212631739545	1	0.511725558693538	0.260171356025299	0.0294121045936468	0.370384504503382	0.102760513477928	0.334810318290412	0.343965417536264	0.366257044741029	0.334333054333714	0.148511012830669	0.377939798365279	0.231770233108577	0.10217982510323	0.107164080187998	0.238390326715083	0.423545694021365	0.0162823391231813	0.00129623975174094	0.222494559337714	0.396468737129721	0.425946636884972	0.314634124136439	0.364188182668653	0.0953089155907448	-0.102611197291469	0.110164104424555	0.258970500101437	0.174045667208441	0.0291049887083437	0.334181836594773	0.208284622450729	0.171888108287113	0.332257179303978	0.198796867850337	0.479473347993429	0.316879239335843	0.284365279886311	0.331299635856854	0.372976594939506	0.283043097444781	0.258910321313783	0.0365375447939693	0.275960656727252	0.292575425931639	0.08745242085608	0.30404997997289	0.117415613276529	0.0290497850023189	-0.00792281469833986	0.184122775018857	0.413706178791274	0.453374033677326	0.222182133660182	0.324988647779591	0.339890158888613	0.176230290791521	0.322013176164504	0.0642976605649798	0.0780496530350402	0.114905536867219	0.402530609024586	0.139225819179511	-0.142671210525085	0.247153077297456	0.253190989702574	0.0264465264941997	0.207625397181559	0.134557946540935	-0.0354349923260229	0.338691645894179	0.439552279189263	0.182674787460018	0.384332467151378	0.033172342765899	0.0682251910495277	0.214330664880265	-0.0497494466182037	-0.055778086923738	0.0650097756521643	0.307063876131877	0.308760270252951	0.197026259403998	0.133518663371862	0.294211293177281	0.222616776408454
0.375837708016289	0.378833592400772	0.458561654343583	0.569079510394466	0.453662683203741	0.48802778092782	0.441207517864866	0.446658935940963	0.398387692711236	0.276257774096664	0.195214457662005	0.167816384915977	0.15269625482332	0.509328630505776	0.511725558693538	1	0.405581569384072	0.490911326359642	0.542314756107402	0.432551449911334	0.301154181742969	0.265088956855429	0.333255103566598	0.242619190119948	0.409636883446356	0.630460563100109	0.0580252346960723	-0.267603696510404	-0.00273419080629509	0.145590490857844	0.815319166923513	0.350251832420325	0.159810303532861	0.0644096715932896	0.23668504777286	0.631409643220513	0.052783918775028	0.451456132781648	-0.259081301082872	-0.456947347229986	-0.093437340882571	0.372438642807759	-0.120731271816765	-0.27789606822055	0.560355685664733	0.138843447104504	0.089796501486573	0.0645124870180996	0.272082920249736	0.181079149243858	0.425091188577539	0.473967750481087	0.410441885645926	0.410128281477977	0.278614060789784	0.435437399861426	-0.00136670891612378	0.304317676162521	0.434434822549674	0.371647488204375	0.182482808608654	0.0678905522662525	-0.00462747821701363	0.125345859036536	0.276359048410747	0.352046128907124	0.700218583104724	0.504806430978047	0.635197920544335	0.393551619557195	0.327527437349468	0.348495081690926	0.340030694882658	0.381127297683233	0.451630213263367	0.614792215681482	0.174783549844271	-0.369935934434921	0.0498622446045411	0.729065420535706	0.199017176164796	0.313966585749571	-0.30249525856059	-0.0832120200897389	0.30688501783584	0.161541829605059	0.114438846052185	0.659821094953234	0.136005837496028	0.431403241521693	0.0209285549170723	-0.447128539514699	-0.313460885376661	-0.122947382764567	0.269498326831717	0.198612394876508	0.232181133408003	-0.0639285833176723	0.215100508890569	0.205984812747409
-0.182648861011993	-0.160138627353921	-0.0806035718565545	-0.0968346135809469	-0.0780048619195562	-0.0406744937739275	-0.19185294036061	0.279414281134206	0.00739972249503165	-0.0205318329765406	-0.0129039719221855	0.00220760630625993	0.396428816102665	-0.0407770218301603	0.260171356025299	0.405581569384073	1	0.327963601203308	0.256252707480708	0.0580191938855058	0.231218842809364	-0.000315135911610591	0.212087767846755	0.147674416084604	-0.0783989624510149	0.146120765297368	-0.127821348972105	-0.148411729140883	0.00760005851598498	0.232584706973149	0.4841916307661	0.154417252911538	-0.0868925966364414	-0.131261648760441	-0.232694215349528	0.38402596787017	0.0252182653025575	0.190399556300363	-0.12124928767041	-0.312741068567559	-0.242476944463315	0.0279425273237911	0.0908354098948714	-0.25873863066871	0.0848292499654166	-0.231686129517294	-0.13936509929135	-0.241494946815417	-0.0996956816883014	0.1108959236787	-0.180578231683915	-0.0259462105626193	-0.206194291872775	-0.15362424794943	-0.298163362474387	-0.180389012444331	0.212518533499138	0.268455771915176	0.153915311271002	-0.0236186599205198	-0.178707047616564	-0.320881471945313	-0.185770873757376	0.14073557287109	-0.160282114054505	0.0608364821088776	0.0376291939717669	0.307599739230007	0.30107650814601	0.0569330599819394	0.142748895281891	-0.164250200477006	0.268428762517301	-0.0663543025201387	0.584912967044645	0.356741725370753	-0.164217467876412	-0.253311785175506	-0.0732495771418731	0.364039303854049	-0.00878110186879585	0.030472399288833	-0.143249631784047	0.0114278880936863	0.234495798912059	0.164425601908797	-0.103143013202335	-0.00701462203697042	0.315544305152787	0.0235756950054509	-0.158290531784585	-0.297537667582564	-0.261919038301362	-0.174535927835761	0.148799323002438	-0.225520731835677	-0.04010544909714	-0.311708501585928	0.130115742193417	0.223286673597931
0.354876502854794	0.376504510896735	0.383991309814587	0.277202666525833	0.29069555130038	0.207169592390944	0.16510665206248	0.541185077080125	0.408573618725314	0.276972419511517	0.165294158553087	0.191317867544048	0.0796398752929666	0.346253159114535	0.0294121045936468	0.490911326359642	0.327963601203308	1	0.349221546814099	0.326742018847051	0.170509549264619	0.149182913709117	0.0518249396884182	0.126344950822951	0.311632813678806	0.285351152137818	0.103431467118572	-0.0919066508795535	0.0747148760121228	0.116590165434457	0.519580577977723	0.21600796965193	0.135663421658046	-0.0351361222280207	-0.0490160810633212	0.354172513939628	-0.11080014321553	0.226956352456465	-0.160323826827482	-0.0987606730689995	0.0757589637734321	0.351361473247664	-0.231909171462635	-0.244581193088828	0.473509245214872	0.190713763814611	-0.109187754827596	-0.105399730547529	0.138491428093774	0.0128586893142594	0.33726482465516	0.316381821403211	0.276960245621495	0.249477756231175	0.225272797724771	0.286290010828632	-0.0320311500126715	0.105395056859656	0.414093098088627	0.41125106523635	0.19288610008241	0.0970469449880597	0.176895241543204	0.206847629287821	0.236198933781526	0.120301010612279	0.382270247636757	0.496529834886058	0.486259350707	0.266322066609397	0.432266504946861	0.274344534803505	0.27959374193437	0.243695811653298	0.355298561049177	0.342328733287815	0.0886754676228449	-0.161311334838865	0.094578831629824	0.569082881362931	0.0551058497690252	0.113482846838551	-0.22962338430451	0.00543563205512661	-0.00668319644544981	-0.0573823435045729	0.104441030364659	0.410547116412888	-0.0526480209100628	0.281730315004413	0.0415675594723483	-0.17979794375432	-0.16508669918251	-0.0901081562823687	0.128542212382117	0.0654822373692909	0.182991044347778	0.109173868127957	0.278820117690489	0.142810437666989
0.25448710891653	0.214961599022567	0.210893750175525	0.318533200499246	0.225099425054808	0.296816182115435	0.207802804144265	0.576579676978531	0.627127141376243	0.346359908508898	0.288502911585149	0.298398522800215	0.184328883932623	0.298972062723383	0.370384504503382	0.542314756107402	0.256252707480708	0.349221546814099	1	0.535434712349378	0.187625530251197	0.181513066511971	0.209430580782703	0.286710488506444	0.375115509723782	0.212733949662737	0.0575055508758889	-0.0930323306735183	0.116049758305617	0.0599564652313455	0.432779977432879	0.196750524025504	0.174163226538222	0.140412254371592	0.155510577205968	0.434877619661907	0.0489150195973704	0.499251267567821	0.00481116643833297	-0.182783054991538	0.111650277028045	0.220576612302797	-0.00139660134578338	-0.0759313656333145	0.420040500411973	0.114849606029259	-0.00935985016417137	0.220405113455833	0.140893266919545	0.280129339116133	0.231273080288265	0.229959977922957	0.200802789530779	0.240917794311444	0.228531616023143	0.200959021085854	0.214712411574162	0.187593589033174	0.478470846789824	0.578857027316326	0.152745908991441	0.125436951889732	-0.0456598054478745	0.136133794301641	0.156497566913767	0.32890082349104	0.388516820831202	0.40878774567857	0.759793797687766	0.309031662610861	0.372888311829667	0.176329143430362	0.186549909971294	0.354815279782327	0.127231454523055	0.242555204410072	0.125227071520723	-0.135749907071643	0.147504749717059	0.366625781221687	0.0365255823065142	0.29410725808365	-0.214710279809653	0.0209611211309794	0.206527053885252	0.201390127859338	0.0639968315069226	0.344747905386134	0.0715532816495981	0.276449203015933	0.134514188881793	-0.156669115386033	-0.0715145831475787	0.0355033948818958	0.25784734147184	0.28116543706273	0.161321306506306	-0.043547825988759	0.165190619727644	0.228963237820952
0.381363944106289	0.440247638486981	0.353376322126234	0.392342171141397	0.382063287234473	0.285691385464792	0.252170119511164	0.498374492174735	0.650365586996073	0.245804458256419	0.0831291054519576	0.2560080396034	0.136325709776013	0.411063183963372	0.102760513477928	0.432551449911335	0.0580191938855058	0.326742018847051	0.535434712349379	1	0.235162048583628	0.263962049717591	0.209800150577118	0.328558257549609	0.526341884861494	0.200914272968151	0.0181831631595854	0.00658496918627644	0.089745720108664	0.26836041060421	0.320350322673714	0.21487263394062	0.388789763121185	0.00338801391783449	0.0218634096835267	0.411178707730283	-0.0374903806013146	0.53595373801726	-0.0148318245640334	-0.0435418166238694	0.201737271201805	0.300041874677014	-0.133039775942229	0.0130935286500899	0.509739376277447	0.18373109988538	0.230704988177488	0.145439580998882	0.173672792677011	0.0583344879544483	0.32177637105222	0.400508721949081	0.276093363743743	0.270672701685546	0.300799789862225	0.311442302264899	0.149413342418082	0.322568979196561	0.49554773332235	0.688285963021446	0.244133557529709	0.179966505105732	0.110443157920775	0.050741675430836	0.322496802260215	0.340852013057934	0.372916732841537	0.440093220821008	0.707249882938208	0.456283385433314	0.494056837366943	0.187009249829533	0.399565818966269	0.453882639139788	0.168160787373845	0.209561640913477	-0.0417767703799504	0.0259233413143309	0.189504681617656	0.387752306734502	0.0663605765108225	0.203673127828435	-0.0855919747969385	-0.015091730354832	0.00667889168793651	-0.03140185110652	0.124455481502177	0.364700161000352	-0.0086677414835361	0.3237936497918	0.165558811491797	-0.150037036542549	-0.0762631957505764	0.10217770382079	0.0894410119024349	0.347769216353857	0.286510149770905	0.0952293474744241	0.218882663480335	0.352735490115808
0.275861791787769	0.189136841802119	0.244108052556524	0.240478741942038	0.345162063827045	0.355242411477717	0.260823665819351	0.141070964414944	0.416921399001004	0.276467707077031	0.183436902174582	0.195235333857464	0.0877798904814775	0.15572491065325	0.334810318290412	0.301154181742969	0.231218842809364	0.170509549264619	0.187625530251197	0.235162048583628	1	0.414994119888836	0.160150490434263	0.539461279247323	0.309372632638921	0.232805215757607	0.184880549641127	0.205819300096432	0.0856151037516442	0.110572432113752	0.342266793766541	0.344859011297045	0.0768115723914337	0.000903254920529624	0.234533798392482	0.336253818547281	0.359285125097769	0.52578408570091	0.253466366078303	0.116546498130559	0.331130018469415	0.271581761913914	0.360709680810462	0.301367634728685	0.331408520824475	0.30650298693386	0.458849070030924	0.398716635316975	0.198131636641039	0.376949885123265	0.175107143201911	0.239487640225407	0.21988759991803	0.321731539735407	0.22448453372227	0.250938553244205	0.0551585345161671	0.296686289739234	0.252625447892096	0.296432098965354	0.205502464679043	0.00393624636360491	-0.0383381358376597	-0.1265041411618	0.0689637362698696	0.344906408933834	0.181333059102857	0.196728362295171	0.233128870393647	0.165495401066763	0.158098034013667	0.127063599880926	0.407655186756057	0.171824176332808	0.0579619804380594	0.0135135656197865	0.0544265832813113	0.107623916609131	0.339355998517376	0.19257020992284	0.290420171401291	0.218382723855737	0.115380719041867	0.0742407685561355	0.125666349907491	0.0379379754179067	0.409835112880846	0.170133412697659	0.198509832997191	-0.0625212510256737	0.22181559326389	0.1588124334922	0.0587500540619171	0.181533302078423	0.367198017068154	0.164906772033977	0.172432391646831	0.339536792068959	0.164371692081918	0.239469314737953
0.252602782868358	0.228611921657875	0.290728248964129	0.274990274549904	0.318627072589629	0.353491074027919	0.331889094453067	0.173473910182234	0.416617043162173	0.317863713607107	0.127306358312508	0.290528087724113	0.124452681810198	0.222623822105061	0.343965417536264	0.265088956855429	-0.000315135911610591	0.149182913709117	0.181513066511971	0.263962049717591	0.414994119888836	1	0.366124613668659	0.360907871921434	0.176735368249883	0.0406331125771911	0.0887563990324035	0.255891799863018	0.34660057779715	0.101224531165088	0.223607389364891	0.0798454828709283	0.062990954407114	-0.0702322036257123	0.181276386009475	0.329935703400289	0.176565223573959	0.276889977035944	0.0870983306570067	-0.00769821625616381	0.399370564717167	0.257488582574849	0.0680474049221053	0.0587370506666876	0.234314657950776	0.347454604826207	0.352001846221861	0.300610739665732	0.297629284948084	0.220329130752109	0.234755625616544	0.220895012396355	0.204290449398893	0.308364190743925	0.257083471044343	0.306669824638914	0.0636370580868452	0.378544117062562	0.282133929240753	0.302483717156037	0.243742246160854	0.067180937243934	0.0513583557809318	0.0997884257216925	0.164524754376281	0.231540187035831	0.174537942453886	0.16666222636266	0.320233735169953	0.165468675745139	0.246484737106682	0.289120728920221	0.21822864728398	0.0723849252645585	0.0725447782523743	0.0797139571913256	0.00845734385819444	0.101758091755999	0.363913659743328	0.21539893688444	0.268066176816405	0.206408825465327	0.12677738672125	0.0177636840824735	0.0965122723177374	0.196254838464684	0.0380269124167819	0.264495795977187	0.0396532378080171	-0.221409150743707	0.117458723011358	0.0670542410032011	-0.0943561222706792	0.285959350848739	0.296918120426958	0.222162242973493	0.312559905209044	0.236958273190081	0.245393882519194	0.192210432090298
