1	0.662457496979963	0.778453126586199	0.342214187253683	0.421138478812579	0.518411890912457	0.561416467986598	-0.0777024129887359	-0.0682179252312904	-0.196872400053135	-0.244519080106245	-0.132194225662261	-0.0919024595616414	0.671480005946016	0.298283969270614	0.470192500033513	0.162454887527929	0.204241597819316	-0.0258302335520536	0.276599985428089	0.175938479511173	-0.0829674495769577	-0.00178742117152054	0.106839678741311	0.334298176548902	0.269486196636161	0.348248454104754	-0.246964605432787	-0.285900269566554	0.230658912669063	0.456509162006512	0.269764182624058	0.0772634206176674	0.103256797453941	0.2220894198887	0.43442124963581	0.385008085451577	0.0797473501770759	0.114190121447389	-0.225937132380463	-0.140230134649196	0.204531677906542	0.167347956798649	-0.027358050722551	0.41701502554359	-0.0120468934089495	0.114841540811975	0.104553593823662	-0.0313146385759852	0.135215592903314	0.492382204257846	0.762283212372242	0.640074697014976	0.60784931575667	0.17547141412693	0.473059219166551	-0.0621722988962097	-0.0551153356619884	0.0224130756529065	-0.0529756399970058	0.0263410876274818	-0.177825914289166	-0.0118387880521723	-0.105794518945408	0.545194581350725	0.196483271545412	0.596010956632556	0.151157836510144	0.137875201167397	0.391409768028339	0.0819809865986326	0.251371264477314	0.250640049160698	0.405346240947888	0.24506301580747	0.493381848016274	0.407999514038128	0.0399231087880142	-0.0219472409535509	0.45055739126499	0.344553646917129	0.359961282443154	0.132825747212436	0.453698741234683	0.48840963035552	0.481793317815869	0.262100587758729	0.379455496853202	0.313662559319947	0.371581443045261	-0.00858231361874234	-0.0531816811691615	0.2312853957851	0.329692643638817	0.39775737013948	0.112021281205166	0.149362449523435	0.105380622151451	0.221045652022379	0.100516617713692
0.662457496979963	1	0.669079072601331	0.218906637661538	0.168744414553077	0.294167338879549	0.317656904233793	-0.00713474164292156	-0.0546145063443723	-0.149060772842728	-0.265331540746335	-0.105744305552918	-0.0283812844062977	0.58698331222684	0.310595855795288	0.293978764572865	0.345389518718546	0.317932391017709	0.032363170198198	0.329433878926081	0.181792289873401	-0.0552839974486798	0.0835209765107061	0.00499390676499634	0.289282715555413	0.227478014563323	0.302549874664696	-0.161888693969083	-0.0771471226448835	0.207952814437431	0.400343053953918	0.297829573852881	0.152598811745506	-0.0159487740130377	-0.000459140444249756	0.286301186077351	0.255022450947633	-0.053908550299281	0.0335030148579807	-0.222109501787206	0.0427656762920024	0.116228539862109	0.0602395611091322	-0.12379485603368	0.361046134106935	0.0309531052182097	0.0757689050666738	0.0221329889391797	0.103133048753556	0.0790346307140229	0.200118154162329	0.69504323021171	0.48112632900119	0.451765942470202	-0.0210828711765977	0.177487772298764	-0.0977611781298648	-0.135428637758986	-0.0692139909362534	-0.0768447870881946	-0.113620153247441	-0.227154651061206	-0.118110689935047	-0.0431410468207593	0.297994626101423	-0.0119817837470593	0.508512290186341	0.118633137771723	0.0624469914582063	0.395309496140969	0.0880058247162584	0.170707084994803	0.155235819184236	0.329765861029639	0.272291430265487	0.440829369216897	0.42598313817175	-0.0284716300269092	-0.037587038352239	0.533155489049173	0.416440769932024	0.351629944216907	0.165503962700381	0.433285442855543	0.515558206772633	0.312770257021451	0.188612817379866	0.215452612268013	0.241172149778935	0.418319567499955	0.0685243305973956	-0.0974301466299386	0.18100966906345	0.240977244824732	0.389326530298773	0.0941952059885828	0.0802827122694926	0.0465844819745182	0.134080961348111	0.0672382232004495
0.778453126586199	0.669079072601331	1	0.184838318789839	0.263315835392747	0.411421981627733	0.450607795953666	-0.202093863615748	-0.214119336828502	-0.353082383437227	-0.337092109169172	-0.316768759498495	-0.287594357414849	0.520478592117609	0.201401059417228	0.261186845037046	0.0478377614923066	0.0451406307347087	-0.13399436507861	0.113117411530282	0.00229522553082838	-0.21343959680849	-0.141782520655826	0.0640869402344334	0.205849228515559	0.103120995334858	0.341695349609227	-0.34216910553422	-0.284530153819313	0.158023872290116	0.232932853754369	0.0831465515854854	-0.0504338755952216	-0.116014679974092	0.0947202354600669	0.436981236673282	0.335006351328876	0.0225157916109711	0.112314470192367	-0.231857769242779	-0.229536283759614	0.00209967046944241	0.0577232748801906	-0.129471866332859	0.188249828388929	-0.127061219330391	-0.0956839635589528	0.079712943484075	-0.104620580784833	0.0772615702142117	0.319836196213948	0.773435971136412	0.592246582576905	0.580146138755777	0.00543013669121988	0.341618403691934	-0.286535785806286	-0.24770695217912	-0.165487122896994	-0.169154163004621	-0.162508518159736	-0.303953715186623	-0.160714741701438	-0.307362215261617	0.342745439147668	-0.00373158274330547	0.451736201888014	-0.0426891054891208	0.068293549660601	0.218012016067837	-0.0700519075724336	0.119384766207783	0.332247497199722	0.342553874744092	0.228430091610653	0.235333726976859	0.41441611239899	-0.105950607686894	-0.143246086072471	0.340536394114613	0.226562862927198	0.204240878072183	-0.00226388030508247	0.338755903240041	0.363279736943215	0.248595393402103	0.313910753330533	0.196632837667347	0.263359209314463	0.221906452960411	-0.0391389841177856	-0.150583322055075	0.137553276941548	0.14012204951343	0.265162992784533	0.0537228619574622	0.0413127709270776	0.0165464230603955	0.0687661820563906	0.111278456896776
0.342214187253683	0.218906637661538	0.184838318789839	1	0.555556919467465	0.50664639180259	0.706998506660589	0.240005071087248	0.394820527437372	0.378787954101991	0.205091285817584	0.355667368514974	0.254224037095508	0.540419026622843	0.670922690366115	0.680784901302317	0.277492939753914	0.295815215818077	0.353650513818524	0.0871659868460853	0.38123810703898	0.435983343151823	0.198486107664601	0.35917864822407	0.240709665956245	0.159652832203635	-0.00522708473389149	0.276638473610705	0.29341296218267	0.247859363596099	0.348143847919674	0.114605305559825	0.158205988691292	0.150837216839812	0.666748733429136	0.255041024334519	0.0758097377691361	6.54241983260908e-05	0.113090344984805	0.0362644498990399	0.262832550716015	0.356521670175933	0.300072395211029	0.00390275012501546	0.134909711379955	0.132599585727408	0.131796145347798	0.274075987282794	0.456583455896535	0.413659650177325	0.530387938157746	0.14255519824309	0.457020411365497	0.438519831329219	0.645918744721435	0.77455272194043	0.28615257020754	0.447352546538117	0.342404417347565	0.350860043227514	0.431565706565813	0.264201692234437	0.441463680269926	0.242914478507274	0.400959897819632	0.313521593518479	0.281370657330772	0.318831529451855	0.353536928121493	0.226982490528669	0.469878540143104	0.446879752390028	0.15208968888305	0.16121817710883	0.381675619055117	0.245111386928718	0.04667710157845	0.386977158404609	0.313020584030792	0.100747531950609	0.182093223714544	0.298154255695089	0.10099094194251	0.182183862166476	0.195749652276565	0.26752276741936	0.169613941468467	0.582784327105626	0.226811075322658	0.0271265628288759	0.157863525361461	0.127603494629176	-0.107374725664984	0.143883312151719	0.183948340322654	0.361791646362303	0.50293139527688	0.339269384003389	0.270881641620802	0.318401818780115
0.421138478812579	0.168744414553077	0.263315835392747	0.555556919467465	1	0.745004490832598	0.632203061880253	0.403622848868318	0.481301923404137	0.37917305383554	0.121450639728511	0.368134332230885	0.359912886090027	0.558272212610066	0.578790071943874	0.608888793716936	0.301591260146093	0.294134930453933	0.413809498580608	0.219000057576476	0.312517204997541	0.410697389711323	0.206243379748586	0.374133667881496	0.456196000894008	0.305528253006856	0.168240503863684	0.197539283946615	0.280041021850787	0.322922849589483	0.342742434729888	0.115711749071033	0.148103091536896	0.143706152157975	0.580232337456452	0.284708011689528	0.232904912990867	0.022894596243816	0.113320047143388	0.0414204302342518	0.161023365433718	0.402237927929769	0.270946592821061	0.0875421654276812	0.197895931001273	0.0943635622812712	0.204252804927347	0.46404159332429	0.446534077755698	0.412238993865498	0.520431087378601	0.237835929367674	0.399948762415544	0.635091893788481	0.619889967313345	0.6487666771148	0.316614040347187	0.370166340145223	0.488217020799537	0.4689012580197	0.474670659312579	0.335881796348063	0.510189851317425	0.284441105916262	0.374257589434774	0.196070460767005	0.235661637000648	0.428600659215668	0.498526795464532	0.236582382559431	0.384720201371335	0.540051987377333	0.311715372105248	0.387241955170004	0.286466886589509	0.278201873247639	0.144202953643694	0.318860183452702	0.211505874825027	0.0933460962706193	0.0965065905980032	0.226794292342628	-0.0244502247775843	-0.00536949592845609	0.0971659160968594	0.204802541300582	0.295884457919158	0.488447674511536	0.141658360307038	0.0174686774751886	0.0663032338297338	0.0977790140297253	-0.0772438134193317	0.18962095204946	0.0729344716248009	0.447188979203135	0.391982629691706	0.283240688806425	0.242006712924661	0.210962051084353
0.518411890912457	0.294167338879549	0.411421981627733	0.50664639180259	0.745004490832598	1	0.858339992592852	0.378293562085165	0.409086961687327	0.268602647778942	0.117688267263106	0.297208903653234	0.16339685574178	0.497177418823727	0.530047834282644	0.611667112486261	0.282632458799902	0.262005616878436	0.41741997922278	0.288580322799984	0.322753526112642	0.281372683177166	0.28857221301399	0.35586227976635	0.509085946689214	0.192244179775874	0.323022236358827	-0.0618761013860721	0.189372695897391	0.270730294083426	0.337287049109813	0.111719929770963	0.193188045028386	-0.019680727516307	0.576164926300569	0.42753588717939	0.255318111734993	-0.0116365754455326	0.168059789712757	-0.136759474088893	-0.00998967190976795	0.34257715233291	0.199164342397715	-0.0400043562341373	0.210658910238932	0.209706839443814	0.123975157697673	0.602688533043764	0.355064884932856	0.392008742364274	0.431587083673192	0.331439971223258	0.460764964093365	0.868742130804174	0.672345015333058	0.66314361362694	0.177671715236686	0.212577654728636	0.338065945870616	0.421464835273551	0.394238908436726	0.259785508820972	0.408089639300825	0.109638842143092	0.29235511128397	0.200902277070278	0.307777425121353	0.335159147828488	0.398553321023507	0.347163943263637	0.380283434206142	0.586632927657164	0.418085187618746	0.582138392648674	0.330526899480272	0.401663484870921	0.43413802049455	0.057160394193118	0.125663764712382	0.194971963144573	0.247830233092113	0.315412213469829	-0.0615830044864665	0.0877310484646256	0.218286375432008	0.165893775189492	0.290833317051735	0.526787323615871	0.242087772588906	0.153572509563389	0.245320901496302	-0.0520043076903937	0.02565196642248	0.170515912670409	0.227975636333563	0.657538047881161	0.355463062169463	0.234156447061818	0.234898959769311	0.31178264733585
0.561416467986598	0.317656904233793	0.450607795953666	0.706998506660589	0.632203061880253	0.858339992592852	1	0.236932258452677	0.349474988940048	0.217218731574819	0.128824804510459	0.248506796908266	0.0971094796254422	0.571901717441422	0.600111597393627	0.707793118373251	0.239870544435004	0.221287000715685	0.373443756849878	0.178384657999999	0.337211177917917	0.277675823138247	0.268524997659929	0.326404762022138	0.383136692967244	0.125984470329712	0.262613770301249	-0.063876266784715	0.166265419275012	0.318340110546934	0.379340361500629	0.148831357083553	0.225237949355696	-0.0175930882495561	0.723980121298073	0.469490108357372	0.210977953951894	-0.0328040016905776	0.189058923174947	-0.180934462978967	0.0258464439265068	0.300016706724456	0.217568996906165	-0.0766074753295658	0.193630147775312	0.16384440294302	0.103362658764692	0.536741033440683	0.38784932412798	0.360252273838296	0.532874518374038	0.38656334673783	0.530645457785444	0.807126648934491	0.727334932658056	0.8170847145404	0.175899286251318	0.279317404630506	0.318037267458893	0.372655138659278	0.373544647474002	0.218868650881216	0.413487982345008	0.110839257698547	0.410466803238337	0.265232523758729	0.345332212191721	0.291215821544044	0.38195871634161	0.305115523785805	0.376669904741387	0.557044385851343	0.374116550911495	0.46961234194806	0.402587125177415	0.372371055281367	0.334530277400448	0.0975454103412321	0.178645741752509	0.198977085404798	0.293586745294046	0.337841750936026	-0.0114591313624028	0.154301590952969	0.239808637187524	0.2117639390619	0.257203757408555	0.635729308063464	0.303699907051821	0.0831058221140005	0.268633539052942	-0.0870596732949751	-0.031692683847348	0.217308050528585	0.274864397875325	0.620336590721245	0.493231379728764	0.284878576476613	0.218154594341313	0.306300321199989
-0.0777024129887359	-0.00713474164292156	-0.202093863615748	0.240005071087248	0.403622848868318	0.378293562085165	0.236932258452677	1	0.734245103648937	0.532840450591934	0.271242497078301	0.615363374859451	0.699085630064242	0.198306109834176	0.359107264477245	0.393186844209361	0.536511126261006	0.601064426487626	0.693131175951812	0.527503883457853	0.338144303060037	0.441347841325045	0.446519495969244	0.426169984617421	0.462101853116797	0.224735181875102	0.0288073667831426	0.267176246818646	0.472538505876667	0.189793121884526	0.219596015694339	0.0870973620336299	0.380576554640872	-0.013090085376282	0.204278394896454	0.205500920626561	0.0747149734440505	0.0819019833209594	-0.0652547853214683	0.0338106217013875	0.235125017308768	0.349321472578328	0.0826790893437457	-0.0172657890601424	0.133961707536995	0.259745231110117	0.11388380048207	0.257044809741669	0.475638808418116	0.288807043113576	0.1608997230458	-0.142275868124921	0.0664104269227255	0.311362142937356	0.487699981600474	0.236439369452952	0.55479671822019	0.637916030505686	0.665389157194241	0.699105471707252	0.526355319577023	0.385719310582917	0.482931500708954	0.556385429412119	0.0532606366801284	0.0632956679233266	0.13641363048279	0.747895849270219	0.573778225034901	0.424296314797307	0.496842849723562	0.467423758479007	0.32956565780913	0.366648690891321	0.302103270543512	0.191562519710189	0.145066450202924	0.206046242543481	0.204025904459097	0.21660713769283	0.136199583175307	0.23714212670605	0.0714740694698383	-0.0458077809490447	0.104065788992009	-0.0730514424136596	0.182066919529515	0.311272110853948	0.144042186947314	0.175210266962119	0.0913513438285684	0.0817008084227409	-0.102907002249519	0.0222764963761176	0.0980167158141709	0.402339042081717	0.246262083549139	0.315992143485475	0.108942017852905	0.227739133314807
-0.0682179252312904	-0.0546145063443723	-0.214119336828502	0.394820527437372	0.481301923404137	0.409086961687327	0.349474988940048	0.734245103648937	1	0.68435320368158	0.489690409011689	0.717067698576601	0.612290847305486	0.161507455625704	0.517594187829788	0.342860294041628	0.307684412791996	0.332389846814627	0.756761389492638	0.390349795638801	0.339845011069109	0.615215512585449	0.521436125336527	0.366043650313142	0.467866483075914	0.261363752753509	0.0319435415420896	0.288605642483812	0.371789313372781	0.225671453683987	0.158650486179486	0.127744498513072	0.320856077957031	0.148014294538876	0.359856250290783	0.0175709998472239	0.0821045028389689	0.123988267425083	-0.0232208886732363	0.109598602036174	0.409403664869407	0.461233518580548	0.183082113195696	0.108085136080354	0.0892249219151865	0.29987329677343	0.297331759579303	0.265176179502765	0.386183411709577	0.424303113900693	0.227773913475757	-0.139109231859795	-0.0417629346734231	0.251887876064219	0.506798210802243	0.326656631105882	0.492689195348872	0.614076979376306	0.703172049226624	0.92455235668679	0.682108722595256	0.617039017287216	0.655653300993204	0.562673425172315	0.121227822455453	0.186401042875074	-0.0016773760413217	0.607284505806692	0.496677916689365	0.258037787514542	0.543271317043944	0.564539030958697	0.300028053849222	0.278996281557364	0.182490821414266	0.188952896253128	0.0192087682728643	0.309346204787556	0.337624892525481	0.0357658281856499	0.0996721188345237	0.198563593735265	0.184320800455164	-0.107980413791157	-0.0640267128738944	-0.0696966400245164	0.15147673396091	0.216042582013336	0.0599686828036355	-0.0322070998640475	0.0596805004049144	0.1164647242725	-0.253204543982746	0.143343603150502	0.0503623039058705	0.373968351871352	0.34662622354214	0.42405583371071	0.27253181487349	0.262267970575915
-0.196872400053135	-0.149060772842728	-0.353082383437227	0.37878795410199	0.37917305383554	0.268602647778942	0.217218731574819	0.532840450591934	0.68435320368158	1	0.660500307352719	0.848082167328444	0.650716864451492	0.0850732319307665	0.513206591910256	0.328217138181667	0.23467036777894	0.269989854306259	0.493013053575595	0.274948665078262	0.235206226187096	0.695645159922695	0.50603705406381	0.199160378433848	0.286295082987227	0.218990961272415	-0.160041300681833	0.426361838905369	0.528116734379908	0.26213705191123	0.167453281767138	0.181549789899505	0.184607042261718	0.248832741714968	0.34648900860649	-0.0384481559001715	-0.0816183572472449	0.0863074520339998	0.0217784718637474	0.173843528336622	0.549853903733376	0.549343298622037	0.13904803268476	0.102058455214741	0.0515055111575696	0.242638485626952	0.41488167552394	0.345945917831866	0.464267901420929	0.436980143010998	0.363780560024827	-0.123511853982703	0.0230783595235619	0.0838669881820431	0.509569867114956	0.3442417972782	0.554654223445029	0.657705169674011	0.698031016961949	0.703631012306018	0.820366623306391	0.664645090653974	0.803304195404391	0.631416651230239	0.240485921338323	0.268099683394654	-0.0157864906507306	0.474963447683183	0.345682123184061	0.244252138174811	0.454128847247217	0.490839759279224	0.03534372741232	0.0782184011114199	0.0337720040596403	0.115880646847395	-0.0760290308079545	0.353462127475005	0.344157963168236	-0.0831547716841976	0.0728740815473845	0.122312840407682	0.274314185221503	-0.165552215402158	-0.0160101995042735	0.11984035654504	-0.0693579087401812	0.218431749303209	-0.176552200952198	0.0408161262573337	0.0633115568386873	0.176565634103427	-0.189213259013059	0.0781818326414238	0.000613165301197808	0.337199463296508	0.326772236717275	0.493244210600645	0.364187998472311	0.147825224791929
-0.244519080106245	-0.265331540746335	-0.337092109169172	0.205091285817584	0.121450639728511	0.117688267263106	0.128824804510459	0.271242497078301	0.489690409011689	0.660500307352719	1	0.673995177043905	0.399851072417447	-0.157479561058007	0.286464015319702	0.0538136902129453	0.0150812024875439	-0.0151379455381312	0.37093089258743	0.0228282973910803	0.0654233416497714	0.575758427809224	0.421801895910931	0.0962857807946927	0.0916676819248962	0.0742790979167906	-0.0697156253084801	0.269938670645434	0.316331222986421	0.0412146789229061	-0.0846516858241656	0.0638888437357533	0.135616104464174	0.208866704508013	0.254116849374641	-0.128850867037147	-0.0882681023021291	0.0975564240955243	0.12339944056087	0.213270326579669	0.303687069829978	0.21656761600983	0.137208718216803	0.119209039812324	-0.0269981049097779	0.133545790117816	0.28028178668239	0.2378386981356	0.169722520075155	0.227430443174868	0.208552015132443	-0.225453833642118	-0.194505300247193	-0.0178833640587293	0.285022031685513	0.119388899407487	0.34192234570379	0.352930238320805	0.440914469273383	0.480696175659703	0.51928521629435	0.582918333416667	0.616856003748817	0.429980855233951	0.0679680761314537	0.346920733705629	-0.129809025378073	0.231320984317634	0.137418136240611	0.0907333942236285	0.381388591282036	0.344893126710358	-0.0792904146993244	0.056533770138082	-0.0376315452540448	0.0885654200357171	-0.0351926891637575	0.212370520353004	0.183713607709347	-0.189291478428938	-0.010399813327652	0.0625246558907862	0.163801178864051	-0.127017913817151	-0.0970733733536109	0.0201525404607523	-0.193309681443827	0.0138046256365985	-0.137562710733083	0.0190390621734578	0.185735638373175	0.180631111045857	-0.0791733377648025	0.0587420983261346	0.0471144703768975	0.231615233488766	0.0979875394718252	0.259905836531607	0.250294662546738	0.138170257731556
-0.132194225662261	-0.105744305552918	-0.316768759498495	0.355667368514974	0.368134332230885	0.297208903653234	0.248506796908266	0.615363374859451	0.717067698576601	0.848082167328444	0.673995177043905	1	0.684416488851739	0.0877803399528513	0.435336872991093	0.330539591659556	0.462593888302141	0.357582257256464	0.618969799555258	0.275481476573457	0.372040257712068	0.678671817599985	0.667416728440703	0.196863802541672	0.359970337422563	0.117660099381574	-0.119440167301879	0.302406585538629	0.488044089967552	0.160207112415295	0.169010064664848	0.203609207522463	0.387246024683949	0.0429304861016596	0.224638275152076	-0.0572795785694606	-0.120008435491891	-0.11246233773332	-0.17239142440687	-0.0275718208076898	0.313374628885613	0.344609882850364	0.000638022895207351	-0.131336525451474	-0.0231939021491297	0.173727775836545	0.337661520531902	0.237212298414519	0.416225161294163	0.235925609305957	0.287323915995842	-0.0909155862993804	0.0511675108352663	0.130188920031326	0.467766310389185	0.325473885962167	0.49589314825613	0.586322609936768	0.719375995203175	0.722888335526157	0.798212003314147	0.722568017261372	0.797149302865941	0.584124191657636	0.208411770707389	0.157839820524345	0.0964146608511322	0.602588640326961	0.478115399300034	0.343460264505094	0.650378620510102	0.647985039906858	0.11666210579405	0.235503959086588	0.275119491249656	0.273562381748341	-0.0307644087003851	0.349933837592117	0.324002367127271	0.097836912251188	0.274872061789368	0.281846221398087	0.106241356545878	-0.164088279347915	0.0276489882504506	0.0528877046839403	-0.0318477789985541	0.236872860226053	-0.0296879855317344	0.040125935772585	0.0039933247419248	0.00956417130792362	-0.300435748097405	0.0723583398372166	0.0444633377132644	0.307379888933463	0.35480205963094	0.310471371933549	0.234935922437836	0.125354831728733
-0.0919024595616414	-0.0283812844062977	-0.287594357414849	0.254224037095508	0.359912886090027	0.16339685574178	0.0971094796254422	0.699085630064242	0.612290847305486	0.650716864451492	0.399851072417447	0.684416488851739	1	0.187767414356067	0.313782657629966	0.332241553752277	0.535131753019897	0.603913393104765	0.456013752477732	0.417063779696331	0.370520663835926	0.522082190819054	0.485514199832127	0.25845921747595	0.395843246465548	0.269191305500513	-0.00182591818381347	0.355505795390561	0.379776423997833	0.244252436627304	0.338401452245447	0.339007556312952	0.557503656633613	0.158583148245789	0.173058093962539	0.00583494955618071	-0.0443141280124786	0.0224071832045528	-0.145278780034735	0.0350321741970878	0.31238637201729	0.36540327538564	0.0739562849327341	0.021755223715353	0.227933509278579	0.250680696863417	0.33941094860681	0.00971004536778613	0.305331708049412	0.118363013643463	0.276329234639072	-0.0985846384886996	0.00508303042306778	0.051168484286476	0.357976804987008	0.173163400573273	0.666514354579398	0.622453847489965	0.597617107379914	0.609689342034926	0.619353510285772	0.493114424615306	0.600686710366094	0.812947507178269	0.179365850490156	0.122212757814017	0.127591999088783	0.721290265647003	0.35445007704505	0.374152012619486	0.521679647685867	0.432608344289556	0.089750814543582	0.179542983180323	0.217061797484822	0.243919540793348	0.0441943559645594	0.333807024105911	0.250225546115076	0.24646233158698	0.215210032487812	0.341637967258853	0.179601974447825	0.0253058582534885	0.217251872363465	0.0865842521868514	0.0641048901260211	0.243187200437296	0.111663969243996	0.153537958993012	-0.0170445155811141	0.100862064384985	-0.102523435852785	0.0776791246107756	0.149964141070643	0.129235310809059	0.203437140389212	0.287126547433	0.198592465515462	0.134947707330218
0.671480005946016	0.58698331222684	0.520478592117609	0.540419026622843	0.558272212610066	0.497177418823727	0.571901717441422	0.198306109834176	0.161507455625704	0.0850732319307665	-0.157479561058007	0.0877803399528513	0.187767414356067	1	0.672037387311931	0.734554271863493	0.458206917150349	0.502350391577842	0.165273567717847	0.354054475261254	0.329553913662779	0.180154373841906	0.136904021067396	0.086699734246396	0.385227112045304	0.308635592315728	0.183855934688116	0.0579210721342258	0.0913568155378227	0.629823042798793	0.644202429879363	0.34096434319411	0.232255299051745	0.0995904291864199	0.397447124479985	0.338331773031399	0.250065927101728	-0.0160730915166604	-0.00987960043905303	-0.127764604876842	0.0716512634649514	0.383578893573761	0.194266928825866	-0.0804051155915158	0.377114139473358	0.0291620678970488	0.194385766977165	0.195175686963951	0.227229602642013	0.25898426609911	0.642497107748346	0.597321583457686	0.653296370212161	0.547643195703549	0.38446302552636	0.60239550683607	0.15638592028568	0.280713844279837	0.297769376546251	0.186323319473049	0.240408841967244	0.00833899900901176	0.195801187431123	0.124140757180466	0.687561114852728	0.201152214779718	0.586793240545958	0.361700597155579	0.356699303146233	0.438888765099533	0.248357483482208	0.363379870225888	0.132008217819377	0.243648536344157	0.293700083773237	0.462945677591916	0.210951114489481	0.164123651192185	0.21598176207841	0.455172882754704	0.340494759014279	0.327583296178189	0.107765817011471	0.212792456431653	0.377993888762633	0.36848701925346	0.140302302213796	0.520007685538746	0.163733568870029	0.223125094262132	-0.0291531990822352	-0.00260130703358131	-0.0498944120644636	0.192282023019131	0.198897996095202	0.236166961311144	0.358127592750077	0.177046707086276	0.182838418426594	0.0208972129423622
0.298283969270614	0.310595855795288	0.201401059417228	0.670922690366115	0.578790071943874	0.530047834282644	0.600111597393627	0.359107264477245	0.517594187829788	0.513206591910256	0.286464015319702	0.435336872991093	0.313782657629966	0.672037387311931	1	0.683364869093387	0.361451041184017	0.354662411822042	0.475293957495648	0.277544997240193	0.342966794215258	0.517974999002786	0.327609711318664	0.253477769385032	0.401632436474675	0.391426146316579	0.119756832946968	0.24144539275562	0.354099946246636	0.513220598303302	0.436403502722289	0.280507490566297	0.212149628263511	0.222045142734015	0.56299577884026	0.276450343302111	0.0978550661594211	0.115218793719447	0.0709863362498585	0.0519466719764487	0.338791379636998	0.471984007007529	0.267963643165748	0.0642358651130052	0.254359538978456	0.206139831458525	0.367992127836143	0.385457926269304	0.412025778983623	0.560054915387647	0.597949088256958	0.253775716886129	0.455597735347877	0.482114874741927	0.610541521993268	0.658090620303653	0.358114954179324	0.596684540271223	0.578444432049641	0.509120875925105	0.547134584292742	0.370850619076969	0.574237473349177	0.338257828464779	0.580743390074532	0.384364988114936	0.371134158776025	0.452736175218761	0.480796540683249	0.359368260892521	0.490706954949683	0.511381451599802	0.1607936584238	0.285183602773339	0.292065238792193	0.277669170737137	0.181476507093028	0.315875575551415	0.351288938393166	0.193076461252381	0.218421431392695	0.330050650458553	0.167262411289111	0.101271785428087	0.22885363417088	0.265470535810023	0.0160726878008179	0.532477291466012	0.085067815709355	0.113873929633966	0.16137969979031	0.111464756481526	-0.0985446576303517	0.234901019990925	0.227715069582377	0.414270478054935	0.437484564103035	0.467710631756753	0.378611351610399	0.298332064682386
0.470192500033513	0.293978764572865	0.261186845037047	0.680784901302317	0.608888793716936	0.611667112486261	0.707793118373251	0.393186844209361	0.342860294041628	0.328217138181667	0.0538136902129453	0.330539591659556	0.332241553752277	0.734554271863493	0.683364869093387	1	0.505928733791003	0.562732362349232	0.461187723971651	0.496695696982829	0.493013273049132	0.362215982820712	0.367511709858451	0.382722972980499	0.453128793254512	0.266186447388663	0.167622477174493	0.0342872841575359	0.279235001903582	0.481542718860409	0.736468662530557	0.407052435007775	0.382396929268426	0.069000354839173	0.659437847746917	0.575979968116656	0.199227409950246	0.0758047518810341	0.0122248557952355	-0.178030654478089	0.108993308819419	0.421694213827746	0.271936815811692	-0.198510983967915	0.406671869914391	0.138078247371921	0.231586927646322	0.361357755869505	0.487994834838578	0.30836999116131	0.641356728764405	0.34559276287434	0.587682117924075	0.575251808589233	0.684305026446991	0.703396425088608	0.494498286126817	0.597540049562107	0.526835522283228	0.377590665822333	0.526883544572333	0.225012441233259	0.494273597922212	0.320332647211359	0.639810097982288	0.171130471117391	0.593448244675839	0.562419760472135	0.608862661921489	0.566942796803375	0.512547580517249	0.581319800983478	0.22312343450764	0.380640922612321	0.506002449984936	0.402335372912229	0.213001305637374	0.170181734095836	0.0750424332785119	0.436931693066786	0.440887006712238	0.471150297418417	-0.00827581437054833	0.144495031202684	0.416330647745268	0.257221769510854	0.13047939821587	0.751137024920264	0.206338906557675	0.209210900324873	0.121082876433817	-0.0807738555801865	-0.22710133574762	0.148534198494716	0.243730654220205	0.468220219025724	0.492146947381765	0.280999169143191	0.149399408668942	0.15438529537729
0.162454887527929	0.345389518718546	0.0478377614923066	0.277492939753914	0.301591260146093	0.282632458799902	0.239870544435004	0.536511126261006	0.307684412791996	0.23467036777894	0.0150812024875439	0.462593888302141	0.535131753019897	0.458206917150349	0.361451041184017	0.505928733791003	1	0.792301830125175	0.397798554305499	0.417050714209333	0.53834909616443	0.339863112014925	0.447521552994522	0.122645650919064	0.37284515714213	0.151948540518623	0.0947568901720187	0.0590188584937633	0.275351977732103	0.221732161899897	0.532055602852374	0.33434776847044	0.497925464285733	-0.174980285573302	0.0936455051159294	0.185374419865177	0.0177561205456928	-0.254677749794099	-0.288561562553426	-0.283132183339858	0.000416209999978822	0.174668933043455	-0.0636471809427845	-0.365559174056297	0.172802575244968	0.0208476953133926	0.0550321263454005	0.0767934150271571	0.312618514118063	0.00421571514064766	0.223325858834777	0.130790639038654	0.295516069438747	0.232656186215724	0.254874532664513	0.225147480963599	0.318662883914887	0.334127010779006	0.353762057338601	0.286864310707783	0.302002902342043	0.201934900390332	0.27799704352752	0.358499364130755	0.285180375755653	-0.128535367527978	0.489759972621038	0.649153454423426	0.477706799240911	0.487439186402251	0.554606951154616	0.48431152852051	0.130696358711515	0.369684751589345	0.539263069518476	0.486316045464922	0.18920155204092	0.134955930553578	0.146618205294728	0.597946660074487	0.499222826258939	0.43836919187705	-0.0747751217062812	0.118493166637928	0.364175123618391	0.0423205575862349	0.0688818572385357	0.367822369588419	0.185292395217572	0.248392856526221	-0.0465161601464086	-0.156537434215108	-0.19059984591589	0.0227925861717712	0.134993776071639	0.203344407296752	0.295509999169715	-0.0315242757431698	-0.0359061447903646	0.0246865908380505
0.204241597819316	0.317932391017709	0.0451406307347087	0.295815215818077	0.294134930453933	0.262005616878436	0.221287000715685	0.601064426487626	0.332389846814627	0.269989854306259	-0.0151379455381312	0.357582257256464	0.603913393104765	0.502350391577843	0.354662411822042	0.562732362349232	0.792301830125175	1	0.329934709809209	0.542503164482281	0.476752628575596	0.3133639470235	0.329263826101365	0.270842925881341	0.417497655606549	0.26059669056773	0.123845548336181	0.127805408182983	0.316952385624631	0.335382110521689	0.658889780154603	0.382862872755719	0.472667859210575	-0.0404945692068959	0.14647808514235	0.276417260533931	0.13887902237572	-0.0701323732519326	-0.19361907367321	-0.219641870876482	0.111878467595365	0.324778825667797	0.0674276219463663	-0.230265318248186	0.316239522691251	0.193538982536378	0.136567851932232	0.0351034775008374	0.326631268124391	0.0745292142981927	0.296158292990691	0.123843782907051	0.274775014921604	0.248393407742087	0.284985405529979	0.216395349701534	0.481452536840496	0.474635951040253	0.424671064860151	0.363658136149759	0.352201782426475	0.141815087356429	0.263226490470543	0.447881670285668	0.329299744730123	0.0151120236953892	0.503924377297691	0.689404403352362	0.432776352682548	0.600690304194369	0.429917059441016	0.409911306534878	0.156297466964891	0.333095653790033	0.412865176461239	0.470203395093754	0.235032003614129	0.209430144829522	0.215335281127319	0.647950258257035	0.432216702858697	0.431836815369679	0.135241740830566	0.283266172471585	0.462477930061957	0.200047663306267	0.154767655013826	0.405182543681786	0.314414730802791	0.405868340244576	-0.0260721038377955	-0.0684909316571695	-0.0554442665614083	0.167388652378549	0.283345877824713	0.170157251679649	0.255538288113248	0.203126055324632	0.0824466536283276	0.123304100903963
-0.0258302335520536	0.032363170198198	-0.13399436507861	0.353650513818524	0.413809498580608	0.41741997922278	0.373443756849878	0.693131175951812	0.756761389492638	0.493013053575595	0.37093089258743	0.618969799555258	0.456013752477733	0.165273567717847	0.475293957495648	0.461187723971651	0.3977985543055	0.329934709809209	1	0.364255396923241	0.374321057276163	0.472213712425314	0.554260591497449	0.389932972625721	0.430884732419323	0.193729541701285	0.0580522229248919	0.12291545236956	0.361908512829212	0.175434695002825	0.174285823092698	0.0900315370463027	0.311957955528487	-0.0313399941252055	0.304174696977467	0.286970430945846	0.0141569189414076	0.0192367639626984	-0.111919142476173	-0.0475072766282547	0.215930225392622	0.285577395338884	0.0444399845001088	-0.11581614106093	0.0566927777854603	0.258498552336005	0.158560114265352	0.252502615749722	0.476526385334656	0.351821707014285	0.178137667752835	-0.0438190300565031	0.115593626578194	0.342921044552381	0.485689130182887	0.338838405780576	0.48649197386579	0.584857949716072	0.67772405512901	0.727342540807222	0.534160086346314	0.469813590002982	0.576033675791089	0.401685921933063	0.172553796659682	0.0275715077833798	0.134921979022243	0.581961869029544	0.699286514487519	0.334507205253317	0.567707072908876	0.609118144575888	0.376427179444603	0.296903988135637	0.373085131323182	0.127653777326104	0.00944372588366894	0.169540006876095	0.118412749590176	0.124149995902272	0.223533734300976	0.247280564880559	0.0208317277283397	-0.184994346762358	0.00578088055528627	-0.123196388187474	0.0954016712115116	0.32941644604358	-0.00601066672476085	-0.0556411733422667	0.0593471757327736	-0.0711185873567941	-0.321715806310067	0.0472775303372389	0.0388509086491362	0.394098968366876	0.408479131391235	0.275841770562333	0.0461998167129087	0.199902763228193
0.276599985428089	0.329433878926081	0.113117411530282	0.0871659868460853	0.219000057576476	0.288580322799984	0.178384657999999	0.527503883457853	0.390349795638801	0.274948665078262	0.0228282973910803	0.275481476573457	0.41706377969633	0.354054475261255	0.277544997240193	0.496695696982829	0.417050714209333	0.542503164482281	0.364255396923241	1	0.397633311650242	0.286266797145875	0.469462383779384	0.290839505480661	0.631390825507865	0.323707323095379	0.187510210067119	-0.0702336339443155	0.0759290132027828	0.285794610702092	0.669420060403711	0.579673427320735	0.451793814503729	0.092024515483396	0.0859531431842603	0.32825368765582	0.234266622739916	0.369020714454532	-0.133454240884445	-0.171389606371949	0.0930722596575286	0.37751040257228	0.196030678467983	-0.0732795447533775	0.609293237086496	0.253265282824041	0.379867639096089	0.0975921092281496	0.139753558632565	0.137748682670066	0.157557762790947	0.197990673293899	0.152728791329297	0.267740888012641	0.206844965963776	0.0428619253766538	0.414777800991993	0.381338108406014	0.407968072372484	0.428450561004354	0.341914384444978	0.0491857684191289	0.253593207765515	0.344268137875681	0.246318290413863	0.0272498545638337	0.413586986832442	0.525022232456426	0.327826554328688	0.638257553023369	0.334333434167735	0.26822133477271	0.232548755565671	0.436051810449959	0.190834223213686	0.297984614395311	0.247573073652753	-0.0170668394373226	-0.10171265450262	0.476840945291911	0.368181235994979	0.412164891783301	0.0502471030423783	0.189902509910905	0.434481315465413	0.132251376616218	0.137047477265171	0.193087848019767	0.152900724033597	0.405539990815027	-0.0361483060033335	-0.0715231470879272	-0.1038792379019	0.0605966822570501	0.283397806399276	0.131465195683281	-0.0214887727006604	0.137715171207164	0.106948775861575	0.00157039289387959
0.175938479511173	0.181792289873401	0.00229522553082838	0.38123810703898	0.312517204997541	0.322753526112642	0.337211177917917	0.338144303060037	0.339845011069109	0.235206226187096	0.0654233416497714	0.372040257712068	0.370520663835926	0.329553913662779	0.342966794215258	0.493013273049132	0.53834909616443	0.476752628575596	0.374321057276163	0.397633311650242	1	0.304824532807168	0.473931873550938	0.187363909559824	0.457465440415627	0.041105797483098	0.150587282501316	0.0991316748521769	0.15962177805837	0.180778252042149	0.545456383949376	0.442043418064478	0.52022857451919	-0.0326053623650314	0.28402716262577	0.218446619198475	0.00244539208627442	-0.021065110499607	-0.147315552178929	-0.111728733541227	-0.0363656705260899	0.231311819151161	0.217480034681819	-0.183932223894447	0.270484345470541	0.190729774085252	0.322535079035701	0.113625377305877	0.219976016950696	0.17611520921227	0.102539031818095	0.116000410810332	0.177442968583707	0.341307757509676	0.270242446965566	0.240356008096965	0.18908757993973	0.238002864997062	0.211965453016972	0.305860240927989	0.268349817724606	0.295678834442495	0.307479682959533	0.342412076699955	0.166429343192406	-0.0091431708118803	0.274422391171771	0.450523799350833	0.294582763902882	0.382956458525226	0.524504220977242	0.518321756289729	0.102195420703737	0.328129206377624	0.452679803251875	0.387115593475059	0.119259890747368	0.261573520265237	0.222432161987479	0.40814495673932	0.402823891149728	0.538288241957402	-0.1331295329918	0.0691445829595468	0.283992897466302	0.0574528500689053	-0.000654566008701033	0.26256840724178	0.318531093388363	0.114421829869615	-0.0441536492874072	-0.059789414360414	-0.204011189317815	0.103258839968477	0.218722815268612	0.208682556709786	0.206684751128621	0.02434799967939	0.0033954266071752	0.20440259018461
-0.0829674495769577	-0.0552839974486798	-0.21343959680849	0.435983343151823	0.410697389711323	0.281372683177166	0.277675823138247	0.441347841325045	0.61521551258545	0.695645159922695	0.575758427809224	0.678671817599986	0.522082190819055	0.180154373841906	0.517974999002786	0.362215982820712	0.339863112014925	0.3133639470235	0.472213712425314	0.286266797145876	0.304824532807168	1	0.562324877534138	0.213598063433289	0.317740934277015	0.266653442065356	-0.0125503758633523	0.37054281345432	0.518499461336605	0.29189732826852	0.261027839091048	0.220800533455763	0.195089810355566	0.267993140208573	0.414098014164388	0.0251326669643778	0.0678107998109149	0.167330661159333	0.0584464057970294	0.0943978745857178	0.444011592966457	0.478767412319467	0.278225896445059	0.145255224861823	0.126671656778293	0.281513393249024	0.370491442267507	0.218960270540957	0.353292059607738	0.404760352272727	0.309913953989388	-0.0533558060815189	0.00281228821891925	0.126041113171178	0.403979475863042	0.378250027188974	0.466386237258021	0.537113933744079	0.576015711407305	0.595020760207862	0.656819995482954	0.448085116048345	0.666215042513501	0.525596566627858	0.272998137321541	0.397117620010544	0.0939354212048405	0.449366326682454	0.240218057681934	0.285271081250777	0.475009168221168	0.489199095203219	-0.00235168727358907	0.222825367442123	0.0941580644132072	0.204311532077588	0.000387101354719002	0.365405035280632	0.341050545578014	0.00858858842319349	0.119853466905022	0.247365179048019	0.193594152140204	0.0765256859871859	0.138844844774846	0.197543820450543	-0.0138351104226694	0.236001196413242	0.0823437266274716	0.113983346865385	0.105363973473524	0.128523078705089	-0.162297960791978	0.129138218951114	0.0708150467667183	0.183539592907931	0.226458339886507	0.38724500007416	0.423992884340705	0.241567082360167
