1	0.619000243359599	0.822476196491009	0.668956432087955	0.718761310261735	0.677488545887362	0.705614585450644	0.250724579548072	0.10382179890607	0.249602696489939	0.0661343251665703	0.0812690736540754	0.0181221203053916	0.610472823964806	0.426015648641618	0.44799298471291	0.137612382448406	0.131745395266692	0.338260423307211	0.0333226816073194	0.294275298620489	0.138817573345299	0.0685353181937553	-0.0470920518629163	0.284093698490522	0.115469889483437	0.303170683969279	0.358890039636564	0.34681077843684	0.479560741960426	0.353330070971958	0.210917661847668	-0.0822690322938826	0.231255233443898	0.459357872322588	0.399811299958537	-0.0642370071636255	0.221405855945985	0.382278209371215	0.254814182934758	0.41355893006666	0.43305898866858	0.472768438421171	0.349600134785999	0.254912260253712	0.274735280821191	0.422952412796516	0.624922797990365	0.424299844536062	0.406527274223017	0.665915528519502	0.704254790683682	0.636580637361379	0.74237138629542	0.5464610463912	0.693927427127232	0.139180619543748	0.227540636765824	0.171754159434554	0.125063519307387	0.201633962532387	0.030383659721979	-0.105981683671878	-0.0262041700511596	0.466870083750306	0.454535238368458	0.323813274884059	0.0818107568508615	0.21165963973741	0.068862253032216	-0.0128859240978629	0.0779993416814604	0.0236317541895875	0.271131599762366	0.0310812711607774	0.0795866334387352	0.0527529807549741	0.3390477843605	0.37273132443693	0.0640598531504212	0.177465325952542	0.00992832771512068	0.410649166331421	0.232668483725741	0.146384729926179	0.194927311823394	-0.0543819411421455	0.52703567238248	0.209428042859532	0.0374607770378293	0.281877831595347	0.19397027712909	0.149040264818803	0.356105320863699	0.168554362591556	0.618289513011375	0.394831889567934	0.455263731025064	0.358055914146258	0.357451790980354
0.619000243359599	1	0.475025290297413	0.35679775917258	0.331823900553735	0.366768650441974	0.236287036103949	0.325466887129501	0.161132299406164	0.2206789167114	0.160123505119116	0.110442746256641	0.0632879608216944	0.649220457384947	0.323578609292908	0.495737393636059	0.197448095420286	0.207721834513673	0.411686600088458	0.158176842255529	0.241778517833217	0.306122136565321	0.0819269755429976	-0.00625955852903687	0.185692147575654	0.132897548594711	0.286654406991289	0.349457829638989	0.233166616905731	0.424048945969848	0.376200707409888	0.218064825816306	-0.0476503552566998	0.373523236342465	0.203306358854439	0.43036127383028	-0.0900559052635277	0.274328819862118	0.308387279767869	0.216895063016349	0.438476555146511	0.447277559413214	0.373783482053134	0.300000467959962	0.376466224929521	0.280614895570051	0.379308499627122	0.341705561098806	0.343133181173083	0.356055699883308	0.338191100755638	0.527011769929437	0.351034999089196	0.404649224465909	0.154452155879819	0.176171617265717	-0.0564902396577266	0.101653384862239	0.124064599321766	0.0321409293244728	0.0619437865972918	-0.0501628363028803	-0.157263318015954	-0.106362818120494	0.416236650180538	0.262743863692425	0.442151177766385	0.118642050328221	0.18369905838823	0.0327061073363448	-0.0069307644119697	0.0431580645465483	-0.152406100358604	0.147931097643629	0.0406739802759145	0.207593526194864	0.197121400919006	0.374531789659475	0.285814378948915	0.144886724890994	0.144803050677227	-0.00904444701869431	0.282876784268455	0.166024416968964	0.308624513656705	0.312437546833004	-0.102477400555878	0.375288710311521	0.215996812968581	0.185565461476275	0.198829012250024	0.164088469601607	0.274334682797778	0.416937362854599	0.158049838670895	0.338641859773868	0.322246146901852	0.245017269059083	0.255021281771627	0.388722965474932
0.822476196491009	0.475025290297413	1	0.69541070087802	0.653840170968547	0.673856909430407	0.721790217266824	0.23076344730418	0.0766594171120357	0.25884846085345	0.0341944642201276	0.0239757357015195	-0.0929610493664173	0.382773184019438	0.389414164502218	0.348552713121958	-0.0436927641162084	0.0217648181166033	0.243919601079006	0.0345652145486535	0.168233735100431	0.0066472188877651	-0.035083388031522	-0.15399122042581	0.220901167267783	-0.0290962035161879	0.229908330487587	0.440937431031628	0.276963628376763	0.392618863211355	0.256337910060636	0.13388381513706	-0.15232958803677	0.198788842638973	0.450950498297778	0.265295895695827	-0.00919709354832494	0.152650841209344	0.39978806314761	0.325593383730221	0.359077913549337	0.427322787478977	0.376454984706815	0.33190646398904	0.25257327237405	0.21451244383476	0.38438685187226	0.618670490734747	0.228419795547694	0.238281944897396	0.660579340851303	0.757949482322351	0.613135214637891	0.780347369189391	0.495177362130262	0.690323280087689	0.146140080420491	0.215812112877208	0.0998751724351645	0.0613633769858214	0.162212299614555	0.0266838116989203	-0.129885660116257	-0.0958635298756607	0.447529635610128	0.310626707077842	0.178741444980859	0.0490628472423711	0.0703960913068809	0.0558059524242345	-0.168162579641077	0.0378226391828926	-0.0898570805789337	0.236798556470683	-0.141322861250796	-0.0221581701769017	0.017217979252434	0.458209949968459	0.368397245421223	0.0471714693563652	0.162126720769556	-0.0583236828227276	0.444772318597048	0.168485815185293	0.156059125608412	0.0742422582817846	-0.0417375873365749	0.448080423459207	0.126081812695744	-0.0255826646918346	0.257454064884364	0.287395652761497	0.0691730025270619	0.317604620700143	0.175786959233826	0.618182503665329	0.391535076364961	0.431902086218171	0.407628890755054	0.274218874363345
0.668956432087955	0.35679775917258	0.69541070087802	1	0.716642900140637	0.731042264147512	0.741847850057612	0.287049507099519	0.262158887061584	0.389124078437261	0.214746681508226	0.280220634094749	0.00600439443991896	0.311652112496654	0.717458844091541	0.269568080425372	-0.0792370798757435	-0.0210332284950673	0.232525328767025	0.110402833596044	0.292896709625489	0.250919599947138	0.0945293402969927	-0.102136011274174	0.200030140259234	-0.026064510399422	0.0769344062992797	0.372932536492573	0.264351310635574	0.248451065954834	0.193165356052066	0.0903056871988011	0.0283026461636419	0.240863047781745	0.426548842001533	0.16258000258495	-0.126412153680205	0.0585125589744137	0.31966598427067	0.29361133479029	0.432765841459106	0.346410434745099	0.493365143035179	0.23316170694485	0.155039205545648	0.158379044443148	0.276341589325267	0.560867871611311	0.141152113446241	0.316464681668711	0.594006508612098	0.469475392182688	0.705833035886615	0.777663655418183	0.658108045295826	0.777862308053864	0.411566637957347	0.335805086489803	0.156694977797659	0.288660715485702	0.417341951082251	0.202292322550279	0.0686308767830829	0.138387968968386	0.448472172815973	0.497307496423791	0.171001853646884	0.106787349544486	0.106828054280571	0.243471799190486	-0.03051496736319	0.16995961203548	-0.0643409612178346	0.2866089033241	-0.131528444903673	-0.0641730862609892	-0.110175019035601	0.306471533482292	0.31134330699368	-0.0338205052803886	0.133187701732109	0.104684924920769	0.391596676229019	0.14261212407264	0.106001772936465	0.12614891337605	-0.107792938158015	0.423547045045744	0.0889325476698836	-0.0472669009170858	0.188012106887018	0.285847823175482	0.0480952865989372	0.223665955796964	0.101702844615414	0.573545258683657	0.423590581834834	0.532443903645907	0.359069806152054	0.216849645126654
0.718761310261735	0.331823900553735	0.653840170968547	0.716642900140637	1	0.858567963566323	0.788249151187702	0.288692197422207	0.313005128698332	0.300323512754164	0.160930402979214	0.361697129570836	0.0744393752186919	0.372079405604027	0.528694220418284	0.348251387909264	0.035317497048688	0.0734045522513918	0.204914543349596	0.196992966299926	0.318595039919669	0.297307110385914	0.129310671062223	0.0523208373108357	0.337075419853386	0.0973750410043395	0.270910447541176	0.328551938729708	0.324852561516628	0.330536275019437	0.221990486061673	0.119948719564486	0.0166611925386022	0.15215256703923	0.576434550072881	0.274880094234302	0.0339711078922459	0.120191054176272	0.366090548735142	0.237340981689997	0.418307173871084	0.308590943895178	0.422685082746736	0.230848051267841	0.108256906066821	0.142012476925056	0.25502867639162	0.725916617048519	0.388595743958249	0.32376883488373	0.671328992101493	0.488313627686696	0.574046516104082	0.755438252111208	0.647851429596587	0.757792769661214	0.378915719645966	0.489876244920824	0.337921992696924	0.357499159835073	0.417141914083945	0.177901584466022	0.0403891501982129	0.0644251100444369	0.457706115634859	0.482932129654276	0.249209881324685	0.180567564538833	0.157041930845419	0.338253979506638	0.166458977283045	0.269694124754673	0.1537293476523	0.488964610533809	0.0906194713360376	0.109447994850322	0.0783387119188811	0.30594763160507	0.249088109145641	0.131769434833969	0.201296734249579	0.214030461941852	0.395575511996128	0.251734601102235	0.169518235673711	0.15412540175836	0.0433470340601943	0.571833385078023	0.233016596988525	0.0884649904206994	0.309688602163421	0.224881854656138	0.101055033956151	0.264235208149506	0.217847626126975	0.600828666283452	0.39271133035219	0.567068938315315	0.399300028052688	0.310850262510552
0.677488545887362	0.366768650441974	0.673856909430407	0.731042264147512	0.858567963566323	1	0.873421257047805	0.415014352583151	0.36311970547725	0.343077706040744	0.22224029479272	0.348265265557228	0.0911117158018855	0.298729767396062	0.560091258341802	0.411556148714268	0.0789956850890461	0.1807150191768	0.372984965720671	0.248922702307575	0.227807891323499	0.288038035839911	0.14505797148082	0.0415808908304691	0.342791207336302	0.10792992442175	0.273427484246041	0.426476325685933	0.384001441039981	0.279841447297276	0.263963111116007	0.0607250784211008	0.00903899177490036	0.219746625660295	0.641900111819391	0.311123805658646	0.0571003678002709	0.144927245501655	0.439422966875416	0.276443674007025	0.477606128855085	0.39865223586901	0.417296739903508	0.19935428022573	0.183070948420184	0.252796792963174	0.290408933409644	0.826210618654357	0.24493493081969	0.323174577948678	0.676068197287041	0.502254473865139	0.618502862020186	0.830249774173597	0.736021198379495	0.80600303083582	0.388930798982328	0.459121526225275	0.348602173780283	0.368293990215774	0.372521831438272	0.186294964690044	0.0223791197560668	0.074315268458404	0.435954048327791	0.478377424175952	0.25599369227863	0.221616787065847	0.238524621829122	0.291588582416887	0.11737872292024	0.229224377538153	0.12126970348371	0.529542746453904	0.0847336500433259	0.130799755893596	0.104475766616221	0.37487777008888	0.28807190993	0.141843220648814	0.186943894401512	0.165161629158335	0.405150165314456	0.230903202793688	0.173790533863735	0.174498524602684	0.0264984429428101	0.642297524348692	0.2524083782888	0.0697593354101872	0.375277153874566	0.264250701379851	0.165732354038596	0.29602160034066	0.106697697407771	0.655080593955527	0.444377628173759	0.52354796923865	0.340230743319206	0.267179653002567
0.705614585450644	0.236287036103949	0.721790217266824	0.741847850057612	0.788249151187702	0.873421257047805	1	0.339020458864245	0.199133234576404	0.225333741321958	0.160284101713396	0.211721965267579	0.00146308149283079	0.211761438531809	0.499320005244341	0.319750673366726	-0.00931282163577833	0.0758767918557236	0.260444279738807	0.0916078282904411	0.190577110031916	0.174766892129573	0.0446016841377772	-0.0253691200707082	0.243107331892675	0.00980202297673476	0.183418865701874	0.351543483372861	0.336752762355849	0.271204030934537	0.230815808754824	0.0187902047338555	-0.0466353453940581	0.149194945800219	0.711327740728293	0.309579320897543	-0.0411098457879004	0.0871397406934471	0.440763742649683	0.259597676349404	0.339766007406269	0.351849565967117	0.432536810173343	0.172368410818424	0.111175794796746	0.130367819469491	0.306350984601075	0.764375456507089	0.17016577483739	0.268805616277568	0.690214373487572	0.537369133140212	0.664045151519237	0.853018988219466	0.789831001596901	0.923187071183834	0.375591994697182	0.343694663794547	0.232333093325233	0.221619537301426	0.28923716665707	0.182804066453273	-0.0285594907245284	0.0710512522231213	0.408838272076687	0.474531245509527	0.153066761656038	0.0777694968309347	0.179603830187211	0.233441107187106	0.00956062487560186	0.171581674232723	0.0374380135903852	0.38334805104879	-0.00159626248737186	-0.00794526982685653	-0.0494829581085681	0.31890588428766	0.291917810416884	0.0477175681830988	0.142693441637491	0.107508778311674	0.385810475427173	0.232716829789112	0.0607061520188512	0.0756901699970311	-0.0837031022213602	0.656041903617266	0.197331867366243	-0.0567969321698115	0.368151880708127	0.241032674332729	0.0493981847522199	0.214454654901046	0.0665246730522195	0.692907042818487	0.405264438854846	0.509283950288388	0.267293868954765	0.205357453921814
0.250724579548072	0.325466887129501	0.23076344730418	0.287049507099519	0.288692197422207	0.415014352583151	0.339020458864245	1	0.55193504457918	0.162098579716489	0.409865825637319	0.347719178459048	0.297016946747594	0.128659273613614	0.184246826702688	0.194802268747996	0.134957771110767	0.221458802441741	0.483155620745016	0.629088336482215	0.143398729197281	0.344358682088455	0.339487098411617	0.0756946410310978	0.511288703648208	0.147320419134557	0.259900964911942	0.189447542024551	0.11209195282425	-0.0225046263504464	-0.0119857862850903	-0.0467240484799799	0.226918263667905	0.0890145973985957	0.248990247582341	0.203697603575182	0.115217561236073	0.111147754503852	0.275135137738937	-0.0282608559861484	0.28425775244218	0.0537320292174277	0.113654259200333	0.0833182212387893	0.233064127689731	0.265276021589226	0.181470781244673	0.341221448281862	-0.0659515906709367	0.113873268269732	0.280666868066464	0.141464342635178	0.145372369071669	0.340783471772278	0.294833459736721	0.229464214302039	0.342732712756217	0.45169462523818	0.372400021371659	0.413282401221695	0.298725875603595	0.202456821153707	0.162051627510529	0.268209399633559	0.150168439004794	0.22858071070912	0.211645550521762	0.435422348708292	0.33216339675642	0.409940564952296	0.205631885500328	0.363348884626162	0.0239403620340064	0.530878169311437	0.0486623748277656	0.283325931122116	0.144749253605378	0.111187303639041	-0.0197501508724265	0.0602223778522008	0.167378424047976	0.224010320512793	0.117699793983637	-0.0632884267450328	0.208530519676297	0.283151161740729	0.0851506146436242	0.287000799787044	0.11958557456143	0.186855389006162	0.160303694171121	0.0247648872027441	0.121765804551388	0.251200072115144	0.0562080540511925	0.240106008200799	0.213833078920612	0.282645949742866	0.0681027523634254	0.121746793422626
0.10382179890607	0.161132299406164	0.0766594171120357	0.262158887061584	0.313005128698332	0.36311970547725	0.199133234576404	0.55193504457918	1	0.364683831220116	0.482708945283411	0.38741862913685	0.203240279970881	0.0747305739953865	0.226048341041025	0.22565143058149	0.128705452314789	0.124745252303188	0.356702794299333	0.549558763946832	0.310426114172281	0.428272074919799	0.387152045884668	0.504256197839954	0.475876509051445	0.490813508776518	0.40673860836799	0.191324113017133	0.209782417065474	-0.00462659079169633	0.150444194703615	0.238581377771291	0.256894465326774	0.365106088764261	0.388775681859452	0.347602539184241	0.436040285812012	0.367509049677372	0.503834259566736	0.388147955745832	0.421463899876121	0.209238018554414	0.299913115841118	0.392478705037636	0.306667195075203	0.194138459101496	0.232970843633975	0.368550086652939	0.0414648492870936	0.277455676317645	0.184808874856363	-0.0116586343102757	0.0863988027971869	0.239747943840763	0.2919334652567	0.162324443900794	0.46831801768906	0.494011141300028	0.511915164697852	0.788808699695087	0.252850008027859	0.184967993815597	0.0874845774301007	0.194312797758217	0.0987062238502085	0.303340963921458	0.300538173366234	0.242698625123852	0.312768541716739	0.54889858116198	0.129544537060673	0.262743636076444	0.333148992124296	0.556037898470526	-0.0362424178833128	0.29572459530131	0.293443555676549	0.100233432242752	0.0445552232067194	0.173402332346603	0.150692376268112	0.244637048142629	0.0870114236888066	0.0822441064439413	0.320515737669492	0.343226924333842	0.438783485238379	0.433945710856511	0.1854241622827	0.383361617025362	0.533267691469938	0.387844994331012	0.356076233664358	0.227527073618985	0.0633392567899972	0.292215141306846	0.340454839493503	0.218351248386356	0.110835342328095	0.141997571627215
0.249602696489939	0.2206789167114	0.25884846085345	0.389124078437261	0.300323512754164	0.343077706040744	0.225333741321958	0.162098579716489	0.364683831220116	1	0.330565811577216	0.638394945711617	0.22807345504028	0.399092486898115	0.409349877575407	0.455413272336499	0.189157654194215	0.369216643853028	0.27407809459511	0.183837988580452	0.575514673915356	0.453170897771443	0.417634138464558	0.323535903983934	0.312638266842382	0.399563281347399	0.296403703597951	0.40255661757001	0.541412220809524	0.419032033343739	0.430625021688601	0.439357150009126	0.225295558498202	0.518742886948739	0.111106268613875	0.340303846280389	0.0837331496311217	0.329659340148516	0.251838003590753	0.316889548239768	0.588276464491528	0.601096563915008	0.483791824983688	0.430020431966552	0.467495340347366	0.430659331935843	0.380793293354699	0.426485600969422	0.17200602320941	0.431078537812103	0.344990732739477	0.175550502768657	0.17844536616864	0.294255972141453	0.332443883364143	0.188561223697739	0.404815631996728	0.437332352190107	0.246040589901104	0.411419014797901	0.551388952162071	0.394038786358767	0.134727792283681	0.262427431391056	0.37732286883226	0.376980276302369	0.388639444985249	0.2640679961024	0.220363425627223	0.321627753449853	0.038069552775635	0.254684895016137	0.125549218292675	0.338267451977003	0.131838274965202	0.400988632911012	0.173508229313825	0.383137328535917	0.495107079720619	0.292052585091967	0.401552497319267	0.283947290528949	0.505067387760436	0.345929964052341	0.44233671529996	0.338399246923277	0.037786992681189	0.22959545984509	0.422049554086814	0.309345823958936	0.254391159444699	0.290406145591477	0.341907940028625	0.314892702316058	0.286771290875324	0.424679850810744	0.400051640323961	0.620058232343173	0.569263133204567	0.385895466581668
0.0661343251665703	0.160123505119116	0.0341944642201276	0.214746681508226	0.160930402979214	0.22224029479272	0.160284101713396	0.409865825637319	0.482708945283411	0.330565811577216	1	0.427392307137373	0.214269271206462	0.129281750401111	0.252261986053343	0.163651425088526	0.0773417575004679	0.0743330837146399	0.143057749252404	0.271143891912401	0.317506634952602	0.445010246041133	0.305814882012211	0.184528918103213	0.432767451744242	0.206166216617348	0.326794648650598	0.248295336050368	0.210920524835243	0.15305111301705	0.169218246084985	0.198799701092543	0.332753367117134	0.331333655543627	0.215809289234997	0.125827870875108	0.0565241876128136	0.142382552680481	0.333192787913483	0.230638194189202	0.340179306846318	0.180563068764758	0.329328284780049	0.241400169818181	0.190349308849896	0.159321668746697	0.232529552909313	0.278258287470094	0.0991512366058106	0.257705226954098	0.110115625087643	0.00866956910326713	0.121891756482789	0.163993375495358	0.199667626902651	0.138267105124238	0.410678130883013	0.30543145990756	0.169529203614525	0.40576271722999	0.311464913904175	0.273872010438035	0.233548409219904	0.183530142387623	0.144833650203242	0.192128131074635	0.213678637308052	0.140102818126326	0.158838896308699	0.411427421798198	0.153635664662642	0.33201131899886	0.166966176582858	0.460264697762451	-0.0182557495944204	0.175339238704391	0.170254548867923	0.0934921409580134	0.0787982712324367	0.143941529959817	0.162923140586334	0.323068691135838	0.142055927090606	0.077330091881626	0.265278546596667	0.272280795468808	0.0294113413535947	0.250756992401706	0.157008659702507	0.197605213838845	0.337966617635729	0.212361211890494	0.27184593466305	0.130136049869992	0.0393812046014674	0.268824451363178	0.312722988964434	0.196928681310056	0.187153073768836	0.266673600930621
0.0812690736540754	0.110442746256641	0.0239757357015195	0.280220634094749	0.361697129570836	0.348265265557228	0.211721965267579	0.347719178459048	0.38741862913685	0.638394945711617	0.427392307137373	1	0.49154886687119	0.180856214499485	0.366607958754018	0.211537520674104	0.21063641991368	0.190501102733107	0.12498266295382	0.354985275329108	0.451182057546763	0.583659267937146	0.530628333713295	0.153585170150585	0.279322633190916	0.198415981056149	0.150037254895449	0.128274659006955	0.335503615070136	0.0309001798970229	0.0544914962172151	0.0510930892636839	0.458370203517674	0.154379585533046	0.191789789322917	0.0905048042738097	-0.0473189361251647	-0.086570470534234	0.0607065827727422	-0.0211616083254141	0.321231506123313	0.101177026747872	0.187837316918335	-0.0199026575323572	0.0518109337288101	0.249382084948654	-0.00147475244951286	0.325640040657853	0.192436927561322	0.337185389723202	0.126787669723584	-0.0552127754433151	-0.0193331706111909	0.157304986500353	0.254154359070416	0.130970412414926	0.402437524305499	0.451987088518356	0.195977436524486	0.376718154792075	0.657701991270968	0.517090260946305	0.508294733551626	0.398465581289182	0.185017642400098	0.367803875485579	0.205991939450262	0.317250298890749	0.146397225542926	0.366698676921261	0.438274339044769	0.595586988617605	0.0477507742309324	0.466570399373358	0.150438361902839	0.303904510649786	0.00305923597199675	0.132131180305536	0.178718198969128	0.0703518456497279	0.322619293638248	0.506342426868489	0.162801883280078	-0.0391122529322157	0.214293344536087	0.33219375641935	-0.0642334309459331	0.19800574336696	0.179347965627797	0.0411910461477753	0.0431348385652306	0.0435281458372174	0.0742889925622282	0.151088264618026	0.319865486818801	0.204005551128581	0.24793147188132	0.499710424175358	0.303083135592633	0.217736724095466
0.0181221203053916	0.0632879608216944	-0.0929610493664173	0.00600439443991896	0.0744393752186919	0.0911117158018855	0.00146308149283079	0.297016946747594	0.203240279970881	0.22807345504028	0.214269271206462	0.49154886687119	1	0.164181153666011	-0.0750599209551729	0.327119681485682	0.681820549508482	0.548921082130237	0.146429564812071	0.31828531250023	0.316359044720812	0.222822816575427	0.337423480218266	0.0786548838377772	0.19043820560687	0.366432304034645	0.188333129907441	-0.0956305745422466	0.0781332164543516	-0.043208531404805	0.218046231895117	0.238488028741022	0.62236881866063	0.0295487095751285	0.0747183018281816	0.156404554030618	-0.00190056766466715	-0.0938263903566869	-0.0374206131360577	-0.0633841242776854	0.10474754311628	-0.0491551556580609	0.0707045700241388	-0.0582131592452652	-0.000216735604179084	0.296960422177487	-0.0160920696246182	0.119218735230024	0.131458332398655	0.125116866644264	0.0547836459229555	-0.0572405472442353	-0.175169000224865	0.0108643386199052	-0.0135140517268997	-0.106820525376534	0.0147847814304577	0.121827915352108	0.0965968768352391	0.281378818419586	0.225824417991768	0.167168321839018	0.252177905584516	0.517874778600623	0.0252986887696264	0.0685590649162519	0.208995159489025	0.388506916302293	0.199610170061085	0.171329002832041	0.383001013703537	0.31294929906528	0.152459503027454	0.212332609529658	0.267533115046687	0.444494676124874	0.103365914082652	-0.106503876928727	-0.118083592668742	0.121681569538444	0.354641605112707	0.487408036134197	-0.160632210944673	-0.0567191523818617	0.168545284432082	0.287201362901032	-0.0400916275129733	0.155386484040176	0.21733582870969	0.040975375737813	0.0163337783523717	-0.00237041892083196	0.0240456070649046	0.0570741316222343	0.184364111273695	-0.0251914034200751	0.0232009320570763	0.0537278872772583	0.0483263036524308	0.047402648839733
0.610472823964806	0.649220457384948	0.382773184019438	0.311652112496654	0.372079405604027	0.298729767396062	0.211761438531809	0.128659273613614	0.0747305739953865	0.399092486898115	0.129281750401111	0.180856214499485	0.164181153666011	1	0.401783067612585	0.50336825910057	0.245112667893387	0.273734362489383	0.36648857956353	-0.0104435338829278	0.396982037884622	0.236731251475928	0.222486156105924	0.177273626682113	0.246605619434974	0.249692966530502	0.29775388899052	0.364284694168971	0.408957785026089	0.557375370044609	0.440552076789496	0.399825134130941	0.0560811720125931	0.344461061109601	0.144920976946861	0.441932767103621	0.00181807564356315	0.314505662867795	0.260363255030284	0.188347450544296	0.452141146159878	0.479986927987186	0.470390206189382	0.368468821316239	0.397351081606165	0.331987835220589	0.459651184901698	0.366375865916797	0.482241364001091	0.535280198530477	0.438827970324919	0.565532050469527	0.442752643339193	0.308985238503568	0.22973656826615	0.189098408579309	0.0218430179080177	0.206459500173545	0.24918683922261	0.0832256838430236	0.139191901382847	-0.0769656529282544	-0.100063600093073	0.0583326275170191	0.658105219945248	0.454240014619815	0.494671699706016	0.166472994841331	0.33058964663567	0.18557495289934	0.0641987029763671	0.0122808240398032	0.063776826928005	0.108331539858492	0.122640225053724	0.262670454503004	0.0900092701061362	0.293726949859711	0.39750845801426	0.134061335807829	0.186234032740534	0.14746848669992	0.419257720654609	0.245593772510476	0.359310925377871	0.273816296221432	0.00125801368935224	0.243352777508961	0.271572638557999	0.256707196376362	0.187683176137547	0.115671181019615	0.218951620015261	0.245598922994232	0.239472854809335	0.335364698094933	0.36469383042352	0.336427276852051	0.365084897942672	0.411078296658011
0.426015648641618	0.323578609292908	0.389414164502218	0.717458844091541	0.528694220418284	0.560091258341803	0.499320005244341	0.184246826702688	0.226048341041025	0.409349877575407	0.252261986053343	0.366607958754018	-0.0750599209551729	0.401783067612585	1	0.188491316820634	-0.148498616816609	-0.0425411781034132	0.124471821778841	0.0481389626661517	0.305500374335195	0.3025877493348	0.114164145004407	-0.0402156323272966	0.115620721936108	-0.0139661188735262	0.0595457393466423	0.388355923117026	0.329198270122805	0.186463685342304	0.194181953534323	0.0470367975183051	0.00851011085170724	0.303907924616635	0.301670664101598	0.0973631266404226	-0.175731703396775	0.0695545157748364	0.296705853554693	0.307052655342714	0.478702687433452	0.329166104082776	0.545102244530172	0.21830697243703	0.166579159398218	0.0766159643842486	0.293314930891116	0.44918750573657	0.159457360736901	0.404847038003461	0.367350402176817	0.303604109219844	0.566958581330528	0.502515528369744	0.480837592523001	0.518334428868541	0.447420294568105	0.329957490270449	0.0718607873219009	0.160304102227594	0.405698278292441	0.135368397857758	0.114219901018129	0.176569667452708	0.552305507605227	0.444749778510888	0.125537825815074	0.0561777210581892	0.0243682212286805	0.377308704367824	-0.051224500877265	0.123556229607222	-0.141261342321771	0.272817486800627	-0.176307110262565	-0.0325947108067482	-0.182742071167627	0.255544414795002	0.464350911411977	-0.0616311268375282	0.0149986319556712	0.126676768538025	0.439246939605431	0.180863877863382	0.130789437629109	0.125023943559719	-0.205679801216183	0.306053750974187	-0.00453084748543833	0.0265783627871118	0.171492025618586	0.302146669611978	0.0996122189766624	0.0907505334304674	0.0707547190652452	0.390322804862499	0.472779243487933	0.575465115188665	0.32964698367463	0.173156749987581
0.44799298471291	0.495737393636059	0.348552713121958	0.269568080425372	0.348251387909264	0.411556148714268	0.319750673366726	0.194802268747996	0.22565143058149	0.455413272336498	0.163651425088526	0.211537520674104	0.327119681485681	0.50336825910057	0.188491316820634	1	0.526320302725929	0.693693452133636	0.642375922099851	0.0715233319976	0.505379590264958	0.303727886303839	0.100198723573721	0.312929700027988	0.240477691601747	0.527116680540496	0.386259822492115	0.279284884913774	0.438043171073724	0.572620567223837	0.805054043894948	0.556172786998888	0.169895113780474	0.463159238419293	0.403551809143748	0.782234504694181	0.15320201637037	0.517133856769586	0.377412528154314	0.208207911249774	0.445300679842212	0.668378225095374	0.562818848515642	0.349228248365126	0.525447690871498	0.37376049243856	0.446886886268872	0.43781416835061	0.329111205967873	0.423089313857654	0.4015298487279	0.388243319976242	0.267740803790171	0.334966509901345	0.281506978319262	0.21882324547717	0.137904327057968	0.377928461841403	0.430423970013748	0.344280563539025	0.168866878758889	0.0857113462128532	-0.17036520954437	0.218864546973177	0.419308009533711	0.47180781462867	0.766417739946116	0.399727556327454	0.532168479827849	0.199847473537523	0.0790996598169492	0.0857716190046672	0.317484463241437	0.186696023760352	0.37373616166163	0.575801377185053	0.322322959194933	0.282322377832101	0.272984101679694	0.56922866557476	0.509496424268163	0.330333163124744	0.372047828789313	0.536761714355571	0.631897972236592	0.487863038388097	0.0758582584651464	0.591207103556455	0.595525436144349	0.503635508845018	0.328249238688787	0.192626034142252	0.37341938554655	0.392456810059632	0.335952683380059	0.431648311910164	0.264398427325599	0.269981133389161	0.469770384047139	0.555353714867575
0.137612382448406	0.197448095420286	-0.0436927641162084	-0.0792370798757435	0.035317497048688	0.0789956850890461	-0.00931282163577833	0.134957771110767	0.128705452314789	0.189157654194215	0.077341757500468	0.21063641991368	0.681820549508482	0.245112667893387	-0.148498616816609	0.526320302725929	1	0.662074868951517	0.39919140811815	0.054331011390092	0.404183115801563	0.161029519915189	0.189858522301643	0.320467602478731	0.0061938220429569	0.533016974802037	0.240957950157459	-0.088070504854497	0.188667534241626	0.128214699199985	0.395715959733051	0.359277361237822	0.278599983469052	0.192230203976739	0.121042494514001	0.463679329546268	0.0474258723856985	0.1648453480586	0.00878707300854634	-0.0874405264915864	0.17233070069836	0.185830009919055	0.197078328476389	0.0793447972175812	0.195436876078839	0.323344883731792	0.186864389825016	0.0995817233004454	0.315107896234893	0.346072875236873	0.120024547318426	-0.0439625302906354	-0.167299049983921	0.0588999373049696	-0.0277457271486036	-0.154919774142156	-0.195179675985335	0.0484003387902872	0.29025909262217	0.204097459195914	0.0721300389594545	-0.0224470958660792	-0.0587446017967896	0.172221397958511	-0.0736281445886822	0.279276899122595	0.37606277505614	0.377997272664731	0.446178958161719	0.0253861856481106	0.465475375747681	0.125490355187354	0.338417625711259	0.0298122613187829	0.444123056841755	0.606617981588763	0.331772517615525	-0.0549079110563125	-0.108294950338506	0.283624594562684	0.454386347559383	0.287819446680071	-0.0835850245290647	0.0996863540534221	0.310368023518328	0.559484485314578	0.047263921809103	0.261880900194582	0.401793141406976	0.241437813867958	0.0534044553534292	-0.0834848791681019	0.184049489556171	0.259716572573973	0.183080298366328	0.0172954343488646	0.00603728227216318	0.0228925656698151	0.124934705059941	0.331893895747441
0.131745395266692	0.207721834513673	0.0217648181166033	-0.0210332284950673	0.0734045522513918	0.1807150191768	0.0758767918557235	0.221458802441741	0.124745252303188	0.369216643853028	0.0743330837146399	0.190501102733107	0.548921082130237	0.273734362489383	-0.0425411781034132	0.693693452133636	0.662074868951517	1	0.514109562208191	0.0824149204446679	0.33148416634214	0.202051222324383	0.152470402784891	0.259059229134043	0.0584248020041865	0.531134859676661	0.206603693504288	0.191437736818419	0.340220226361824	0.359848812299613	0.66903470546124	0.468634100858199	0.277492081846348	0.290151835754501	0.0597305293787704	0.515403817781326	0.143790059543522	0.369614787860956	0.100724347612293	0.012739042734269	0.348718751941681	0.443192035214833	0.30386400515402	0.159314309845353	0.397398775051517	0.40925310668531	0.305253242933232	0.18180862519876	0.251459063048327	0.144113475080155	0.244437204343184	0.146566669314917	-0.0526684888192641	0.152071993292505	0.100853558070903	-0.0507345226201549	-0.0197576178864239	0.248049380630307	0.302097032012525	0.265739044169888	0.0269150767874789	0.0147071701092916	-0.187050014453019	0.408701992271689	0.178609779216883	0.148831906940939	0.502258902145702	0.505875290852531	0.446482061626321	0.0277337064497403	0.116707102468928	0.0546883018927424	0.269911629044018	0.052558287238831	0.496048881301326	0.67038933861629	0.255598088610993	0.180535187052066	0.028385037720475	0.536156402801192	0.501631586973182	0.372954512031117	0.274481061170089	0.460422852002869	0.533495189318422	0.40490077619184	0.0774618878288942	0.29680135726008	0.597150285218897	0.474307447763391	0.154907296852003	0.0803256475035815	0.215000214886696	0.241863677932629	0.235640925371183	0.138176865566207	0.131487775863086	0.0202906532271917	0.282423540406035	0.307077834015562
0.338260423307211	0.411686600088458	0.243919601079006	0.232525328767025	0.204914543349596	0.372984965720671	0.260444279738807	0.483155620745016	0.356702794299333	0.27407809459511	0.143057749252404	0.12498266295382	0.146429564812071	0.36648857956353	0.124471821778841	0.642375922099851	0.39919140811815	0.514109562208191	1	0.239608875528432	0.26502073547466	0.270284872424193	0.168509860030227	0.354071566216792	0.272448977860881	0.440593385882483	0.261914658866618	0.259635111735593	0.383287789810141	0.243512333647963	0.378556265832594	0.303800104089195	-0.00239539502355695	0.31935442578685	0.215801016965995	0.652303496270278	0.148231720181018	0.422818762456939	0.259199395842071	-0.0403694416658715	0.299842232371855	0.463949521533806	0.266950410288826	0.186908630036019	0.468689645745236	0.406536410242487	0.279295207450501	0.37554584217207	0.191324753151799	0.434751109757731	0.433078758404829	0.329604289299304	0.324192568042269	0.331668310122152	0.360904507386174	0.207955507332276	0.0977940268989973	0.366072691920207	0.662885714270396	0.271449336528587	0.0536394098626591	-0.0438793836995092	-0.196083086955542	0.0848663200775508	0.261305738076433	0.496318858852558	0.498823653356332	0.432424522124031	0.742177437053863	0.196108583923975	0.29182927085783	0.0948462653929931	0.205560940531053	0.190196401033285	0.311127529990366	0.42543949183519	0.25661814557284	0.23661019231783	-0.0325410620140346	0.263085495353179	0.279298771335168	0.0979688132041973	0.180200537336646	0.105776363237332	0.401986525670558	0.412036106200581	0.179860481894068	0.339289413057134	0.33506740107204	0.400546467449351	0.187275819406845	-0.0588898797764866	0.220916331147079	0.338536279174187	0.0613731617377255	0.311168202143494	0.159585971543958	0.173296392427612	0.167517714754494	0.371890608430443
0.0333226816073194	0.158176842255529	0.0345652145486535	0.110402833596044	0.196992966299926	0.248922702307575	0.0916078282904411	0.629088336482215	0.549558763946832	0.183837988580452	0.271143891912401	0.354985275329108	0.31828531250023	-0.0104435338829278	0.0481389626661517	0.0715233319976	0.054331011390092	0.0824149204446679	0.239608875528432	1	-0.0276293054323384	0.324042805871839	0.355891314113444	0.0456349930250752	0.524592646722674	0.0784832263037032	0.171983317649976	0.0658518093779392	0.158541393546357	-0.0690461892959916	-0.0651837531045131	-0.0253073941668228	0.298224956427887	0.0172326727860441	0.0683390312195467	0.0269278367599271	0.052221136244412	0.117030329842687	0.124864292727295	-0.0152244910691024	0.20475935066163	-0.0304856395050017	0.0104739948457736	0.0811452034425873	0.240845900085424	0.243690184121517	-0.018527580318703	0.236023378840545	-0.043246376989359	0.0260416621009072	0.0826088618092669	0.0244821148127468	-0.00157470338148872	0.0488218628881504	0.0960744391398356	0.0303600517268444	0.281539298317967	0.356965169209835	0.244504990395214	0.399153528956657	0.221660286157838	0.170024942510551	0.169799225481076	0.159292147021378	0.0361183740204158	0.0565237092406599	0.113527540376246	0.258259195338846	0.119933069248387	0.447763869883751	0.128858232658671	0.277058096745273	0.0207313199772438	0.437213881299432	-0.103460203239368	0.114977909353877	0.19078737517825	-0.0500065505755215	-0.0462267801198047	-0.0431176005946262	-0.0280831540575452	0.0856623074429016	-0.0070563165212554	-0.111759787295283	0.0574539903175516	0.0233836263280326	0.0937879336839496	0.0783117061388704	-0.025656379182813	0.141584603572588	0.091179656815654	0.027472825180456	0.0556830918329348	0.0898657485273939	-0.0711726263300576	0.132675398860753	0.0794812480551525	0.236327025951805	-0.0733315941189115	-0.00208730799699174
0.294275298620489	0.241778517833217	0.168233735100431	0.292896709625489	0.318595039919669	0.227807891323499	0.190577110031916	0.143398729197281	0.310426114172281	0.575514673915356	0.317506634952602	0.451182057546763	0.316359044720812	0.396982037884622	0.305500374335195	0.505379590264959	0.404183115801563	0.33148416634214	0.26502073547466	-0.0276293054323384	1	0.335451549294009	0.392146257518367	0.461954781926456	0.26558204090573	0.51744116133941	0.492552291362364	0.23233305867849	0.235769189336784	0.311385242167262	0.555028414063889	0.609039748374981	0.314077203364459	0.569520032823633	0.303168878103167	0.536816888854146	0.100549184221148	0.331214820021586	0.429466057090628	0.323574375817004	0.483372458118912	0.505786765093892	0.661944080123851	0.522294498745349	0.394290131746182	0.338812784275164	0.49230598866768	0.388037995939307	0.238083028910905	0.574773639664286	0.318223797013404	0.152153455138583	0.13505812558313	0.235676193986811	0.285621072708472	0.108084738050671	0.284157755947475	0.279161738211112	0.246523824556103	0.328320763632654	0.533769511477622	0.274723559828331	0.168769382329261	0.287581170347336	0.302060993970599	0.455925833532631	0.469167559529241	0.210257400614098	0.265356484660556	0.255267147266193	0.33361506457115	0.334870599298	0.28460930186431	0.371427625346973	0.257313395241274	0.431303757159742	0.33700620823069	0.325065310949827	0.344982722954213	0.290944919637452	0.553991254534511	0.485842271886236	0.367742282078971	0.375861432674512	0.416734269231331	0.590063718226083	0.04897021907615	0.3469393371915	0.54229847019746	0.304370576966013	0.366869136672078	0.401692377465548	0.45068459620837	0.440202911624502	0.511465026841256	0.455911621030776	0.351403998095413	0.377269705139196	0.564817701763019	0.540143569476668
0.138817573345299	0.306122136565321	0.0066472188877651	0.250919599947138	0.297307110385914	0.288038035839911	0.174766892129573	0.344358682088455	0.428272074919799	0.453170897771443	0.445010246041133	0.583659267937146	0.222822816575427	0.236731251475928	0.3025877493348	0.303727886303839	0.161029519915189	0.202051222324383	0.270284872424193	0.324042805871839	0.335451549294009	1	0.506261255859143	0.183598755052906	0.233033341497057	0.232654076909118	0.101906167578919	0.216975397055469	0.385181010793228	0.244701193577847	0.253913085071821	0.0952647389528067	0.260650578682921	0.239935773598396	0.203307786671005	0.240833784786371	0.0579866300937987	0.111365497129164	0.163308873872914	0.0654862570208117	0.354613469720191	0.282087324363253	0.27805401852647	0.0668224947815925	0.0808319130858091	0.239633760475443	0.0774899570297287	0.251681995083655	0.23696381573101	0.342887805957773	0.207130094385561	0.0172113253658148	0.0599228562878208	0.170674342637631	0.227430165319243	0.101175982036133	0.234480669498571	0.334040336962115	0.237527414115087	0.321224923367789	0.385042109057612	0.342543457517211	0.198080061726448	0.213391957688967	0.181171955669472	0.402134428966978	0.287797717498129	0.266482474778057	0.211633593968388	0.318267470758576	0.299952904494005	0.425255833403161	0.134967044668105	0.252176184048838	0.135012413755485	0.239094109214783	0.104435694413282	0.170506771323111	0.11379019598332	0.161986797260926	0.214415826798273	0.317547228722437	0.259453254944893	0.112038137252532	0.238574272754364	0.24802226833247	0.0599588142598926	0.245227622594651	0.244820085245677	0.246742708572872	0.153988285171937	0.00638347123722888	0.0655134544164498	0.208865582707394	0.15304449111033	0.196772869816084	0.285058401918964	0.412786045966927	0.177181642295945	0.299273986137515
