1	0.785883577864896	0.683664554401322	0.714135983597012	0.667592836999238	0.737954265406242	0.680387642980769	0.49962756578044	0.440939210471056	0.573671560512741	0.240712556608558	0.476640844225801	0.448593089869774	0.679667853204927	0.591999464382799	0.656925399199415	0.329222232165987	0.275251196771942	0.522434080025529	0.425557568302248	0.365413048198487	0.530088867410107	0.402159626056735	0.334316859800817	0.445538580810019	0.363807360622163	0.413452784917889	0.224871552700123	0.0534759527632447	0.497401567850386	0.315235331439933	0.351042387861588	0.451684969573703	0.328210499712318	0.603195749657971	0.485258283275624	0.183175596340732	0.262413706821334	0.392680719557995	0.357990447517242	0.288000239823219	0.633524989672519	0.564346116565944	0.391829132309117	0.336767197562885	0.198085172884654	0.329964864810562	0.390995164451844	0.384574794363676	0.521177180663047	0.403990852443069	0.747093131865989	0.577070008439684	0.652054198350547	0.586863207744	0.652176555715726	0.41703331769514	0.522358116306242	0.43146155760895	0.329988232301605	0.655466871182288	0.430277900722154	0.376810068190164	0.327990033921264	0.627140123529624	0.522052108033781	0.408325436485927	0.439639946068572	0.440654510728381	0.297259074517134	0.498202919960301	0.457341306272672	0.0824429541444381	0.431996722290726	0.29353098355225	0.516340538354485	0.450424372171913	0.454395171040547	0.24402533391997	0.309475673620764	0.212651891119671	0.34693123215914	0.487055983165703	0.231347037083301	0.355236853221296	0.37448873544418	0.0728088986507012	0.401306324212559	0.231593846435608	0.276528884533054	0.430774305184693	0.328959302732447	0.385710743936995	0.435031775043516	0.219954784085537	0.425124539048128	0.448372669605074	0.622331548445774	0.522444534737904	0.457889650937652
0.785883577864896	1	0.764230961307202	0.807810838779781	0.477743668506891	0.65764426973637	0.656018165037284	0.428408732676848	0.305033401098381	0.570480005625318	0.217157086225191	0.338222660423352	0.278370719852431	0.622113134765346	0.627107365358482	0.633419276113581	0.203532969044765	0.137688312296059	0.499135188188026	0.288409455978708	0.290512671799589	0.51776955602625	0.320079618345617	0.389602512597503	0.283340790104631	0.292712955823022	0.259989556002409	0.237448780794641	0.115584816527853	0.558660192268211	0.268217061282153	0.207165091080115	0.27525693342446	0.316354892894984	0.547575301689914	0.616151435721741	0.134325372576159	0.248710516237215	0.219871369465426	0.344372895303708	0.264328027579532	0.551177334098571	0.503037603159714	0.331757648373675	0.237409363251574	0.0310039700648289	0.251022217994035	0.312199099205423	0.405515196434799	0.552149397601986	0.342064547953349	0.75748165915166	0.623219771267257	0.559550758031005	0.488988850028408	0.596030705261642	0.39368898834164	0.416139350372196	0.343674054868927	0.227615035176023	0.588290545173383	0.426398964702632	0.403583710496284	0.227916456222665	0.613220239646865	0.520737255124865	0.310696911273021	0.267494240118647	0.419996517983054	0.207428245506945	0.397487496121281	0.379810195837865	0.176153057540884	0.272447249244189	0.215011557988432	0.407223168381913	0.29171810245531	0.431178087263328	0.183463571181172	0.185776075405716	0.102684910525272	0.313669962266322	0.52216452833505	0.145504662139859	0.322804861726297	0.286925718585457	0.0398346770347948	0.327277765476248	0.156299639643954	0.178318304858224	0.257052595723938	0.336964220648584	0.325531569873598	0.449745744681363	0.211656257047952	0.341096062567166	0.574386508862999	0.57083347886804	0.529183881555753	0.417525533790729
0.683664554401322	0.764230961307202	1	0.673262772789851	0.337025787655455	0.641831363269831	0.625459536148347	0.444173413029564	0.340153192846019	0.411810807033413	0.0889722873270996	0.20028022506122	0.329699709693265	0.55822978261504	0.526114315093627	0.636107844304998	0.269954000431006	0.266971563811827	0.494769911365437	0.331798331724257	0.283114798265201	0.30419996390218	0.115522565627884	0.344660227018992	0.432686936931236	0.355297015817694	0.258147504067679	0.362395208528777	0.208000209406196	0.444995544973277	0.355754754286229	0.329323374981355	0.312670814841324	0.264896577437843	0.525895830620031	0.658673022883101	0.0215433207615761	0.194939253799686	0.129733072387898	0.231635648934592	0.329830821648297	0.461394222630036	0.478082308398917	0.296406608171795	0.319111483152967	0.0699910365585444	0.231401460132387	0.223086760508266	0.352440874516889	0.464438598844015	0.417464512604674	0.685334734442956	0.543509052961353	0.638195130498087	0.432264150860407	0.612028627150825	0.271808249868209	0.345887854998504	0.321674241475219	0.227833213869226	0.545774774401351	0.342434122435463	0.360135264990648	0.247883628785504	0.494593550976699	0.390822562027694	0.392861097931969	0.288913227208707	0.481644971430865	0.214098461292027	0.44190158793464	0.265769578771476	0.162133435138231	0.321727583748635	0.127946060440383	0.3426735373157	0.245900063180771	0.494861162472058	0.149989880251018	0.232406915448938	0.216787232490611	0.372035969346854	0.453492062208481	0.170249453948197	0.321728191421621	0.172250929759415	-0.0713737937425137	0.390155411305021	0.126969696205134	0.271604934894949	0.120845236073557	0.163733101352303	0.250737357295748	0.327370588397405	0.177948302618411	0.210645548693863	0.416008035510969	0.497384666218945	0.490424147165498	0.426716459920157
0.714135983597012	0.807810838779781	0.673262772789851	1	0.56294807239553	0.734864003259757	0.829142023302539	0.38378281193752	0.518723638817725	0.624787748779518	0.209733442052202	0.40482991385018	0.267737117815349	0.606802361647453	0.762125449445025	0.775555819949616	0.260883805566165	0.150730846661731	0.547577007175448	0.424358551542825	0.330260423582453	0.552768101229814	0.464340647068556	0.52379100521481	0.321785511162916	0.340760925783323	0.366182520866434	0.29090120925343	-0.0167664077756073	0.527216148914493	0.320939364176309	0.258407492552743	0.339345894138027	0.416894420088726	0.681548106534213	0.641199645840417	0.178281179778249	0.267209856964152	0.371967521261175	0.443980191440422	0.33004456212053	0.536990352878236	0.560246635071852	0.408643605290704	0.257775517194114	0.17459877991741	0.409570870909522	0.443137138704055	0.377081557997361	0.633868829273756	0.366644593560838	0.692489766639192	0.739961284098544	0.689165855015601	0.611494840985461	0.828009777927338	0.560703314352996	0.578060084907591	0.477030526158629	0.415672122981003	0.684095041711433	0.46005623090767	0.597439209024092	0.483099753744994	0.615488606081611	0.605890878490568	0.477959598561877	0.424998805867234	0.556448648810572	0.358443189354777	0.445898022959696	0.505767574862166	0.187208774216875	0.350242780133777	0.244159438654659	0.430729643720779	0.341173513836718	0.447576569158463	0.214629146431921	0.264251041896889	0.186880086424269	0.387522259124005	0.415434329942565	0.151367242790203	0.369894044953794	0.321183511986384	0.0929965300485002	0.563277377976286	0.238526453894309	0.309048297105857	0.305005976855408	0.300255790731605	0.403364386036434	0.483498096222983	0.348268582346062	0.438958473729018	0.542898248085291	0.632529651422634	0.56948469017905	0.509005383716666
0.667592836999238	0.477743668506891	0.337025787655455	0.56294807239553	1	0.643391920378825	0.519967767955398	0.289905732824905	0.372075446261878	0.541727169368331	0.284771484630265	0.529830599540797	0.48529142370426	0.632086068983226	0.457333091878301	0.522253262042617	0.356084264737795	0.226477572371042	0.418425854624306	0.359897469364753	0.418359816577274	0.545231776092827	0.507686045602244	0.343479359509215	0.284738629154636	0.255720772167834	0.408684860131072	0.21834693378359	-0.0270010190857043	0.372390454650359	0.172024612780495	0.350023363700671	0.440907211134899	0.288429611964435	0.501364292766488	0.369411161329015	0.335742877694023	0.278072557167821	0.433897696747501	0.395414134560941	0.301421827249862	0.46906358293019	0.464634617871232	0.373832145504285	0.337589894734992	0.301734977697144	0.401171057379	0.457488553606601	0.510727264861385	0.498792078104333	0.467407751969641	0.470178233754646	0.474857419807751	0.499176387622208	0.597755722583778	0.555142257322092	0.383608673485479	0.397666965648148	0.350060667835973	0.208157740836778	0.481683205806605	0.438210167708024	0.431354825860897	0.448745677778056	0.594847291225083	0.462159261367147	0.366506236736164	0.406733504899986	0.317916896596218	0.205349660321353	0.41501587039184	0.551098449676385	0.0660020147085274	0.28854606166098	0.269942039677258	0.387066200520957	0.359510567546271	0.279256564872286	0.244981279899524	0.296758246609875	0.309572599636697	0.31631225274556	0.351862050565985	0.188831788122891	0.275899035058449	0.244433540824229	0.226664840611735	0.416525777572744	0.194695548925793	0.252316998460147	0.420942855958947	0.281578172193619	0.33959914303788	0.385656886767172	0.312006558921006	0.471984395936923	0.37058265117881	0.462478551782583	0.493122554828571	0.347815289681595
0.737954265406242	0.65764426973637	0.641831363269831	0.734864003259757	0.643391920378825	1	0.751723961300507	0.424275133037271	0.395179691258961	0.42094378252557	0.221116479012398	0.372827144585913	0.420066406152364	0.565499971757445	0.706956614491551	0.651052494388323	0.335328715292068	0.222071934944952	0.494742490143866	0.42765069530534	0.338916094904918	0.444295027940819	0.362196981184033	0.44617168802094	0.340945033694059	0.349189265372878	0.440453993906931	0.296967903232786	0.0765918501300259	0.403424087495384	0.265920787613347	0.298918215879217	0.291065181962204	0.299315447592245	0.630525392352484	0.503809090536832	0.27961534818563	0.189860930447835	0.449801594467382	0.354937062089493	0.350256029739166	0.416969013072872	0.597778893571419	0.361165317552489	0.378366847386819	0.317084797709793	0.409780513769694	0.634043801030965	0.518522861337716	0.500505582330066	0.410513238641514	0.544327404052594	0.592725957940496	0.757879127541974	0.698106602880067	0.706280554295402	0.411421805499046	0.397305071657098	0.276428284543062	0.143412861031193	0.557676074131978	0.389791770844271	0.445576717865914	0.314762536451681	0.535386744002222	0.515314118413334	0.413221063085494	0.334081294808191	0.329618564534818	0.161736889818021	0.437414245648113	0.452889475207471	0.171358699679785	0.376174250278721	0.2242655682404	0.451669031820696	0.332459737376195	0.48359760548687	0.274950706520437	0.228784386167536	0.224367686983816	0.348163752264256	0.420850922421574	0.267397866299539	0.284760773997812	0.282092052640664	0.10707978422928	0.521822473143117	0.176677817486653	0.190927560251601	0.378150605586645	0.379214216620526	0.384000376995992	0.396906030316932	0.315621173405996	0.552706302903027	0.399145884285963	0.568485969227441	0.408898388475693	0.351617343472297
0.680387642980769	0.656018165037284	0.625459536148347	0.829142023302539	0.519967767955398	0.751723961300508	1	0.446239816101952	0.524253299858066	0.541185881681668	0.185774746403084	0.381092782053536	0.304497349168787	0.509143537394923	0.626830603419157	0.735782998487319	0.323110727886104	0.217700303907648	0.560174308995739	0.451243033220971	0.275687941253394	0.491406798050779	0.382576010975217	0.516954523629738	0.353585402968419	0.348503746064973	0.482079994581319	0.284382814345326	0.0895790474883124	0.486343272535308	0.358497119683366	0.358525598001601	0.279275739068615	0.382720242229826	0.77976472992141	0.549334773564876	0.26647329091881	0.310093750323252	0.377917713556582	0.439457452301276	0.367588013379417	0.464439609277429	0.622662958469222	0.438175302658639	0.299735146399778	0.342710207734482	0.46991508761803	0.512181616572554	0.347508451899942	0.54826859012324	0.342721109741464	0.611729434132232	0.655558282039908	0.704571157693131	0.628925534323184	0.789019922256641	0.544003694082503	0.537817729920982	0.482937073265567	0.370947043581351	0.645046368645563	0.42362667873439	0.525713526560371	0.423881593008936	0.449130409380173	0.511177926711053	0.512538329663677	0.388615986129845	0.508228806258386	0.34428434217208	0.450390027085109	0.502705936506419	0.192841374661809	0.43666477541592	0.269416691434498	0.473566874273566	0.480201220047529	0.441074538399682	0.21417329902926	0.281509834710086	0.261856267621325	0.346136800669925	0.395203888876997	0.240612436856558	0.343191108095759	0.320194561318714	0.163198365401111	0.544096329803572	0.28319885916036	0.326801139883112	0.305879517972362	0.382094488425005	0.4347548824958	0.513183765337879	0.410271119638129	0.462651898384861	0.40052706603656	0.631059985964188	0.544763465363382	0.483244264383349
0.49962756578044	0.428408732676848	0.444173413029564	0.38378281193752	0.289905732824905	0.424275133037271	0.446239816101952	1	0.411105201014744	0.259769720753612	0.121830905411448	0.329503919351746	0.526280575159054	0.418900080250758	0.270576517936627	0.425712771009389	0.44189937770985	0.614820733844128	0.575459935981326	0.6790956832362	0.274384621952122	0.234922197286474	0.219264895069084	0.261159742364475	0.489703254253828	0.484092531229238	0.374534529892072	0.192676642148604	0.0827701673663269	0.361737974134189	0.471282720622064	0.424960120575565	0.272024069495311	0.163748343557865	0.550063053666216	0.371286603575956	0.146008571680421	0.262511144237922	0.270550491109041	0.0842107722932777	0.295707132105881	0.306796862850935	0.369663662763334	0.290806606265597	0.570257708581621	0.197249817261003	0.300090322099571	0.277361589270417	0.0564887490914005	0.331473937091113	0.136337341822376	0.366062635786379	0.287631441194547	0.34072698164688	0.234009511696732	0.36239211998791	0.167228414376743	0.41392086381051	0.444110281103427	0.225972462182537	0.370687519702881	0.191334254117476	0.289633452784184	0.237816779940449	0.346888500862818	0.28356358099461	0.471871878306179	0.547537582915061	0.416120861621116	0.334445268386799	0.442683771971816	0.314891505833172	0.19397883741676	0.487410314015591	0.433948860144162	0.357249408681088	0.326213338375649	0.108182165102932	-0.0292275943644184	0.648188771197343	0.332770583332238	0.45023387978891	0.29276186973377	0.505257310843805	0.444514889956392	0.112831955083306	0.271571587505138	0.32176965331563	0.272932076696581	0.222798980321331	0.29023264187987	-0.00645125602501672	0.169770246152807	0.393264766462381	0.362977317445023	0.29267236900879	0.0144159630701071	0.347209053737418	0.151304938160206	0.183366380116788
0.440939210471057	0.305033401098381	0.340153192846019	0.518723638817725	0.372075446261878	0.395179691258961	0.524253299858066	0.411105201014744	1	0.438951840614294	0.164104959429236	0.34003811960645	0.219485081333555	0.431086663546554	0.488418538483058	0.548191047246789	0.141660890025147	0.173927714911428	0.562045837210602	0.498884606689772	0.205946152648675	0.45745064179969	0.442462042668097	0.332353625340792	0.357893320462321	0.3042773406867	0.327721474634629	0.229491173653383	-0.0282064285167951	0.247902219652169	0.240972489065503	0.314875597526985	0.456090852614592	0.355815492265971	0.419622011724596	0.249812514426318	0.099080904481279	0.183211734464282	0.279103816508198	0.390021481112297	0.188085107216608	0.289428363427623	0.36592649821846	0.389221761168723	0.347700963019784	0.336669675574076	0.482685586813632	0.298205711830963	0.151345833954624	0.368300782302665	0.183763693716118	0.316873084017052	0.45631930413659	0.426027341757811	0.34827452740619	0.579877964452202	0.414162625561839	0.560764912979743	0.611649635104225	0.672668293782739	0.511974436042542	0.299804416310121	0.425707912524523	0.524952385435027	0.27366063859451	0.356752200606002	0.503075339079701	0.453036203948405	0.561793359000714	0.448813911324747	0.372968942916168	0.346204155580059	0.274262628516935	0.370915801243163	0.220225490145405	0.277933090724904	0.282456086534515	0.331976061421032	0.0425983283692806	0.281838469429945	0.162700846711442	0.28866435052441	0.236805429887911	0.133923480643273	0.241292682092383	0.216408585863886	0.215963687714307	0.462037555040688	0.155958404959122	0.358221910856073	0.388757710764139	0.162442953143147	0.380692906198687	0.344009783740968	0.268024961609991	0.176876218347612	0.169722038371538	0.390933100661803	0.363763194670249	0.390918456175732
0.573671560512741	0.570480005625318	0.411810807033413	0.624787748779518	0.541727169368331	0.42094378252557	0.541185881681668	0.259769720753612	0.438951840614294	1	0.374194486532308	0.745259245110385	0.374272754440388	0.613770164567464	0.511094533954945	0.523689611787673	0.355055447510974	0.109581167335758	0.426373862334835	0.2246971130085	0.61636859727598	0.658999462142699	0.528280423854755	0.415123622514796	0.199867253177419	0.28489819119636	0.399302848506533	0.252053421653263	0.19862756972961	0.527553953637801	0.231772110308146	0.446875140740198	0.483673346220975	0.46693792529491	0.489377135402656	0.326327031911644	0.291165639556957	0.337233926900155	0.39153028397963	0.487492581658639	0.496975840722483	0.575533747988425	0.601036734645432	0.616762861334277	0.305896197321099	0.248878086209824	0.499937366835507	0.33041912250905	0.388716227970202	0.661995375576681	0.306959389134573	0.588047078252584	0.578461673341978	0.494194385281521	0.389140689634958	0.536131263891366	0.462418308610899	0.516052055731587	0.45271789095253	0.437967804872347	0.657174939529788	0.57300930042826	0.450808857613677	0.419048059525138	0.653225644552374	0.608360411767219	0.341203993173964	0.403052559766621	0.420902455404353	0.441181826301595	0.484298109685484	0.5177449313727	0.102556444882829	0.323820260795908	0.357699043755558	0.399664107591437	0.413883279228736	0.351927467551274	0.341640823126525	0.251600478425559	0.362051542250001	0.511719419697229	0.561550634006772	0.194409748168898	0.42102103409321	0.422295287780548	0.242798653572158	0.311282197032287	0.405846983525241	0.346290925860672	0.30567733822226	0.402092409823254	0.601890260148545	0.390708602886287	0.361459823450017	0.224992901531377	0.354069888046187	0.598615703324092	0.66467533790337	0.461704727169519
0.240712556608557	0.217157086225191	0.0889722873270996	0.209733442052202	0.284771484630265	0.221116479012398	0.185774746403084	0.121830905411448	0.164104959429236	0.374194486532308	1	0.429777651796948	0.230216856231423	0.328704804780091	0.273345036100356	0.251559951948911	0.29486922854965	0.171725070318766	0.211045620635473	0.144122378485309	0.354966803876267	0.297244698292166	0.286674187985018	0.194034391526143	0.0723208610050266	0.142727153170567	0.142829385816804	0.205119333204327	0.1180363236848	0.200512307706388	0.174549108619637	0.202514996598155	0.309965111876827	0.054145687910135	0.294078246100859	0.162723424076637	0.157922527412507	0.112025507775393	0.355072250010505	0.135535345442459	0.157182502659176	0.115329203909931	0.402404415333848	0.266694622429285	0.10222597035116	0.155270614804375	0.254483105869637	0.276076365088411	0.243318672157287	0.238044632527333	0.212039064098837	0.196141063405943	0.384868311055177	0.270269852897322	0.275344998364986	0.221167854337139	0.113101500515546	0.0890988118164347	0.107549202782569	0.176572962668466	0.168997459659227	0.149759724201962	0.0970375391072826	0.106414166145258	0.229542706886778	0.260434193495721	0.217734765570297	0.149607657309481	0.142795539071877	0.156617377956659	0.110263536459373	0.236660593338079	0.0541602313154699	0.0330735749990145	0.0880044426806909	0.19576370284162	0.194486789996946	0.144060714604263	0.25910278205633	0.191461258613157	0.267124763414583	0.163613481911339	0.147062258052301	0.23014977057473	0.237600114612415	0.11894084391798	0.0775401159909437	0.182815849182087	0.0968159763509142	0.151169974093945	0.332893953068992	0.144002656172835	0.244622706782985	0.161448144089344	0.0343869108336777	0.185072492100519	0.234949879071372	0.170639108231279	0.118662817308574	0.0843027061985615
0.476640844225801	0.338222660423352	0.20028022506122	0.40482991385018	0.529830599540797	0.372827144585913	0.381092782053536	0.329503919351746	0.34003811960645	0.745259245110386	0.429777651796948	1	0.519203166658473	0.573714651941996	0.405297086666456	0.385518550460366	0.396211712454151	0.186579748862201	0.345743125796203	0.293932161822908	0.534934386433066	0.579925921430022	0.538745642120605	0.32090143635421	0.276709737599454	0.257372861934972	0.484471532418987	0.235446207632799	0.215216205982486	0.417323418558384	0.220004861357091	0.474856537592635	0.475070785935054	0.489370174472647	0.34440075768238	0.167705708601317	0.261152163608337	0.224784067777711	0.326630770497353	0.479701671812271	0.430509232924517	0.398107063509817	0.429019258470079	0.530685501635476	0.402735843569953	0.399864351891648	0.517059548301142	0.327955923065428	0.359514742861436	0.48463021314544	0.269410464794852	0.48324041173027	0.468109926499714	0.363432346032584	0.317136828906313	0.447013832795299	0.375366083288302	0.490186270380531	0.418387349440013	0.350115302986717	0.598738317697879	0.489683864614391	0.427102347597188	0.38282601780881	0.510083246048723	0.446402827135355	0.304805484071657	0.436812991475114	0.307757528417389	0.326776158840327	0.498898557177815	0.529935151929653	0.0898917420863311	0.283630738429958	0.327511627354826	0.409325670918115	0.52844813793023	0.179712238269557	0.340536297184481	0.301821988080622	0.343555720004655	0.470057983913256	0.430259896515457	0.202059508559592	0.390747131159303	0.380180657915049	0.256758930934345	0.243407309169721	0.37599620213932	0.138450029780562	0.333792362467827	0.384425572738355	0.502136283339655	0.339605931001517	0.329189551312451	0.277693910719944	0.258737578704942	0.47692777137922	0.505014269683452	0.386496509269531
0.448593089869774	0.278370719852431	0.329699709693265	0.267737117815349	0.48529142370426	0.420066406152364	0.304497349168787	0.526280575159054	0.219485081333555	0.374272754440388	0.230216856231423	0.519203166658473	1	0.517645675002219	0.1984932582746	0.376914119327901	0.527021051828283	0.471961503114385	0.289553796713506	0.437642742900541	0.434472918913806	0.232170158569567	0.255440272625131	0.224134062028749	0.331722259575878	0.323335013394426	0.360629903062276	0.35099778178339	0.120325736412041	0.328762521087074	0.323319816218626	0.43808879634358	0.517489652667365	0.269298204900882	0.409970567008563	0.233159733095382	0.273099411801126	0.253796242536057	0.154786133968084	0.293814225481745	0.290669996524069	0.300078371228436	0.347870514613518	0.331649680605144	0.619019399308358	0.212142914981484	0.351226010482598	0.207992951126234	0.231433965101952	0.209617336870648	0.441479539414999	0.322674221381776	0.286872176949622	0.341297406714427	0.25463337069938	0.233407115322938	0.224765794228334	0.342296618600939	0.333461326743255	0.140659059864922	0.400534501607695	0.351245208753033	0.285167890010907	0.324147643619412	0.485286249023301	0.216223891138282	0.361700960891488	0.504335205565404	0.259386094499702	0.21619294652735	0.463635200930349	0.311426012924604	0.138261818123651	0.270056347508397	0.362364591952868	0.333656909018943	0.340765953182445	0.239751057404094	0.151322530590943	0.386318531981379	0.381436524340017	0.43613142281627	0.356898518571666	0.38168746486017	0.356577800988586	0.196056144803166	0.312008753657489	0.257777401512248	0.191636873530785	0.0774358589567698	0.18885448615793	0.180572535106031	0.245417192750094	0.344746139757261	0.155712842317855	0.170582277780677	0.0626079410118469	0.34318566356998	0.31029351647294	0.12689456700402
0.679667853204927	0.622113134765346	0.55822978261504	0.606802361647453	0.632086068983226	0.565499971757445	0.509143537394923	0.418900080250757	0.431086663546554	0.613770164567464	0.328704804780091	0.573714651941996	0.517645675002219	1	0.562620805688435	0.661415976248912	0.402747638286715	0.373675172274366	0.502495175271193	0.428115246946357	0.542191823250973	0.568408350813808	0.411643086563668	0.430162521851937	0.393128300876791	0.399848148891803	0.282434451283523	0.329537105027671	0.250670445406392	0.520988035694906	0.47043327921347	0.45039669535169	0.549658436408719	0.326282553963751	0.54622247030131	0.505034573067044	0.241251672785055	0.297048077044832	0.357278342171939	0.319694899153993	0.311334395098185	0.466039058472611	0.540814128707646	0.410895948738502	0.391871995070859	0.217120881445844	0.433809187970827	0.296781075305324	0.429067814690851	0.508939399278304	0.499496894997261	0.704468521650331	0.662467972305396	0.582809254882219	0.497489634841913	0.570932297044428	0.29404806714857	0.47152031361099	0.345263439454834	0.287308603555935	0.586004942587306	0.492730585447656	0.539329100697932	0.439696309436702	0.630488743907873	0.561308920339506	0.526868176010898	0.440366707745643	0.469053681437749	0.399844788594174	0.450084967686191	0.510051817459683	0.169477589293695	0.290347990327467	0.319853294147039	0.44632457389289	0.35031464239815	0.360596157302879	0.311862814346212	0.382489338830072	0.359127568638905	0.489814518981673	0.435306972087399	0.306262004669583	0.423470570936697	0.318711828794763	0.216309058280302	0.485501663214613	0.2542370262259	0.3530414175603	0.365869940300636	0.244542906562762	0.348094713208098	0.402532699378044	0.321546985574054	0.287895781120336	0.400459999843086	0.443428420613679	0.557461839938799	0.346310578125965
0.591999464382799	0.627107365358482	0.526114315093627	0.762125449445025	0.457333091878301	0.706956614491551	0.626830603419157	0.270576517936627	0.488418538483058	0.511094533954945	0.273345036100356	0.405297086666456	0.1984932582746	0.562620805688435	1	0.625493694454812	0.186528673606827	0.0399398557944205	0.493782755517911	0.254211340050134	0.283676720884619	0.466408742570026	0.355607780485595	0.525851684142174	0.19007176866975	0.268583080295989	0.219177512337518	0.183708393184441	0.0229101663789961	0.422269839663357	0.217650840875674	0.133751281146159	0.284663385351442	0.316656676494263	0.484945445976428	0.476530823973314	0.265536314696729	-0.000439509987215768	0.388540789856408	0.343797455506874	0.211391690140126	0.403776098977866	0.515978495577802	0.346731765719281	0.193429034895222	0.177224236689959	0.341643322156583	0.577249511124332	0.314279606604461	0.558941751887332	0.337686964348284	0.500450452284189	0.703915428327272	0.63771629213062	0.603517143382756	0.721842567067453	0.387038706213833	0.449874857411562	0.328082490143834	0.326708811835184	0.602956229919326	0.367991093861523	0.407575573475783	0.270169417439642	0.48241651034756	0.58214358451015	0.366064260508778	0.204921823697553	0.434865137952737	0.235818098682329	0.315832272944095	0.432673707859279	0.234162649828025	0.167147590393626	0.209189843087911	0.355251695885461	0.224805739783688	0.288804309291969	0.226260249660227	0.131524507744957	0.0259928288782548	0.264622323070052	0.363700273316574	0.10163210645991	0.232872846052385	0.257122563748027	0.158062300429606	0.444083938165963	0.191623103094367	0.198912988965158	0.312186751076594	0.263686290486618	0.402444698393231	0.296578581093992	0.260093076690068	0.384162661305716	0.461314633357432	0.542638057515509	0.444903154830297	0.419884890160505
0.656925399199415	0.633419276113581	0.636107844304998	0.775555819949616	0.522253262042618	0.651052494388323	0.73578299848732	0.425712771009389	0.548191047246789	0.523689611787673	0.251559951948911	0.385518550460366	0.376914119327901	0.661415976248912	0.625493694454812	1	0.412813611545156	0.401368089649416	0.675716744640234	0.421146159915714	0.31672901812217	0.418541434978938	0.332026994656434	0.537773876335627	0.345894781481237	0.321719317201075	0.240949098370474	0.408702570195096	0.0485468990423058	0.405020534230774	0.647366662361903	0.319811065728359	0.370615517239302	0.234880471891289	0.774364371249466	0.735218292583215	0.133065484402993	0.29154704277671	0.284936117499515	0.274966227767272	0.248474194602256	0.35859481115044	0.531794491031872	0.287441071618468	0.316262942847165	0.183790163290643	0.312081716007797	0.346168774181171	0.415478179199776	0.439301636912384	0.451753778536673	0.613168936220755	0.633320293539463	0.680409343803074	0.558726349896121	0.717667102744137	0.401521639445264	0.521748142522076	0.452141207499374	0.355804525287705	0.561428931966679	0.409770629915886	0.536602507499619	0.469477759154734	0.569991204207405	0.453093425614987	0.697693268606199	0.411698853131638	0.64607859305356	0.439027015272322	0.38959894913236	0.349584277857007	0.158820509508474	0.261541492092025	0.200465565489743	0.303465444204334	0.198243163519553	0.38619856100442	0.148491496832991	0.409223305983779	0.295511394914302	0.330084661569213	0.233873350714891	0.24541916160368	0.322723746366989	0.0719748553973999	-0.0250928765655994	0.691899449874956	0.165309761500792	0.30858369387453	0.228746050863802	0.0854437640306353	0.198093646768203	0.394201495635425	0.247040437414743	0.407463063895582	0.389567044124772	0.406226291707403	0.431872927587745	0.370831377845888
0.329222232165987	0.203532969044765	0.269954000431006	0.260883805566165	0.356084264737795	0.335328715292068	0.323110727886104	0.44189937770985	0.141660890025147	0.355055447510974	0.29486922854965	0.396211712454151	0.527021051828283	0.402747638286715	0.186528673606827	0.412813611545156	1	0.597545438410055	0.290456159632531	0.404325974499484	0.616203115468169	0.176799630371683	0.190895166785144	0.457713295520657	0.230940167066336	0.46272264789679	0.249712935554475	0.302170473967442	0.153739515290971	0.246490024137327	0.569893564967475	0.577244958173095	0.147102605378749	0.105009051496913	0.557023269206275	0.436091226171412	0.462450629179319	0.428103096292896	0.463123985663165	0.131216783198482	0.467683447142897	0.148419326000964	0.582785470583591	0.350988295154571	0.492430420252538	0.168264493059903	0.337887401568207	0.22977747015505	0.309137493019258	0.413735525517654	0.273656410585356	0.215998076631443	0.256303739115732	0.360974223896544	0.205074108013824	0.224728344605287	0.0411281052841714	0.113137453467633	0.144038971646367	-0.00606447991158343	0.277738874652598	0.220871084377042	0.24764997334004	0.33162489452845	0.355970997354056	0.29545230960207	0.46300270828087	0.405531809701078	0.248093757356897	0.256240579917247	0.45964769495775	0.249070074216414	0.0753190447378133	0.137730546032462	0.520842899148149	0.261118453141744	0.278515761927656	0.146126795456717	0.036481758108454	0.581787633815072	0.474727798069781	0.427136443715507	0.307737125050835	0.643907560726037	0.498405768295706	-0.0115964802978513	0.312357931290465	0.372131218921771	0.466290992091641	0.373276545150182	0.267271259037731	0.141109880189811	0.232088471681446	0.299901849745221	0.306335196809192	0.273599031101366	-0.0472053434664237	0.312578167577927	0.117115492581346	0.123764541068904
0.275251196771942	0.137688312296059	0.266971563811827	0.150730846661731	0.226477572371042	0.222071934944952	0.217700303907648	0.614820733844128	0.173927714911428	0.109581167335758	0.171725070318766	0.186579748862201	0.471961503114385	0.373675172274366	0.0399398557944205	0.401368089649416	0.597545438410055	1	0.325234841050642	0.52074030131772	0.264183324410889	-0.0201498266569752	0.0307384951890602	0.188427642870006	0.415765781025742	0.509672282563259	0.283150897957576	0.261384549546528	0.179490029207506	0.204752737915486	0.706126613562045	0.482864649761689	0.27975355087336	0.0908318820514366	0.542837650036916	0.420788229389505	0.0538458361468991	0.422863529049486	0.112786350020412	-0.0700075092260545	0.302490958127296	0.172324640600154	0.232843047577344	0.103336759406448	0.461507546681985	0.114259710810656	0.182176952216437	-0.112739778772078	0.0281098619994092	0.0796610200723247	0.305610016251148	0.205712185835737	0.0957758372223741	0.195924301429726	0.126104645668552	0.105062865922322	0.0608142382347127	0.21695998301236	0.224041330920974	0.038751338483921	0.0876697243641504	0.0848281819724276	0.171234479128101	0.205377279803734	0.31972800131388	0.0940484170238781	0.635123882417577	0.573701219042387	0.346077525828128	0.408055397482095	0.381286302274393	0.152494215842562	0.0442086421087809	0.333881669130229	0.492826207485999	0.266103758640696	0.205743928715833	0.0628823425632944	-0.00281286298469539	0.765839024229914	0.549497102240757	0.405408868887573	0.0164469439424214	0.604246233072948	0.50625390574424	-0.111168239012563	0.125798874856451	0.312334986910785	0.279123426847958	0.185054450643	-0.0189757995348206	-0.202067503943492	-0.0549872681223526	0.309607553194635	0.23260356442748	0.089703931788321	-0.113166938669856	0.123417664750927	-0.00504887693715958	0.0221863219801712
0.522434080025529	0.499135188188026	0.494769911365437	0.547577007175448	0.418425854624306	0.494742490143866	0.560174308995739	0.575459935981326	0.562045837210602	0.426373862334835	0.211045620635473	0.345743125796203	0.289553796713506	0.502495175271193	0.493782755517911	0.675716744640234	0.290456159632531	0.325234841050642	1	0.415129281257342	0.20224788367099	0.346577874356732	0.241478692727928	0.395761991779251	0.331135664609259	0.306497817999182	0.278123687177936	0.276851462289669	0.0895789886842828	0.328946415445245	0.407557338755788	0.342976929769658	0.295406952294067	0.181388055728537	0.555443940003763	0.545836278661794	0.114914023468831	0.161094099292262	0.200701481299229	0.17231758282269	0.215689833553307	0.238711401140978	0.398038896816782	0.300646374589052	0.338897948727133	0.266333823237834	0.291066249311455	0.324539428603536	0.254724168008789	0.411606656936038	0.210714602193549	0.463390134835141	0.472789455745551	0.538195365653189	0.38235769459956	0.585038906937763	0.292116725758929	0.468886615331548	0.526956363387963	0.435547583651809	0.498972922713464	0.300399987765518	0.350662451485081	0.378773308772952	0.342935511107799	0.272385128345137	0.531956196049607	0.383331688992041	0.621770697489535	0.375015016970476	0.304420705817672	0.21205729998431	0.207508317459561	0.249287759669519	0.0725632777807175	0.272223374335926	0.245015285895427	0.247241610250907	0.0898471387695841	0.353471781709548	0.19619456609359	0.307042263853253	0.265763926866875	0.196513707604622	0.346267224937465	0.0767151967881744	0.148394260506278	0.506808324309067	0.100031398019684	0.291639850516238	0.244530048578937	0.019616986609115	0.212021402569704	0.343898984995807	0.212885549882151	0.278368490169498	0.335166015795321	0.372349047829258	0.309099884323896	0.262095811052264
0.425557568302248	0.288409455978708	0.331798331724257	0.424358551542825	0.359897469364753	0.42765069530534	0.451243033220971	0.6790956832362	0.498884606689772	0.2246971130085	0.144122378485309	0.293932161822908	0.437642742900541	0.428115246946357	0.254211340050134	0.421146159915714	0.404325974499484	0.52074030131772	0.415129281257342	1	0.26961288795671	0.146556417139161	0.336270195613823	0.243509134284706	0.559926308837464	0.45431214377777	0.459365133001617	0.155092974516177	-0.0141308782818286	0.214068230288103	0.406585096332039	0.450527514751088	0.451460296115025	0.152002863629768	0.587209930985644	0.355977679844381	0.123204181166687	0.452654051108188	0.272147409505626	0.172118238177586	0.198724373856782	0.226821347305593	0.379969600285645	0.328062658110876	0.583270965798451	0.292349279063667	0.454253459467345	0.182501195239851	0.134502894012979	0.323570293179041	0.187254048554055	0.283113302961076	0.385631989084724	0.376648959011852	0.31941533703878	0.41894003825911	0.333300046217245	0.433454924730756	0.412519789005357	0.295115374040156	0.32427952630225	0.144151418156908	0.367779548073963	0.443326328409472	0.280693005751657	0.313494203731123	0.530595716743481	0.576635600062232	0.395534080455038	0.453744527770198	0.460084105965405	0.292769554927724	0.0566854891013605	0.588276946418564	0.373949188376325	0.310077060337961	0.3671681896092	0.164134961266803	0.0110000511389724	0.600428266177148	0.393731201205	0.463501636777053	0.16556046856916	0.43894586225702	0.500706320759274	0.183411747959082	0.201700767255483	0.446637972390718	0.204989819716721	0.428214096576228	0.346926878792401	-0.0445028203515884	0.219605483081595	0.435260100422168	0.39459440282172	0.214633494607883	0.148059924183825	0.290387011844984	0.234366269735549	0.181712098734968
0.365413048198487	0.290512671799589	0.283114798265201	0.330260423582453	0.418359816577274	0.338916094904918	0.275687941253394	0.274384621952122	0.205946152648675	0.61636859727598	0.354966803876267	0.534934386433066	0.434472918913806	0.542191823250973	0.283676720884619	0.31672901812217	0.616203115468169	0.264183324410889	0.20224788367099	0.26961288795671	1	0.369223050104761	0.471451537151622	0.421796687619013	0.312926100708542	0.48739436820347	0.292257367594757	0.303723685144665	0.158679740313157	0.403445811915986	0.286679861774494	0.64932119277507	0.330777514165505	0.365046184795285	0.368761832134419	0.217335751636809	0.403635886776143	0.330001341475832	0.567349560733505	0.362252242807214	0.518217399051854	0.373736874676274	0.719340650423622	0.613400415718693	0.495066141337073	0.106774879652822	0.481731103972732	0.280076246657255	0.375057601718484	0.575618073045642	0.322987771421187	0.377695561037815	0.378157052158987	0.391857287016606	0.230688968427928	0.279525827256594	0.132707303716111	0.28934337405982	0.19245470731074	0.131235770884058	0.43099855382834	0.408649143072808	0.322508881867816	0.367513275461124	0.529742615443798	0.586490594178294	0.298680231150256	0.32577785839252	0.20230062238108	0.371773258859243	0.519671189150119	0.393551682635323	0.0966882649152347	0.227507780823562	0.443990539962231	0.338617444013306	0.367579172180603	0.362932183633524	0.373565003656151	0.344883882056795	0.547873317036534	0.601994133431476	0.570013434999349	0.387458316078436	0.540872437699354	0.350592068730633	0.320166153433664	0.246311042376404	0.473476354891147	0.415502890074298	0.368108073825546	0.345903748393143	0.551695443555739	0.361647247570098	0.459599350010016	0.201264224536165	0.1364604708879	0.403792621277712	0.435981509715699	0.36515909850965
0.530088867410107	0.51776955602625	0.30419996390218	0.552768101229814	0.545231776092827	0.444295027940819	0.491406798050779	0.234922197286474	0.45745064179969	0.658999462142699	0.297244698292166	0.579925921430022	0.232170158569567	0.568408350813808	0.466408742570026	0.418541434978937	0.176799630371683	-0.0201498266569752	0.346577874356732	0.146556417139161	0.369223050104761	1	0.592007137930766	0.412576970326696	0.135610669291121	0.251290407567533	0.413704295750107	0.128619409273283	0.258505058401854	0.484066926574843	0.173874469418762	0.329710791975574	0.338203739208725	0.564080768372618	0.336296039107085	0.111929110294342	0.349301603860413	0.174389149498696	0.382659288082614	0.486102902238475	0.419677668476658	0.379021261598651	0.447782083467216	0.513994766112157	0.229930140382408	0.333008240386834	0.542783759474895	0.441261222595298	0.368597707707475	0.450240253008498	0.189950497908248	0.560762935325392	0.536459652262292	0.456202329617314	0.393062683188874	0.54887042689275	0.356880089432453	0.399935818443222	0.315130035702836	0.296721582118383	0.628538780027433	0.50671356880439	0.494761998048643	0.324406312570376	0.513089795214769	0.506903595389625	0.226705193510765	0.249733488279264	0.231573064830809	0.183557166063309	0.318847945832563	0.662783405106506	0.120445002410123	0.232990022740623	0.253948901897944	0.395183802413679	0.489729265651695	0.144319060160485	0.342657354993814	0.0333903965461705	0.164858259751475	0.360127863317375	0.45916404518605	0.0628747849253178	0.205684741709888	0.434500139309901	0.216745095312012	0.303223863648726	0.309114801901716	0.217141046259211	0.397846326985732	0.528590975617296	0.550419232762764	0.391058788015139	0.422669896960614	0.368595341347738	0.362966954200805	0.498877747512463	0.575983709193397	0.380098507498404
