1	0.769175066223012	0.671378675497188	0.612780602416824	0.48543550864507	0.565761289067947	0.525522632802981	0.577356575425599	0.275535876930219	-0.0724358879786296	0.0150798578997922	0.1370494798831	0.384826859381708	0.683861388569769	0.583582894534329	0.479212749686731	0.0441620064229263	0.237114425313204	0.581890220779495	0.562205577898244	-0.0356109386200826	0.116303426159224	0.0638024731038778	-0.0347590035396432	0.435776898136258	0.44486640481813	0.238616712978362	-0.171133772921503	-0.00409862438127702	0.134519121592788	0.074052632962518	0.375534161787447	0.521622490804385	0.165668423190017	0.124677007881809	0.266832884079669	0.132910577491516	0.221374288357237	0.00464671432258763	0.0393313388423832	0.187350712614261	0.152091054242195	-0.157139142494732	0.251482739002846	0.561393922626066	0.145397391539491	0.21670908124683	0.0434569968675342	0.241491094076896	0.166219914674751	0.596561532192964	0.740421596348781	0.404617629819511	0.544261973067767	-0.0125495217631451	0.621965224722248	0.525096087109475	0.633662811006391	0.63170664509827	0.186686308650154	0.348354110178685	0.0578797234995882	0.409540905137868	0.143113616104178	0.318602618808043	0.260122687566069	0.457980370699151	0.496756612297478	0.427403810848719	0.584425164519544	0.33110135676647	-0.00628803833603338	-0.422010835375102	0.160708392660215	0.234016448610349	0.311341508259259	0.263526958658024	-0.0532183048991424	0.449054103442657	0.331575006198296	0.160883700657708	0.2154378509281	0.139471904244859	0.225680660832862	0.438359022016791	0.298262397341535	0.0245578481560277	0.212499706826976	0.195723672288707	0.242626058958904	-0.216685426265627	-0.0241788971642207	0.325447067845561	0.300022884678402	-0.0221055275797733	-0.112035605664375	-0.0555695071813475	0.324127507531344	0.108647914942968	0.0941846138825874
0.769175066223012	1	0.661175596119013	0.762908472125306	0.27798952590622	0.413173543324303	0.463779245595206	0.430311008361822	0.150391697752546	-0.0685866300437287	-0.0898193202490077	0.120212403861331	0.252526249553772	0.475661638876445	0.477654322240149	0.342328720059558	0.0493838711286786	0.109316956144592	0.479662892914102	0.433216246727235	-0.0109251630664803	0.109028094582843	-0.0936807989423805	-0.0919943450562347	0.355923913573557	0.295046233306529	0.166616371516273	-0.0995758266842967	-0.0878050774882331	0.105626302877784	-0.0331890682984477	0.246948287847719	0.442006250892286	0.148845399961051	0.147096000605893	0.264038070391482	0.00260775610131462	0.00891715267843775	0.117266863542352	0.101554281316874	0.0948354140487843	0.123497299068803	-0.00282730925646773	0.341752310923059	0.419199554511843	-0.0361282491236631	0.149014680187403	0.097370158210697	0.198137879894754	0.177660032069096	0.45966340212483	0.808817766420791	0.402213006417926	0.446996590323782	-0.0264234698675278	0.572663852345845	0.377513851749453	0.514416373738723	0.554982650197126	0.285624969866915	0.222072931542645	-0.0697513433818077	0.270017270207746	0.0967596754040422	0.222103927234281	0.191893931403211	0.466486653136834	0.410055652848638	0.450750489359149	0.385163712691168	0.23559942953672	-0.0800490095839162	-0.354093378620052	-0.0108753944724773	0.163145774219317	0.248156542809365	0.147068847422121	0.0217356466764678	0.296665532493331	0.21722261874372	0.200666743005272	0.0859249187314746	0.170316638942006	0.233124602905641	0.281292092599078	0.201598288743362	-0.109187277161737	0.148771672634654	0.119723344700976	0.116071354502518	-0.0950875008714162	0.0312015831093969	0.313874391267138	0.286952270499944	-0.0126152627711038	-0.0245253796838811	-0.026612345261368	0.274035631681932	-0.0524288267845437	-0.0352838880888369
0.671378675497188	0.661175596119013	1	0.514241485229504	0.50173130503183	0.662877479832775	0.63687801002974	0.323227397419552	0.192329763712296	-0.0870904131974406	0.0219296294766814	0.1589034701754	0.367930691013043	0.317241817531339	0.271277092361603	0.293204322721377	-0.218653941029612	-0.0131645206587087	0.351348025416042	0.491746761904225	-0.159663387217507	0.159036776700401	-0.0148191310359039	0.127242266089757	0.363372152126103	0.323240607597967	0.398390113690608	-0.0917433962402967	0.00663764733890986	0.139313906483333	-0.138163805292482	0.524875837586987	0.613879617593655	0.103894716728422	0.348402379949346	0.235544260582762	0.189907612164461	0.116027198168799	0.247876861390428	0.256204111756499	0.236490122713901	0.198171940857512	-0.148261684663021	0.366086059061085	0.611153720858479	0.185346662556764	0.13877727261896	0.21134680963961	0.27678221810024	0.000894395590351959	0.223212804300707	0.61053642557096	0.487801288384606	0.635242186540994	0.0628858869502877	0.686602028430512	0.607921474517748	0.609066504910747	0.502289688229396	0.153186285831252	0.337646779074248	0.151163706662022	0.393847264751862	0.157229907907675	0.254069647955342	0.240583983379999	0.406752955764143	0.409800612257332	0.237494213514126	0.525574005749701	0.124355437405491	-0.0409629888833174	-0.28192631097749	0.0367327687233188	0.184386937392814	0.258551473211534	0.313557938431785	-0.0733991520814783	0.417938871142105	0.154648391632189	0.210439435430558	0.075604232029483	0.389705178662425	0.140456520705192	0.371697274290055	0.210417358663584	0.208002365741297	0.35651570876117	0.09076046424574	0.314483913730927	0.0737965419428851	0.169287868596598	0.344375266255635	0.331722693836977	0.0441873295343713	0.142937053396215	-0.105844272364604	0.378665305242681	0.11936232077796	0.0866715094035599
0.612780602416824	0.762908472125306	0.514241485229504	1	0.277072832051114	0.399374620668499	0.556219789757249	0.239037517118436	0.279092176133574	-0.122346100621906	-0.103975030873844	0.0208447446137898	0.0524916357237201	0.237334772105474	0.415427964495944	0.103725830068852	-0.0152295122021847	-0.152391003783022	0.14461092950454	0.181287251708816	-0.0438441429727831	-0.0169734702320835	-0.117953531298883	-0.0412438487757039	0.178253985045713	0.166055538802612	0.0932240608237143	0.120432567014603	-0.0550656513475936	-0.127008295111079	-0.290013986006331	-0.0442706695157234	0.194330736070065	0.0701638009881213	0.241106771236966	0.0566738148257423	-0.0120891994081652	-0.20722293056149	0.243167277480441	0.256770157358502	0.0561738016905482	0.207006233893859	0.0812362791452417	0.468273494201735	0.224010884474982	-0.15275007880361	0.0988418736166024	0.220327002338691	0.234586745896094	0.176211364359559	0.289379869482025	0.580475435897817	0.357743390984402	0.31351102608904	0.0933300046826971	0.613122169373563	0.305592531731589	0.335623537758839	0.344703605062865	0.33514215177596	0.0764440934381588	-0.0907107871779251	0.188775266547077	0.0135132737169704	-0.174321273393578	0.126343051382845	0.142127259444511	0.0803917645103899	0.357093667256485	0.0729958663903103	0.152859569106925	-0.0822338237248707	-0.164409619230367	-0.0754425477360361	0.0259951459129509	0.0574856131198297	0.0436855832874596	0.183472832994487	0.294338788656226	-0.133214749187209	0.0555754150892847	-0.0718801804936094	0.149489766404693	-0.0460473556078583	-0.0337208550843938	-0.0307145470310823	-0.123390328937341	0.0123393190330665	0.155721875026967	-0.135036316867191	-0.0356308421343328	0.236668252277687	0.382567833126831	0.361644167897437	0.0259133724310131	0.0579076300599052	-0.0300081834005525	0.137061190035055	-0.15590673905907	-0.115628778789479
0.48543550864507	0.27798952590622	0.50173130503183	0.277072832051114	1	0.601915951847161	0.403944220391391	0.398935101040077	0.347937265487795	0.159987754423582	0.2626365554359	0.174822667609122	0.383768215147584	0.270431443837365	0.312542348979113	0.453679726288764	0.143257162613726	0.20187640872085	0.370767251043556	0.259218216202545	0.155654589039772	0.29148856622275	0.201509694094944	0.261020582141055	0.363270101601251	0.301926021475179	0.289429065162123	0.115961888384414	0.0515227722251145	0.259987514502116	0.199061550008079	0.417356342731592	0.348200435159738	0.142756177907495	0.187680934357647	0.29784876124052	0.357238755575862	0.244386823493591	0.0647298259681157	0.0632122720203318	0.307457659057535	0.270988893609179	0.126252047159339	0.239482000025035	0.531970268235637	0.234763571445585	0.357441563271381	0.0785440809685694	0.399038109632666	0.153086482443972	0.286638490216793	0.3369506943627	0.396252023005343	0.520469916179743	0.276968818510769	0.455085566487858	0.384319873960723	0.435767748525857	0.374882101946534	0.185614320152611	0.287194266802176	0.156850421328164	0.236535873939945	0.15475913399998	0.246233955295523	0.378947523519242	0.331893559084666	0.268844203035872	0.328601250427076	0.474534988213331	0.267265171667555	0.132568974762917	0.0667049854341246	0.243179670398443	0.212792101191821	0.204891152069788	0.187828881476754	0.170474401385114	0.402126995362621	0.27497338942039	0.188594685532192	0.31972917824724	0.336139049358368	0.163027507535794	0.388395916016366	0.210877852243381	0.328943658503051	0.428628062441278	0.376204631898901	0.266130524165954	0.0410035194578129	0.0963410610632316	0.317398951447957	0.236350044958152	0.245429438027522	0.0990850310840678	0.0695277916387307	0.337303117015622	0.373286785645166	0.304830233392224
0.565761289067947	0.413173543324303	0.662877479832775	0.399374620668499	0.601915951847161	1	0.678760435011892	0.38431762551126	0.271258331900546	-0.024758849750793	0.159268508025366	0.171573092609832	0.402298938461584	0.310634259148586	0.241271787906847	0.360787313794895	-0.0401665685394789	0.0670993278707568	0.298546331821704	0.339940520293005	-0.0502554004668411	0.0928957916426151	0.11656019015607	0.188381483409189	0.291452925705087	0.457500892568696	0.367480843125576	0.0598543728747269	0.0373538394160616	0.240717465546172	0.0419079900773756	0.37855472562667	0.39745297547308	0.190803508452139	0.386499839618257	0.187480432307984	0.218828717417139	0.159039862423241	0.220809460143646	0.201962517371254	0.219200796143433	0.332300949182216	0.0112875414819703	0.24585765198232	0.513367872969102	0.320130941239905	0.26207390056584	0.325256483970179	0.193772490268694	0.0266328875083902	0.281245624247916	0.413110954196544	0.338015570783031	0.62974779377586	0.288699048587563	0.652988795746161	0.547850526740423	0.546278992325186	0.444848394393408	0.181357992654369	0.239517157301043	0.165917041582849	0.199543695022428	0.269510696245017	0.181666570898787	0.231042179672975	0.347554013283433	0.351008023759785	0.222761379142576	0.512410687484091	0.12715764814271	0.132685286959092	-0.10292856303979	0.162948435332958	0.182550626187348	0.280555443213271	0.255429899448515	0.064738008315314	0.435695360133276	0.218051601803924	0.15369315011564	0.222069930413644	0.336499623282465	0.191205410827659	0.323309171222437	0.197827841804649	0.216729395548132	0.393430258858194	0.19489874166475	0.273083405367235	0.188820643751286	0.185440489159623	0.271932863543778	0.417209288472723	0.19580231157099	0.242219396581061	0.0313346148412059	0.372012505414005	0.0876268824339095	0.131948183931129
0.525522632802981	0.463779245595206	0.63687801002974	0.556219789757249	0.403944220391391	0.678760435011892	1	0.171881881762669	0.465719938660658	-0.0249027342387313	0.0969991314992668	0.204075846458402	0.267090294953659	0.0519726625469003	0.208467475763045	0.131113544783191	-0.385625352394422	-0.308139324202352	0.0149198325400591	0.203308628280163	-0.292177563254044	0.117106027069418	0.0656989677914266	0.408735916034333	0.253539202901139	0.311873046026571	0.457539169228281	0.100300939054691	0.134023116126458	0.00332010328589643	-0.265844265532623	0.21942226096653	0.3494869721197	0.308411824490862	0.735424708089009	0.167166402367953	0.30932572412523	-0.127110998720494	0.672629021734423	0.651817255338792	0.282554966835706	0.238457515658619	0.16500828592992	0.492935429677689	0.310399151078578	0.160804978359831	0.0468408559855289	0.702282420612356	0.376246646419276	-0.082429590655727	0.0505719468853277	0.3438745431863	0.401950013347179	0.475083661786665	0.363058537692182	0.730850763244244	0.531273638550905	0.458725724174321	0.339494993350624	0.377643745420246	0.28132502523073	0.204596075943916	0.285779705822992	0.149642830376856	-0.0602610396806737	0.17798882526773	0.247727255882567	0.0555541272852747	0.11825104049791	0.262332866361187	-0.0339914961719191	0.0915006213281521	-0.0184385533625302	0.0591340035185103	-0.009802036691716	0.15852088100564	0.375445352746957	0.113005883777974	0.414705408884059	-0.074759635959723	0.00931510572478312	-0.105500910944273	0.371451514793694	0.131656158299892	0.0416768429810028	0.137387397366584	0.260043083288348	0.231699676644811	0.0369456525490516	0.201657338332673	0.430125817100991	0.578625873686848	0.418409199245789	0.580508392300723	0.0303940093782107	0.469579511380525	0.03166468945107	0.268800422085664	0.00842110418466479	-0.0592454906411012
0.577356575425599	0.430311008361822	0.323227397419552	0.239037517118436	0.398935101040077	0.38431762551126	0.171881881762669	1	0.220464431990702	-0.019168974655632	0.10343413838503	0.165635369267251	0.522460282010176	0.618203162153005	0.495800821574956	0.517312215085729	0.426293689363275	0.607166927458141	0.752551781877064	0.630607826875241	0.0649017674049022	0.05140640539092	0.123736454250255	-0.154987834586195	0.430728237672323	0.347781153494376	0.127861062067868	-0.238994715691787	-0.109243924927293	0.132561174784736	0.284781071633126	0.205121060168824	0.425679764134754	0.0894389011748312	-0.162371836649956	0.347968553857885	0.0419261982559705	0.306919368066308	-0.254425250827617	-0.274807713377288	-0.0192955899602801	-0.10657289726238	-0.24050018104157	-0.106055582938761	0.478132241996092	0.200099534445371	0.0420412047351549	-0.148151236917712	-0.0192584144963062	0.120652327544913	0.59297083550743	0.510756306324009	0.26305791846394	0.278245073992771	-0.0438420340436561	0.275755136757197	0.333706547274718	0.562813026407729	0.747045752137341	0.156392490426945	0.235870855513277	-0.00516371911383942	0.261496939110117	0.244844714147823	0.396547428220496	0.213791423317934	0.452559263001573	0.641305525003815	0.604759588748772	0.616743206795369	0.346238654460002	0.123441540492669	-0.264286065452921	0.244712044167933	0.244787287951946	0.363136539547481	0.0866692923989884	-0.210256407434553	0.152686597954051	0.553289570968392	0.201134040386624	0.397572526112125	-0.0881660717646698	0.275779439146299	0.479031770103217	0.297486601647579	0.0826616015570381	0.214773002965302	0.178826116836638	0.170537888679121	-0.222075282941627	-0.257293217833505	0.022712204841157	0.197129459107578	0.144589160701659	-0.176352611887641	0.092472442766077	0.22416518155987	0.122007715493647	0.267098416645016
0.275535876930219	0.150391697752546	0.192329763712296	0.279092176133574	0.347937265487795	0.271258331900546	0.465719938660658	0.220464431990702	1	0.229592244559859	0.24843530484849	0.396836590991576	0.230187479604311	0.067268039130734	0.2951653142828	0.0577176679530612	0.0281946953269817	-0.123164232567331	0.126737718180341	0.102979238671383	0.00158360462574354	0.173708926232161	0.210473345224331	0.4666192835063	0.364231552917149	0.193314865685919	0.429391447331834	0.17747058883132	0.257448823599887	-0.175339250023536	-0.118027285356446	0.0572826233115425	0.175904734139805	0.148919462549981	0.335558651297542	0.196568108397786	0.180471092351838	-0.16108589632628	0.399035466448917	0.402762932459475	0.0781360990291763	0.136517118995707	0.135511863379509	0.419661013146269	0.172069106041065	0.291299620809752	0.207046943571719	0.396690568608289	0.121870539974592	0.20407797471757	0.114560539551366	0.12910650265469	0.291380347766513	0.133389886793327	0.126210246765889	0.402874550886095	0.27292826103879	0.263652587002629	0.304618838853378	0.555780083320505	0.417996663313215	0.274878083421795	0.369542809175465	0.0289290016931731	-0.0798875934470322	0.277335288462987	0.01673799224861	0.0836052361738494	0.314124830663698	0.126240322964328	0.359824990983166	0.249981533172538	0.207059469543596	0.141174243073354	0.0119230156836398	0.195051844550351	0.302023632914929	0.0857420987518807	0.23052509119324	-0.0927032884471735	0.109527596048229	0.0875122392432235	0.124121941595358	-0.0774205816691941	-0.047515255517686	-0.0141971498469358	0.124101062612749	0.0589676272788617	0.0714565249317043	-0.0186384546721782	0.226023075248216	0.381974774822873	0.360024062237225	0.508960145555733	0.157996703316198	0.2780269173993	0.108556256486911	0.346277163166224	0.170336877956779	0.108170506232036
-0.0724358879786296	-0.0685866300437287	-0.0870904131974406	-0.122346100621906	0.159987754423582	-0.024758849750793	-0.0249027342387313	-0.019168974655632	0.229592244559859	1	0.477404432124673	0.551308117233751	0.286180046018311	0.027835797624292	0.0172059560322184	0.15653554238345	0.235328833724032	0.0777380869247196	0.0334253807778848	-0.0999397048749283	0.429016925390835	0.545631696518495	0.511491905253543	0.384491194985842	0.186919142744365	-0.0592471143895561	0.144658177213091	0.167596209162765	0.389816213198017	0.343442928316976	0.306764282825181	0.191980170238277	0.0518594383486814	0.0358956850922859	0.00737370582741457	0.244043785376562	0.0388771005760531	0.0609075619357322	0.0461477052608321	-0.0394544728063892	0.356490477750222	0.402849648895368	0.291406778780619	0.0948869927921537	0.121258388684656	0.249133582843286	0.330293702683245	0.00145173201144433	0.127685865212235	0.435819159038076	0.0482258692447511	-0.148637525478856	0.127971900139726	-0.0752033033227367	0.0717641117123829	-0.00642328282984666	0.104025695100833	-0.0438197354454169	-0.0308384741003314	0.210809874321489	0.414693408600544	0.24317583547022	0.174090925966603	0.348670904691849	0.302552285398091	0.52708608750054	0.221949661542837	0.186357689629626	-0.0417965446294183	0.125492689935264	0.425545009157938	0.435494773291156	0.281397766389967	0.38728655166751	0.183218554999167	0.0666207943245282	0.1886569161056	0.203111854313103	0.0560228115941968	0.198868433675065	0.355266554992562	0.439112608280877	0.20134946051032	0.160055907058343	0.17241083748695	0.0633703619349253	0.118090956374673	0.211322637082816	0.239049188706581	-0.0172320538288766	0.162550245180036	0.0274725398326806	0.173105678365998	0.157613823126766	0.294657228432948	0.105942255137048	0.134892898311451	0.246162561700753	0.400975174621864	0.411006589963445
0.0150798578997922	-0.0898193202490078	0.0219296294766814	-0.103975030873844	0.2626365554359	0.159268508025366	0.0969991314992668	0.10343413838503	0.24843530484849	0.477404432124673	1	0.531195615248034	0.390580298573455	-0.037295736642334	0.10368952963271	0.0903091601960955	0.193805886135598	0.10230474517585	-0.0122916466487494	-0.0703104644507587	0.282920019042969	0.52991130813473	0.536040332960161	0.25175368684119	0.205805569305579	-0.041931406943485	0.151137793360075	0.164484944319213	0.0883124840111391	0.12983242718996	0.20119064482628	0.159470246734577	0.274133484212939	0.0691319176203999	0.0664511157050641	-0.0149000275050674	0.0749380460913392	0.0300497184008578	0.015826248212223	0.0811918300773176	0.183393970560861	0.209896184499531	0.158200921173254	0.0147821462363429	0.0928624441640455	0.51788253028312	0.360762416859357	0.110431638342893	0.161448967931824	0.29652512426832	-0.0860148845017323	-0.126430733094669	0.0712786267781167	0.00559850567803725	0.164430400262226	0.0344371294818155	0.216253866385386	0.0423586268825437	0.00950666544841481	0.139848304793324	0.488094642310093	0.418955372141295	0.242059047855758	0.319101338443537	0.083641652879382	0.322984673327604	-0.0527309630279984	0.159420566725159	-0.0501575602781541	-0.022349537912576	0.274325547189597	0.377964634211765	0.155448538747497	0.296139016364496	-0.085245659242423	-0.150209413259099	0.00983835912618887	0.0108011827177074	0.0652663635931842	0.0609364729683258	0.0526331449657531	0.347569849165677	0.0827359587620479	-0.104915763654765	-0.00354768519231463	-0.176876011202825	0.192624242947023	0.116793092789721	0.122353817887564	-0.136299520292678	0.132195850082969	0.0236218288507481	-0.124475813049201	0.153838135568537	0.0166498223756787	0.123565148891159	0.0426418205532534	0.273419712401202	0.393412760531857	0.442375700213274
0.1370494798831	0.120212403861331	0.1589034701754	0.0208447446137899	0.174822667609122	0.171573092609832	0.204075846458402	0.165635369267251	0.396836590991576	0.551308117233751	0.531195615248034	1	0.517427813746669	0.0407519833823436	0.182576890750599	0.0714710672034941	0.1819490597356	0.0109571209622993	0.0829398002505476	0.124294640377431	0.177537913637822	0.613799823748036	0.609994004171103	0.234255643982324	0.434312207935138	0.154728545158182	0.378795549496044	-0.0150512063359405	0.271304330004353	0.0995553990365548	0.040176883039785	0.204346694377622	0.451128398179645	-0.022924414710881	0.121044017312702	0.0900872346936489	-0.116377271086913	-0.115167523441232	0.126282552777189	0.119396916532997	0.178407397505495	0.249967822074341	0.0379481305371047	0.179768349262271	0.23911957284538	0.451418839612617	0.401886832129489	0.175955684549838	0.0437912804981257	0.400512861910733	0.108809142385984	0.102733766038601	0.252835870209493	0.143513778278828	0.104664923269272	0.265432121809088	0.384019010649785	0.217606231850468	0.177006270876645	0.297087588934757	0.685385828092583	0.580150285904933	0.489125906558445	0.456630139653901	0.191254797706185	0.464406244830063	0.158024946894293	0.273648063903833	0.217887408005989	0.190953248358341	0.558931737466328	0.558255432795555	0.108567530452511	0.372804713399242	-0.0662325830637758	0.0684959230264463	0.279852401631084	-0.10462929944881	0.185615101309099	-0.02472511329593	0.227476115754734	0.399373308513209	0.128262611181329	-0.0867344467986957	0.0246436594235014	-0.0996430844369254	0.0480835710548808	0.101980399565247	0.0636639417616198	-0.145131106777679	0.205722603357166	0.0670475673402734	0.141585239032362	0.3792201882918	0.121098398353351	0.10149669264286	0.112136554828628	0.419469914593638	0.372685396099333	0.337843574930622
0.384826859381708	0.252526249553772	0.367930691013043	0.0524916357237201	0.383768215147584	0.402298938461584	0.267090294953659	0.522460282010176	0.230187479604311	0.286180046018311	0.390580298573455	0.517427813746669	1	0.26994828032672	0.278065302639833	0.376976547643508	0.230292137434346	0.396825057351107	0.413720155008712	0.481723365467233	0.0915894611724509	0.490157228438063	0.426621751966604	0.124115296196423	0.431305130136906	0.171928009103404	0.276799061538746	-0.147063030003707	0.0742636656143799	0.259198917272545	0.280758582368609	0.349858923879958	0.679365352588006	-0.0578166615102523	0.0736179439626838	0.299445442080354	0.0711404635043409	0.202736205675104	0.00795734893379428	-0.0772304287366601	0.125118637154644	0.129242517153925	-0.206986387434778	-0.0734979793031777	0.429450539485919	0.461035305082344	0.204127616691398	0.0431088806661	0.125403202462717	0.234764919036553	0.181028109849462	0.260842384193643	0.31351102652549	0.342727997720564	0.119896412818274	0.269137430425675	0.519513328130439	0.510322905476549	0.487366125640809	0.296362915976734	0.526786544782005	0.362894183108306	0.547091321348226	0.630029400833604	0.395630586099329	0.348139552143869	0.401316453245945	0.63501175710038	0.316400601366439	0.513043381141228	0.348626442149411	0.359321231513872	-0.0586336394200691	0.332883914703227	0.126605454227101	0.134452893096375	0.276938934050208	-0.16919361462331	0.187874085141885	0.410489452647468	0.162766789552695	0.469127461567693	0.124796704236223	0.205637294594419	0.381571239884501	0.103865034719458	0.243693083123564	0.326475385944685	0.0888033969935545	0.21169718701114	0.0761479717196368	-0.10820685011991	-0.0206317631994776	0.252049848737379	0.111416146784037	0.0633387526963308	0.0738453472903241	0.439238237740652	0.33180691480281	0.474715656303745
0.683861388569769	0.475661638876445	0.317241817531339	0.237334772105474	0.270431443837365	0.310634259148586	0.0519726625469003	0.618203162153005	0.067268039130734	0.027835797624292	-0.037295736642334	0.0407519833823436	0.26994828032672	1	0.515710278371061	0.662215136042039	0.353556145623266	0.541617338567829	0.76177578392124	0.567842393050752	0.229556349345887	0.0313182905259305	0.123539862426813	-0.13011515992434	0.335857494365673	0.358473950475251	0.0995604156985629	-0.205795129906665	-0.0630058331700544	0.369478493213381	0.453744658703868	0.274009883541357	0.286176981053768	0.171207335933349	-0.195703967111774	0.427169496539937	0.164766525418182	0.498371274133815	-0.316454681144471	-0.347943623598278	0.113563865218065	0.0107108603779665	-0.172699591117156	-0.133350158937902	0.449120010520892	0.181126093550503	0.172033230166362	-0.267623301128399	0.108447001508267	0.197536388446142	0.695995200101393	0.54027328409666	0.294499878852345	0.291400447742483	-0.0190572160029834	0.227718086244585	0.306421252435827	0.512642083556153	0.592177765613257	-0.0316478605664628	0.180309360919804	-0.0664134083437602	0.217464649092276	0.101610613627201	0.501252906158216	0.281882160807899	0.518293246198758	0.618136160245802	0.463134160189321	0.631240228649771	0.325574889740701	0.032841273642923	-0.370513033770798	0.210643148198029	0.346217428389956	0.390110990326426	0.14712084313572	-0.0562013091430136	0.196615157701725	0.594502258262503	0.227466780697621	0.42915268206371	0.0776094510035483	0.400890123199972	0.628294248140885	0.448277445776474	0.0640737279968923	0.367142380916345	0.286123310514026	0.359598856455952	-0.353856848138988	-0.307863180089053	0.10840589610359	0.0306139651437494	0.0907117705710982	-0.214251265204783	-0.00696375659885188	0.297870078964587	0.170030784708106	0.248679397173252
0.583582894534329	0.477654322240149	0.271277092361603	0.415427964495944	0.312542348979113	0.241271787906847	0.208467475763045	0.495800821574956	0.2951653142828	0.0172059560322184	0.10368952963271	0.182576890750599	0.278065302639833	0.51571027837106	1	0.374239637017944	0.21330227259607	0.300551037307818	0.494958787927913	0.532956715764478	0.0753234949186577	0.0889018796745478	0.0998881535854396	-0.0978415984670955	0.388893083661883	0.292817573669981	0.104667676586956	-0.130577423899026	-0.00258676161688603	0.0753847626027075	0.0944200424907272	0.252353066291619	0.300737328244211	0.086874041527038	-0.057231859307583	0.128411518982584	-0.0182684521513082	0.0700213265721762	-0.122553483038651	-0.0936749392569023	0.0578407604062204	0.197968656584077	-0.0952855916945534	0.129887707994795	0.401569631452418	0.0296283024677283	0.0807210338597556	-0.0914967342400382	0.281282191758372	0.414077737044971	0.399343276517927	0.494367009633128	0.456734486912395	0.335072656659668	0.0136739779802828	0.451631279241951	0.44778737503826	0.481951758299266	0.531638098847477	0.159916843911601	0.318940736166823	0.104899857695276	0.323816379173371	0.0809851045589601	0.198704958526058	0.285720546264004	0.35219635854959	0.41608749856828	0.506901618465779	0.356729435071136	0.339464235345365	-0.0416971077911266	-0.291534748483599	0.102814679383606	0.223730399148201	0.0849811021411118	0.10048577074612	-0.0903925584378737	0.308295937275729	0.232722374812469	0.211890419581774	0.210693004663612	0.0574167461913341	0.0620846235610614	0.291377037633119	0.0731281874175006	-0.0915551299076116	0.180523229726367	0.118561485314974	0.0636920824486358	-0.202359509420058	-0.119307622859687	0.189391044110065	0.203352505433205	-0.00178153433873735	-0.159590774805608	-0.015893445155928	0.394558855265102	0.110425078311177	0.21033262640044
0.479212749686731	0.342328720059558	0.293204322721377	0.103725830068852	0.453679726288764	0.360787313794895	0.131113544783191	0.517312215085729	0.0577176679530612	0.15653554238345	0.0903091601960955	0.0714710672034942	0.376976547643508	0.662215136042039	0.374239637017944	1	0.320362443436882	0.646579515908642	0.74522760761981	0.448115400298729	0.337447465835188	0.287869775781784	0.169116607008649	0.0913054719320003	0.210475377206683	0.51828880294792	0.210591669575109	-0.0293314626060006	0.104917445399544	0.594199971486809	0.734638741464024	0.517601963677079	0.328010776067305	0.283622794342358	0.0424317189804755	0.651206068918314	0.435622182459964	0.594907859535182	-0.126674619491093	-0.280564463617989	0.322251570499609	0.220006856100726	0.154412946824506	-0.100537365828939	0.581089533202901	0.204455151423937	0.335657116158442	-0.150023416932012	0.288706868006846	0.132230297774271	0.495903316581654	0.346035104086512	0.454413617167579	0.343098885644258	0.148667287010188	0.341235898990573	0.383335657815648	0.479235385105245	0.548780400587519	-0.00924664020688145	0.164661372094662	0.046461339498802	0.0917612502140462	0.227123576222885	0.7053834777229	0.46474327966369	0.739028585157139	0.603961550447681	0.390177260904887	0.594822168626391	0.277130095416112	0.0625586631976955	-0.0877125698285675	0.290069095308325	0.557161532665525	0.391502861801273	0.181982675261782	0.151479930984515	0.262872234299181	0.791449189805906	0.396949919792259	0.570576534617368	0.333573216060492	0.642942449645304	0.789143110277941	0.52507216517828	0.380954912732542	0.698445641438384	0.454692739658342	0.535942793270399	-0.105728022830309	-0.242027821129031	0.236027106676001	0.108882230791042	0.296332154952071	-0.141332171575016	0.0764152918363782	0.401546325445998	0.362564900581609	0.407738051470194
0.0441620064229263	0.0493838711286786	-0.218653941029612	-0.0152295122021847	0.143257162613726	-0.0401665685394789	-0.385625352394422	0.426293689363275	0.0281946953269817	0.235328833724032	0.193805886135598	0.1819490597356	0.230292137434346	0.353556145623266	0.21330227259607	0.320362443436882	1	0.645916974541162	0.435854599720453	0.0110322172407005	0.722326667801802	0.24976104722676	0.224663775237673	-0.159786061734163	0.176954770892949	0.0940960377798709	-0.126525386156029	0.165679309218948	0.0656141140229168	0.227846197160326	0.521617120444914	0.0179356666431041	0.00362873626119744	0.0938415633106125	-0.492904148188524	0.224541903826836	-0.0437528736785696	0.233769569753118	-0.497264971432242	-0.487524671688193	0.000157234062721635	0.15550929558121	0.166811249034479	-0.161430933005481	0.169920839301694	0.266407689181046	0.405677877182212	-0.498267318874434	-0.160690371137278	0.437823134906762	0.393883822573469	0.0334392781473036	-0.0578486685336468	-0.101633050756967	-0.0820646353394359	-0.166086868392532	-0.0957199132784707	0.0712951249997062	0.18481274436882	-0.0267703445206095	0.081977027225145	-0.0265298450887371	0.086599641337827	0.137960330249087	0.288721837864235	0.37188417913444	0.107599337069414	0.374636050325873	0.37251449103157	0.130408461068702	0.488342373607484	0.303203640724665	0.0546335577145665	0.0697085329784192	0.286545837084013	0.185029194977924	-0.180246895283125	0.172858979913383	0.0783529523453088	0.414675883570061	0.339537369333074	0.479999768994084	-0.111831523744645	0.174379523854879	0.254565420196398	0.101463183808234	-0.0349035119552851	0.151314078790061	0.413288029392298	-0.0670957425789239	-0.284240786936715	-0.438463097313966	-0.028252084713343	0.0110170056556742	0.413524152428778	-0.321008715515157	0.179949552038531	0.0962561728558901	0.12643576015238	0.3117727886312
0.237114425313204	0.109316956144592	-0.0131645206587087	-0.152391003783022	0.20187640872085	0.0670993278707568	-0.308139324202352	0.607166927458141	-0.123164232567331	0.0777380869247196	0.10230474517585	0.0109571209622993	0.396825057351107	0.541617338567829	0.300551037307818	0.646579515908642	0.645916974541162	1	0.733895671493457	0.378162974203195	0.43891114930773	0.185215261648282	0.137985412077527	-0.222087500106029	0.150008479390505	0.271632957846612	-0.111749018303718	-0.104989261445939	-0.0506107535990127	0.332621299368572	0.729298811597934	0.249570066856671	0.263649443691717	0.00290778287087523	-0.471372507935969	0.411186335805941	0.10408920293717	0.545602783557628	-0.564647645656064	-0.64856217190987	-0.0541798648742541	-0.0244290261992	-0.130604912281871	-0.437434611214468	0.369850426355025	0.149333597309714	0.17796459417365	-0.508287775464022	-0.116182359447574	0.140184266231105	0.416756135769824	0.17629717151021	0.0952840531298976	0.085100475349269	-0.109749856317424	-0.0796425327877654	0.109853887381382	0.297402683689998	0.449650682754795	-0.122691465850348	0.0366584650586207	-0.0993620734151119	0.0810610440147972	0.191006466792194	0.571169522481767	0.172123298620408	0.461910958971814	0.61437042490564	0.368940964898049	0.450333262853477	0.269910629045784	0.117541871225367	-0.106717586503091	0.114401705000567	0.360834333336277	0.236538017588093	-0.0171765101005116	-0.054545785262488	-0.027563787672477	0.778252367383346	0.243188684077872	0.527215146816092	-0.140175883056846	0.390796942182434	0.615378099616994	0.274448859491154	0.120483755299236	0.383417219918896	0.337608276089479	0.311787317546427	-0.336274895995215	-0.590889428173141	-0.14433072451916	-0.17219844555149	0.2390834613779	-0.354556767018715	0.0249659258752259	0.114081416610267	0.20790700085346	0.39276541706774
0.581890220779495	0.479662892914102	0.351348025416042	0.14461092950454	0.370767251043556	0.298546331821704	0.0149198325400591	0.752551781877064	0.126737718180341	0.0334253807778848	-0.0122916466487494	0.0829398002505476	0.413720155008712	0.76177578392124	0.494958787927913	0.74522760761981	0.435854599720453	0.733895671493457	1	0.621230836257801	0.239148704272545	0.165253194330572	0.0911356080420183	-0.115119688257837	0.316815174727506	0.453162709108407	0.0938713634938961	-0.226732754098428	-0.0795863011088114	0.309644634855989	0.533925140138955	0.410436968207364	0.369175004257996	0.10039119218977	-0.188867745623341	0.537939725643509	0.121831255985119	0.541274622601255	-0.32179116299539	-0.418953882411987	-0.0112227791142029	-0.0503250560667465	-0.139831237754679	-0.189543802437891	0.560948300203553	0.17059179042362	0.157758279693263	-0.319122506901685	0.032060489120843	0.208605443715333	0.603125115599898	0.562712790941713	0.340388503051762	0.320546451320518	-0.0749929012216368	0.279942867739606	0.293098772946877	0.559871607686864	0.712669295176228	0.0452311722368046	0.223680547132661	0.0208469013693972	0.195452595113021	0.142372228886281	0.649417008226459	0.328378933295116	0.676506436136862	0.707884617664631	0.619254430109406	0.688185306974076	0.373509199530056	0.077585066666608	-0.297524035498216	0.120806272934227	0.399369183744039	0.386643964310543	0.0944822987507291	-0.119795886856527	0.105616069526621	0.722173925849798	0.320354631536775	0.495956420673472	0.0668309336463649	0.471659572275865	0.677445993391687	0.402536084036811	0.0584099693967381	0.439170562108516	0.295535280548878	0.330267074642594	-0.289969987053966	-0.398218869151963	0.0475848482178364	0.037396716865019	0.129761642950262	-0.236973929837843	-0.0291390014763589	0.261885840647917	0.229851313897292	0.272639596400754
0.562205577898244	0.433216246727235	0.491746761904225	0.181287251708816	0.259218216202545	0.339940520293005	0.203308628280163	0.630607826875241	0.102979238671383	-0.0999397048749283	-0.0703104644507586	0.124294640377431	0.481723365467233	0.567842393050752	0.532956715764478	0.448115400298729	0.0110322172407005	0.378162974203195	0.621230836257801	1	-0.164447682099278	0.0132410743433255	0.0183199214818749	-0.194764193758432	0.500683288432346	0.319711932829082	0.196419987692206	-0.453845725458336	-0.0448624074074217	0.192926004801972	0.0768239159053926	0.466280842554702	0.630108907407066	-0.0909597833905307	-0.0748534238725546	0.232342783149392	-0.0360142890264869	0.343206431670275	-0.177991949788298	-0.191776159165308	0.0236842895356055	-0.030337661526192	-0.476859469939825	-0.0967008200680651	0.60724466114984	0.163798318550257	-0.0675308086121094	-0.144709690764389	0.157882046370285	0.0258753687923632	0.377222809435584	0.586842247960838	0.366979875834051	0.463594109588191	-0.0273543168656629	0.3892900540075	0.549817177796388	0.588134877095849	0.67623558654687	0.16501933830885	0.282703939197938	0.0267664284998499	0.343919872654174	0.183295481886399	0.41473523106657	0.0937929273013111	0.492734436484149	0.612640809245482	0.480958510218461	0.724483571774706	0.263666363310343	-0.0422423167298979	-0.40268364101012	0.250382856737219	0.196213972579944	0.27021976788301	0.222053022198704	-0.394577556854231	0.221779732003226	0.429146643760497	0.112296830345378	0.285516240986966	0.051842961352877	0.208014891696855	0.473754918878154	0.237229533448511	0.0275021028690513	0.246457849458699	-0.0471847251667212	0.298073790869996	-0.183473045790321	-0.233728771842133	0.017256102226378	0.134284941187428	-0.0547539579154886	-0.211723085575215	-0.124609736028194	0.410060715459891	0.17078132670557	0.230668858233477
-0.0356109386200826	-0.0109251630664803	-0.159663387217507	-0.0438441429727831	0.155654589039772	-0.0502554004668411	-0.292177563254044	0.0649017674049022	0.00158360462574354	0.429016925390835	0.282920019042969	0.177537913637822	0.0915894611724509	0.229556349345887	0.0753234949186578	0.337447465835188	0.722326667801802	0.43891114930773	0.239148704272545	-0.164447682099278	1	0.328185624869657	0.33897394310621	0.0988789135384653	0.0600566704889665	0.0348575303480646	-0.144985898469623	0.380096009089553	0.181937345556669	0.381263381035332	0.560794836870023	0.109108741047708	-0.0807835361714938	0.137750508766093	-0.290790326830986	0.227139926953624	0.179304738617999	0.200837125803043	-0.291217722225198	-0.346878695964429	0.307808575580808	0.446154534795928	0.407258550778016	0.0568657994571443	0.237899627645209	0.218889009866416	0.544652832253726	-0.398225965930726	-0.029098694439747	0.510745492943229	0.239401976956233	-0.140703984304962	-0.0443521664994622	-0.0682873130291005	0.0187473739959178	-0.0758680762117152	-0.0584145423116381	0.0492780885787028	-0.0328828298999588	-0.0776904418332264	0.0612105980992129	-0.0108353477349918	-0.0393357765004155	0.092069398495177	0.302641686856369	0.53082510351208	0.109216756865871	0.181726593443755	0.0215524250960069	0.0263370190511971	0.388143132251087	0.268897581897954	0.150757254806322	0.0927307840449814	0.465674442755593	0.141857617213999	-0.132310147006999	0.331861426704178	0.210725953698346	0.351118318193413	0.372665409125865	0.49455240382849	0.103195061558968	0.311494363300095	0.315892119644368	0.119053080310697	0.0928541254728197	0.227273946919164	0.6369925494426	0.0994914256342974	-0.200302395312919	-0.277340535752006	0.221741846743157	0.0384514284991486	0.519480696405534	-0.182342802832336	0.0961625111102497	0.127586417463617	0.234312396143818	0.427085995249803
0.116303426159224	0.109028094582843	0.159036776700401	-0.0169734702320835	0.29148856622275	0.0928957916426151	0.117106027069418	0.05140640539092	0.173708926232161	0.545631696518495	0.52991130813473	0.613799823748036	0.490157228438063	0.0313182905259305	0.0889018796745478	0.287869775781784	0.24976104722676	0.185215261648282	0.165253194330572	0.0132410743433255	0.328185624869657	1	0.590168812855768	0.258321771314859	0.314989254408056	0.131620673376385	0.268406011182022	0.0892769283880232	0.241833495729226	0.285760115176379	0.290342511163499	0.386705153996135	0.424785863262303	0.0442659406482907	0.152603050751642	0.217103716562855	0.160678912536507	0.0599481045517372	0.0740869098708594	0.0493527834921025	0.384722955931577	0.355830041833791	0.139875574314075	0.0552955317511561	0.265672329387471	0.460265060216777	0.452667955714916	0.0382089979770979	0.316132729103886	0.465248543447475	0.0092459185732814	0.0584101812431291	0.258319613840459	0.181457336302419	0.136684347445574	0.203434933001113	0.39051064104475	0.233164424940251	0.133717949256877	0.194551778795134	0.600367936901017	0.538362754642068	0.431390180332096	0.402333711420894	0.367269362878052	0.523010440868013	0.221372904663293	0.271399363887647	0.103476591211712	0.158664303380576	0.384320088637577	0.560249510609646	0.148199613193284	0.342159985963113	-0.0094691936114923	-0.0445795965546559	0.194035946690098	0.022219236449463	0.208621117268831	0.114330030073572	0.25938348957723	0.390675675409943	0.274552403129757	0.0252677581956392	0.164468650467895	-0.076762895472918	0.216985456349997	0.279633917408759	0.153170169186666	-0.0264609027500269	0.178549026712557	-0.0354860146724966	0.0315574614409076	0.198491666118891	0.141581761644832	0.102326579811578	0.179182490870025	0.400337134600829	0.464926939721092	0.352110826205531
