1	0.541851958297972	0.532727499703544	0.266406938563847	0.588617825684887	0.486346151745034	0.506892044745604	0.212861082861349	0.288358001140235	0.0678538959684119	0.0644565478002426	0.118587748579353	0.10670177501458	0.611807020702449	0.452750371192511	0.266214795239442	-0.0127648047834812	0.0956644112040925	0.236998079413603	0.243042234040841	0.0557557311181481	0.00966056267820803	0.116318350352241	0.157909549941564	0.222122476184621	0.223498890909708	0.285159604757054	0.178095058974124	0.0600123104885663	0.523228017114677	0.091109439829049	0.302144068427545	0.198248572753395	0.288767988738544	0.488486826697181	0.238337584072203	0.118824019412555	0.00681401074065379	0.199254240534714	0.324366883625309	0.17372260972022	-0.0117096839347865	0.221091976747242	0.179681300035712	0.158117708628662	0.245350321986392	0.0191824642623574	0.408726253875409	0.49964149482544	0.231389265596925	0.553410469609673	0.563148594987461	0.463353454472879	0.426345150950989	0.177123121862888	0.472596081702924	-0.0929080714749888	0.181791720773831	0.217275350836695	0.325930045902936	0.230982510939912	0.000912240159958591	0.204514910907114	0.19308897901293	0.444714869712008	-0.151271847499174	0.126154110620451	0.166804541016416	0.0876663956996382	0.253126575387673	0.065489304020339	0.0705791595275125	-0.106896838802244	0.101201898042241	-0.118735085484868	0.041562035978318	0.130714774852232	0.177324032719349	0.203780896322956	-0.0878783771590993	0.0751126703949569	0.226489946096634	0.0879958619862065	-0.189241267935089	0.00808481893339177	0.0657130476838906	-0.159785255711806	0.011734896367381	-0.22983060486962	0.0773970006339523	0.200698249972205	0.156397710673176	0.079810049830335	0.0576649726018803	-0.0495133275595424	0.289049887952689	0.363450984654159	0.341412717604846	-0.0299046582220142	-0.0811799026156103
0.541851958297972	1	0.267856518235131	0.523382403559383	0.408149350306582	0.376233525029224	0.476968260825282	0.314535864471509	0.11743924387813	0.365868782402436	0.083839337918698	0.221510203951998	0.133696760746186	0.548664143219435	0.407845004347205	0.152399782736919	0.205883297645641	0.307384630829359	0.2475189413402	0.243850435243267	0.0840441607455625	0.401929288113104	0.159375928646207	-0.0613048815834372	0.123782386526245	0.0693543981335537	0.126889365415742	0.371997006983175	0.232351761688733	0.276204812997459	-0.0040055685683244	0.278069648025603	0.218192718055112	0.266658381058948	0.394173136303666	0.163102800706728	-0.043200815306375	0.128248407109422	0.102761741503624	0.185073229672538	0.443893449646938	0.183012297279703	0.226761463659684	0.319131670849885	0.195589296354025	0.370842523393422	0.321188245067974	0.339505338855458	0.392321043180995	0.252539349449276	0.499121231205428	0.523765595532623	0.310219539123369	0.448516527943241	0.360540018280689	0.451335629276873	0.0390672776898277	0.32370849747741	0.317511179081676	0.292281407229295	0.357681809116156	0.067044334122287	0.17704610649541	0.309799388060513	0.457581737807187	0.0542063720954821	0.0615113483921972	0.271491572271178	0.228042269835393	0.288602839119867	0.208553239722877	0.283258537110177	-0.0711219354580615	0.176832019333334	0.162674504496867	0.125396289220467	0.239393439402714	0.313433690981683	0.247876870760387	0.0610475377810539	0.169777212308028	0.267721938280102	0.201893604358079	0.00906772762528572	0.193392631140466	0.2811119878108	-0.16000996834787	0.0770645191450451	0.0525675680342478	0.167945020051416	0.248206900566363	0.235323807182438	0.27699248811096	0.339771694386618	0.235912146982593	0.270751256241359	0.408382804023196	0.399866582337001	0.166975459785337	0.146862060531479
0.532727499703544	0.267856518235131	1	-0.0661343285754595	0.278172215824581	0.45795994359499	0.499346991361347	0.123887813973966	0.274974543370609	0.149739384141459	0.194551066449766	0.28345779841476	0.0980913873735114	0.305536777660076	0.143972784549434	0.310776234932851	0.147516657527851	0.061550152562524	0.358868995237936	0.282156644212804	0.191845242975667	-0.0076379054256634	0.16172011169163	0.119902459326725	0.411482517275903	0.404734380028343	0.401263242152047	0.0195194866284643	-0.134075967216813	0.502232487680654	0.217128489217683	0.352122215418065	0.279775734784189	0.24259490034021	0.408473533156311	0.242826047238042	0.291023202901821	0.203012082043097	0.232814844202724	0.309058234065263	-0.0706257498787792	0.0515153983896048	0.23753565451861	0.193896441378406	0.248136294664418	0.277267115584383	0.197880556399422	0.319247252830735	0.25363829588227	0.177936625695955	0.203277651716256	0.378604547410007	0.196153701952378	0.353299823524756	0.0627929412371035	0.211172149187784	-0.0776392410782376	0.171737783580372	0.219017667185863	0.347398422396991	0.27729815109434	0.0281152632820199	0.351133496604391	0.0198552751383222	0.267149388508931	-0.0156718091328652	0.176102954759284	0.0412364633603372	0.240532704426425	0.325085256016428	0.0722703782348965	0.0939947735476852	-0.096037464796829	0.312329956157381	-0.19823569993188	-0.00967561895986723	0.222406420604184	-0.174033023814508	0.164616324297085	0.138122857244485	0.00278956392622891	0.224870190188525	0.0734424410377347	-0.180953623236864	0.0859566240420568	-0.0315960532342404	-0.0155374362071448	-0.056040749837316	-0.0877467780549688	-0.0028542040773365	0.272763826231196	0.108952289997758	0.0330687285469591	0.108008357123177	-0.000561289162567126	0.216421925828619	0.162889992744937	0.285155812926384	-0.0907595784859965	0.0136302993908829
0.266406938563847	0.523382403559383	-0.0661343285754595	1	0.336671461931873	0.207229524103277	0.588633182663399	0.289113553425857	0.129757496976813	0.385958178649481	0.147485392492544	0.333762875216452	0.220669014071854	0.306055645683153	0.409170493716839	0.250415823558402	0.343218760187002	0.291359407675629	0.165790159781896	0.0238145804987974	0.245188392753131	0.366610862344311	0.180671107775771	-0.0598349617458245	0.035597787192506	0.0252120121506916	0.0589352601340023	0.196992273958921	0.260142912188338	-0.0666138596351573	0.0858866616432677	-0.0092930189955494	0.103891303796785	0.121407507191998	0.459558318079105	0.241952976523526	0.000492850915842757	0.258915457196453	0.249218685942202	-0.110529686784882	0.416119664979808	0.148888124380397	0.298726272017841	0.139702356691719	0.202257070211686	0.297776503680909	0.16822967266979	0.183242205349855	0.331182329641395	0.0639824501786934	0.402962071907567	0.301394093805464	0.559497924268532	0.380220428874488	0.565703614699822	0.6660633029607	0.217889635802625	0.281563867675968	0.230117947487847	0.170566748785224	0.336745899956069	0.328701543172059	0.115081990441554	0.336121457156666	0.115305340325683	0.316673163175841	0.191842937078127	0.290421691702984	0.260270385248441	0.142474906064995	0.253853442845617	0.426908678387492	0.0305663711417669	0.112534753353975	0.43207860180827	0.448371802542886	0.325955116177249	0.503605595409998	0.00288961908110493	0.0879242195223602	0.340272320590428	0.441935251574104	0.215800499121589	0.255772776493249	0.307258203109192	0.468031328341692	0.031886570256644	0.428033832804336	0.315230982884383	0.33394306174438	0.31861026237609	0.250392531131435	0.313789050641648	0.258658009946737	0.34770318836514	0.264361152750526	0.291029324027089	0.228782895828956	0.331493254557669	0.382115775726366
0.588617825684887	0.408149350306582	0.278172215824581	0.336671461931873	1	0.588608798420284	0.424066496937816	0.125937595961359	0.18133982662393	0.247743540821065	0.116401204327427	0.165351467332593	0.0225261489337073	0.499489152333996	0.271123189455162	0.28187939882018	0.0497057690630291	0.066044935529021	0.128079226915814	0.187946549776784	0.126107121947773	0.276891826320076	0.192481875558017	0.0760843712772248	0.136366106689464	0.203649148622306	0.22277167010339	0.303430757503189	0.14203029227829	0.343042282736037	0.130453981060088	0.237193481914545	0.136160660969875	0.244393499593489	0.48501723798516	0.244490050202934	-0.0225727309793081	0.166647220607676	0.226666663535838	0.262872677318691	0.351959863309197	0.0809271829171891	0.279236413626042	0.114767868842411	0.171737707118061	0.283163817980935	0.00889986799640714	0.364011941159652	0.665780810428515	0.094839672292149	0.655067130858792	0.412134699373245	0.483610618551349	0.478818725694463	0.466963764884138	0.491203518880492	-0.14625469180584	0.25783575926968	0.193625979122914	0.302226040231652	0.271311571314055	0.0661219028042584	0.0802768471388482	0.0766472391805529	0.249570781196107	-0.0631779816684788	0.178522277306111	0.0131116683726417	0.171855431015111	0.162026714703069	0.100037266977789	0.187591291035394	-0.0962371435962548	0.0999662949672858	0.0148617006347674	0.152488267170928	0.187768947678653	0.298186761101562	0.168934511385513	-0.160496719275918	0.128473186374992	0.28991093420245	0.0570551328189863	-0.0726941650003084	0.117525805857677	0.229946993075893	-0.126300431681353	0.161649497102086	-0.0468507015911511	0.122367174104702	0.209219090324763	0.239635474342031	0.0921332737793215	0.0689465686582657	0.0361097887077996	0.270175109997603	0.518941825597226	0.268611810627659	0.0282068916046649	0.123261463914774
0.486346151745034	0.376233525029225	0.45795994359499	0.207229524103277	0.588608798420284	1	0.625454259317923	0.209356340395516	0.187352656116127	0.340832688129281	0.365141972368998	0.427121381950985	0.096112593851105	0.321225418786818	0.0239017125386807	0.432952775519842	0.0887026856138011	0.0367065483845322	0.256016882884112	0.428844143197089	0.264806957593059	0.369231595087407	0.542654590431793	0.106106421310635	0.288143247203711	0.593809103659745	0.470785329174621	-0.00378782249829229	-0.188804719098457	0.547894395224559	0.14003281573089	0.628030406704112	0.452385622938555	0.604563215761549	0.65373659027571	0.132905095983746	0.178652894430479	0.119776403864672	0.39641039473643	0.440692356532159	0.014527896517163	-0.191616146622656	0.115116374542764	0.284101308454981	0.225932078491099	0.494425786928898	0.20877306935744	0.716012464450456	0.505288039583562	0.192569796265081	0.44125551364611	0.350100964703584	0.411191378968128	0.801335455448348	0.360731266754502	0.556435112103996	-0.0667921907085935	0.218629274504651	0.294117256093086	0.259520730231839	0.408471794414132	0.0674418941844653	0.210119185187846	-0.069776282203176	0.347488844424761	-0.217744258588547	0.286168368061631	0.0336499666393938	0.149059184173115	0.246626025330558	0.161085851783566	0.372871985976909	-0.257512594094993	0.0656922838055702	-0.153789867477168	0.0932531348550113	0.186573066942794	-0.189903615431007	-0.0673691607080992	0.0735188931864146	0.213976326021885	0.111274492882603	-0.204372716580486	-0.365340257062723	-0.0755368279026905	0.0995726982452865	-0.151291737898564	-0.0163894320252527	-0.162848403185951	-0.159799681285278	0.394521759798194	0.0560714846367936	-0.100955947048337	0.0654212889737855	-0.156951798012998	0.521876558347117	0.250485166985982	0.392225665464836	-0.169181149546827	-0.0258318793924692
0.506892044745604	0.476968260825282	0.499346991361347	0.588633182663399	0.424066496937816	0.625454259317923	1	0.354232983852875	0.30069324092322	0.484103163299326	0.442757254671817	0.571159315331058	0.259029547471796	0.341253215885829	0.332487146531648	0.533922923455472	0.3366850605672	0.189149734846731	0.281929576544641	0.315137463150122	0.468251503958064	0.412262013219484	0.429171139353576	0.0452772692485051	0.324944229504833	0.386975188259795	0.369816614055692	0.11698052181108	0.0136959303332265	0.314639727966174	0.330681709881261	0.359265029889402	0.376530420255984	0.404441933032059	0.799238644397319	0.379169522250707	0.24130984466102	0.320587791328687	0.557236244026232	0.284642361673256	0.271644224490515	0.0806750446404975	0.474683841221967	0.311885057307041	0.349224759037087	0.412794646457012	0.31343627688527	0.571996992637504	0.410715281502745	0.213359594645539	0.394816013574026	0.406968101070077	0.561858829701834	0.612457943912837	0.493575799446774	0.748367739849788	0.0569839022936661	0.270365456962917	0.3353003104886	0.376327163120844	0.593865357254476	0.431426433887276	0.452510788272824	0.222759404785055	0.315378835563441	0.26126628664921	0.429601537910566	0.278167440993094	0.386735230722504	0.247265038137765	0.358515470410239	0.485662981001979	-0.0791254834088877	0.273120525256053	0.19985153766947	0.28284964907472	0.347938963476994	0.16192981190386	0.0386821062269653	0.248722247557286	0.357608010767518	0.413576602205007	0.141690568238865	0.0678638222332257	0.212224253283189	0.341271264629981	0.052601154135275	0.345950263451861	0.198262090366555	0.22908659469511	0.599714621374381	0.181258144873308	0.174513610115616	0.254844153948014	0.241404253187439	0.532763351965544	0.314242968525691	0.435677676473033	0.133723904532502	0.320529812115254
0.212861082861349	0.314535864471508	0.123887813973966	0.289113553425857	0.125937595961359	0.209356340395516	0.354232983852875	1	0.265822461395532	0.382987251312957	0.333424267827992	0.500061703308238	0.601199511210837	0.248361830877599	0.211549811075031	0.221997918421869	0.435141425386271	0.512391195534172	0.437849400049843	0.424756799461993	0.369194529701005	0.257357929228558	0.310506189130513	-0.19476065060126	0.161670452533616	0.189275082081598	0.0176993150673846	0.13522896507473	0.0887373806923468	0.0358101653249337	0.122095432364832	0.275666250271455	0.405101238320629	0.231715710326435	0.313731299546944	0.223174988319375	0.0401382433890372	0.332524287673612	0.333307059822853	0.0504970739924936	0.195020625712355	0.102822386727813	0.2587755681327	0.207005133929696	0.459144590354723	0.257460813524735	0.482371533659611	0.242470813668458	0.282645953600701	0.239806659823329	0.203945275495397	0.203519083182475	0.181733451185202	0.179766707100424	0.155349236401821	0.257070510670996	0.099255239067145	0.408468527303062	0.293383243157936	0.212903988703606	0.357256768198051	0.355189796987716	0.296832497378311	0.446822581012049	0.19481959416991	0.0667854645114629	0.162254982681928	0.405495608520508	0.257872360038228	0.184317407614872	0.304053069466259	0.275046760729775	-0.132402777826643	0.124345274835443	0.20724379488792	0.307923514005655	-0.0255946036907668	0.181991512872723	0.0422360376315699	0.278835932937557	0.362631034735	0.463620925244229	0.150485732451155	0.076330659094172	0.268881396917681	0.225577858630638	-0.0408244826669563	0.236400093748314	0.0903493377438307	0.270413095772149	0.354220474599161	0.189131524548159	0.204120886703253	0.205677846025061	0.300928804863407	0.241676193358851	0.23755699787167	0.345274348206287	0.027572890024067	0.309457445348364
0.288358001140235	0.11743924387813	0.274974543370609	0.129757496976813	0.18133982662393	0.187352656116127	0.30069324092322	0.265822461395532	1	0.383108687367724	0.322569696116858	0.253097678678833	0.103830552537949	0.0456932938909242	0.191089969172162	0.425904889241083	-0.00285297067208024	0.108356398627391	0.661964675954486	0.413646520191881	0.0928862683038406	0.263592033173458	0.127854734806432	0.508153924796544	0.680569458205634	0.116097591818588	0.368860987717629	0.128010469793008	0.042629239368352	0.0599892456595204	0.313256422923243	0.181268006191178	0.118939363322439	0.187406318968641	0.27126093483118	0.327504475421584	0.460621929599966	0.280683059962139	0.348216964358049	0.0944436161898455	0.15162975395077	0.183003908097767	0.271748173580274	0.0512613587704131	0.294746445073186	0.312882159904178	0.205285331971288	0.171375913865108	0.0265297119740449	0.149746931241856	0.109208515024826	0.0604088998603443	0.258662522813812	0.0639176818379101	0.075537801769614	0.280715758620434	-0.02292905477516	0.294099621166141	0.364776631894084	0.786521858556542	0.278103335624557	0.125220664730127	0.212174372035065	0.05998833620236	0.173650098709905	0.0357277713361873	0.287432317174348	-0.0438485898821415	0.530911930084714	0.398484693291096	0.200833157087423	0.0714712701101817	0.487569720778612	0.581910222237105	-0.00485204935021257	0.109276617942741	0.060682544926848	-0.116817545890323	0.0500135862708313	0.427719451135466	0.105803171787503	0.263364258442622	0.10676257284183	0.0992554508103695	0.153248293200576	0.0127488686563738	0.301442885081179	0.241617892005038	-0.00871999718212962	0.347349678179877	0.281861860172464	-0.127156226161803	0.0480604838422783	0.316119352285479	0.279002835790446	0.194689965085782	0.0247330056135212	0.281626008263621	0.0792671343387034	0.106313140879491
0.0678538959684119	0.365868782402436	0.149739384141459	0.385958178649481	0.247743540821065	0.340832688129281	0.484103163299326	0.382987251312957	0.383108687367724	1	0.502155266982387	0.573576379361255	0.248716191780676	0.113043885593482	0.185630863815055	0.340823404550782	0.174873358756493	0.273315403519616	0.313374740459011	0.295882978438047	0.280993851024462	0.632783671180231	0.412711029952962	0.169169395251058	0.2753788479037	0.134162329548015	0.176114789038631	0.158565532347628	0.0924701723313381	-0.043689583856909	0.262069748661157	0.180025947306968	0.258200079341748	0.226006087092162	0.476803655410779	0.274859715672245	0.272814068869023	0.421980292244673	0.432925815096871	0.0220197169586409	0.395189053227726	0.244228148926364	0.300484731780526	0.197084389421768	0.241784771840832	0.470652081479417	0.430685147545264	0.360414210068003	0.270635991579718	0.242135163322176	0.223880535092664	0.200232743976674	0.18919719021498	0.359540042332793	0.371412872870132	0.390699551089278	0.104582094816939	0.398185483551716	0.299075463024314	0.382168373670464	0.476317134288563	0.349387750086449	0.287369259972935	0.19867974796155	0.159372646352968	0.172564380486284	0.186474725247176	0.156875339912467	0.369883737736754	0.108014932998571	0.15299912548057	0.450521251572116	0.138447910888158	0.320351639839587	0.132516182965716	0.184726316029205	0.130063876387375	0.102759740781931	-0.0830159807680227	0.329267414089203	0.207210565445457	0.273758538383685	0.0517535260286944	0.146890675173202	0.146506192688326	0.290434617519668	0.162898800503874	0.334509823282255	0.220573479995689	0.159623582409387	0.383029255583534	0.0964742591147219	0.118417270646807	0.416140296754182	0.337776982525271	0.381328282711094	0.211829301535354	0.274972402634326	0.182869375158696	0.373747796589262
0.0644565478002426	0.083839337918698	0.194551066449766	0.147485392492544	0.116401204327427	0.365141972368998	0.442757254671817	0.333424267827992	0.322569696116858	0.502155266982387	1	0.79250152479806	0.400798039830818	0.0166495780128654	-0.0345075802665061	0.446503741564123	0.211381943396508	0.189359623315593	0.201766740828821	0.336967515568826	0.493327411838798	0.338596272158621	0.610761663811452	0.107615349647306	0.239690610670221	0.404183316402348	0.115237254106674	-0.11289932888573	-0.187369069798777	0.176620991819954	0.306093877813979	0.355847528616479	0.587179507682858	0.402885985859945	0.52133527705625	0.17866728821965	0.433874067119509	0.224105832779535	0.518434131973901	0.241307954507422	0.00669001944113517	-0.136315451934253	0.262929896342811	0.178887520996008	0.115776581755806	0.366149472062802	0.416615504594388	0.452317276077748	0.138782833568625	0.118809803569646	0.0976317369104874	0.0675845563665258	0.1940457024601	0.246627916025436	0.185127717291939	0.33213796404172	0.0452040182450668	0.111766114699288	0.106012404538115	0.303688084455509	0.560698444053363	0.483796400775029	0.515102744747502	-0.0342717588682273	0.161049629209507	0.0578609112547603	0.337458871230298	-0.0344699936175932	0.275101743480568	0.119485795301551	0.243893401575543	0.507673127052041	-0.0467558187152292	0.203476368571802	-0.0938774545885765	-0.0169480978227131	-0.0223086367360502	-0.187515965967294	0.0646868985212784	0.192306532293047	0.209188839596498	0.149711997810584	-0.0969070153540865	-0.155017009163172	-0.0274346403954175	-0.00849563963463189	0.229759554723173	0.227787235624775	-0.0524025099616788	0.0122434001729338	0.596698397191559	-0.0475410554815049	-0.101882976194654	0.162862969816841	0.238528129700573	0.488868377489616	0.0526966230284783	0.398956109770697	-0.235365990664458	0.275972083647863
0.118587748579353	0.221510203951998	0.28345779841476	0.333762875216452	0.165351467332593	0.427121381950985	0.571159315331058	0.500061703308238	0.253097678678833	0.573576379361255	0.79250152479806	1	0.544265582060264	0.0884649629680109	-0.00969797669893493	0.334858891422136	0.412737736603239	0.277898589862229	0.169874826703823	0.402054972357683	0.53571222836596	0.422568340208559	0.701770505726883	-0.126785075258871	0.2020328345773	0.438036089834137	0.138356297567485	-0.057399013658768	-0.0644037813599527	0.16090274416194	0.204564517209248	0.345099983527227	0.62912032922009	0.434855110746306	0.559174030354282	0.0913134107573641	0.241735706592966	0.235767604774625	0.451318503930506	0.169524748793495	0.0946909804015096	-0.12871634582697	0.247557126924967	0.204938321211804	0.211839056445504	0.382641396800621	0.539290563626699	0.487631152810139	0.233201331235758	0.162197262476958	0.192942631769077	0.167729219431119	0.284251523031804	0.356877964501332	0.23311481547545	0.452851334123239	0.0570641204893417	0.234282630907759	0.141230563888639	0.233887464288956	0.580900685647651	0.491276374345331	0.539432120355383	0.073692573858063	0.20409925458133	0.141023081983076	0.200937030386548	0.0408297083859693	0.198877022811449	0.0225060019913105	0.352634370950526	0.59346769302965	-0.202271512894991	0.194891067739654	0.0801123728923668	0.0619747498957138	0.0337559009040653	-0.130986822971323	0.0392350761667107	0.140798001152508	0.259414384538363	0.28678047127287	-0.0920650140002993	-0.161600732288001	0.0155675198434503	0.0796666191431767	0.0772812549805577	0.208792222230506	-0.0277052144272141	-0.00529411208528107	0.572411838679771	0.0102575698755628	-0.0587653659396052	0.107970518090747	0.233100930390995	0.553717691735484	0.128819434744928	0.424942403330024	-0.169936671770512	0.332430587803911
0.10670177501458	0.133696760746186	0.0980913873735114	0.220669014071854	0.0225261489337073	0.096112593851105	0.259029547471796	0.601199511210837	0.103830552537949	0.248716191780676	0.400798039830818	0.544265582060264	1	0.232708005865293	0.156697800293837	0.268005066281424	0.641831254565171	0.484697359551881	0.300140683501094	0.27038960426386	0.587824259644901	0.0134242203487193	0.320582268761576	-0.151412968365346	0.0182112910768801	0.283282170192221	-0.0371634551732439	0.0278614567463491	0.0138668623314374	0.12209158273614	0.204729214150737	0.261397526489587	0.647632252550402	0.198978485098176	0.333019157126009	0.133891303067169	0.0813658507112443	0.0976081640903803	0.276234982024903	0.0401838467448944	0.154182377749727	-0.0324190314749949	0.275092569858754	0.108164269230451	0.27436763978406	0.0755011461753023	0.44879683006293	0.239381549196618	0.169375221784738	0.225598583882994	0.15586607651793	0.0242644383447835	0.165930980857358	0.0967363336912721	0.122778598293331	0.185083461768077	-0.00224477658000678	0.283595368446029	0.236046713241103	0.080269569736553	0.375635690729927	0.441486707195988	0.406554071536609	0.407895515485709	0.283105591799431	0.163717326348047	0.223266584896527	0.387208984874047	0.12270198506136	0.0130664500813159	0.496270611850138	0.364844440208818	-0.199170868205323	0.0046663984027232	0.202633063342185	0.202193439865028	-0.0480895152535415	0.0336274877638113	0.165888051301941	0.23958291845763	0.355851912045616	0.444191832711053	0.0440772773756402	0.0111546350076271	0.125231244123958	0.0334866644291012	0.0156368632238936	0.240130686555339	0.0623911516460062	0.128000103572494	0.304487442301056	0.00801996275604061	0.0550759822983504	0.00860839377208409	0.229639605179655	0.156950531538492	0.233764603034078	0.246126781718637	-0.100228256674881	0.279845667481601
0.611807020702449	0.548664143219435	0.305536777660076	0.306055645683153	0.499489152333996	0.321225418786818	0.341253215885829	0.248361830877599	0.0456932938909242	0.113043885593482	0.0166495780128654	0.0884649629680109	0.232708005865293	1	0.543713227289844	0.199863784572508	0.268787331454391	0.296587970062153	0.23007138250345	0.1943698004263	0.146951785048012	0.0573974476865893	-0.00205033584727136	0.0534851475391221	0.193252701073357	-0.0508354862004887	0.101380598929778	0.383973532393388	0.265392185465903	0.411876248105961	0.080203237241216	0.0935014325328186	0.142708613509366	0.110775942558096	0.316618894562965	0.240828516237728	-0.0337378263808835	0.00542938760490532	0.0572411883788522	0.130083756128626	0.460786579846007	0.228821090573883	0.317974703513598	0.00866257656551321	0.0819419674119886	0.147676175560789	0.0110453568015581	0.282336784850458	0.558199952302956	0.330410607427022	0.518937582830688	0.4871137050729	0.334717721913846	0.303151495547691	0.334459586393685	0.299110653278199	-0.151978173399518	0.252342676021336	0.291713229683429	0.189210124860076	0.270485095815192	0.07811296492581	0.123985611818489	0.291197983472551	0.413033511625907	0.0293575448346808	0.176068075633669	0.29538512346364	0.154357435220426	0.121847276960323	0.289669183926158	0.0658891058567903	-0.0820448103205367	0.0877223916355431	0.221469728602039	0.12926217579629	0.109149733601146	0.376043694349323	0.376488346555055	0.0220906751286425	0.0920743219653567	0.284788858007367	0.2675784237493	0.05373368280757	0.118835058273188	0.0876626215279249	-0.125447493784841	0.114037543849454	0.0295655671570226	0.128391981412421	0.0988989614739659	0.301791710836822	0.128943272007656	0.121064148046173	0.000817732247089258	0.144696717979538	0.487637290816661	0.357990312282596	0.245932987866681	0.117085486132685
0.452750371192511	0.407845004347205	0.143972784549434	0.409170493716839	0.271123189455162	0.0239017125386807	0.332487146531648	0.211549811075031	0.191089969172162	0.185630863815055	-0.0345075802665061	-0.00969797669893493	0.156697800293837	0.543713227289844	1	0.1292312927024	0.106506412699041	0.187135415363265	0.156987381745618	0.103878488421002	0.0361980182840438	0.09099257636316	-0.006907317160481	0.0424717710763466	0.0720794901837167	-0.073010298274198	0.121422063873769	0.24342249959096	0.261452376709648	0.133214190349474	0.0528551459517778	-0.0176990616971908	0.0405316426444659	0.0275862451849955	0.287712839650341	0.173032926662371	0.0374672853107618	0.066542913408619	0.191713126010407	0.130810423794949	0.3858848320597	0.337747688285137	0.336441860209032	0.063989291420545	0.0414229635703098	0.0903619606850547	0.00697174815594607	0.0582582228779195	0.247770551582291	0.493584229621906	0.303915443777413	0.234116958464938	0.378345934003688	0.205524896336781	0.162524066392175	0.344723753456645	-0.0820305183909338	0.185675670151994	0.249758976861438	0.162568054246588	0.0816259485051022	0.0516135485034284	-0.0350033228927964	0.324025908212477	0.203127637693621	0.0527799818786775	0.119669779315621	0.247074281684748	0.236519813172671	0.0680426811816804	0.00895326302383627	0.07132294769896	0.0284822860305544	0.171246186556806	0.0625486922501697	0.188507597525385	0.198402676487709	0.377568425450511	0.211026832213038	-0.0627823276056041	0.0170056283365433	0.160619067046532	0.241880068741681	0.0998369074720502	0.0181843438545979	0.18609535143339	-0.0639722119310433	0.239935827761067	0.0109207590617472	0.245364457271647	0.16735541280515	0.267905802945383	0.204047593971295	0.187150317685281	0.110736107708199	0.114086738410293	0.33694288737949	0.198676658626336	0.348948633828342	0.0375334840298568
0.266214795239442	0.152399782736919	0.310776234932851	0.250415823558402	0.28187939882018	0.432952775519842	0.533922923455472	0.221997918421869	0.425904889241083	0.340823404550782	0.446503741564123	0.334858891422136	0.268005066281424	0.199863784572508	0.1292312927024	1	0.280893200798869	0.307063949531126	0.528553835965395	0.354520184767483	0.390908892449489	0.17454688468651	0.187821491924835	0.49304715923503	0.393493665217756	0.405973361102053	0.320018555419401	0.101603228153341	-0.114970236238528	0.28449771826453	0.799485602142065	0.34940506320071	0.26164478718521	0.283038583997042	0.698363140042622	0.62788633135044	0.549112925225702	0.377391672283652	0.648315339641303	0.166593636598064	0.13732278890572	0.0503296643275682	0.558608893772873	0.184009081318845	0.401046469161021	0.344542143919721	0.104778119198496	0.539590716061582	0.192414614685361	0.0262836549847895	0.244800326087958	0.0894649455747301	0.450335483306286	0.325499428198189	0.404428259439429	0.511883824858213	-0.0191447309964025	0.237178934085754	0.255763324664585	0.470505299950543	0.456172552963211	0.309392571107432	0.343417728166031	0.202624421542169	0.226320430665249	0.223537395856513	0.771981727252726	0.144764268115739	0.556457244420528	0.295214871079914	0.389555876093708	0.298642304022581	0.302232029236406	0.341748593552172	0.060447002188628	0.326884321070505	0.0954739574785722	0.01578437740548	0.1195544658447	0.521683046509593	0.414455653107365	0.394998865441824	0.196965031879273	0.243439053553226	0.229815503477295	0.257634118002142	0.39535111899774	0.597263804268582	0.162521867778023	0.309149876479926	0.60771073485998	0.0799584313904444	0.0945093163354184	0.275789037956084	0.198472607704477	0.392776985592814	0.202152667944364	0.329132504592933	0.0375549706511267	0.239483550143371
-0.0127648047834812	0.205883297645641	0.147516657527851	0.343218760187002	0.0497057690630291	0.0887026856138011	0.3366850605672	0.43514142538627	-0.00285297067208024	0.174873358756493	0.211381943396508	0.412737736603239	0.641831254565171	0.268787331454391	0.106506412699041	0.280893200798869	1	0.499351574894566	0.302612530210747	0.144367860394606	0.567639706633336	0.134368597911611	0.208022724000795	-0.158722802597925	0.120196250495781	0.126047932195524	-0.0702673296742076	0.0779046575710381	0.260609339337605	-0.0202328719471887	0.284847915969573	0.161311054159051	0.395393717637484	0.0179341663191826	0.234879113401006	0.214437485291687	-0.0824295132978424	0.181509924688321	0.140574006227511	-0.071758225362252	0.234090263444006	0.0679522196636651	0.338319712552216	0.0133411832040713	0.394629010320231	0.147691964250011	0.428230013127332	0.139825456387814	0.275986117804058	0.0677457213148004	0.260569271513253	0.205996347248247	0.195362441896331	0.131032318928089	0.24470062881339	0.190680399961637	-0.030242140787457	0.172868610080646	0.186614244437189	0.0165168718565245	0.338075992547248	0.411133202269835	0.362107387907891	0.365807011746453	0.316555086850839	0.434903199607507	0.263404945279975	0.242526501929313	0.212353758972911	-0.0369167352876845	0.517046793694109	0.386978383758403	-0.0874159583797002	0.101232719050116	0.337031772333143	0.281876221492692	0.0445014051989585	0.133760547955332	0.188533497899123	0.232547622300764	0.32321363431906	0.515142666243275	0.2054770577862	0.176135659061979	0.286449730875936	0.183088497400963	-0.016967857053067	0.27683315173226	0.230667571282578	0.179633157684107	0.163418911624372	0.124101633202327	0.113164839569903	0.21975513843085	0.313910220836622	-0.00871167273579799	0.367108982487448	0.315243196293143	0.0578856193964471	0.384460647347354
0.0956644112040925	0.307384630829359	0.061550152562524	0.291359407675629	0.066044935529021	0.0367065483845322	0.189149734846731	0.512391195534172	0.108356398627391	0.273315403519616	0.189359623315593	0.277898589862229	0.484697359551881	0.296587970062153	0.187135415363265	0.307063949531126	0.499351574894566	1	0.389821540198969	0.127409358779031	0.396163500083628	0.167732902433583	0.126439044812712	-0.00319719280100997	-0.0136141543364462	-0.0382799012872419	-0.169210821223308	0.186275218052035	0.115799573314843	0.047153080348193	0.42363240899809	0.0471543359048777	0.239548830669338	0.0857994970361559	0.199803729181898	0.277917715907518	0.0460617883559054	0.29697599479739	0.242896008842586	-0.000433779797051784	0.322966989234135	0.0879676697699316	0.403822230733264	0.15060606246622	0.36268466787232	0.164229284140266	0.411084687835799	0.137561246308537	0.235885674615569	0.00514076725891291	0.205151098328628	0.176388844677072	0.15786367796082	0.0559329665837107	0.263777635355958	0.22566397809771	0.055242775119271	0.282016236360523	0.180727207328625	0.142401196241202	0.294835733166508	0.293833223148855	0.219911848424114	0.410012922051906	0.217786147398736	0.281650403564752	0.187655572431549	0.388069795185847	0.258271647774674	0.088731156739745	0.295141693890461	0.347219520597301	0.0940619417121773	0.0107314812364148	0.232619811061139	0.226411686705675	-0.0074355758803214	0.315996809755362	0.242039929231129	0.378180483119878	0.37330105486119	0.468729433181297	0.328778349439973	0.302707854986587	0.294390203313163	0.247731603217292	0.106563362888089	0.34123890089311	0.274515273205099	0.261873701102936	0.291099140041364	0.195016365065283	0.252741788680653	0.335838026322987	0.36855984198768	0.169788483983707	0.295026210861383	0.296102229477174	0.167547737132633	0.399989008541614
0.236998079413603	0.2475189413402	0.358868995237936	0.165790159781896	0.128079226915814	0.256016882884112	0.281929576544641	0.437849400049843	0.661964675954486	0.313374740459012	0.201766740828821	0.169874826703823	0.300140683501094	0.23007138250345	0.156987381745618	0.528553835965395	0.302612530210748	0.389821540198969	1	0.46361593416252	0.221130877223309	0.154481913464302	0.0533297886285699	0.444110627103281	0.603466076264078	0.156517626185465	0.282355217175881	0.170983626751153	0.0716941158493097	0.149363943328369	0.381803981713269	0.215480596127108	0.195933979390854	0.158210386390434	0.272749285038862	0.49554502077317	0.346343411479994	0.317412101675242	0.336587603327058	0.0913146914171614	0.10613145308327	0.160919093841551	0.311578988304547	0.0561156669058717	0.438124538736134	0.250720393643907	0.25292214156052	0.2140199375765	0.134933339706223	0.135901916242972	0.107914216974642	0.141145339421172	0.220474153178914	0.178275170624622	0.179265216038585	0.196775562975768	-0.00329211898281451	0.31617650813863	0.496729103963543	0.594137561772495	0.27225937417256	0.178658117813882	0.235953466530436	0.226953023828515	0.165932255282908	0.129289303604926	0.385657546298129	0.249988457550631	0.615396223200969	0.475114677769909	0.269098745018695	0.0894872298400552	0.374186625600726	0.468704731244961	0.130058940150246	0.299503528449856	0.132974444310157	-0.0583881312397775	0.0711204129442371	0.561016931757052	0.222195654738959	0.345831056452365	0.270367688890513	0.182878801008212	0.256125658915631	0.1118710379973	0.188719003944701	0.316449683388861	0.117682244917909	0.296515319001161	0.260307552170201	-0.0143122131386645	0.0905366137891168	0.364475729507248	0.300434868203545	0.115460270066131	0.144758106542595	0.257776629343425	0.126278778572328	0.139725240321725
0.243042234040841	0.243850435243267	0.282156644212804	0.0238145804987974	0.187946549776784	0.428844143197088	0.315137463150122	0.424756799461993	0.413646520191881	0.295882978438047	0.336967515568826	0.402054972357683	0.27038960426386	0.1943698004263	0.103878488421002	0.354520184767484	0.144367860394606	0.127409358779031	0.46361593416252	1	0.17409098043864	0.277637804964638	0.30521183907842	0.116344173732382	0.520569616074759	0.378900238057775	0.437706419317712	0.0461785069285217	0.0589811614205211	0.384890648351695	0.129640607451181	0.500490198775934	0.384770158209825	0.43322048450776	0.44129559498943	0.239196381501619	0.308194429789558	0.29049658152654	0.459094353521611	0.287044113235306	0.0763991266165027	0.0517044123622927	0.147709867581948	0.353218039869984	0.454188678020319	0.342811819656404	0.339536494657222	0.456269587384203	0.184340213437869	0.21427838073592	0.150840078805396	0.136056152690307	0.131143551248276	0.262132380435175	-0.00138158555726124	0.238727874001876	0.0418076919703961	0.272488470460169	0.365578336547119	0.454320940654684	0.258584926014314	0.0130143803363082	0.222263760434997	0.0725995858817909	0.327348017589432	-0.118093330001688	0.25266256352157	0.102123343650639	0.400982285294055	0.280869244196941	0.190679766858577	0.142408213064279	-0.033756968240907	0.357262545540731	-0.0651858751366214	0.162337085491639	0.126770749222514	-0.215921194742284	-0.0136590009050044	0.214193374373676	0.231352872282182	0.204162836048142	-0.0129309093287052	-0.155669417249057	0.0866363341944037	0.0239914845125239	0.0180988169462253	0.0243795204407595	-0.179407798797888	0.161430685308824	0.364125620122829	0.105526999487404	0.118862146672316	0.240489028974376	0.136572423508045	0.3840885725482	0.145366139986355	0.311376620375835	-0.0952191356416527	-0.0761543612907627
0.0557557311181481	0.0840441607455625	0.191845242975667	0.245188392753131	0.126107121947773	0.264806957593059	0.468251503958065	0.369194529701005	0.0928862683038406	0.280993851024462	0.493327411838798	0.53571222836596	0.587824259644901	0.146951785048012	0.0361980182840438	0.390908892449489	0.567639706633336	0.396163500083628	0.221130877223309	0.17409098043864	1	0.0936851529327311	0.411023500071374	-0.019732684671623	0.153344594409268	0.34567552563673	-0.0465246011646508	0.00902801275238995	0.0498714986095781	0.188561188347197	0.467731720080019	0.337845354988934	0.653644213820039	0.26420262266929	0.423514868772655	0.181487278830451	0.12847728146491	0.26344761644867	0.356263146726463	0.158281456250769	0.271190793473726	-0.00697394620496813	0.557584626432655	0.177379501053166	0.372926963849255	0.15119991314848	0.4631968934079	0.314135774514031	0.20617960435536	0.0879704395537425	0.16848126308831	0.0910867098448649	0.172778557156819	0.23966200180376	0.302421429341746	0.250643803427522	-0.137632442110992	0.0734063544342578	0.187077777414672	0.0904220038332273	0.490265734061059	0.630621239993804	0.535044847309374	0.21730807471655	0.115383209691172	0.27239746762877	0.228498012317789	0.188977668655687	0.148959834114738	0.0338517015404486	0.376067331908131	0.522569199891217	-0.248895347015884	0.128591523448491	0.0440386145697149	0.20897635041381	0.091972194335313	0.00375061349606333	0.146451814603871	0.16781913315715	0.438250178738896	0.405256229548828	0.0782838292565786	0.120574595197628	0.199471011705174	0.203140255749583	0.0652516874051835	0.179350962549334	0.216438670344001	0.12499121891266	0.34484608459485	0.0881887418050831	0.0718189744821068	-0.0111332178114012	0.296490108000747	0.204205296649176	0.254191477689361	0.323325317017704	-0.100740654829964	0.336596722944276
0.00966056267820803	0.401929288113104	-0.0076379054256634	0.366610862344311	0.276891826320076	0.369231595087407	0.412262013219483	0.257357929228557	0.263592033173458	0.632783671180231	0.338596272158621	0.422568340208559	0.0134242203487193	0.0573974476865893	0.09099257636316	0.17454688468651	0.134368597911611	0.167732902433583	0.154481913464302	0.277637804964638	0.0936851529327311	1	0.372499487664115	-0.0127948803056587	0.196953687265676	0.0446396768053102	0.0938251402484773	0.167045896346114	0.21220904521502	0.00289851897321037	0.0917862979235245	0.220784217961034	0.190598683331573	0.28064632469059	0.334977683331641	-0.0035740000729342	0.0949501330872561	0.242796698546565	0.21649990075127	-0.00176050563859255	0.331770249458012	0.0734438042707899	0.11961105604225	0.141169102594148	0.19155096765863	0.446975471281204	0.361868531083536	0.322701262957807	0.259990660675864	-0.00648158939814062	0.315805640310555	0.211241213673235	0.147404910992118	0.319983392335044	0.345602241072526	0.368888864506299	0.0272758428144534	0.257622037108941	0.226167074005999	0.332717313812476	0.40458245669235	0.212902134598808	0.118350957761944	-0.0322438367282379	0.111125238000317	0.0793346946619048	0.0610001883374822	-0.0363095827567893	0.184926085370973	0.0637866567662567	0.194418780971857	0.378917588295441	0.117282719175821	0.180508206709002	0.125753802329794	-0.0415352169853824	-0.00982122011201909	0.0645947909238713	-0.132092695642858	0.108962602078799	0.0350948891957996	0.129442726118481	-0.0677020295301332	-0.0430813669061337	0.0246331318604215	0.178951413855476	0.123682880483527	0.0826021444133445	0.0697078604458051	0.0295824377379428	0.237459900213949	0.00488895132856958	-0.0287698664478573	0.387012899645644	0.256985434199948	0.360458915304805	0.27362077147616	0.344472087557282	0.169582995058942	0.321999876513293
