1	0.821370339023402	0.796799507309289	0.725666352471428	0.66313649235251	0.596737466266802	0.675080579331443	0.260387222707909	0.570146780624159	0.490962890308522	0.404987604551951	0.569656038751262	0.399617691873185	0.632896602504776	0.533234847460449	0.52566866964088	0.239948288442104	0.255917370640792	0.442894183446917	0.260651537434993	0.464223276554996	0.584886884208406	0.311092783634211	0.443141017012032	0.368876595077822	0.524981140675481	0.448346583470488	0.164408129606317	0.0992626451364999	0.276833239030617	0.35363447645516	0.422589154999561	0.35099896002021	0.362381875783808	0.595997647959512	0.641268905266581	0.419075048130024	0.196860993867482	0.481586148061409	0.313149403250909	0.486764831093075	0.428144704069145	0.208008270544213	0.437391766711686	0.311715297940533	0.309596160125144	0.412449168405185	0.395659967590343	0.438845266201075	0.436488841606801	0.730638783431242	0.843895257209942	0.608163893060044	0.788955738743861	0.589327935592755	0.797628502138754	0.379946461868648	0.561059176849407	0.444404529742801	0.571040957112925	0.544221599218195	0.388471872297134	0.55477610542806	0.443681490330337	0.727306583176757	0.678623130722798	0.554712613924657	0.340502627549791	0.449404139141381	0.341154824335134	0.386486515375442	0.525622725742559	0.401873550263269	0.446840441893947	0.428128931775513	0.572543595351344	0.250509203776281	0.512344620510127	0.305346029127248	0.410237989388107	0.626079900047061	0.483225832953081	0.463425009709204	0.461577513315076	0.445608002133642	0.573030154348356	0.333696671996459	0.753664573829206	0.45710407238494	0.354407026536474	0.552558044832282	0.451462228495249	0.46885080446794	0.26166740955018	0.372381753720616	0.513182261605701	0.299365562972042	0.455885384311529	0.568801926672763	0.576936372579426
0.821370339023402	1	0.853109564433081	0.7410715667283	0.576130281543441	0.642916298450452	0.705839638937513	0.232097094905279	0.482342773839897	0.492055712857976	0.272091766503436	0.562936772817061	0.481631676653956	0.642911265283627	0.479932085774202	0.532106621917419	0.272300678605085	0.151282754300078	0.428539607872655	0.298149863054149	0.457216094080682	0.51973423468092	0.192430102256141	0.288294215978059	0.33826983288559	0.477447784410035	0.381782429908715	0.198524597711132	0.110412133975738	0.255959532013138	0.322956829715271	0.449128024518199	0.401563442554493	0.346268490169636	0.535804522294697	0.619739678002144	0.340137217437646	0.212319912870219	0.360777089778686	0.24691295382583	0.445488755909189	0.391544676971033	0.00691659127001389	0.316204339245201	0.163815734463106	0.199987158151541	0.247067601261422	0.36115437793218	0.334402259612173	0.343243899554595	0.643264837073618	0.902920581822839	0.729039653590251	0.784351997743141	0.568764041653549	0.820347990228362	0.377542581813554	0.56172774229015	0.366247818857951	0.546153135816013	0.508004634326964	0.371822967196595	0.558896416878494	0.478243118153169	0.712037171266699	0.644819023313809	0.61120351660098	0.341572197246967	0.475987907840635	0.291942725773781	0.38411492655728	0.437732545451669	0.369074903691229	0.411356154714154	0.347961659976494	0.483384573214294	0.240504487466212	0.451286534908812	0.311141500348055	0.344012227410286	0.536936783657497	0.515801495866378	0.418420400289114	0.37738402245048	0.410056398970126	0.529974983117074	0.299893754437813	0.71625571355561	0.402229306987137	0.324018709852024	0.427637445979197	0.423547936890585	0.364300000100746	0.179938798352504	0.239623275675886	0.540726908663475	0.252411795262695	0.333212726588866	0.504345109043098	0.568327409958918
0.796799507309289	0.853109564433081	1	0.771153286494976	0.623885893723107	0.734038938834441	0.705817799079539	0.162166647450198	0.418058441401764	0.424810381976783	0.193079329112182	0.392083592680304	0.415191976092821	0.595109053910337	0.419100321058521	0.534155694746578	0.203288448399937	0.139607974958193	0.387860678745794	0.285262271214699	0.317166243870281	0.449659113439299	0.185425146997503	0.286849300185763	0.241566813835907	0.353041571974533	0.350106774324259	0.20082442080857	-0.0128796955956345	0.193918968187267	0.360285470058629	0.399966519052281	0.359388996559614	0.242757773504507	0.501559666961395	0.590481018907148	0.233847726617146	0.212838490333418	0.259508286818735	0.157786371789647	0.355905133180203	0.381822450851009	0.0520009349469345	0.22937862482186	0.201982990127248	0.255592642925117	0.204632274290042	0.285543454753174	0.293690498749589	0.232231892007658	0.642814250222618	0.864477873848274	0.669876125347583	0.884085945834232	0.653782170867095	0.76781477296122	0.399750131081362	0.516243612211058	0.366215080606473	0.46241593935488	0.486406352498594	0.334337655324748	0.43157780711553	0.358006014441904	0.630069371302038	0.574787528603526	0.588187206442817	0.342375175581258	0.389146327732708	0.224059299692079	0.23863486582967	0.461866959047847	0.322176254573135	0.321271646862277	0.338106175277753	0.522285249946734	0.229090178668217	0.449328312879712	0.230652958081655	0.423106214595138	0.587919266461895	0.472889577533499	0.391962440560646	0.352457648324829	0.424491069061526	0.504935427198552	0.247917904662787	0.717749563104157	0.387669989574129	0.421781848242175	0.366858882273399	0.380335332884258	0.424637036330808	0.22347370463948	0.215116431264026	0.539504498748427	0.211137064966198	0.322306238892091	0.477944428398231	0.52119416285862
0.725666352471428	0.7410715667283	0.771153286494976	1	0.713282783506029	0.764988282658211	0.85886081623328	0.114497802154615	0.547138408686899	0.563945519090352	0.404075186273024	0.548779321793074	0.536223807273769	0.642976534326445	0.635917987275937	0.585361584045592	0.279235341740136	0.0976002774798837	0.441525460449835	0.259959137669561	0.468916175262219	0.50379786106688	0.244375270344929	0.305449869777437	0.278488971781431	0.418338557496584	0.461278585105832	0.300590168175591	0.124932469994	0.237281364222802	0.295349113039871	0.369146671816776	0.419218082159795	0.396265442312738	0.653723189200852	0.612793101721915	0.388727631667768	0.238044534264756	0.401903747090849	0.30983904951719	0.515383469921436	0.444845840053025	0.0913922687242919	0.33043342641809	0.28360904387106	0.305125760845539	0.264619163280386	0.476329830782379	0.408225033619568	0.368714653559701	0.709015371725647	0.702448098855653	0.721376779036099	0.846080543216529	0.731258199423207	0.869828019938425	0.561184677708717	0.591365877912275	0.408827973176679	0.594659102895883	0.600647957303099	0.50268965368186	0.525125122140758	0.492561057800274	0.636082658844987	0.623629499151523	0.571775890746074	0.37344459380015	0.554730187057573	0.19333981828979	0.328043807410798	0.516289146395243	0.328600478584448	0.435577420449607	0.43171700860503	0.553720935279962	0.428302493181676	0.488602680676986	0.23444478011923	0.36531081194061	0.602810975999673	0.55322142402829	0.363935689814579	0.378351048367653	0.435298858065556	0.623195547554895	0.390537590407397	0.805433872526692	0.399144312824371	0.408359622491319	0.498136478410802	0.485539380792805	0.588616789418175	0.279879913115929	0.27076011232985	0.635220540542786	0.213936662024595	0.325040259722822	0.575635269985693	0.562386968549996
0.66313649235251	0.576130281543441	0.623885893723107	0.713282783506029	1	0.760868066527993	0.669181240393149	0.223551987033208	0.58416579946103	0.355442518237039	0.26114108939027	0.457489621117563	0.392268018465449	0.478101754599438	0.52857941852614	0.42793803586503	0.192446907542106	0.173303187681055	0.470837882103115	0.318088506178053	0.347113741256863	0.48460506754151	0.201096346494012	0.407133909496354	0.373460037098175	0.276502812061399	0.438082899257476	0.22239968771474	0.137513171996759	0.206617382268755	0.228572614101426	0.230832805509856	0.305776071104523	0.33748322335622	0.626099201492316	0.424979081071243	0.411223631860047	0.15414462050947	0.453452471553077	0.345704754875522	0.461443473309711	0.373228996920286	0.150699228090885	0.295638234354667	0.337188527855993	0.28676513810756	0.23255540335806	0.524661831483313	0.652534656786509	0.352518848581543	0.611156005486801	0.582146714607059	0.515190711236017	0.728430304698868	0.701217601580437	0.622444898774429	0.493674556993803	0.547635515270735	0.395115759401696	0.616907491355041	0.537833884704054	0.493397714993067	0.431442711431445	0.397607068669815	0.529187622387438	0.579006770164724	0.376773450438951	0.287409606377523	0.44009148841769	0.246136793520978	0.378590405371296	0.470360509725674	0.440699524203123	0.531427835073824	0.324183843035311	0.423457098409267	0.223757545625714	0.528902151669417	0.332330781878496	0.256000648185092	0.435447895978658	0.368398272944627	0.363313321136529	0.268603967776662	0.331931315736536	0.429973523635864	0.376190082878949	0.623166520535414	0.366765290732175	0.275146095279116	0.56003624995265	0.391729056834349	0.386772620244905	0.353291495748883	0.237493869365592	0.706840923090883	0.229431275596081	0.480113066405751	0.492173987965598	0.487311828179273
0.596737466266802	0.642916298450452	0.734038938834441	0.764988282658211	0.760868066527993	1	0.719644193308008	0.16811100312839	0.550408107255465	0.502158531375123	0.194112436510422	0.451611741900239	0.446604272871829	0.4804891577945	0.44068180636568	0.424312989873496	0.284419295732863	0.16441848932131	0.444449961391313	0.243304670614509	0.372923114920309	0.44483160349871	0.153182675737218	0.369762035144729	0.334091866134746	0.221719585406638	0.298424645400329	0.341831987959491	0.089420208428739	0.11309557201799	0.242198673668662	0.22674051406123	0.335581687688688	0.385704715707698	0.545367804506622	0.452464066812099	0.354913264927847	0.115423741714927	0.39210921133516	0.310390301463581	0.460336650847053	0.44395374768362	0.0308413215555097	0.168560970778005	0.244979505134438	0.251165124411143	0.130770868003156	0.524577322132183	0.417852616235465	0.219785625585516	0.650088995207311	0.626601798691757	0.595760580004248	0.836346143245737	0.810699567139714	0.705079040811498	0.576679627420128	0.561022538733988	0.390588262328927	0.595164380976132	0.561240567326613	0.467124781638198	0.483677077098081	0.4017152850133	0.535493102017923	0.554342602064318	0.413317734262168	0.310664574862974	0.39071271625145	0.0982611655494538	0.278509218829468	0.431399407100255	0.37707386184014	0.317527644708073	0.375706331905963	0.450998656558758	0.192559194309876	0.475373151043024	0.309449857874951	0.285317374910038	0.49495033956165	0.471525184832085	0.368330669156439	0.324137020839457	0.365727705548069	0.520928203818667	0.469216363637661	0.671530874998381	0.416201792659735	0.336260069513641	0.55412545728135	0.467439550022132	0.444491368262163	0.278331212769211	0.18535047723754	0.709616878800261	0.192609806366788	0.433733507516734	0.506407352925809	0.500498630588357
0.675080579331443	0.705839638937513	0.705817799079539	0.85886081623328	0.669181240393149	0.719644193308008	1	0.0430519191227636	0.486806307799473	0.633960972800907	0.433256373901315	0.589283465611499	0.494525281346384	0.447791018440506	0.521893711475934	0.366636032719221	0.144845781333165	-0.0104903360927314	0.29053113928493	0.113699111625641	0.416217275473006	0.558661285518421	0.279714487268563	0.352650914889065	0.187788414281961	0.321618904061457	0.439326384294812	0.216193814261975	0.168463521261635	0.216764406149859	0.0747060932621982	0.133243822639692	0.269723058547354	0.46398573723164	0.813697213651027	0.406238569141452	0.516247736998726	0.0700560015079257	0.539514888446089	0.515160607505663	0.543678416931267	0.375946391952317	0.125823583242672	0.373180851428633	0.174613954737075	0.325555323166448	0.211526639741147	0.557402710660084	0.388304187081307	0.355756545798674	0.616066212484942	0.637514709600257	0.627376383290756	0.789161854918829	0.738299754993629	0.863684005137546	0.446183049674243	0.458312942266626	0.21567345254505	0.496972383788327	0.710100360964251	0.59288481090679	0.539672023245234	0.39395748369862	0.512410553574179	0.616493346379565	0.451550179331296	0.230852757848453	0.349566707181345	0.0432583217063593	0.385961066973625	0.55258185755913	0.380577795061849	0.381047869208667	0.37819598442472	0.425842131065681	0.423694101444766	0.503268451360387	0.324555531492421	0.1814606956227	0.4949798705908	0.377881928621012	0.40921447615394	0.364025214339959	0.332018448358081	0.510980101319366	0.422646278416076	0.70412514328716	0.454132755346173	0.250202788831826	0.625373161046254	0.60545411139221	0.536562431770942	0.359358754188054	0.295452265164757	0.728568635888648	0.275843318742003	0.425397109813223	0.605912187416958	0.532896149428207
0.260387222707909	0.232097094905279	0.162166647450198	0.114497802154615	0.223551987033208	0.16811100312839	0.0430519191227636	1	0.575714297706852	0.0735700364248099	0.113158198863608	0.201388695458591	0.430676314696114	0.402185797500392	0.324039665469892	0.392882026538668	0.430471344040366	0.672274183103688	0.615147348925936	0.557218646008109	0.332373108586054	0.163232340989338	0.25602348723612	0.261130986619511	0.628654481927238	-0.0159090974126864	0.100349581365378	-0.193278899649212	0.0712491141938959	0.116913909255286	0.504866967917136	0.311315367950438	0.398670286671919	-0.0611317086043505	0.0461557759194144	0.239255979521491	0.147410082453742	0.237078921374911	0.0452441007734236	-0.0897142658658457	0.0506565577793265	0.170049061084521	0.0694828212619577	-0.023994071868282	0.466269776132291	0.0918181561158849	0.153890386338524	-0.0306878399426082	0.0950301652751558	0.111456417141094	0.152811914861769	0.277823106966469	0.253489977088335	0.243538925493521	0.206582775770786	0.222327388102443	0.354525913531788	0.40327970738837	0.535881527853167	0.522354089739042	0.0815956424083132	-0.00213399624494035	0.209908003805919	0.331586541341671	0.287278483072483	0.256025851311662	0.252952381579136	0.3128577410781	0.272116296938342	0.553119134940893	0.135932960982536	0.173936707294001	0.211509620744963	0.393029261501139	0.169397943704667	0.30715174207388	-0.00316802757254663	0.0632195132347039	0.266240564484817	0.277983178804581	0.276726279999957	0.410599874714677	0.120460048324302	0.162944740613847	0.470884276655388	0.0101832932877658	0.0705310344997199	0.355722240709873	0.0439859897457871	0.258491325147902	0.128657899943628	-0.117912272381448	0.0210752264552657	-0.0199176513176577	0.0861898853226685	0.148343095950329	0.0820359056741967	0.163240922030431	0.0583177661695165	0.20183363555695
0.570146780624159	0.482342773839897	0.418058441401764	0.5471384086869	0.58416579946103	0.550408107255466	0.486806307799473	0.575714297706852	1	0.421299472482004	0.361263074364306	0.549062587451413	0.532584977512291	0.535200801201311	0.531618125576509	0.457390736591418	0.406750400711421	0.446381202332408	0.688608747434928	0.629856236717393	0.496167869801699	0.514336897648502	0.407762551280472	0.600192736978042	0.708262339792985	0.23719126414205	0.430922886063669	0.0962579058021411	0.188481558109684	0.28966779810367	0.374362210089415	0.275437547016131	0.401764728966651	0.232282429373286	0.462292798500499	0.474638144585945	0.534589639605313	0.269559657131307	0.468979613569113	0.307464594895038	0.49178498429745	0.426339693906583	0.133885435491889	0.273236146569925	0.540437142797533	0.331067575899334	0.32344459650177	0.36893643680163	0.445090902018023	0.360297020066823	0.53156680929849	0.468130952148351	0.443995220548084	0.570333868157125	0.548500737899358	0.584553994556525	0.478713441364733	0.541053086317208	0.666470930086134	0.880555910478986	0.493384806229251	0.339142494398856	0.475995957307806	0.526090672320759	0.484444338021046	0.536697037877687	0.318840043050273	0.342216081180695	0.534881149556718	0.512133958906122	0.326561577803961	0.486389495823411	0.533320827961987	0.622382747785316	0.306823170003508	0.367056315894582	0.26285029274186	0.357746937265608	0.358311400607022	0.265695150846573	0.369810133843503	0.461910890893769	0.294590052825861	0.253559899061541	0.504307889608045	0.318739622067922	0.475813226297203	0.61626073373369	0.249508280418747	0.35678385111938	0.529965982125705	0.338006608754889	0.356563172443923	0.249919933454216	0.267969327715343	0.487072326337904	0.216346012666567	0.44195955841868	0.420703859909479	0.508734200263686
0.490962890308522	0.492055712857976	0.424810381976783	0.563945519090352	0.355442518237039	0.502158531375123	0.633960972800907	0.0735700364248099	0.421299472482004	1	0.582340545539945	0.74154215649009	0.404947405735549	0.348181413517265	0.395517507181385	0.321486079242891	0.139648204089329	-0.0248698631049633	0.173524513768008	0.136218618722722	0.501689035233272	0.532540244382233	0.429699057352933	0.208499363644164	0.299900765976597	0.497265252532967	0.397698740778241	0.239956009285067	0.226646645657943	0.192256446294244	0.0215790031408496	0.248808966406305	0.335049750709267	0.4652795902657	0.47246233516211	0.319111318723443	0.400701610635025	0.182378589817133	0.437847812872882	0.447675241940314	0.468287418940178	0.538782531343715	0.0834120575890202	0.47240511665531	0.223839837201365	0.247735159943642	0.281111135016332	0.391328333656192	0.229750866507982	0.486096097112357	0.425043589857892	0.407063847627176	0.419469425916568	0.481985891091424	0.460830394678688	0.698047900544632	0.308670579585043	0.429824853489725	0.315142950596393	0.472975041405678	0.662405886645837	0.615643438698571	0.645393481539043	0.414045718233519	0.37107064669524	0.456079154681703	0.356024208713101	0.254798200390998	0.368303696670806	0.131763293775262	0.355415322331014	0.487053552614239	0.360628981034459	0.393001001015996	0.292433814510971	0.348239964976835	0.40999217835806	0.337638374106561	0.227110404146713	0.171950379892827	0.35897904602152	0.376833182043793	0.341922766364918	0.292633608592379	0.241744558529435	0.44234455599847	0.371848124799229	0.500677571097943	0.29049843333563	0.251046150671924	0.413250441372986	0.561658587630315	0.483684706850714	0.110735061154888	0.268447660189371	0.3415938394977	0.171731285754811	0.302614021241397	0.439398267955429	0.371112789572034
0.404987604551951	0.272091766503436	0.193079329112182	0.404075186273024	0.26114108939027	0.194112436510422	0.433256373901315	0.113158198863608	0.361263074364306	0.582340545539945	1	0.678445156125204	0.332284601816994	0.23261068319417	0.488895231161082	0.205534545173617	0.169279285152224	0.097212758621599	0.0603433982470964	0.11008700612143	0.475627134684673	0.514275011407685	0.572163330324962	0.318990063530121	0.364427735973424	0.326547034403	0.480751222013617	0.15046780969759	0.331274575328769	0.238934367049929	0.0468818643419205	0.0883262321202532	0.232100313542777	0.333543520536848	0.526174001466329	0.195346858083483	0.4554861977893	0.132441912843936	0.526639738697754	0.526908066499893	0.485368666705289	0.402902192540875	0.321078702869433	0.565513803531285	0.166455581461507	0.294338908100105	0.458011120964633	0.477267871145901	0.2716361661904	0.576088045812038	0.28272268128863	0.226859913283117	0.202216667878348	0.295076216225868	0.346450946192865	0.506912028550944	0.201208621535441	0.260979585400181	0.132300277162516	0.345891070463368	0.518613969949242	0.490931910254802	0.449143424763848	0.449657919241774	0.30953533056509	0.511106985046245	0.187911258493517	0.197513493028427	0.22436206775516	0.178961588746236	0.452626469430474	0.535081591016937	0.156677537844696	0.511918520948535	0.33901697782565	0.148834765951498	0.475047187429948	0.298175987274953	0.32634551835726	0.0690773710470085	0.329945556293109	0.336020983940086	0.281987130781403	0.257243347398582	0.115915878183303	0.28711302059509	0.305560276647905	0.383987882481214	0.29092515535644	-0.000420574413196538	0.503413761271898	0.472397843923787	0.420492032171886	0.331072033349196	0.426306141594745	0.340438743377924	0.197408180686991	0.416904866021376	0.437723362215463	0.424758843364241
0.569656038751262	0.562936772817061	0.392083592680304	0.548779321793074	0.457489621117563	0.451611741900239	0.589283465611499	0.201388695458591	0.549062587451413	0.74154215649009	0.678445156125204	1	0.519509960021979	0.382438963884426	0.542462679656308	0.323748493676108	0.302707726120143	0.101787589344664	0.239711710199144	0.165634077809241	0.643378373563983	0.714925492961619	0.585732519496398	0.327764775183939	0.46642058515365	0.500509828788807	0.523447107607769	0.21451526917329	0.349822404139839	0.302919709631075	0.0611306868673359	0.223151044736523	0.306849924587981	0.497505976006542	0.570896961266712	0.368732173057244	0.582310872037722	0.229742928876163	0.595017578489987	0.633436377985471	0.571625035598964	0.534139831128677	0.189137496051961	0.572352783118822	0.179460919196442	0.311657822716316	0.444751895160785	0.533764305283982	0.386400926931271	0.561323569204973	0.444908078472156	0.522814520991453	0.468610187863883	0.513852588383388	0.493978539844049	0.702852833786368	0.352315737818416	0.522233632888383	0.306962830916854	0.557837112515778	0.72481350174429	0.643008496618879	0.709494976020258	0.567410553392093	0.544689753259275	0.667761695335382	0.360167569074511	0.319441591001234	0.406189128399562	0.218061757906461	0.531125468693136	0.71287954085967	0.3965574213684	0.518129572142063	0.359971079240468	0.322676478397359	0.435938854421684	0.520673644798093	0.427924222161294	0.156826393785819	0.474124855322778	0.462371136227643	0.444249004958232	0.361065056785976	0.289390859780642	0.475628847850226	0.489401203607971	0.532022629923416	0.400920649906632	0.126914702517901	0.607590174139588	0.645254375451826	0.44399023871539	0.360838308734369	0.451853017541918	0.475435635739603	0.362317136287392	0.54460707141745	0.574437543923101	0.571154414709916
0.399617691873185	0.481631676653956	0.415191976092821	0.536223807273769	0.392268018465449	0.446604272871829	0.494525281346384	0.430676314696114	0.532584977512291	0.404947405735549	0.332284601816994	0.519509960021979	1	0.561611023779259	0.477717122417278	0.541939873268995	0.611238839748408	0.420679319268642	0.400009126286002	0.402277286392171	0.543525011241735	0.391536309655093	0.316429082390192	0.281946897856176	0.449287736176188	0.203841109498709	0.268819890619915	0.0625058245320772	0.22902956217426	0.221409368296081	0.406105867890264	0.372215290512362	0.693937922140574	0.301987438320983	0.370892941021681	0.447787294278243	0.399897204855181	0.232687596229712	0.226487855632247	0.155220764215889	0.318498277077396	0.455225118083282	0.0779461816620121	0.140696598782787	0.438961527745935	0.120460654914136	0.157469078454546	0.104144208579114	0.11653566281404	0.260978930701575	0.348804163763217	0.466043971495693	0.538555879647865	0.545140372465047	0.424643404581353	0.554947660845165	0.581641742522301	0.649844989044061	0.531524881787712	0.570084753346647	0.523816822386562	0.230993673660988	0.523018086714444	0.610160017217977	0.508035002759203	0.517295950685893	0.480156834668068	0.54662973322868	0.510804676815256	0.460945548846838	0.302364179532269	0.381915827392873	0.309801718803327	0.454080254054608	0.459917992067247	0.470792768928412	0.309519655539994	0.213202945509215	0.291292063766327	0.382297258289041	0.37089408773392	0.6694444825793	0.347889062346442	0.279499266782545	0.586239358625166	0.345928906029436	0.370156686667411	0.609317247867394	0.406014157154112	0.426424240925176	0.290616839580537	0.192976202081528	0.276098857080333	0.231413371160679	0.177893554482854	0.372468746119935	0.260395068383365	0.258587898368188	0.466769750288447	0.628760281330596
0.632896602504776	0.642911265283627	0.595109053910337	0.642976534326445	0.478101754599438	0.4804891577945	0.447791018440506	0.402185797500392	0.535200801201311	0.348181413517265	0.23261068319417	0.382438963884426	0.561611023779259	1	0.544398243734883	0.81133150843701	0.460742290157634	0.289140588973782	0.599933975932072	0.532247657795779	0.430623790837972	0.292297126664615	0.18725410406015	0.115713970845455	0.566042395159409	0.521173360511124	0.376414193422646	0.183986746053912	-0.0628955761888861	0.435795009776102	0.659454294175593	0.625930799631384	0.597089836907329	0.146133539015397	0.28619125739865	0.712228374643136	0.181018335075887	0.569125103623602	0.112087859261198	-0.0793335788286783	0.283202475476584	0.384352748653087	0.188150963299991	0.221700236210492	0.44399921427312	0.288028646157179	0.302295353254343	0.0589716410086481	0.263361096411826	0.2835508713295	0.573720420569785	0.657119782836941	0.621701881157043	0.611548384134656	0.395476255017744	0.582900317869904	0.640118984778691	0.722133976730741	0.570584889634573	0.554005420357876	0.337588062965377	0.160207704586634	0.379697118925818	0.525777293799733	0.618572014227211	0.516844340254771	0.71494573079977	0.577009684028531	0.644025543010242	0.624498068050121	0.250234903101971	0.292703085537364	0.25177807788307	0.466771961916233	0.47760229255179	0.706446356887218	0.271075343978514	0.275956311416541	0.0552372162385749	0.635602967193409	0.523130363168373	0.691706068956431	0.359609883603922	0.432006309598491	0.648502768310939	0.556398578706613	0.242775057032374	0.704100838745497	0.332251946562297	0.571471963699088	0.229025110966686	0.098752253690181	0.357411765994934	0.0207170084563714	0.138258746718384	0.24214686858481	0.222076264751256	0.0483459029574132	0.384487516130555	0.517477759203798
0.533234847460449	0.479932085774202	0.419100321058521	0.635917987275937	0.52857941852614	0.44068180636568	0.521893711475934	0.324039665469892	0.531618125576509	0.395517507181385	0.488895231161082	0.542462679656308	0.477717122417278	0.544398243734883	1	0.490700649756738	0.369853604869321	0.216848082699827	0.41710582172946	0.368499426076593	0.602960494711948	0.482949448917059	0.357831094848092	0.37682382131398	0.40159869492987	0.395647191709403	0.51458231441146	0.0878018611407532	0.176568076359967	0.303644715265559	0.300948769921945	0.299286859771838	0.41260409091763	0.226920081418046	0.490299297461445	0.499070750279925	0.373070489093677	0.263934265681075	0.347778544895026	0.354231753620255	0.501935037094594	0.404245457203004	0.3176828976696	0.478489569579202	0.358726699250958	0.44396045030916	0.435670426396951	0.441115686243877	0.435351764674408	0.61269041024041	0.490031446769786	0.451221797265035	0.483001032677374	0.508320359364768	0.510318473562338	0.595264433034484	0.359379878863746	0.530778201115912	0.440011680845306	0.510414803850151	0.468235123801243	0.370803492959943	0.398695365513576	0.598714285408337	0.532854513100755	0.658617378310845	0.493108263555789	0.514890081971418	0.4874128575778	0.271850094638188	0.512393878425953	0.562925571794408	0.341554058729538	0.548408249857987	0.510348745872852	0.506443783980947	0.500879611548819	0.416065755966842	0.414199059822836	0.434590161490383	0.586260725324987	0.492254143266618	0.332024159160654	0.431649727401674	0.477837380433117	0.432344418230158	0.369223099495162	0.62503011463352	0.383617810964972	0.33492798487089	0.460613475539029	0.362484633522296	0.579252770084764	0.368363658250068	0.492863888677265	0.485775667093612	0.191147159785491	0.342296660486442	0.527588335249792	0.578940336955242
0.52566866964088	0.532106621917419	0.534155694746578	0.585361584045591	0.42793803586503	0.424312989873496	0.366636032719221	0.392882026538668	0.457390736591418	0.321486079242891	0.205534545173617	0.323748493676109	0.541939873268995	0.81133150843701	0.490700649756738	1	0.531354873541979	0.374228240947677	0.705934202380441	0.519558270213187	0.393304941407681	0.227403513165002	0.278225063593694	0.000521813847175353	0.450704992532649	0.481895769934157	0.311035546246508	0.188084729248738	-0.132926895205879	0.327306834451148	0.810051025032446	0.732292572743271	0.594934026213455	0.16440747083614	0.220098479872551	0.792880584026103	0.0744849226808272	0.68883109088416	0.0123791100489913	-0.161888878024503	0.113649108189104	0.354082251609061	0.26952603945416	0.161695730576605	0.582595712303614	0.28994217752497	0.308366949419222	-0.00182456050913956	0.127235152452635	0.196112751867435	0.384549499893761	0.595013394982091	0.67441999213024	0.53828881656324	0.308528527702697	0.498478688816637	0.661270147013503	0.783925418781846	0.652386922514446	0.535858130351598	0.284317265288518	0.217360696374759	0.370719385201527	0.567518557781134	0.562672811340737	0.448828250261304	0.825661417429003	0.701544225869837	0.782689795868707	0.605740763177963	0.246721004075831	0.283383800521162	0.152662842283325	0.404989416039648	0.566604224696198	0.712748175786438	0.35897170716584	0.211938870938825	0.00245574247012117	0.7903592011874	0.615326979416386	0.785114900018524	0.336017338686621	0.477397258425608	0.722801555876116	0.591189634560791	0.166354643347253	0.721529818239834	0.360320296481256	0.733876138320794	0.175447837828809	0.00253104050223171	0.423406251788288	0.0169603169619052	0.138436967950465	0.186288700976956	0.125576588667151	-0.047894463691702	0.254491638343329	0.438968820400397
0.239948288442104	0.272300678605085	0.203288448399937	0.279235341740136	0.192446907542106	0.284419295732863	0.144845781333165	0.430471344040366	0.406750400711421	0.139648204089329	0.169279285152224	0.302707726120143	0.611238839748408	0.460742290157635	0.369853604869321	0.531354873541979	1	0.640042606423557	0.473763404035366	0.365914235242944	0.475397788839174	0.262426930730304	0.278028931093056	0.166078187975494	0.508404382300029	0.155254140367643	0.140545845546692	0.0560892639824019	0.0708368675476754	0.128957850298596	0.592114142571655	0.479380101358592	0.558346715868942	0.0915941671206154	0.0354041511491876	0.425113566983608	0.129026982921922	0.293271752836477	0.00469019217317599	-0.0592224149999031	0.106854189477661	0.293333688553643	0.120113328867679	-0.0545536039389139	0.501384521181631	0.120566836720475	0.139616449515046	-0.0493997390275598	0.150079940166034	0.209866113159113	0.234015076240079	0.345512591356969	0.422276208149177	0.313248505538261	0.27449855264653	0.264849635794328	0.529106198298353	0.639981182140494	0.539745428569855	0.404846993632446	0.212967254342326	0.00485139383685493	0.320407723462489	0.515829851285111	0.403029884964775	0.352202022420595	0.419628842993252	0.650719569375494	0.472313414035879	0.460547120474495	0.291475114931502	0.24971347643817	0.167677702969283	0.313837083625854	0.420812562158407	0.46728520610225	0.138037374402257	0.0922825005515466	0.0895884398507397	0.488140845271173	0.436625181459898	0.654931979926579	0.176593024833899	0.316202383754208	0.582756920548043	0.286593222449471	0.216052421597461	0.427814530142905	0.335121069284425	0.43535217897517	0.107103148967724	-0.0139827314877545	0.154667699103115	0.0676381551239623	0.240380690815913	0.196803975200397	0.130070581802106	0.136050429116649	0.276844197820787	0.458419256254509
0.255917370640792	0.151282754300078	0.139607974958193	0.0976002774798837	0.173303187681055	0.16441848932131	-0.0104903360927314	0.672274183103688	0.446381202332408	-0.0248698631049633	0.097212758621599	0.101787589344664	0.420679319268642	0.289140588973782	0.216848082699827	0.374228240947677	0.640042606423557	1	0.591330458218053	0.476577722614264	0.223681416598045	0.213757748494542	0.163560263388235	0.359232525492162	0.489845220247446	-0.105817081831373	-0.00265340344587223	-0.0604752798833804	0.12625282975601	0.0819272845539108	0.532169844226537	0.235410805882793	0.321498918850428	-0.0358254146007888	-0.0192750114727658	0.316228116987959	0.12166920300634	0.0508111033977538	-0.00447385496028147	-0.212169280195372	0.0586644079372956	0.233963847617196	0.0547811722682589	-0.160992296190933	0.453857458794628	4.87110704739115e-05	0.0518332558671035	-0.144197524011387	0.0705121281151404	0.0685143156343764	0.128687693161859	0.231755517806853	0.220998768725168	0.22792510033797	0.216675950662708	0.127324341481129	0.384241101377392	0.531224607583352	0.585550406377746	0.426112246413522	0.0316376245020541	-0.0849505821535179	0.143079190319225	0.323521458652137	0.267763947144171	0.250800333184368	0.208196906222001	0.462973584477702	0.3118638539168	0.415416760440762	0.134948026335907	0.0921999103893816	0.190936876650408	0.371932502345855	0.335567783187048	0.270186012343955	-0.0422215363499019	0.0380006428894917	0.136650574352614	0.392011258781625	0.261160940281193	0.451131622648421	0.0171174927278665	0.118999373655184	0.462005742174287	0.0920617088286896	0.0938803525817584	0.300934910506739	0.13134748330727	0.276077656700924	0.00404792722165468	-0.167525728609776	-0.0296350318762196	0.0106865588801421	0.137007210300281	0.00343207331911245	-0.0113542861879294	0.108839111097611	0.0898037783112597	0.340066691073447
0.442894183446917	0.428539607872655	0.387860678745794	0.441525460449835	0.470837882103115	0.444449961391313	0.29053113928493	0.615147348925936	0.688608747434928	0.173524513768008	0.0603433982470964	0.239711710199144	0.400009126286002	0.599933975932072	0.41710582172946	0.705934202380441	0.473763404035366	0.591330458218053	1	0.60216007543477	0.363048621823001	0.221089019481884	0.175548955204117	0.250472209766503	0.567751439053521	0.210063592975467	0.299614139123079	0.0699350834659898	-0.0279166475653331	0.246853438443229	0.650163250253366	0.432980556662228	0.382994157081081	0.0520518280853906	0.202592587623463	0.591208219650114	0.210642948333732	0.441004481941292	0.14570918411434	-0.0972124946847034	0.161099475642002	0.306783396456135	0.121174640455965	0.106304501823787	0.571128940588433	0.228295733780763	0.228421638350021	0.132516658107592	0.263582417128557	0.154373459147563	0.335601215047797	0.423816258555146	0.446271007506324	0.43881602951449	0.350463230823657	0.369057235527167	0.595373227978268	0.624770874765417	0.674160915881264	0.663298060210153	0.226814062661446	0.147391170538311	0.333143813437098	0.447094696199431	0.436082234233138	0.332386586455932	0.483070554785334	0.482682721009884	0.657916065717645	0.519812984228496	0.231685435499228	0.184471920055376	0.313935319227937	0.479755559111185	0.401118367360822	0.467434105880523	0.206656313908907	0.18753939930616	0.101399042450487	0.5205298328377	0.374076429144517	0.549880535381993	0.181132224559164	0.290165325196694	0.57904871465635	0.311110623959999	0.206502778079595	0.559188138277284	0.215649301734646	0.482786898649006	0.240226641087334	0.0415939293619832	0.258588114150573	0.0151722592450481	0.126762790190834	0.218933800394724	0.10981688426563	0.0738379997904748	0.189932322892743	0.348926723802018
0.260651537434993	0.298149863054149	0.285262271214699	0.259959137669561	0.318088506178053	0.243304670614509	0.113699111625641	0.557218646008109	0.629856236717393	0.136218618722722	0.11008700612143	0.165634077809241	0.402277286392171	0.532247657795779	0.368499426076593	0.519558270213187	0.365914235242944	0.476577722614264	0.60216007543477	1	0.266660807003102	0.160527321877258	0.189155570754649	0.237198751407657	0.687848699393316	0.159070145842167	0.266168510611927	-0.149260572776174	0.0388770391148546	0.20281463005026	0.438132227684435	0.295448046861007	0.444690703976065	-0.0041444513516253	0.0833008890274031	0.426679243954201	0.115968995368516	0.390677783351714	-0.0146752339527703	-0.156687904331686	0.0731407190919907	0.222488028558158	0.0119206495687213	0.0118376060452352	0.482667617724942	0.168006983818827	0.0482822109270976	-0.0671162420208845	0.172882562499282	0.134306550359248	0.282126052247593	0.289644848558829	0.279861804664695	0.290095268437354	0.23314103745513	0.242656636304328	0.384993961273897	0.461670026288348	0.598529394936333	0.578835087497657	0.0958986196908108	0.0321075356168304	0.119852074951112	0.408435549747058	0.223735810241087	0.23576933959924	0.306956541389285	0.487281891714797	0.464943698198831	0.695352830428483	0.150367438018704	0.194873076705745	0.353735881883818	0.614342024525656	0.20208814496351	0.322818278320061	0.107175901796728	-0.00764553907885248	0.0802254453519809	0.379863685120735	0.221990845979985	0.45695012263427	0.036107039800827	0.0406419110508485	0.535784312718171	0.0910392017838264	0.201416980628922	0.384425094955107	0.0598551599766535	0.43663663377074	0.0515034664460057	-0.0999915968745908	0.0533033258343903	-0.0432337997498807	0.0214364414900344	0.139463879763617	0.0545695542076138	0.0135513519828083	0.129661327907104	0.340146924889086
0.464223276554996	0.457216094080682	0.317166243870281	0.468916175262219	0.347113741256863	0.372923114920309	0.416217275473006	0.332373108586053	0.496167869801699	0.501689035233272	0.475627134684673	0.643378373563983	0.543525011241735	0.430623790837972	0.602960494711947	0.393304941407681	0.475397788839174	0.223681416598045	0.363048621823001	0.266660807003102	1	0.492676395466312	0.422530996667845	0.398564775267418	0.466906475036808	0.405616147237884	0.442359001394439	0.00328707015309639	0.258887323972343	0.205225630606775	0.281484437573023	0.257001445640714	0.441783483105622	0.124449686770502	0.431930175328103	0.385085573546748	0.555074716854646	0.27209316519062	0.404528587190135	0.37215293668985	0.414858964369869	0.473820616903596	0.27915131632281	0.448861918078963	0.339640770332248	0.343428580994704	0.39337960153115	0.454473334632945	0.311701380486845	0.602487911201289	0.450846464284111	0.480449234751218	0.383312226812087	0.416412203643882	0.377631207015936	0.531428082546968	0.380417737855977	0.502407415828376	0.393551490749622	0.504216999404572	0.459760605666531	0.293192186127267	0.539338139737734	0.574490219945648	0.522979808858808	0.619873526124532	0.378750049625728	0.480263513543707	0.412565066991046	0.276992637081666	0.515913876541918	0.549400055716358	0.38892233174749	0.434974959422889	0.541248151300087	0.412423729685233	0.375343606109047	0.357960757426374	0.451053662809664	0.424144225890242	0.467889289296987	0.532293311320247	0.338008967728262	0.473030191950088	0.476679049664151	0.379720090458965	0.524568443120104	0.53692440393025	0.497972044342373	0.293311114688737	0.422813340955332	0.362978658833072	0.403272239524355	0.300898492215016	0.475024379158167	0.396468680350303	0.275305143540676	0.427201548688685	0.562410155619428	0.652557962099222
0.584886884208406	0.51973423468092	0.449659113439299	0.50379786106688	0.48460506754151	0.44483160349871	0.558661285518421	0.163232340989338	0.514336897648502	0.532540244382233	0.514275011407685	0.71492549296162	0.391536309655093	0.292297126664616	0.482949448917059	0.227403513165002	0.262426930730304	0.213757748494542	0.221089019481884	0.160527321877258	0.492676395466312	1	0.491463260313024	0.450251496141881	0.36943771626355	0.412459257674746	0.538289419503791	0.221715622095722	0.384062791628212	0.210777139497876	0.0442568605046362	0.123083971063127	0.238242833676791	0.305103053210812	0.609851215795227	0.333911459714059	0.532812143819968	-0.0500127537799406	0.506117799349851	0.526321684270947	0.594923008418135	0.441516039273043	0.153961897838595	0.483677824794246	0.169626513239606	0.431430616705362	0.434159222256221	0.46236376896281	0.470955661424065	0.48933947344415	0.508801483621096	0.539590378160821	0.386843664409586	0.522783833168541	0.55456926488697	0.589187077241267	0.226359419029192	0.413907716733359	0.303285436864831	0.486138192444252	0.663433916664801	0.545450163552554	0.621380197167486	0.438708513761451	0.584657980237512	0.697662233639904	0.250034717853297	0.262387911377609	0.318768956398822	0.084235266145048	0.397809498526754	0.662446448027824	0.438929096773063	0.508902356068535	0.298936371807649	0.255094066943343	0.461703147261323	0.537865930808367	0.551621156825143	0.165477287033209	0.457159345674423	0.285044190506279	0.486005502648733	0.328952585418835	0.235213165548743	0.412662317602367	0.402821385627531	0.507282213881245	0.395512746631645	0.117376524814613	0.553331275979821	0.580545578355938	0.401269190038593	0.47497543181449	0.508958382281263	0.470930819313527	0.439079123510237	0.618654093805022	0.642988015179446	0.602562762648095
