1	0.666923884211633	0.796289181760813	0.636428012739151	0.563479805596378	0.48688075386931	0.467743850196723	0.21467257649523	0.47952402342969	0.0469733666400563	0.249869950093359	0.290969576052383	0.189204713082492	0.691660837108265	0.418662400894929	0.498159059716061	0.188977519058095	0.0433004457569146	0.158332813963506	-0.0281756909286791	0.1540673919094	0.153614433742311	0.121113408753362	0.361761161406167	0.255809064413413	0.242749714198471	0.234860955345604	0.419777075935796	-0.0269824671739575	0.460006728978672	0.174597880776617	0.0253284328837262	0.0182956223153896	0.254717717868399	0.561028076051929	0.316426921823295	0.303043503880332	-0.12391152841246	0.15286265116963	0.51722075038381	0.105895790930468	-0.134918142287871	0.27346799886941	0.18379415692331	0.0273929876380546	0.137622452290659	0.276358308733172	0.389081504485778	0.580630017785214	0.0177646390017952	0.455116019258868	0.490313112165311	0.238086730280509	0.359052644181275	0.272829716729252	0.56652637049839	0.375306812618537	0.458423130906285	0.332188969347018	0.478331821825192	0.33947365182516	0.114434174363863	0.219707073878957	0.416096194095558	0.511862592596115	0.213855883206512	0.301212150649182	0.287125978758355	0.266487937078586	0.0769212990384445	0.309701629051841	0.207024007170854	0.421016383889936	0.2851110566467	0.328538526372747	0.239784764361133	0.252417968096437	0.497787084724909	0.0839068464064175	0.291224264657114	0.390597723668616	0.318565226180537	0.421367352718188	0.182724326153696	0.169716836766679	0.324796005189975	0.375148971981888	0.392952779947361	0.228107281568155	0.148114079700819	0.215396705947779	0.553912842747661	0.352423997915475	0.225101406540778	0.304699796614823	0.156555180787365	0.454649303630504	0.3757557898725	0.331771040341567	0.453120159877005
0.666923884211633	1	0.582877185216883	0.687794104890371	0.578897399208423	0.543693017059304	0.508768343885595	0.0649667833519528	0.245268753843338	-0.0117129305613382	0.150646885724231	0.15217377476629	0.406957640033493	0.321344062649969	0.4903791509549	0.225368014836515	0.218203264738772	-0.233937499132073	0.0671238364945593	-0.0623338203071699	-0.0166451664992677	-0.0236552968552253	-0.0867745686780145	0.238983348675629	0.117086965392179	0.017531153311834	0.0232092675091577	0.378048045192677	-0.133676126707415	0.204138164984069	-0.137884392890283	-0.0588970392266721	0.107632610083102	0.0889182758220755	0.420551023401398	0.0964629589928709	0.166956813863084	-0.112055370375027	0.112128269931152	0.449729148248161	-0.111654604448205	-0.160995443706982	0.0297732823362566	-0.00785904426846218	-0.162730021609347	-0.210291406864811	-0.082136461891405	0.387642281256582	0.521967056868873	0.0169061449297597	0.338932762090379	0.708240595241999	0.323384372624938	0.56026316273053	0.386869072088455	0.530843776540194	0.316019730462749	0.305881393176088	0.323312472417026	0.2772436520716	0.33166819072922	0.266334513666983	0.291985090486426	0.298951647775983	0.250009630894997	0.151237543568171	-0.109774537338501	0.418292412232816	0.255362403987644	-0.0844661649086882	0.350378292882729	0.213573912761276	0.381179986491687	0.0732412630691384	0.312437292767716	-0.0493983639710182	-0.0352194063650701	0.442962124118783	0.240713292533867	0.139257378288855	0.081727273354413	0.188965579609225	0.341622806254407	-0.0496106802793026	-0.0491774750191446	0.0685968527335591	0.28453089503736	0.15212567384068	0.0859685206498322	0.141705312002165	0.193202380489611	0.449020284468813	0.112317431531695	0.0896721050137033	0.13079883471913	0.202411128560117	0.534286191086303	0.242675852887455	0.164933937466944	0.278673758003586
0.796289181760812	0.582877185216883	1	0.68613250492461	0.676627021729314	0.704129699605241	0.672331348018365	0.205688953291766	0.476736469919915	0.0839562210821678	0.268939450606732	0.30190909073651	0.16707284913405	0.53377673369761	0.27897238319484	0.385960624220903	0.199192671318394	-0.0494758019077179	0.0770430878798455	0.107017116400856	0.0639249406082371	0.150461533385642	0.180907986177412	0.388678088884852	0.295580340663309	0.207574625101958	0.230676675487576	0.337490547236887	0.203051025036598	0.435421306949199	0.0502108501322826	0.0734042135454784	0.0466918022282003	0.129801898120068	0.606234543685118	0.265592870108752	0.389681184228032	-0.0434151558431081	0.122859449860763	0.496317753001264	0.227654794910174	-0.152351423753929	0.155805722465785	0.229715893560818	0.100779212319258	0.161465403797489	0.324881888389653	0.465241121142432	0.564321416685197	-0.0330849788822879	0.519921297295974	0.485635741804652	0.198613319633688	0.493767898170454	0.440403347445201	0.531882418644219	0.449326672583884	0.496196786043082	0.367263621914778	0.530825425981836	0.377234615212754	0.120522759070268	0.207515559099569	0.3730476607944	0.479000583922866	0.242259643048276	0.272403321230845	0.298730060188309	0.247489673308431	0.124660532896113	0.389566673117997	0.173787568915759	0.421021806557476	0.292165148786217	0.341509986351291	0.237207197198106	0.184359546231156	0.425068840872895	0.241968393210852	0.266621983203724	0.363974070296457	0.355151995138405	0.534438016840052	0.122470600671975	0.223616694794088	0.247523157365475	0.433456084054194	0.37301176894001	0.168320139856285	0.199952194280664	0.225269502281237	0.539811768058276	0.356467944826229	0.154810746485093	0.271926200161925	0.235046151960049	0.499911635206882	0.431753094285816	0.371422711218541	0.415806117163943
0.636428012739151	0.687794104890371	0.68613250492461	1	0.686140052678684	0.721012848652211	0.806324416112723	0.299297153789409	0.565966396830181	0.233435398871434	0.445688257957663	0.360101291846374	0.291461610556589	0.369289678866341	0.582296234323119	0.557241824202897	0.378236202071346	-0.00345225775259795	0.465595011037027	0.10794858293647	0.291357877870914	0.333313194562628	0.219862474674744	0.597785508299573	0.261440021028808	0.236555261219268	0.321810890561618	0.382369431719904	0.0468800444916076	0.228719761498573	0.145911834716936	0.178002075747616	0.0902948276357215	0.263354105161274	0.767981707901331	0.533699126427268	0.45509860330498	0.118224836596586	0.433481942643085	0.648110084639905	0.218246365230984	-0.0283780306012641	0.354392949815451	0.281721545959239	0.0823824069707113	0.174556085367613	0.297198529201859	0.636824473785902	0.58592209424341	0.245636478982326	0.520162238833201	0.62402977829844	0.591392439144016	0.650632471795168	0.619003525988036	0.800611733444844	0.520549171313477	0.567424974203173	0.537344537153968	0.493278140015169	0.475011391629309	0.311040949982463	0.330242701157227	0.484081395350734	0.478285662682806	0.401523149116133	0.31144468317524	0.564177378268204	0.552087550090143	0.174267566668313	0.485904349866959	0.334071770792084	0.578281071493124	0.386041301198574	0.498546096835107	0.215363145209016	0.265614635306948	0.516452552106014	0.216904288621119	0.431149126394549	0.356754228072671	0.461108533053827	0.518604583271922	0.26892297692451	0.267183924173474	0.342760718238962	0.531721794276714	0.513615383148707	0.387899762106897	0.433886594142868	0.494793297986584	0.655371285853009	0.390181609460604	0.391625732363894	0.344322719101249	0.456702783787193	0.515633195450664	0.436340094278389	0.388235864500038	0.512052611074551
0.563479805596378	0.578897399208423	0.676627021729314	0.686140052678684	1	0.803716285981423	0.692034544617406	0.259117795244133	0.460648089010672	0.262445227122627	0.441585062116558	0.380068635946239	0.395347505382182	0.348292895358106	0.341812848171244	0.347292902109199	0.328814743761147	-0.0339211733462335	0.231744945409434	0.0551777893566973	0.211350823550621	0.217095278496378	0.202315639267961	0.507570686575623	0.201596057100893	0.172593174812621	0.215996970746934	0.418371426198655	-0.0271528209574879	0.0863337895328541	0.063665673193528	0.217130632594194	0.134409707085041	0.184296174274196	0.66414341853101	0.4160217936253	0.495235947962279	-0.0883142987932203	0.344096385651767	0.642497069435528	0.118990028254861	-0.0675122270203744	0.163648561375699	0.333558670683958	0.0293312138371267	0.190717548024909	0.267342218566513	0.661371882234308	0.639891409367496	0.0652598686102932	0.558859759567724	0.566426497720058	0.246647197023892	0.672862891080293	0.69225568703114	0.577684252486321	0.557993683517956	0.502907495828638	0.509252061353831	0.523755246594868	0.520479364339261	0.312172791396735	0.24712667310073	0.466821203348089	0.341515946346148	0.288086955400107	0.265800824270216	0.468030929863351	0.397490576642602	0.173333279159364	0.406329149026409	0.165403477391284	0.617673639488193	0.309040084469818	0.336062142186197	0.230621664501413	0.181443592698424	0.472361218838003	0.118291439601053	0.368622274739177	0.426312959216687	0.402251999977316	0.517397306181063	0.156728605043634	0.236160487559709	0.162035696672809	0.546524146356971	0.509803644115645	0.229281138411092	0.359853117552628	0.437631656948642	0.673714267289477	0.41676215877309	0.203952294506645	0.303101480425093	0.475082918185712	0.572806533602205	0.393761629393881	0.411911334456506	0.454933974444389
0.48688075386931	0.543693017059304	0.704129699605241	0.721012848652211	0.803716285981423	1	0.802872064730931	0.187486301984817	0.413291891359258	0.371295250615456	0.374063327726211	0.410481872764664	0.380382726374415	0.322595622416819	0.425422629788058	0.451742443334074	0.347768747483632	-0.0218210686789853	0.264625733586604	0.129073674830153	0.206255012065845	0.235537378335558	0.224487460853441	0.46884612323398	0.24752040849312	0.155229145248975	0.312343083986269	0.306423212863095	0.0339923929011124	0.159717752359338	0.166482863293704	0.196442983400203	0.249228990214847	0.214564938558407	0.705874495988906	0.456515826993291	0.376773997392435	0.0106653329012531	0.409003911001185	0.555224633996665	0.201556822770824	0.0179804105737938	0.287013162124608	0.286302888259137	0.138791729654373	0.183070335000018	0.279516151391106	0.679447457423707	0.448980728559175	0.187782244233343	0.493320662977654	0.576117014991138	0.445693361519002	0.795007560049522	0.798255114401322	0.607525720322453	0.51521564881118	0.502856035008269	0.545479013927787	0.512605201987001	0.512605850164264	0.255837732891483	0.303422684785027	0.435851930172005	0.353516455745469	0.375358274833	0.34500860344281	0.487029231517923	0.505843792011615	0.230833031567796	0.500463382254339	0.241360878215837	0.56625768049453	0.317283459199089	0.423716971468287	0.261282216951285	0.253007376996609	0.391138003596857	0.163469033404881	0.424770141643608	0.358324822870912	0.357332360958264	0.472450030607999	0.286074428680759	0.326452814369447	0.22155108666487	0.426861902660792	0.51121516865128	0.315799368789974	0.36401120643574	0.434976131138067	0.58241032575857	0.370728172660941	0.208149144400621	0.224000122446701	0.453849888538973	0.452302880817614	0.437613142439855	0.385529757708828	0.446873232634362
0.467743850196723	0.508768343885595	0.672331348018365	0.806324416112723	0.692034544617406	0.802872064730931	1	0.243756449971952	0.416454462874841	0.207435214544427	0.334103115141885	0.230111750655282	0.238435384762627	0.29659685038688	0.389697097435034	0.441103155348916	0.364608758786459	0.0274858585859216	0.317726999246029	0.142306543994636	0.280276074205763	0.242670137691737	0.200054294201022	0.397647428056247	0.275939677512726	0.203464417760136	0.246900406081508	0.330128912482691	0.0217859487530119	0.220877285660181	0.155666600600008	0.289366625301559	0.118714777986587	0.165125602225703	0.728804692584718	0.364522857781702	0.336572654539103	0.0765289026065419	0.356368582256161	0.530640586847542	0.140915000815241	0.0281126927209146	0.298061555842565	0.2685296150845	0.187617079752244	0.105288278670207	0.315651262167463	0.592548054929664	0.439983796841917	0.17651407590095	0.483725009748918	0.49751157824839	0.500415135945216	0.710181767980598	0.70220811996124	0.666220500937534	0.492588064665034	0.464303103013323	0.45648161705459	0.398014443052783	0.34052650737412	0.151966447522237	0.21787881575596	0.365402192989242	0.373921673238034	0.388739373580963	0.260227889769751	0.401090840405801	0.396020951512062	0.235535418469542	0.411916140815626	0.239671712597677	0.410996956580727	0.34186534982833	0.344643403208988	0.236374803960135	0.214307460791558	0.438470826620803	0.161171748942612	0.280987405607403	0.344517848666826	0.367907569297639	0.472865454587052	0.223437263879856	0.317580895986781	0.291189535778649	0.396665301948852	0.414320738699068	0.261297531635359	0.447274375656116	0.413203113853818	0.569422144994005	0.379953468033642	0.227818837548714	0.287527732727224	0.404080032178754	0.454172721071198	0.328211428407724	0.327407677202176	0.403944068002404
0.21467257649523	0.0649667833519529	0.205688953291766	0.299297153789409	0.259117795244133	0.187486301984817	0.243756449971952	1	0.69027503705315	0.208002146514254	0.449876471065093	0.389818548522412	0.267510735797467	0.353408821746075	0.174402343108392	0.47677170380815	0.5162773026982	0.544312770219362	0.536448433312804	0.661843637234938	0.315991280722241	0.547362260620697	0.528221672985607	0.54806014246734	0.601525642615149	0.397332614588959	0.24294333129758	0.24637095542281	-0.0287010468634151	0.241884644853989	0.439707189956238	0.557393690533605	0.309355028945823	0.214698876993815	0.3228687992165	0.470007845248885	0.410305957933706	0.34567821682284	0.294875151984154	0.230988993281502	0.108330719512307	0.0794997527564828	0.25118123016186	0.226905613028232	0.576164731291072	0.420252397102479	0.521187178816852	0.188202373492392	0.428730118042152	0.0625906915313529	0.398107214748276	0.165387591863632	0.1526449161517	0.106692703206267	0.163611115675852	0.164520571478763	0.453076572625024	0.542023595791865	0.41204988951361	0.561428503187666	0.439533267143794	0.143562107051733	0.0357699000454931	0.468049253161423	0.318085805110618	0.183117426973792	0.352069423181377	0.444840847542943	0.249875221975401	0.372533395841811	0.255567178496156	0.239006655743956	0.255375298538383	0.525682572562286	0.183215796723105	0.204177497447698	0.262841404714053	0.0966161957928051	-0.0553332990107332	0.399986802369557	0.373284047536559	0.370323465565295	0.194416636528719	0.282218983583773	0.336595994893018	0.255049421988827	0.324676329369806	0.366288420427595	0.226001104849543	0.280072634541092	0.355337347001067	0.235223812342904	0.326023610789271	0.267103604222239	0.349118016986407	0.146197966382517	0.206115043601451	0.366818579015114	0.284659081890894	0.336276556989884
0.47952402342969	0.245268753843338	0.476736469919915	0.565966396830181	0.460648089010672	0.413291891359258	0.416454462874841	0.69027503705315	1	0.330262009620959	0.589792526182877	0.517496599752242	0.140037808208686	0.505020936515056	0.383211294317918	0.594724637382915	0.445535096689694	0.360816192799214	0.616920581503464	0.512801144639709	0.432640662947397	0.556240203590645	0.534814943668297	0.761106657608259	0.660631584291739	0.503494464559348	0.566577746315588	0.333498064007676	0.117791333594061	0.370766617834706	0.380628123636895	0.369825638534873	0.140718252409465	0.389108658288282	0.568800032428094	0.586583345611652	0.636657105070116	0.384292768108188	0.412733013816788	0.58865156578456	0.346101536589847	0.0506166475758379	0.439588686755135	0.528446212124019	0.402935090714781	0.54010721709191	0.62027675102914	0.425945509644274	0.576766453851652	0.234580232631075	0.502383323893925	0.312463045035443	0.291725854174221	0.297131474031239	0.282342190186695	0.536521552779399	0.568206674888343	0.723497596470319	0.660150462157336	0.834895353473906	0.591161674875082	0.310420701701958	0.275445414785018	0.615551032923419	0.553128443171414	0.393774430694213	0.540333251500782	0.500888965232827	0.556034647330378	0.402321851722631	0.431946442607467	0.455245653428222	0.625394593063211	0.702313551460832	0.471333566690823	0.454790200266948	0.582272983911321	0.328864304795621	-0.00546065766114274	0.637812147647736	0.607912624764801	0.563250736965147	0.450320047311007	0.487889384453866	0.41148509967139	0.428329172086572	0.643846886120538	0.619904529070392	0.454753705137362	0.492813922745217	0.48395022731204	0.584738402257331	0.642289810299443	0.49984049777595	0.606613577584084	0.355350653918705	0.380282398377023	0.480733655146614	0.491998317678883	0.582393671946715
0.0469733666400563	-0.0117129305613382	0.0839562210821678	0.233435398871434	0.262445227122627	0.371295250615456	0.207435214544427	0.208002146514254	0.330262009620959	1	0.428608951580532	0.674207602158414	0.272976852402185	0.293924570349941	0.386127575886065	0.375774678078443	0.266486032726826	0.2554548725102	0.351966746347949	0.176813454795974	0.528993620110044	0.401165980103099	0.502118536377091	0.360745072859004	0.1963802292788	0.363415134540875	0.475152606166723	0.00985880639545071	0.046155680035702	0.208219458390139	0.40719315153056	0.31392479078652	0.328030091798948	0.481194301300099	0.409005777342217	0.483844563362277	0.287029143261774	0.223888389276809	0.504037106949338	0.27481008613382	0.356642696218279	0.581506909271036	0.56316193412111	0.479456348913215	0.169241690699334	0.396880013875974	0.520057135456817	0.414850030938617	0.0986767550283358	0.549202716139841	0.154841236681253	0.0961100294885481	0.295471686473158	0.216062235105275	0.284657367179115	0.242270635475724	0.319504226741837	0.410055592420543	0.479010571509884	0.395838082436605	0.448105570498921	0.198928525842575	0.26764727598362	0.241196924058217	0.328644546767733	0.430901027755784	0.489459895362938	0.264878809642583	0.466294871393618	0.349207899483855	0.41489188757051	0.41019720970494	0.326400718325568	0.424344972934186	0.311966498901378	0.529138069507727	0.534265725670214	0.219416375778222	-0.01646580192507	0.438611795462786	0.415941438746473	0.320738454109411	0.212137367522123	0.44946792760152	0.433000525008617	0.510486058873769	0.3339089567026	0.437922731418968	0.483957377059901	0.318740925860844	0.47931307905034	0.263651614038378	0.44369414517494	0.539273925670253	0.330305535165126	0.472975106761294	0.132009080692047	0.313158714048306	0.49859964532092	0.490613667310491
0.249869950093359	0.150646885724231	0.268939450606732	0.445688257957663	0.441585062116558	0.374063327726211	0.334103115141885	0.449876471065093	0.589792526182877	0.428608951580532	1	0.6154070953583	0.281749147524174	0.291192463093712	0.362921373728057	0.321315950051882	0.538763617087686	0.128211150306298	0.325275673707416	0.211412329681914	0.511536824994529	0.706873488495212	0.691592743355371	0.600894239124204	0.37878400257932	0.31921677492607	0.43166543793805	0.20404143794177	0.192415716438302	0.0791004890641184	0.134474630168114	0.394136154053404	0.272320413590647	0.370511052007382	0.4783503379819	0.434204345434464	0.57913225059952	0.193397168952362	0.417368033027532	0.583618745367208	0.287815665300114	-0.024367697101843	0.324155827389159	0.417368233334159	0.203097585736245	0.61601520514725	0.61103486725785	0.488619558548355	0.534688053943312	0.336348856821727	0.407429948249048	0.221530828377598	0.204070810008609	0.250290244655933	0.398591735934776	0.376977804312938	0.537589927437157	0.465021290466603	0.427226206377116	0.511938644624195	0.642470058860973	0.530591778609802	0.456798747525652	0.491933599137809	0.398079044008281	0.360986118050489	0.244764752907566	0.409182022488598	0.411233976040559	0.153743293871617	0.393935369909706	0.54747803093193	0.522614470756843	0.515570239836001	0.442387681487469	0.249572773468477	0.424337030240294	0.345092836375544	0.102028581355209	0.405887159022463	0.385237218910956	0.450693233667732	0.425423488632547	0.264956485881927	0.248322760443569	0.320884945823885	0.626545721430943	0.43135516547797	0.478721373350785	0.301456947889924	0.503448985232757	0.552973252591022	0.472197913857728	0.559024469593547	0.616396666836652	0.515709817117726	0.308468523214162	0.522636160883489	0.530806665430731	0.62577916651206
0.290969576052383	0.15217377476629	0.30190909073651	0.360101291846374	0.380068635946239	0.410481872764664	0.230111750655282	0.389818548522412	0.517496599752242	0.674207602158414	0.6154070953583	1	0.419192075593443	0.478596430154215	0.501434704735968	0.419472287270797	0.497511059033444	0.148201084450217	0.251349295423967	0.232423176350008	0.525511684553492	0.558672860110033	0.614367628738779	0.549672787192312	0.420924846055453	0.388534808475224	0.597699565375779	0.198522508604763	0.132017988785143	0.332940321548926	0.284286411532095	0.292226203602807	0.424819779585922	0.488187980215833	0.496535414935059	0.504083865615708	0.49827786279223	0.182425424925056	0.525758307961962	0.498659136090416	0.396715707269729	0.249349121307253	0.438547396046627	0.473478840428264	0.208284399953633	0.513969172093228	0.547567364009083	0.551598630709379	0.388916818878539	0.433134398435089	0.254284161235296	0.219255950186486	0.226128637792645	0.206710685021858	0.355370077440431	0.32085714744749	0.496217080961906	0.579445847022302	0.460683770788648	0.587615154499	0.745262391141529	0.439544698657479	0.465205801008086	0.500545397806971	0.448798889798486	0.362697959761106	0.362849491325599	0.422014667478731	0.459347668856882	0.282351915169789	0.531359498226925	0.605689228416522	0.490873581292186	0.602280853858149	0.579895887366186	0.532651466584929	0.553770408388806	0.284922735834521	0.135983286829161	0.468742533763221	0.436835346762453	0.465044233346082	0.392435351729876	0.359836188069564	0.404120581336425	0.388848645067054	0.47632933807826	0.499966926467199	0.579991763124553	0.332938471664673	0.499834714282384	0.451043045133375	0.543884434976863	0.561262773771756	0.491401726598797	0.49449109054412	0.290322788480638	0.603356195663073	0.594592028894089	0.679111400094853
0.189204713082492	0.406957640033493	0.16707284913405	0.291461610556589	0.395347505382182	0.380382726374415	0.238435384762627	0.267510735797467	0.140037808208686	0.272976852402185	0.281749147524174	0.419192075593443	1	0.162383752456923	0.410886285126799	0.24645557153732	0.561734376327178	0.0702982914073576	0.133260404544529	0.205614387005704	0.300537856369146	0.24391947403114	0.203432760915158	0.315681491478582	0.127213942893169	0.196634364098422	0.213700845837964	0.237192080021449	0.0107097574467942	0.0896023548472381	0.188261495682616	0.355870468432341	0.536825067778665	0.30007507667288	0.337162896064767	0.32423678587788	0.230209280906996	0.0617128804793315	0.3311737417916	0.311976438501112	-0.00339921761331633	0.122381226871027	0.216809891261971	0.206218753581808	0.118193914970518	0.118106538600688	0.10996458149013	0.401296328191013	0.365944284428599	0.212506622692792	0.125559107031522	0.377352066767871	0.20974552704251	0.363750834063917	0.374779662010167	0.214628739308524	0.385103818231566	0.259324658096175	0.28412558819432	0.270041750161331	0.493508778605743	0.259877404686902	0.299931615813859	0.324228926019278	0.0757382333529948	0.0425087877749267	0.031936039769339	0.419714398310675	0.280897207667259	-0.00915469479909087	0.416562776617664	0.176766665309518	0.340667134823697	0.15341902222305	0.145300065617266	0.114528089873127	0.100053968104152	0.298378369224208	0.347946516395128	0.102940753774581	0.138797266019996	0.162851401454375	0.257772541721937	-0.0667583220898633	0.133591286981817	0.0605675062371693	0.195187433373239	0.30199474364621	0.112647882758444	0.159579557271483	0.299989901767629	0.259751236826822	0.180776874933809	0.149046599262947	0.107291020594328	0.22618655574962	0.437961335375324	0.341805847438721	0.216214294396763	0.302542320254967
0.691660837108265	0.321344062649969	0.53377673369761	0.369289678866341	0.348292895358106	0.322595622416819	0.29659685038688	0.353408821746075	0.505020936515056	0.293924570349941	0.291192463093712	0.478596430154215	0.162383752456923	1	0.491638107586148	0.533095776307899	0.370893506767005	0.273249272598584	0.171486188981425	0.220674714988278	0.327596505752198	0.278398169425894	0.395197164982608	0.339230576431163	0.483793255133751	0.368432934301724	0.489901501777566	0.22916012513629	-0.0463740473560186	0.653523337253695	0.378588874812237	0.181225324747821	0.256596716808606	0.406749837230532	0.489241617569053	0.385231892574615	0.276002044832419	0.104837556557523	0.289605042579479	0.308309656228747	0.165608472045101	0.0881922519494378	0.405960617732113	0.309356339772831	0.272070128476643	0.295126761291091	0.474779952204237	0.304266809955279	0.457839048634008	0.202125531971064	0.373549460052569	0.177950806238472	0.0901285507877055	0.0933940846408	0.142576123347154	0.311444085090234	0.343917960975835	0.526091493216868	0.257085027636351	0.59524327987522	0.391769648537561	0.15675707547431	0.227140636510989	0.403169760321326	0.560677154700943	0.258553736447703	0.4241042854295	0.179096638356185	0.228740578736514	0.298511983525666	0.266972725818663	0.320589549772383	0.276887325918135	0.609769842874862	0.355219544928801	0.439097775596233	0.494562386632973	0.265501415631589	-0.0504829751888058	0.302812828309856	0.460052968336577	0.32121864468344	0.29742002796291	0.291848832588298	0.344617837927213	0.450638075461368	0.312072051359971	0.399709985973408	0.391033702915699	0.223993433220691	0.264919765254776	0.349296929659748	0.461268494395138	0.354829797422127	0.369904463889086	0.226135364315029	0.224543400535857	0.465550743576187	0.449165464186307	0.524437136287585
0.418662400894929	0.4903791509549	0.27897238319484	0.582296234323119	0.341812848171244	0.425422629788058	0.389697097435034	0.174402343108392	0.383211294317918	0.386127575886065	0.362921373728057	0.501434704735968	0.410886285126799	0.491638107586148	1	0.510318994465053	0.476518134449223	0.140737916766476	0.368142053723967	0.0824940181958674	0.509661775441394	0.406240171926429	0.340584679793386	0.429523401368867	0.288778742439231	0.380245547829494	0.572698684980356	0.290362495447554	-0.129947450632334	0.271993726387164	0.312791053902443	0.165784498415532	0.294141823102232	0.46980367385772	0.526579938451408	0.512249689234902	0.288293884165954	0.22152584898655	0.505719770092589	0.474809764805706	0.173467280750076	0.23526172346433	0.535795894637695	0.363277719849958	0.14013405822213	0.239688721808795	0.260939308864174	0.553017319329693	0.378687885759327	0.5927406605382	0.301052282659263	0.477064069850986	0.472127622525264	0.436598964100163	0.390113284544311	0.513420987721628	0.356867985356394	0.394678865257545	0.375117283294625	0.407699347484819	0.438484455942165	0.239305098411712	0.364177079422019	0.383696577016443	0.42028605486701	0.325708314415849	0.172731017082805	0.3438342285053	0.433066911126907	0.165247305243687	0.400920693463579	0.428798264111292	0.468381367299527	0.530852353716	0.523447180404392	0.326891749318645	0.505109527852312	0.334420245961098	0.143604250328575	0.323324461344797	0.260684251795195	0.318108389817143	0.416166911308832	0.309099442963388	0.23792598160943	0.393433444029249	0.365468578862801	0.410410569695378	0.557591491991685	0.339167270053382	0.399707634596652	0.425210915678977	0.411908624938403	0.49388149713325	0.316426009720621	0.414943258708023	0.349497168789598	0.436364694196	0.421976442563781	0.568044822089366
0.498159059716061	0.225368014836515	0.385960624220903	0.557241824202897	0.347292902109199	0.451742443334074	0.441103155348916	0.47677170380815	0.594724637382915	0.375774678078443	0.321315950051882	0.419472287270797	0.24645557153732	0.533095776307899	0.510318994465053	1	0.426869751297888	0.529743830947391	0.707039825790607	0.456727021136776	0.45167635976566	0.367502589499314	0.329007799852079	0.559726285112785	0.492083681132246	0.531495399008953	0.510010049511927	0.279190390316304	0.00395781802366324	0.50447645154936	0.781181083581554	0.495165012646514	0.3517943748473	0.546170450746724	0.720214633370662	0.784786640011079	0.327564080460122	0.408790499644983	0.545945740136802	0.384349001961318	0.271258585246212	0.29915613406353	0.744534041566418	0.410859508418048	0.533619235543146	0.33608024327565	0.532827375543801	0.428323358223523	0.408267743828932	0.275666076428944	0.392054024398195	0.346032476775044	0.574828409747497	0.392710392674294	0.415598564949048	0.626147008918285	0.450247561806595	0.627208396073986	0.483899442396279	0.564054046167591	0.441107146986098	0.130710510914118	0.14657646755305	0.467023377108123	0.489811350241069	0.407359817571296	0.737474143497527	0.394120571550238	0.579506818329271	0.480309495198297	0.430352267793562	0.298389220472566	0.400975385628663	0.522930457135473	0.359642703054405	0.520189711648302	0.561848351397545	0.344174423949756	-0.0443387040330235	0.570041137527602	0.571623545735444	0.49149213946196	0.28403048713669	0.58109464432454	0.552450556724734	0.565596766958823	0.263685100399225	0.666080023474223	0.467653164732205	0.414006707186377	0.46842559755402	0.409802977277246	0.494659325419585	0.422990912627556	0.277948267382478	0.254940234350092	0.276438943311193	0.401663754077776	0.335055899476006	0.494997096981167
0.188977519058095	0.218203264738772	0.199192671318394	0.378236202071346	0.328814743761147	0.347768747483632	0.364608758786459	0.5162773026982	0.445535096689694	0.266486032726826	0.538763617087686	0.497511059033444	0.561734376327177	0.370893506767005	0.476518134449223	0.426869751297888	1	0.454494119495887	0.365052792420384	0.356068895513339	0.651951888880063	0.607293798456522	0.547836913041871	0.530428468411989	0.434963480939747	0.34445202531698	0.509706252019321	0.253954845873683	0.149390896035595	0.211065315686979	0.372615775147697	0.488360922849851	0.60873140899403	0.325667958454705	0.443438294557686	0.493725975151507	0.467909707516613	0.165912078974709	0.533568696507477	0.449783005010345	0.228666278836927	0.0694332305573724	0.340875778505553	0.359509575763038	0.387776610012874	0.345394859341485	0.464942797185099	0.501361737251767	0.444933155851579	0.41189226679461	0.261287444869459	0.194009628922857	0.221768812463155	0.233886146779391	0.395150692730785	0.26082745965431	0.426705118889863	0.291953043070452	0.222774169295008	0.503069233540428	0.570932869800122	0.422979984719473	0.400757351090831	0.350445590696235	0.36282768357816	0.286141760140286	0.179505530902664	0.294755897159044	0.420946217881284	0.143622446851379	0.427341733108251	0.511442376807124	0.353279978081312	0.531421054187759	0.490168116493439	0.267409720999449	0.382025535200455	0.350532546455622	0.287908714062488	0.2325452090788	0.270959399848905	0.257592911781839	0.378623064819667	0.196540883047801	0.159261143958908	0.177794943998989	0.423877868155744	0.419454105197721	0.453445642198372	0.344707339081848	0.434498742011636	0.414031097441913	0.427907265871626	0.403359109053321	0.44976987347364	0.436192730878403	0.440317892892723	0.551060559992783	0.409818482317113	0.537982282335517
0.0433004457569146	-0.233937499132073	-0.0494758019077179	-0.00345225775259795	-0.0339211733462335	-0.0218210686789853	0.0274858585859216	0.544312770219362	0.360816192799214	0.2554548725102	0.128211150306298	0.148201084450217	0.0702982914073576	0.273249272598584	0.140737916766476	0.529743830947391	0.454494119495887	1	0.576637748769428	0.421546914937687	0.518928103781121	0.406861735292193	0.393563995257614	0.277143017806885	0.294665750837107	0.519363378257923	0.32060591521472	0.118644333799431	-0.0354037587401384	0.334422836781442	0.801663008297396	0.550497371471196	0.218830955772115	0.272668221498548	0.169386392110798	0.507023089123254	0.199485744770578	0.343439787313457	0.390326896047228	0.0207077858941431	0.141198756503412	0.432521598802177	0.515792163529791	0.335120468348966	0.515823958529485	0.355016231170022	0.449470013977757	0.0631576514142388	0.0909844897386037	0.283341087377622	0.0984591748650288	-0.181934148015805	0.0563282237809811	-0.0221987015811171	-0.0546173637208292	-0.0449851858024863	0.0484977400071791	0.171517263067735	0.055928097178868	0.295083901160716	0.0132335953507833	-0.157889412278335	-0.24560319436142	0.0145645679167202	0.19786045242606	0.178777359745468	0.491887779572921	-0.0796369945464171	0.214934697356787	0.396944024529208	0.00474780465405167	0.0603382752463179	-0.00358531767835629	0.342479146544153	-0.0129169617286977	0.298346906808713	0.405252126415021	0.0649972277108809	-0.12685146984122	0.286436006775655	0.366261183083083	0.117806373049925	0.0638236626751426	0.446828350007459	0.359869468395634	0.307571134429419	0.0602857364246096	0.350060991360544	0.20364919548466	0.197038376662869	0.377472552178579	0.0287294326136373	0.293546605315475	0.241176457741628	0.162207261650963	0.0975837675523413	-0.0500121177425725	0.163818697907479	0.0687291505690624	0.151035628433448
0.158332813963506	0.0671238364945593	0.0770430878798455	0.465595011037027	0.231744945409434	0.264625733586604	0.317726999246029	0.536448433312804	0.616920581503464	0.351966746347949	0.325275673707416	0.251349295423967	0.133260404544529	0.171486188981425	0.368142053723966	0.707039825790607	0.365052792420384	0.576637748769428	1	0.448065890629559	0.463953852980344	0.435224199824593	0.355585312202033	0.586463801703181	0.346413056071485	0.45818255793302	0.445901416997352	0.328323479516969	-0.0257411114643517	0.116302495033448	0.617018877282413	0.41861899615095	0.123249773867109	0.432538763323598	0.472000722088192	0.754865127499585	0.360266747682423	0.468934904748435	0.490478654564362	0.357925796318024	0.156130864735538	0.272242887547294	0.576816878365513	0.420772333061207	0.374133483973033	0.398906913596733	0.420641517286578	0.293660253057083	0.312123415090984	0.318359307786553	0.319049879981592	0.243143056818875	0.417491100734866	0.320219854496645	0.293985110442973	0.440633566268586	0.287570690695602	0.441607747950435	0.489962135713649	0.478652108959742	0.259493947605918	0.0641947029317562	0.0215209838897881	0.312969953366927	0.271282617202003	0.339235403900739	0.602266266969728	0.405014999178498	0.627721149062304	0.416001239427921	0.229686431221354	0.182127591467422	0.396962386114618	0.464433615415134	0.242543027156462	0.35365880627753	0.498304823701267	0.309119601678608	-0.0472137544443669	0.59873587653151	0.470966037508752	0.380686908903255	0.220904592349825	0.509127350017228	0.404455848953275	0.355226259840433	0.298200483489153	0.565680124761774	0.35226188972278	0.507841604727484	0.492285224194521	0.388397630002641	0.444382330925584	0.405338384393112	0.257777467650805	0.26740007611744	0.244747451366687	0.238187959018404	0.183817418941323	0.31852625562845
-0.0281756909286791	-0.0623338203071699	0.107017116400856	0.10794858293647	0.0551777893566973	0.129073674830153	0.142306543994636	0.661843637234938	0.512801144639709	0.176813454795974	0.211412329681914	0.232423176350008	0.205614387005704	0.220674714988278	0.0824940181958674	0.456727021136776	0.356068895513339	0.421546914937687	0.448065890629559	1	0.144273666681092	0.220809963505532	0.318795353262216	0.272068036124421	0.684807946085482	0.316761052782549	0.279691406736857	-0.00361592890078397	0.0757325725420666	0.329938132712734	0.468721798756527	0.523880794895902	0.372949785445064	0.279148275428154	0.206935148478951	0.327919754084039	0.157498516174815	0.576186344484634	0.211967321700844	0.00917346496409104	0.123255478031422	0.194947104993949	0.233276517705141	0.203276882425843	0.704693456520099	0.227100349051163	0.395290182685441	0.0897909294423136	0.199396715905349	-0.0338317069510138	0.14199314523846	0.00310811592108204	0.115295152447498	0.00200096333681358	0.0792380639968415	0.0791624486180657	0.299442204802924	0.465357814362221	0.34748494181614	0.484528834123181	0.274919805061127	-0.00708284625623092	-0.020705730797839	0.336577483084615	0.13903298788076	0.037325970813336	0.35368912205061	0.323655429033524	0.205939142487937	0.401438387151964	0.26250240659831	0.173168985705273	0.0499185303747482	0.399337309469987	0.082022314347075	0.215160784292036	0.278093020751292	-0.0853053450849474	0.0081917713898109	0.27129774779462	0.246398610180294	0.196605235019521	-0.0121576844319564	0.188296851867703	0.377725769498105	0.262078528390058	0.0667643119530781	0.245902226446209	0.128271997135567	0.310115838009051	0.173133371348728	0.0131279124377244	0.230593138554559	0.124622693588002	0.114532834867622	0.0522706349213251	0.0135424702557605	0.208691640059769	0.157697210624328	0.10366263701665
0.1540673919094	-0.0166451664992677	0.0639249406082371	0.291357877870913	0.211350823550621	0.206255012065845	0.280276074205763	0.315991280722241	0.432640662947397	0.528993620110044	0.511536824994529	0.525511684553492	0.300537856369146	0.327596505752198	0.509661775441394	0.451676359765659	0.651951888880063	0.518928103781121	0.463953852980344	0.144273666681092	1	0.604406256710658	0.593510574795781	0.484744544291097	0.278200667433175	0.55543447233132	0.684632831233684	0.156143323897094	0.118329066010855	0.239457900157795	0.572620024652865	0.510372276427723	0.315968184733767	0.529125261104395	0.454883059419438	0.593588229178948	0.515433353932565	0.203898955972766	0.708227189022755	0.498781140326041	0.396462539201964	0.484430697628607	0.733949348719339	0.707481289150133	0.253216562897543	0.528142428551795	0.635564564681789	0.485928879683661	0.306120079059876	0.729036360474334	0.247984641097812	0.0274388030433692	0.324068008507803	0.183713001034686	0.252553666747055	0.284928956240317	0.355443152420704	0.308907464577196	0.235821725401051	0.388487789132437	0.359175402072715	0.192275715388534	0.214090509871501	0.317680002473694	0.503399995581795	0.514169059522664	0.418834474887631	0.159087173708448	0.451874014120151	0.290472012161069	0.345214177253399	0.528655321831452	0.3922601211839	0.57707783712185	0.406227736075728	0.591306217345318	0.730563981796776	0.416743620515255	0.160724059594232	0.311764646468107	0.520986371473291	0.397260825650571	0.442739048273042	0.512461047088816	0.413991844548339	0.466573590396478	0.525528870922652	0.590659628585383	0.624034551495329	0.468072495629547	0.635866732866847	0.48671150770812	0.707772396589341	0.646250897255946	0.592556715516013	0.549998556525624	0.330592096357335	0.428865344571047	0.519465302444727	0.650816798773183
0.153614433742311	-0.0236552968552253	0.150461533385642	0.333313194562628	0.217095278496378	0.235537378335558	0.242670137691737	0.547362260620697	0.556240203590645	0.401165980103099	0.706873488495212	0.558672860110033	0.24391947403114	0.278398169425894	0.406240171926429	0.367502589499314	0.607293798456522	0.406861735292193	0.435224199824593	0.220809963505532	0.604406256710658	1	0.721103971669755	0.563798938633398	0.404655577357393	0.407005187511546	0.518074756421733	0.232854453013312	0.100551327875411	0.0961838323193998	0.305482212206782	0.383009115633912	0.281532679449201	0.277688230168123	0.316548387882683	0.523869365302967	0.467833611417285	0.222956824803514	0.402473643216709	0.405806939270806	0.275689057440345	0.0720164778838369	0.418609560006872	0.412872322664481	0.282308770892539	0.648971736913768	0.549670345109202	0.422267435808863	0.43622732940114	0.466791114166154	0.376007944805259	0.100086887283952	0.206915942471427	0.202331079660026	0.269654408685251	0.232956293302164	0.401330903789572	0.345206063378391	0.293737445171322	0.484617944445891	0.489253023005811	0.340846550713916	0.275665032686393	0.373748024769531	0.33238709495346	0.304257087460994	0.29380404710454	0.334524172631137	0.428065353222358	0.191473937846291	0.308867267675961	0.432809409411975	0.397653765927151	0.595581717300821	0.500785210329887	0.302823580719925	0.470453509658529	0.250277491602243	0.0985227348887502	0.401677235081228	0.325225599146604	0.326324545403415	0.361760160667778	0.36147976980106	0.267869480595462	0.26769596027269	0.454942810154604	0.39206339967652	0.480738940196907	0.369024388050421	0.40992845661137	0.379545269833928	0.455682294175216	0.579324537888519	0.518023372028961	0.374915853807678	0.268852692786332	0.551783633590326	0.415403291080258	0.523140395114798
