1	0.574566521899311	0.708060784715912	0.594074844446039	0.701885228205218	0.570571957661989	0.615346059271665	0.382668585480778	0.447854905695759	0.448827243046476	0.225427290462017	0.331160763583975	0.209319737972427	0.618620308190162	0.266489119391799	0.386954460474247	0.351968489643708	0.352646184432166	0.333468381693081	0.25511890534536	0.491736739080758	0.423593152154813	0.258102304013314	0.332205858432135	0.187158738751716	0.260186226407287	0.25895910433999	0.168472639084411	0.234908177782869	0.239137561331587	0.365521038080008	0.351257065847871	0.198475581647603	0.109771328952662	0.40347716326348	0.354707472593402	0.242378460390168	0.0646558880049579	0.166737435666638	0.184634239902298	0.345668419184599	0.118667342366154	0.116776197411831	0.103366459323837	0.184064662741504	0.165082478203406	0.165231865651449	0.390317470993534	0.540072832203781	0.397388392377468	0.570787540242808	0.323482453129045	0.504190532629322	0.736940547085217	0.627632141365708	0.597687063498897	0.276583253206383	0.481020121505227	0.326736489106981	0.449846090993638	0.505032706937943	0.345792781338299	0.433100038981366	0.325256950446247	0.458301423019503	0.500433729244134	0.392875495146375	0.403724105386678	0.331827132498436	0.366453987919428	0.498834180284185	0.407203037983083	0.274422390868802	0.253120994515073	0.341948971985329	0.384490780919056	0.0474392727555091	0.213426150657283	0.188035331982762	0.420747886270025	0.467781306773804	0.476983262279837	0.349461204259063	0.102988159217129	0.355251214291273	0.257090350833573	0.241369583702101	0.600194750935681	0.0686757746504142	0.16313827342048	0.316948041814197	0.146175306006358	0.0281277766662774	0.300540741373269	0.282834202964274	0.576878918753854	0.559712478646626	0.34188968220006	0.470714534216261	0.451900240054201
0.574566521899311	1	0.682715717960706	0.504997052262835	0.335787852575066	0.373719348039235	0.480835354638845	0.411480411316307	0.254943310247396	0.453514346628682	0.293486892682196	0.230001229077133	0.142197204979605	0.339202897984523	0.192974641617198	0.106334853346602	0.265686031754087	0.387974521899778	0.0523160345234648	0.323440825093744	0.299775065781535	0.389506922564222	0.198829542705752	0.334286606202841	0.303019386065185	0.273348539743734	0.424568481163466	0.0597085392679293	0.144455802210387	0.321180727522144	0.278741772648103	0.410431476271205	0.145130825625915	0.138234495385307	0.24098201464225	0.176370124703503	0.286523506205243	0.0949761050422814	0.129856223634309	0.387119077618149	0.369619687235553	0.167143251625607	-0.0236287264195979	0.279361567255895	0.392743674612309	0.173366653059966	0.130145998543971	0.238333458268765	0.341293005521075	0.302008236345943	0.46609276422932	0.639934276857544	0.391622142169283	0.486896558612255	0.310649891896646	0.481014724338259	0.260619250221349	0.426720921271222	0.0936721427580671	0.279366767892195	0.515423244919417	0.13414187116187	0.481324805500003	0.164368861034984	0.575575958068078	0.45565156670209	0.137203795004968	0.309986788091492	0.0944652392945965	0.330359612670219	0.414388921190991	0.335863413643311	0.0855512348044026	0.349268284031701	0.110257409865218	0.259883274900698	0.102243057126825	-0.0740366114674523	0.117006834197	0.252031489806702	0.384996086815979	0.306226876919256	0.399505438075142	-0.13203161933148	0.240726426510669	0.149767112699064	0.155980169736149	0.428017765037912	-0.11241454179973	0.0982028873229647	0.170816800547311	0.209498393383802	0.0042425654513336	0.308884323275198	0.236818993327852	0.462099349962511	0.386667686722319	0.16664415538438	0.513617031723477	0.410290293865341
0.708060784715912	0.682715717960705	1	0.659936322454066	0.747693376087357	0.728582897913646	0.773965077752786	0.279078655346684	0.202404032942543	0.363056418903674	0.238044967734667	0.264752531988207	0.235929595933358	0.465202208065188	0.300677374144886	0.327896793141701	0.305656195516107	0.301666429690035	0.101262909217887	0.291575476432822	0.367210741398419	0.371502087849907	0.203173336175591	0.22092860906947	0.208147976659186	0.320082712134128	0.3233092000531	0.20967381267184	0.179414806644915	0.311601299406696	0.393416657299409	0.419963550058305	0.247251878521446	0.083009162787264	0.442369634019219	0.275017425431633	0.252167961673525	0.0415325145037254	0.080598205429631	0.280141881000842	0.370137239393852	0.203830792480411	0.111314075427692	0.276022201614869	0.217987850103484	0.237043163563883	0.266766554850025	0.376180467783354	0.542049955493087	0.409425192674257	0.597417236134133	0.414728050385978	0.482041288084474	0.841136737482685	0.655063301822237	0.731427981714145	0.29650933048772	0.366335152259816	0.137795607655982	0.23139946465582	0.425624625457847	0.204006316073053	0.355489212021195	0.284655523264417	0.539520741954867	0.370740019946523	0.381109602272735	0.348610730031256	0.235253788469703	0.287075984034418	0.381461737604293	0.395315617877293	0.147394118841044	0.213041442070337	0.215860754102904	0.341666073044973	0.173079829423159	0.217966845631322	0.0976790918672699	0.354750147075125	0.481748284902608	0.433453262519939	0.439278645955299	0.0248423386746052	0.304562553472007	0.267434837760445	0.19712228541021	0.5912140738773	-0.0288189255003875	0.0952416171942649	0.275480335993515	0.301068173723627	0.145481233705706	0.384490016806561	0.349395607207586	0.661647370900029	0.609550117234505	0.297595717290828	0.512607409695612	0.345551744880964
0.594074844446039	0.504997052262834	0.659936322454066	1	0.581348786632242	0.736572216960375	0.772644453116394	0.453797771111397	0.433714887481174	0.516366778347361	0.128982373026593	0.522162896054724	0.363529816053053	0.351701330703203	0.486666306510489	0.627010354237304	0.425330179722728	0.465065440957188	0.415748449054858	0.348198031439601	0.558212311618981	0.576969318450082	0.468466717566473	0.203232745438725	0.350205592591249	0.284091250439512	0.322925224147687	0.188131362364211	0.351350832629119	0.239097879081681	0.545285099000627	0.349899865453142	0.31018369780073	0.0465912545358471	0.427235701891503	0.393250146478688	0.0637425986779426	0.189147790277231	0.046772359726699	0.0549162307737975	0.467552734678063	0.317626624045187	0.229544497583358	0.225723458382222	0.299810036993723	0.287942544486178	0.157650771954953	0.376923986697512	0.299613972369538	0.521394108374851	0.369782695732344	0.114216280320817	0.659593033915043	0.656672883230888	0.55947106283643	0.77324507801123	0.252928258541009	0.564445310992365	0.427008439881418	0.442886014497353	0.549715063708985	0.214058056116282	0.501510908509335	0.353846101795678	0.38185208308169	0.440786784800309	0.585560118894381	0.461840883638565	0.515042055685635	0.488181909363831	0.530423162950857	0.563503923237374	0.165539958212041	0.388238933666833	0.388414582590149	0.513230077497294	0.194252370796567	0.128631479589479	0.178517830532519	0.401639809740272	0.480763346318351	0.526490233233823	0.331141453497954	0.0131621399495332	0.382065666780956	0.138430546951118	-0.0113562655090474	0.537826868615931	-0.0401821664602338	0.360539808604781	0.121497959026206	-0.0195867927903916	0.212029330000445	0.301966788855717	0.384473941601467	0.520478430054801	0.468971091530419	0.453308286516268	0.534100492057537	0.433229223791346
0.701885228205217	0.335787852575066	0.747693376087356	0.581348786632242	1	0.82007258586894	0.738550607151837	0.238373350620363	0.360122404875393	0.271545787987661	0.130479845819575	0.263065874360516	0.248811136768339	0.600544913488277	0.385219946856177	0.480182342647071	0.275488741815161	0.226572614634519	0.260499885855474	0.184552870139592	0.389810277513279	0.401445148508954	0.262374484266855	0.179353957524658	0.0777598453501684	0.392592117991675	0.264515620370878	0.317211108647229	0.348504063124337	0.229573899929343	0.387700954384533	0.393648259711331	0.31337983986302	0.220268817346645	0.407304493756571	0.413306189256281	0.201102969146162	0.148792750541348	0.156779197515112	0.190091911372566	0.326960929824078	0.220245560969325	0.240290794645398	0.213937099727174	0.133784702904571	0.311440177085463	0.347544434230656	0.501629124734925	0.625465176224695	0.454566079563954	0.689938251087306	0.071751208871575	0.565154366109249	0.835086741866892	0.855089534958426	0.726275820611386	0.356335757553903	0.402851656067067	0.353630162207586	0.379836922110949	0.381765032644391	0.292268517464178	0.216534229364057	0.235426361263115	0.592553393327364	0.449680411899618	0.513441404523524	0.370748623650942	0.400752272530312	0.280795300473315	0.318450315482726	0.405410743591211	0.319453939662848	0.141473108777107	0.458754458117689	0.423039661392648	0.22957399580978	0.42677600224237	0.123638169863774	0.476034411183777	0.425606526024491	0.455796279898117	0.372340474117758	0.241657504108076	0.424600768043649	0.401042446121987	0.277785485994708	0.606341341297441	0.192805320079458	0.203702374815853	0.338463494986539	0.301975298185001	0.30316090047737	0.396365903503749	0.385794466575982	0.660270463633175	0.652056212639284	0.413918640670797	0.444179397245153	0.405373557359495
0.570571957661989	0.373719348039235	0.728582897913646	0.736572216960375	0.82007258586894	1	0.861211033575261	0.320664442189551	0.274484439677077	0.325519898714518	0.0634840384614346	0.306580666258162	0.279793219725567	0.459000846162376	0.465122143677362	0.512040539468099	0.368041240535526	0.333299302342104	0.21589215893596	0.324020647361961	0.477160738019505	0.524957802564535	0.3417286654609	0.105860827382704	0.203230837174599	0.372558605798905	0.249385306739183	0.187114956808732	0.368430296849627	0.125665575852516	0.491686494881901	0.364175262217763	0.321221735816394	0.160703986846187	0.463001816749036	0.374097037303071	0.0906083286260164	0.178137076341959	0.114085909708473	0.0363349588234143	0.401847210563802	0.257020202371187	0.262461131426931	0.18248868481918	0.16840282426957	0.324754867302826	0.18482576483391	0.592093522665021	0.44187955187294	0.489284046883263	0.516339899644614	0.011847910993704	0.579919760756061	0.855583762915604	0.847441480592119	0.811695030957859	0.292821769479881	0.379476760365141	0.325743642824535	0.286469505460368	0.432129353089979	0.163560468775685	0.298786438552245	0.255670318936362	0.464208466371394	0.453564640114505	0.522587256045764	0.399937695410944	0.389807844447874	0.322409642339851	0.367458599240468	0.45517060682221	0.163341199064764	0.27058018743542	0.348028691545955	0.428837203646027	0.229091673017489	0.192755166766028	0.173435025044151	0.387307046973631	0.410709748100434	0.499100530659278	0.262000955189073	0.120201883650326	0.350036438475377	0.140021699951985	0.0723805679775341	0.527165828639861	0.0701843751366013	0.213454019059073	0.222241459009748	0.0744207934702411	0.234489392774745	0.274806210479708	0.346360241348509	0.796989713797849	0.554099729219317	0.520233309145834	0.464343992599284	0.461375079394932
0.615346059271665	0.480835354638845	0.773965077752786	0.772644453116394	0.738550607151837	0.861211033575261	1	0.318707505661652	0.345896214714372	0.358867405178323	0.109729424991424	0.295927121479092	0.232799555421666	0.443865177788774	0.433261616261012	0.503196136600647	0.311978081122094	0.316463097607389	0.269405814144605	0.318841815905604	0.445489489260993	0.535250475338612	0.37307845370702	0.265141325688664	0.259601961346554	0.353958704277313	0.364368052757968	0.259232270525662	0.280756033325469	0.216522695384163	0.467433552855729	0.3974082161566	0.345865182441882	0.256846871149843	0.678918229720827	0.529661898678921	0.264466541713134	0.212407598543704	0.29409966379448	0.204600599237378	0.389301831952432	0.207855769765062	0.284581765602101	0.317687002887712	0.26225170151861	0.317120243510759	0.299111356332002	0.600261090289336	0.408167394663006	0.413399704906156	0.433988153201319	0.208613704973202	0.527645364338871	0.776519863095274	0.704444953900566	0.921107094556113	0.211845320730065	0.422525426092669	0.281265770959155	0.349866056509874	0.446167297883799	0.134240244895875	0.315043707824855	0.229121385657687	0.455776742597883	0.3510032214762	0.511243314673263	0.37965468274752	0.414479649887456	0.338593215025462	0.40668970413981	0.471028228690647	0.27636741194103	0.219434901125088	0.416990362715319	0.422330806525982	0.255688969316711	0.239951035113107	0.103212743312049	0.437823250022259	0.497683770576758	0.465676485161886	0.373502221613706	0.22984589891312	0.38949858981296	0.25464128971825	0.237892015348197	0.757611104132722	0.138838935746216	0.252853535279269	0.446474773441666	0.164248359582125	0.267324364014488	0.390919813947799	0.437797439162763	0.765590340241348	0.498360206650206	0.41390543744506	0.506616358008099	0.36787005831744
0.382668585480778	0.411480411316307	0.279078655346684	0.453797771111397	0.238373350620363	0.320664442189551	0.318707505661652	1	0.635255192929811	0.558129087709599	0.310545513068706	0.501043553339269	0.433667541137611	0.313580635675286	0.329527917993889	0.413511797731288	0.687864669891124	0.795944201993298	0.401794970530774	0.726500188404857	0.620729845602928	0.604435893857368	0.494870289962934	0.186141619315072	0.750259382349745	0.194254433058154	0.434230058373811	-0.111826205713581	0.16860567767307	0.0534565199024976	0.496083470499075	0.490003957691307	0.223117798867493	-0.0591088898602747	0.209120907347443	0.24886617770404	0.0427659897921122	0.176717830711709	-0.0290588139630433	-0.0593391377731762	0.286306950757911	0.176814022358434	-0.071791832751148	0.151439761541592	0.457001374320341	0.258484571687032	0.0995567551630757	0.255070057199447	0.191570568212566	0.516771736258569	0.291692838774123	0.220598483506547	0.179147162950454	0.322612831229603	0.27291483944177	0.293752053967236	0.503341578983323	0.745000549583691	0.524855128689532	0.573077947231178	0.633068337267653	0.380258485379276	0.634573777260479	0.563551106538547	0.330587733675598	0.483379052936422	0.261603264383208	0.653361911423516	0.332711018606043	0.746085684111465	0.699844680097875	0.571165192389624	0.146684198135433	0.761957022330273	0.147751372661534	0.417702308668056	0.13194502971642	-0.190127473246876	0.0233981422804147	0.265227942093671	0.339827761058083	0.593879107183884	0.110787732842362	-0.229637503134941	0.352874180427866	-0.0737321185884707	-0.047882437850161	0.225460906425349	-0.271314137136187	0.307432912385885	-0.0582688810232849	-0.127812117888475	-0.0464885284047016	0.198768940114068	0.234278396837332	0.330396965098176	0.268611687548416	0.343738554810804	0.415660561476196	0.546060740524348
0.447854905695759	0.254943310247396	0.202404032942543	0.433714887481174	0.360122404875393	0.274484439677077	0.345896214714372	0.635255192929811	1	0.520129687751554	0.222206919673711	0.456086406956275	0.361580407011563	0.4856719464841	0.383269848871317	0.514666501975006	0.451014747893448	0.508083700365151	0.659267093795731	0.606465598221392	0.552575982794931	0.456927793066907	0.549753004735766	0.487820107093605	0.566517037749862	0.369545873331441	0.460079758808009	0.234379931033368	0.312211032647226	0.224457528342999	0.497916654851367	0.559158694400323	0.429208024680178	0.181180618236019	0.357439690629572	0.468850056333916	0.250102105000046	0.408502553304296	0.273650642069082	0.146292623337422	0.285690157380045	0.274187316032717	0.239408118375362	0.409004523937242	0.521363234025701	0.393223235109808	0.437236676746703	0.379504257966592	0.32617909669145	0.510590454000492	0.279567644528701	0.0750887731665823	0.409864605002338	0.262249256673334	0.250314753684279	0.35487696390485	0.507435930193955	0.719232517409123	0.631987091286655	0.866055875717882	0.53568217355871	0.349588734898403	0.45892315395543	0.473420660129696	0.358235267454702	0.452647647352559	0.4713176752224	0.457425539986769	0.552478816551631	0.673590926259639	0.487354013947906	0.491806663433446	0.566010392169221	0.526442883960906	0.484502628967118	0.550054418791464	0.275215321637695	0.197751944440977	0.0333484065627199	0.493332518114958	0.471895092189468	0.545957545097718	0.355475011229408	0.237187623385367	0.607160354961378	0.377785911767279	0.265384607426166	0.481930974607	0.151749804988953	0.568538506119052	0.264585529409804	0.138604463776901	0.358313748401144	0.387280256310717	0.445969024567579	0.207034941649544	0.278924358244959	0.435593453573419	0.481541732969234	0.426346802054612
0.448827243046476	0.453514346628682	0.363056418903674	0.516366778347361	0.271545787987661	0.325519898714518	0.358867405178323	0.558129087709599	0.520129687751554	1	0.540225774443688	0.814633196068958	0.522057400086359	0.187460319022322	0.442736882897882	0.223263333742269	0.607944222859017	0.502539762681816	0.318899752349797	0.390244785352502	0.700496925639281	0.761998180560098	0.658157687338838	0.253795262290159	0.427513616355538	0.293386828899636	0.415368977542953	-0.0728772335890192	0.409503786909782	0.188621105986805	0.325606622506699	0.395085252884735	0.250075398599859	0.128981237295316	0.222796841714094	0.182954251209384	0.0935857059058039	0.0929552956528728	0.0411012072470836	0.0375121327164922	0.648003571011491	0.468099282783304	0.0652886639209792	0.112082183548902	0.26333307018425	0.376241103764536	0.0989719736058276	0.340580596682068	0.357660993875901	0.705110313819442	0.303422825336707	0.23339205315038	0.305304071971817	0.318503669647785	0.313821540416895	0.342491887114375	0.335905718471119	0.674441367250395	0.491334921455867	0.499887532045068	0.840858057893062	0.584037320494498	0.803377467723084	0.497647030311126	0.309575965837815	0.61205715238095	0.207318252202601	0.57221673133539	0.252520648809699	0.617725236401231	0.769509904485994	0.78934495524823	0.11091053886704	0.538919970053163	0.362266571971387	0.494078281202412	0.236254323365269	0.0471648059745409	0.348101609997519	0.297143409377226	0.47530290882004	0.560054867262706	0.299065209115871	-0.185556082185301	0.305242108403029	0.0806601283996486	-0.0288984171561228	0.256957912099675	-0.00590017519317789	0.294903441913527	0.0451394049086385	0.0600857049371138	0.0154638538396799	0.277636346665296	0.401742783994257	0.344641367046595	0.4786528576157	0.564690426887628	0.618466249037287	0.701496471708037
0.225427290462017	0.293486892682196	0.238044967734667	0.128982373026593	0.130479845819575	0.0634840384614346	0.109729424991424	0.310545513068706	0.222206919673711	0.540225774443688	1	0.410643380836742	0.28934617276725	0.124234915454642	0.1597346195856	-0.0344208785422617	0.283068208691401	0.263842193798517	0.0104582584944336	0.218790316582962	0.283142473415674	0.353023373935244	0.296190819396617	0.0493147572128688	0.209217549026199	0.0866124514527636	0.185287553792711	-0.256594668153834	0.0203059673948307	-0.0231323809496505	0.0305243779803332	0.230241139246288	0.0670018939636633	0.0984096767835357	0.0488895083589891	-0.0666418604209728	0.07289926074526	-0.0448868358019825	0.00963711313932344	0.0563738421306139	0.229032656403775	0.0777978942253819	-0.10325536489987	0.041857223304342	0.150140609025447	0.151850507678764	0.0937626278429442	0.117554713749317	0.200638250356433	0.32780706634937	0.210216313760332	0.111814725704031	0.00995359987284229	0.163586665701322	0.165992723287959	0.0999719818283868	0.208055834492517	0.287929681979835	0.22029707634972	0.289582226929692	0.488882874755399	0.570661788367758	0.56065647962602	0.303553738046529	0.20327498180109	0.35902780078262	-0.0679339098119453	0.226925191854059	-0.0809142298225882	0.341102347771984	0.376031509864392	0.466155264838263	-0.0826760557217474	0.21827248968741	0.0751920105415349	0.173461033858001	0.0196278643901492	-0.0640122799608788	0.0843742221747367	0.0530113228770914	0.225849114110256	0.218357147726643	0.0385082508149168	-0.161167835285427	0.17058354708741	0.0980653536778828	0.0403108159082906	0.12362656627323	-0.00611654596703151	0.0933454375590093	0.0263274870117666	0.0914110976024999	-0.0977744788980673	0.126250470167767	0.209189950812849	0.217456061891204	0.24870268311827	0.201042338763726	0.262187360063463	0.371929520861113
0.331160763583975	0.230001229077133	0.264752531988207	0.522162896054724	0.263065874360516	0.306580666258162	0.295927121479092	0.501043553339269	0.456086406956275	0.814633196068958	0.410643380836742	1	0.67318530104422	0.089830963477055	0.386904252834244	0.317421835039266	0.662911356423183	0.461927552271072	0.318916487567441	0.365851628823663	0.663848961017615	0.64700559080125	0.68308639108626	0.0467869427028041	0.456905951342385	0.294313204955187	0.324866106979569	-0.00932869491004044	0.401791878390083	0.134347045040985	0.30318473286802	0.35740911894823	0.297324370261098	0.0365520991546677	0.139792453097899	0.146851801573455	-0.0983956700471492	0.206686434903788	-0.0967434491023911	-0.0584405445267131	0.534985667497875	0.371190417333835	0.167339365321037	0.164304559022894	0.204445414148397	0.409844679611811	0.181935910009248	0.194974588764765	0.324549153043282	0.61821292972314	0.252171425174492	0.0320170778217953	0.25789729134132	0.258274173879661	0.290369113679201	0.295958277038209	0.387400320562992	0.648312177515928	0.506666732055941	0.465234094427534	0.685224509235583	0.483256487736816	0.659271618963227	0.578675301146644	0.181260809850759	0.405045536346048	0.31369922754981	0.574036272670167	0.335521052922775	0.53905540942408	0.661083108861744	0.722842110053887	0.103758620933698	0.481703179322722	0.417043594130788	0.534597866123568	0.265526158283028	0.148073574134303	0.291744120945952	0.280821165958785	0.439128353568252	0.537779010874337	0.17602594020403	-0.103645109087336	0.302878625207024	0.144295084702805	-0.134327465097032	0.154968487268516	0.0519598247375378	0.269961185495821	-0.0870947558868934	0.000143090661892465	0.191561579550348	0.269570933313125	0.43689765770896	0.205202732651018	0.459584692286125	0.531416887039721	0.494377020264308	0.563460399367571
0.209319737972427	0.142197204979605	0.235929595933358	0.363529816053053	0.248811136768339	0.279793219725567	0.232799555421666	0.433667541137611	0.361580407011563	0.522057400086359	0.28934617276725	0.67318530104422	1	0.0836229773272559	0.321272960509014	0.331056661576642	0.677584475742045	0.330422726972367	0.114354104993501	0.478287694259058	0.47795685546416	0.412305835526455	0.525350645534859	0.00261311364847056	0.54317953103066	0.344592417264881	0.420097128917272	0.0638999599813812	0.268215486157822	0.121511145379824	0.297618702910448	0.439296928060525	0.521591451528566	-0.0878404346206371	0.160421608695715	0.126928393608651	0.0706688476852764	0.363798544067523	0.068117649324865	-0.00484289454992951	0.446441812385562	0.385535336811944	0.229856668020524	0.238095557723234	0.373660620953545	0.41612476927854	0.351123524742561	0.179605975939199	0.354993798918579	0.535420944463754	0.214904073581347	0.00884739100607382	0.264109002003967	0.195034399309404	0.202716194632123	0.230998258217526	0.470642261065163	0.475631615582398	0.257553845510683	0.382890592825827	0.486045036178717	0.387444985607504	0.451712558299376	0.687400239213566	0.116165280730695	0.235245093273499	0.297734193094597	0.364796554537528	0.218372027378894	0.48228686709117	0.336128365459806	0.543580425578665	0.0419308842191578	0.398561874093681	0.188343837734458	0.403513688157126	0.312061872057203	0.101597967154012	0.0181386313045045	0.154236155059838	0.359603342741969	0.533551946898901	0.0920654061979011	0.00234328567028361	0.369629138671009	0.128660323328264	-0.0452807216722096	0.124055704054974	0.102310548159513	0.299907947444371	0.0161877891513313	0.0661934825768823	0.302279223601824	0.330450639431771	0.408254942816217	0.175308960753406	0.300211522622459	0.350759146887352	0.223222781146039	0.361330048632921
0.618620308190162	0.339202897984523	0.465202208065188	0.351701330703203	0.600544913488278	0.459000846162376	0.443865177788774	0.313580635675286	0.4856719464841	0.187460319022322	0.124234915454642	0.089830963477055	0.0836229773272559	1	0.173519360769014	0.343502869480754	0.229926315406782	0.289343053608367	0.412386882151903	0.381411423608767	0.403489681641967	0.268537939660805	0.138528538552208	0.274365827414601	0.185994146586324	0.412400631459241	0.276426433388874	0.298069578888233	0.359732223595418	0.25145463239749	0.310732731705709	0.369318063831603	0.151818010045859	0.284791044601215	0.323221300264682	0.398604944816596	0.242604904396895	0.182944915399878	0.222713906055983	0.262927886052133	0.203593962154312	0.0919466725598732	0.112542398824131	0.224792895626625	0.273249062932694	0.254714424138045	0.334192474666481	0.326789025015532	0.54954752862617	0.352389074966383	0.48949005852381	0.266988882964768	0.487475054228436	0.539578989734273	0.52144076184653	0.412839731565284	0.233177360944398	0.339530788279116	0.330028558060373	0.473547995908525	0.23909134406207	0.259324917599226	0.144485549604177	0.0581776613773613	0.542701671770413	0.499495098665488	0.332073998961424	0.203311207923768	0.335117234524699	0.27327113267406	0.309375049684875	0.27087794172176	0.291782394298244	0.2182132823852	0.279039253453256	0.365148370613028	0.205168250134698	0.294425958226341	0.299452033187349	0.348870021396085	0.345494571599199	0.282301963523043	0.410132285656564	0.199085447125195	0.37013073526371	0.343093289440988	0.268818441097878	0.502447548473694	0.148261297749503	0.318526828851617	0.34082907547288	0.292965377850023	0.259670295874901	0.279228493501435	0.30311607990773	0.434638964227501	0.494101318669349	0.327165188599795	0.355248693887068	0.422047876088238
0.266489119391799	0.192974641617198	0.300677374144886	0.486666306510489	0.385219946856177	0.465122143677362	0.433261616261012	0.329527917993889	0.383269848871317	0.442736882897882	0.1597346195856	0.386904252834243	0.321272960509014	0.173519360769014	1	0.574301609834376	0.323320331827924	0.312972908390097	0.404369610741416	0.183179076453345	0.471130634028827	0.505891416590691	0.476366221065486	0.140787187435608	0.187446409676804	0.290563901059455	0.109457001916192	0.231928037655056	0.354425495794193	0.116639010022717	0.470431662305527	0.296815382729465	0.320113476894859	0.185762277301747	0.353817947192303	0.458587780200063	-0.128764920428432	0.191541024762683	0.207570391539351	-0.0899107977393616	0.434420692196308	0.323529898910011	0.412534142868855	0.146879171566612	0.251969255336071	0.272615782520712	0.116655211850715	0.41663379772006	0.0881819427940218	0.567389351552204	0.242122966930184	0.0258918477907632	0.358169323776983	0.31246270295209	0.419746801709103	0.380909532470277	0.0999405871390948	0.431180390077001	0.466639352044744	0.338528689396097	0.428451406343157	0.265872978969079	0.294935883921429	0.216775802043972	0.24273496908834	0.430555403680805	0.490281846205009	0.341688034983109	0.556149087539031	0.281291629149348	0.334246003984843	0.39436066304703	0.193187946698653	0.218351674171824	0.427381928788163	0.323405014826008	0.125161232562087	0.185517653616822	0.118680194154954	0.419172207152849	0.242758143213205	0.390515104366174	0.204214306738126	0.174601140722116	0.253089847333461	0.0610853125552265	-0.13964465544675	0.370998703106662	0.277171792555141	0.21010858926374	0.114474107552259	-0.0639672053607446	0.163289042755458	0.297925491941055	0.311614944123156	0.312040265567592	0.232493038487483	0.471977110256652	0.38826615088529	0.376745568150777
0.386954460474247	0.106334853346602	0.327896793141701	0.627010354237304	0.480182342647072	0.512040539468099	0.503196136600647	0.413511797731288	0.514666501975006	0.223263333742269	-0.0344208785422617	0.317421835039266	0.331056661576642	0.343502869480754	0.574301609834376	1	0.365976954705407	0.442733658454638	0.726174895131347	0.27655812668794	0.457649206099128	0.333908018174606	0.425573177411684	0.219099927868968	0.307567793565143	0.425970962409501	0.261202572827468	0.420852110721261	0.2624773789281	0.228714758527409	0.797128894318177	0.408996148339482	0.453423426334156	0.185411102326859	0.554176717601243	0.704528984268349	0.020193639220684	0.290402003804009	0.196787124655824	-0.012626148184448	0.236251676201133	0.268640859752215	0.420508423108352	0.318749325976393	0.226648409131665	0.229491433885112	0.296357856657294	0.388486754109708	0.122262907432925	0.413816090142068	0.317271085443616	-0.0984890461178983	0.545360184309158	0.42055275691557	0.381340994503566	0.500264680648254	0.122170634397165	0.493533625568971	0.640095700104305	0.446108859969358	0.313816986890497	0.139843151933166	0.168501039528805	0.297724037984109	0.319529882442337	0.291040885236278	0.790280616038085	0.444522921141481	0.813532620531992	0.391863529800116	0.356453253883901	0.333979494123972	0.422232339344448	0.315523337870842	0.49559848810529	0.557458029981741	0.226560129158553	0.328573293220811	-0.0791515958171366	0.653800605992953	0.41331441719611	0.476487403227875	0.295180984670981	0.370223974037385	0.470067125005727	0.283203943478963	0.0700588363737916	0.574037032366787	0.111933947592524	0.468050239870535	0.250315940381067	-0.04019662198482	0.394988666937252	0.339569125302478	0.356722355915141	0.187544435893401	0.210449875743281	0.353458992374917	0.427759812331226	0.273439250056272
0.351968489643708	0.265686031754087	0.305656195516107	0.425330179722728	0.275488741815161	0.368041240535526	0.311978081122094	0.687864669891124	0.451014747893448	0.607944222859017	0.283068208691401	0.662911356423183	0.677584475742044	0.229926315406782	0.323320331827924	0.365976954705407	1	0.750695477394692	0.299872157223715	0.626021673750196	0.72098054259062	0.597606752885712	0.576374101312215	0.201732282605355	0.614488451292375	0.228482604757257	0.357616858743687	-0.0100782040438676	0.311325929967858	0.101046158794319	0.5035476054314	0.515688822144047	0.2626222412783	-0.073905160670336	0.25834131498567	0.222105954953201	0.148907111408729	0.170397878906651	-0.00595932749878088	-0.0530831650983794	0.425606702062392	0.253251463141129	0.0832129781961576	0.143511761627791	0.332390937923064	0.344829786094112	0.18867947461588	0.246587752270561	0.342153548427277	0.618100496447806	0.257649010874258	0.096759906957347	0.211480590244132	0.295096903475627	0.311145489432551	0.250829470002025	0.428344548392987	0.615297579925688	0.44432990431039	0.43118574026263	0.636767888279827	0.420888900456735	0.585554912254686	0.629055136677519	0.250997142397067	0.447256081986784	0.25134542435476	0.689705832930147	0.337315398628329	0.594556839603811	0.670694108122797	0.639376519566322	0.127143431412955	0.585806088863135	0.253853792016407	0.460982364173369	0.175258175188974	-0.0640393719170831	0.0912190696283587	0.264889959551287	0.442460219994302	0.630623470671829	0.140359272509466	-0.203373843259521	0.32855990828777	0.0127815847446717	-0.000237778902534854	0.210339602226594	-0.129730481027702	0.24550210193349	-0.00622810687272722	-0.0381696558443039	0.0819358834673955	0.23330956094781	0.31710598182419	0.369206942179516	0.385599461564584	0.413728854931944	0.452890934421596	0.576841714767844
0.352646184432165	0.387974521899777	0.301666429690035	0.465065440957188	0.226572614634519	0.333299302342104	0.316463097607389	0.795944201993298	0.508083700365151	0.502539762681816	0.263842193798517	0.461927552271072	0.330422726972367	0.289343053608367	0.312972908390097	0.442733658454638	0.750695477394692	1	0.451649059771758	0.603339209985776	0.589509025414561	0.588293880083059	0.428741304792552	0.340207141034554	0.627727408235225	0.163741995074882	0.351578689828729	-0.098873294051691	0.21274809456715	0.00398358000652974	0.560461579244455	0.45990576138276	0.055205616849008	-0.0343240485599293	0.184732136207406	0.288368305279293	0.0863865523834719	0.0844748486933054	-0.114248002371765	-0.0147341434753792	0.267790391888346	0.119140437375735	-0.0938101607534323	0.199727395484106	0.311978083023401	0.242038309654111	0.0374922819757025	0.156862409661912	0.146062626558802	0.533202303852079	0.246019934448589	0.141906604008791	0.188525115883891	0.324392982938133	0.300697560073506	0.272213803657154	0.343206884391146	0.663977818272169	0.564635087201319	0.514471408423238	0.578102124396933	0.337211871177752	0.534933132976625	0.431231581118017	0.293268725503287	0.436034892586178	0.262454606615526	0.689984416425056	0.446361650425804	0.647577014649738	0.689824708485405	0.49377865282099	0.20887269902137	0.677613870398645	0.267814641397009	0.450493698418504	0.124306267880979	-0.170680789204346	0.0452154419746377	0.336134446172479	0.375057628679907	0.516380837548604	0.0898636970965053	-0.274250816797399	0.271574897682053	-0.0790773415690734	-0.05984358171115	0.259769599025763	-0.284472766683488	0.275317660748383	-0.114354070129353	-0.123868086777466	-0.005383228669346	0.175146164966634	0.178124274473792	0.30608378171108	0.2432437799306	0.329427870938382	0.475209884112711	0.54264839214207
0.333468381693081	0.0523160345234648	0.101262909217887	0.415748449054858	0.260499885855474	0.21589215893596	0.269405814144605	0.401794970530774	0.659267093795731	0.318899752349797	0.0104582584944336	0.318916487567441	0.114354104993501	0.412386882151903	0.404369610741416	0.726174895131347	0.299872157223715	0.451649059771758	1	0.229170704605041	0.501588683611748	0.314656078713621	0.400289611324596	0.342726991681204	0.261197135038353	0.256704031134542	0.200621173300181	0.335295150302727	0.353801630660325	0.209792196140295	0.621511030191285	0.285375376141272	0.225225669010172	0.297867424527213	0.379014035783101	0.605273772182735	0.0241926916441249	0.140889098640539	0.156178844000879	-0.00618790004335646	0.21428258464147	0.253361046901491	0.310836868069184	0.223121420646574	0.138301655195693	0.126904229131549	0.180801304929426	0.20791466642626	0.100310271677483	0.349740437815319	0.148502844395581	-0.0715332078037919	0.467234985784403	0.193065651466236	0.157730148659564	0.301258703169498	0.0501091190476903	0.476847395056759	0.698259230471989	0.538093630309079	0.277400348191152	0.211710713905686	0.175818212614443	0.155385467793968	0.248162200079805	0.327224373364386	0.625012765348525	0.413453444361903	0.787938562744133	0.393145444415967	0.473161117993342	0.303295058385761	0.525598648064419	0.361086553810787	0.540175617931029	0.523645420214588	0.203510509026482	0.327390959595107	0.118278694604725	0.595679574424634	0.385479408591098	0.369497793362845	0.322827549905721	0.306218775209124	0.474807572283434	0.283873032094084	0.11446170849227	0.476239849064145	0.133189645997267	0.472912713432957	0.200612162937004	0.0115161811302878	0.32670328029102	0.23751607821899	0.321069957940443	-0.0188747264103464	0.136504847258548	0.332368359190129	0.480277460867334	0.32445960445587
0.25511890534536	0.323440825093744	0.291575476432822	0.348198031439601	0.184552870139592	0.324020647361961	0.318841815905604	0.726500188404857	0.606465598221392	0.390244785352503	0.218790316582962	0.365851628823663	0.478287694259058	0.381411423608767	0.183179076453345	0.27655812668794	0.626021673750196	0.603339209985776	0.229170704605041	1	0.5102235948782	0.440980988278955	0.454182001872644	0.212555455160143	0.809574035890922	0.289289049726462	0.525347296339755	-0.0544470088996147	0.137694207011762	0.126248481372066	0.453754075104867	0.58575566394754	0.429099361720713	-0.0613926160880653	0.271391864732439	0.202977638611136	0.21492417640349	0.375729648949057	0.0513910977594696	0.0503343056807416	0.214385703376432	0.224300483092242	0.0422442333753516	0.32274967659702	0.609305483472823	0.371249965280387	0.32204172508068	0.220819316407763	0.231382333926128	0.50959341894895	0.189436491853595	0.233281763365297	0.170787042277212	0.283899863608291	0.196481529651983	0.250953399583963	0.496641625944312	0.538374858995617	0.327459688470245	0.545211033470599	0.4518723199361	0.167992979179805	0.428720310030419	0.546472649448057	0.273700516244704	0.351468640476647	0.240739512139453	0.437190263808066	0.22841385418317	0.685045220977159	0.423073427307541	0.465662816032059	0.152857216137518	0.654785798764102	0.061840137653976	0.362625442090261	0.28285504427031	-0.177120739622851	-0.0278836184981685	0.238558854211847	0.388470410100626	0.513954386613981	0.198252033700666	-0.044844301351114	0.447821754068143	0.0754486717495339	0.0481465400112629	0.239168635683154	-0.147898248441464	0.427599164239646	0.0434692262388837	0.0235037828098738	0.187835571172066	0.254476890161541	0.289377873468203	0.33992581674459	0.197898535027456	0.32407841372747	0.374914757909996	0.426582165103587
0.491736739080758	0.299775065781535	0.367210741398419	0.558212311618981	0.389810277513279	0.477160738019505	0.445489489260993	0.620729845602928	0.552575982794931	0.700496925639281	0.283142473415674	0.663848961017614	0.47795685546416	0.403489681641967	0.471130634028827	0.457649206099128	0.72098054259062	0.589509025414561	0.501588683611748	0.5102235948782	1	0.670652619207084	0.594038637970225	0.224576830747868	0.47048705284751	0.213151790958587	0.274236318416173	-0.0441835265578394	0.394460662699637	0.047617946346235	0.54206028937974	0.465113466610832	0.294733934857157	0.0576916814617855	0.313415562839351	0.367046957690944	0.0239529234859075	0.108485440360378	0.0213739337037071	-0.123049238297371	0.389458186253296	0.286638937747089	0.120965433753063	0.0965964564654364	0.273147419581536	0.282576555535154	0.13348739266347	0.30790604995239	0.256955418914365	0.678523702531063	0.326435398134027	0.184465062426046	0.377685186006088	0.412393049550235	0.411363405103332	0.402242347235879	0.303495251061123	0.640941844043482	0.546338109295704	0.470632384496499	0.69006558527239	0.491016066314686	0.631404282412634	0.503279078678253	0.323813863333554	0.572026164132737	0.395746354646038	0.652634993905985	0.463896336116861	0.561837052226867	0.771246178854347	0.70771439623511	0.171228086314161	0.503311964037618	0.444018196308191	0.518476184081333	0.0907226812557309	-0.0107485398680965	0.245115993767206	0.378588874357561	0.470773387480432	0.679969451101576	0.29582389375014	-0.0880714970438913	0.351390685768605	0.0367473452153249	0.0645074630548896	0.30516767071021	0.0168681505358937	0.298986126944893	0.0782928993907579	-0.0870114533373326	0.090103787256338	0.223457617810537	0.368693432832779	0.413602214263656	0.413296690490558	0.472997033139531	0.584890375290595	0.682984006619071
0.423593152154813	0.389506922564222	0.371502087849907	0.576969318450082	0.401445148508954	0.524957802564535	0.535250475338612	0.604435893857367	0.456927793066907	0.761998180560098	0.353023373935244	0.64700559080125	0.412305835526455	0.268537939660805	0.505891416590691	0.333908018174606	0.597606752885712	0.588293880083059	0.314656078713621	0.440980988278955	0.670652619207084	1	0.706219521831246	0.261519304460765	0.419126468471088	0.229934872075912	0.418355412944341	-0.0525308962375793	0.587878577334958	0.139695568384947	0.484295262043762	0.424268809002866	0.28100824809029	0.125429546108442	0.34973619888451	0.364589445993673	0.0692479136395056	0.140755486542258	0.0785253368485972	-0.0359383644040667	0.693218246381072	0.393566905244734	0.127280107175664	0.168327086921447	0.316552346489188	0.466454595208527	0.0782212071673348	0.382781421968546	0.382430120731586	0.660456218255714	0.379382719052153	0.211746982563807	0.340196911060061	0.462075325926618	0.518884275257721	0.477600085470838	0.393098053257811	0.66976996950013	0.52219814257683	0.438608870847511	0.785278165711142	0.4690086716867	0.706700030225794	0.451866355445803	0.397718466066792	0.631105296598973	0.356024730503804	0.699220478196548	0.386891401199115	0.598634007124305	0.728016245644228	0.777823112847211	0.164406906711307	0.528187451282337	0.459477534400393	0.492623249916847	0.249299617578536	0.00732196282141541	0.407602451641442	0.41679457874146	0.502696881095399	0.619749918907095	0.283431363331354	-0.0521010047421116	0.405826402132584	0.0470042065860384	-0.0381803152902683	0.385036870923381	0.0315938324848459	0.307036456995395	0.0588091405300677	-0.0186859069396152	0.0638696167456116	0.368265728322776	0.403198226600519	0.540654940634116	0.520116622906002	0.689437322369921	0.629256238272748	0.730158080263107
