1	0.599766921138232	0.460493575917669	0.333238517848631	0.452153066863908	0.435430264058719	-0.0641267444291757	0.389042219761415	0.251963805658029	-0.038654385695711	-0.0247321854740713	0.216142285079496	0.258371342389502	0.596587639126973	0.601292733723195	0.59477594894201	0.130001769727504	0.530440780503736	0.648322133492562	0.35612853992232	0.321841724707053	-0.0579086087616477	-0.242008539814188	0.418275969974897	-0.00133268136986158	-0.12350306603855	-0.0142352176061576	0.253830673424521	0.342456549835153	0.138447955899141	0.532601457643776	-0.0212166387260181	0.0232153273984143	0.207483918579733	0.43893612040421	0.0898564846011044	0.267983604623551	0.199800213008204	0.222152299809298	0.148949844275945	-0.157899868067856	-0.0861173366872601	0.420718939400239	0.000613015325873202	0.060637378547188	-0.159217814964197	-0.101430115578143	0.624300501030022	0.126050299705784	0.284330890866265	0.263567784330989	0.371794933999388	-0.0911478985619761	0.514592417072149	0.258157530583309	-0.17436643611579	-0.16427407578116	-0.0554627954887192	0.233135770695884	-0.0125987909760043	0.269751001157954	-0.136800226153069	0.00947561220777306	0.0591204411744223	0.299268699869171	-0.0719995055858339	-0.0412148670937667	-0.01472104377969	0.3105795158154	0.0378049065945573	0.163337556834552	-0.1576719359101	0.383381579994491	-0.154220981735864	-0.274172533819176	-0.306292206277674	-0.1115660817131	0.211672514394669	0.5131194426861	-0.0301231730250374	-0.0129158232099976	-0.0863649576683419	0.402935607832903	-0.18754468080043	-0.0445215374296521	0.223792638419754	0.14644287787967	0.0855538251762632	-0.0786284374569221	-0.213777945193027	0.123638848471396	-0.0619736755121265	-0.153620000619486	0.0649991903927567	0.00417861580774556	0.369137549783571	0.186762850439101	-0.00598927726521051	0.0264835121629067	0.144956564283407
0.599766921138232	1	0.551716945890364	0.148392261794903	0.436848461409081	0.581214979997083	-0.034995527134029	0.455170253011207	0.282041392695358	-0.199994365414333	0.00715847091944691	0.100462833282516	0.25910075485271	0.248625763399846	0.73531068225723	0.487339016210834	0.348697954889093	0.518064375824927	0.55676025129912	0.311178785189727	0.153405389336078	-0.325998389983377	-0.190267908391183	0.394947894198415	-0.00625474998765694	-0.166817892912608	0.0167312067947831	0.287869696991394	0.0345064699306643	-0.134773779407418	0.565590092776904	-0.0207922749218922	-0.334603231705405	0.322621301068249	0.38560112737636	0.120390306695644	0.337503860713076	0.179280858660898	0.419590546605973	0.268233527332925	-0.245443774718297	0.0338615412166446	0.432545224012987	-0.0933401088998421	0.109779214515639	-0.26318851071793	-0.278437805714726	0.653227237974235	-0.148283757849457	-0.081446658561321	0.379923667094835	0.574337923105369	0.180432116736414	0.709576145477709	0.3124424333321	-0.110615424413423	-0.0765238283583321	0.037905156113242	0.391438390387222	0.244707358151332	0.470068861345509	-0.148657193352211	0.0584078473253222	0.198234964219482	0.615934985404934	0.300724520521977	0.0994850697804941	0.278779518195609	0.414902853247628	-0.0896470646861237	0.490804574655307	-0.24433331397043	0.546626804428123	-0.0518305023538895	0.0728404277490247	-0.194998216541248	-0.281021514139753	0.480718673062427	0.129566015786369	0.248746583726057	0.0674608259965313	-0.204718160059897	0.128782616263926	0.00133979899224174	-0.0372001915661399	0.359166094264751	0.273096650788208	0.320933305661767	0.337451127079929	-0.206651609824454	0.310535937607399	0.18006180066268	-0.231532900028395	-0.0868180176952539	-0.0488790000485114	0.705547841926208	0.325046789875468	-0.169637044268643	0.385847964005469	0.455168990721517
0.460493575917669	0.551716945890364	1	0.163100246142111	0.503311332360218	0.587863042917906	0.42771812739863	-0.0391352044682181	0.0943565725242411	0.363428211012425	0.340008761509619	0.371215509224342	-0.0245509824543003	0.559037833810148	0.448425217893881	0.470621066046285	0.0185733065404275	0.204956546602933	0.283433441756531	0.00958451731559552	0.170602417728115	0.189094545919517	0.100718558466064	0.341027609670842	-0.150371713109504	0.0884273803935592	-0.102077403452681	0.0490924343806244	0.0481065680524796	0.313323024130573	0.201742255416792	-0.0685133766128991	-0.258217456689825	0.581059205645311	0.565607304143039	0.505332581984222	0.365614389148053	0.133816573778326	0.476466320189452	0.199443338006277	0.262728129335586	0.530078822102212	0.242079917644538	0.0625961702473938	0.0427351272006758	0.0566408056843971	0.085010241311225	0.486049320817585	0.205118529842879	0.260255606102542	0.5273767699257	0.801156746675063	0.387299843044388	0.529075092708165	0.408855675757337	0.225740682811896	0.159550092601846	0.0813788727974955	0.196613099999594	0.123306124343275	0.460428338027695	0.147719536941828	0.235270862823731	-0.144619703673199	0.51885119312379	0.487339572406005	0.418811435490848	0.267755874131324	0.464986217873791	0.0565061194433611	0.138512154697686	0.195299694255213	0.234410406526095	-0.133294811059487	0.103810206283035	0.0806183546479065	-0.00886343115506413	0.217886894250508	0.101433752044641	0.363910767904303	-0.154736836561516	-0.0626785910740157	0.0900418857167433	0.271642221686473	0.301642366811327	0.354515264246612	0.262057458643516	0.516074134087303	0.4031173528748	0.115958512255904	0.462133106139002	0.352221037750373	0.243441762965723	0.334681794269936	0.268240693927478	0.54292197078738	0.136237726345716	0.215124371999724	0.402956283999479	0.406644010217128
0.333238517848631	0.148392261794903	0.163100246142111	1	0.0559103768453504	0.119082389753762	0.489376631288007	-0.0150712348941544	0.0990907926042974	0.113182900607696	0.333671111741201	0.424525989240463	0.337338882488304	0.15419994611762	0.13823299689701	0.252861947445115	-0.127116146658874	0.0685368759603151	0.158035362664703	0.253627315746746	-0.147807562793245	0.161756747014729	0.253320105764805	-0.0672897870750505	0.257239852194236	0.325948646089384	0.366113233821756	0.137241443822905	-0.130144749573347	-0.0174396226910176	-0.126244602309453	0.31973200336979	0.441114067107807	0.204669602723958	0.506484042405179	-0.0765081238602018	-0.16864343314633	0.277862340431384	-0.21355891423421	0.045559648893802	0.102265514845889	0.0303812138969814	-0.304545013655081	0.168024864451021	0.176818086618957	0.255005669891576	0.282519433716396	0.049708669496124	-0.116065270564435	0.0423369118793302	0.260059260447772	0.126591743929783	0.339310220793605	-0.01406310408307	-0.238229728919929	0.53924824264075	0.171940002385786	0.11014126260284	0.455199816337856	0.272214151633642	0.373637508701894	0.363142828491709	0.285294110342015	0.284319700746108	0.0700638172563236	-0.173773890017025	0.143857128190484	0.270373762370851	0.0786287484829099	0.301302057353838	0.125413218917436	0.265649727025348	-0.0270713820139581	0.414106033989512	-0.159082119375259	0.216082729725875	0.215496393176345	0.0600505867784641	-0.00698133321709103	-0.0019252434706855	0.107472219360942	0.21170151445081	0.0111532472165731	-0.022135182721484	0.0542744277327233	0.0220202184498863	-0.239227455892353	0.16597202547296	-0.044876204751632	0.14450411389267	-0.112388796659029	0.088283707151005	0.0824518834213661	0.0994098172384245	-0.061111063518393	-0.104101483564692	-0.0159434526324356	-0.0215779513468623	0.0126589449773553	0.0181756885910043
0.452153066863908	0.436848461409081	0.503311332360218	0.0559103768453504	1	0.647635028359714	0.284946285153709	0.26645625609484	0.311664037536835	0.0329145659290228	0.0200155011672082	0.0995245007457576	0.0710466939128394	0.276728109472325	0.335484754698784	0.157448878214033	0.0796796670847068	0.202850774159703	0.327173296495612	0.0307526179963933	0.114342095182094	-0.146402349819531	-0.158086033887715	0.366992628210172	-0.0160677246969892	-0.323231047764281	-0.411799605678647	-0.301684576095214	-0.0234205561941672	-0.211147422467856	0.179798570112573	-0.155571626631951	-0.32703560899183	0.178910044641224	0.162040306502695	0.284893430794984	0.460126516646797	-0.209199508092377	0.454340388845157	0.0545626172237217	-0.30565621585747	-0.0129168717168922	0.2693856830237	-0.396554533194776	-0.198253873343486	-0.326600789537325	-0.301839160457022	0.469270817828271	0.438997208373659	-0.18276374121	0.433262642674954	0.381256683111908	0.0483567035380164	0.576591715816672	0.59069761904671	0.0462197584641964	0.175630557920562	0.300724344178556	0.345332542475727	0.231470520971682	0.342705570579934	0.168353759918585	0.0253529411667085	-0.123912624964954	0.158505569040467	0.400834941700377	0.179184074682979	0.355146693641126	0.49170069407896	0.164953363609685	0.278741734776037	0.127058449196373	0.450206105188719	-0.232341174871316	0.235713564061622	-0.28711168807914	-0.434659476158591	-0.0789974792372102	0.121256960883384	0.32858639396177	-0.26436885501823	-0.156098155989808	-0.204227700799571	0.175881241071158	0.226650158931263	0.239018426663333	0.592630207848994	0.188434871448268	0.247949914259529	-0.0672252314826501	0.499421515366286	0.0170679143769588	-0.144208800980811	0.0420060502227077	0.0608325299852227	0.414509249851899	-0.081816111689889	-0.0181591013284247	0.401667944067557	0.356232275857122
0.435430264058719	0.581214979997083	0.587863042917906	0.119082389753762	0.647635028359714	1	0.338034082157145	0.441924588354748	0.5264052814913	-0.0614542261625787	0.26477155085438	0.122032998365993	0.251880230699096	0.342703400402838	0.69304165968245	0.414094266894326	0.363131327055955	0.480968247391005	0.451703652135221	0.303549365477607	0.281043433697807	-0.254536777348784	-0.0219243124900925	0.49955118758021	0.184400861242176	-0.148816654257041	-0.123816346580291	-0.120947557899063	0.0214243508513705	-0.0941523222218129	0.442043351114276	-0.18720917668044	-0.332426619778843	0.183347461244091	0.414930647246018	0.269800905536902	0.528200510950476	0.0319173602305232	0.604548926993119	0.103469419077212	-0.21314803284064	0.0785349263336669	0.449294480420765	-0.171424467330588	0.114670204548677	-0.279676932316948	-0.312837988408697	0.795567044765265	0.0030927079959272	-0.0766918061612431	0.473608354923306	0.516474369786388	0.253756306172508	0.845370537279552	0.594524857975521	0.0777396661393276	0.224305905735803	0.25016424613939	0.499124422330792	0.522801449566074	0.366473435362053	-0.0208256889215757	0.0520750420893553	0.0622604509723508	0.383052934480223	0.500314356171651	0.197294841532838	0.380813119113864	0.580754532971013	0.173277709752778	0.43039301967091	0.017827642215574	0.662210539145169	0.0405870743251057	0.31147791471975	-0.166282777526099	-0.223195992504099	0.0317819314202379	0.0263122622839314	0.367801490346135	-0.0915802196695582	-0.136004302087864	-0.0978046421598247	0.150201268334573	0.149907484525681	0.218727631177197	0.524827538857977	0.356629388584126	0.396218130730807	-0.0668162546400475	0.556428264219549	-0.0630469685237757	-0.162866766928133	-0.0873741466742652	0.0370257892608741	0.689328606548768	0.0292657228869716	-0.0790038156727405	0.384539954531161	0.541725615222136
-0.0641267444291757	-0.034995527134029	0.42771812739863	0.489376631288007	0.284946285153709	0.338034082157145	1	-0.278445566226745	0.0543103588945252	0.449372834464668	0.515248421349559	0.4301084606247	0.0537216010345704	0.0813706397763502	-0.0755046216524394	0.0958551163261759	-0.175653490137474	-0.244376287624894	-0.106389265649006	-0.0904668220679221	-0.051322950322532	0.391527230984504	0.409774352028493	-0.0641600547281182	0.163024820059806	0.319546158746204	-0.0544633407068669	-0.186708200772096	-0.29097558769301	0.0700566426194114	-0.339958556034676	0.176989996130088	0.114759655046893	0.396056666487923	0.492565170798634	0.445265599662034	0.0156659226245033	-0.0211012016388861	0.168942532981102	-0.0469904396227577	0.306403722862193	0.430523403129917	-0.219272637851536	0.0411170595010841	0.0191320059884075	0.328688062441467	0.386559770195424	-0.0195540871822343	0.199905596119353	0.0378596375676403	0.322850280040683	0.461547251633606	0.600577450404	0.0418075872395701	0.140796572078692	0.771790221441816	0.48482488977677	0.34154957807754	0.365226324960126	0.347165827133791	0.418640964650023	0.519194705054824	0.348579487022233	-0.0961290213471945	0.0778738549359994	0.469755006505213	0.588584268085121	0.545802209933708	0.361934501092327	0.432567704057947	-0.0117118789422835	0.546042865156859	-0.131428764347954	0.21340031879235	0.392807860394413	0.373969328631625	0.0895299589151253	-0.0394556021849109	-0.262791190913543	0.444796942509615	-0.167073320866263	0.16306242319835	-0.288482320950217	0.481105543894036	0.446366170767306	0.201412104114373	0.0674581316239434	0.522676316459589	0.384390776825383	0.434415118382	0.362026706775084	0.31084627094439	0.369450472993113	0.362935125672683	0.209869185788835	0.0499244445156818	-0.17061235159256	0.220018678147687	0.292744910850695	0.219547218803752
0.389042219761415	0.455170253011207	-0.0391352044682181	-0.0150712348941544	0.26645625609484	0.441924588354748	-0.278445566226745	1	0.658043537934826	-0.642066502933306	-0.244197124527794	-0.163201417193116	0.651153688176082	0.0807299320696531	0.558884996089545	0.306109302167023	0.72414668297163	0.694154464596753	0.664986083485044	0.743018989184609	0.206085508896279	-0.50787803761757	-0.207551687593315	0.380975157914906	0.371391527121211	-0.0453463371723782	0.203967567524519	0.1475146217401	0.203380231916506	-0.303829290219264	0.631760670519127	0.0489740151906466	0.0170926225918749	-0.174247536228362	0.104555175059212	-0.233762793805937	0.288391986360345	0.363743588377629	0.189892269484887	0.147403669340436	-0.47092506957563	-0.502959818139593	0.501247288573511	0.0446236234428921	0.482517311894069	-0.335826934707659	-0.42293072074296	0.590224770495264	-0.263592537140122	-0.29239381985645	0.0656733448201052	-0.0350274877447401	-0.199193393387815	0.47256478251978	0.0869361340750008	-0.477637511329882	0.00965595119086797	0.153557945491042	0.436039394715989	0.435785425448037	0.152115070818527	-0.400681925823078	-0.10180550449431	0.477397752752479	0.23409190698324	-0.0194683239387514	-0.267789264799271	0.226652532979329	0.1945737572451	0.187879160672311	0.477499521468033	-0.301565039685165	0.640327107686408	0.198492530911714	0.0950793510879703	-0.312316741511968	-0.267043096605381	0.0553941986855428	0.189895531147967	-0.00323983533263391	0.203482849756599	0.0110752556722317	0.213948897741661	-0.194423474437856	-0.172790085290232	-0.0473278075504801	0.239261343589153	-0.200349572711084	0.0421473646578493	-0.0958677247096135	-0.0203326077920877	-0.264570258088173	-0.350726964967091	-0.367313304687833	0.0204359014299965	0.384629741503389	0.164475879393222	-0.248198670478268	0.0346245996232091	0.313690276439683
0.251963805658029	0.282041392695358	0.0943565725242411	0.0990907926042974	0.311664037536835	0.5264052814913	0.0543103588945252	0.658043537934826	1	-0.316026483196037	0.13908177407723	0.0721945778873322	0.368511719074346	0.0760985631640538	0.427402202645055	0.265885472862668	0.478869377970521	0.50558774288236	0.530486006139914	0.609931019517343	0.33492982148457	-0.287130514273501	0.107436757527849	0.510260617179119	0.668335598483325	0.017199671899486	0.188245964920725	-0.0147509382168535	0.130912746653234	-0.213305207689711	0.415395047289603	0.0592319940075194	-0.00948592305727644	-0.179447258227717	0.251991357053275	-0.00622224909300801	0.43933077543477	0.119748771923099	0.344008138236564	0.205105956725244	-0.430356808215747	-0.344624357648944	0.358744198074816	0.0676934996352737	0.276355893675362	-0.245439976206184	-0.238813840331634	0.578078293797953	-0.158707185986562	-0.213525621758584	0.0946687218294023	0.0554733398599913	-0.0685381600312779	0.43266051950063	0.250800202678735	-0.204167696202779	0.241620959914721	0.224258411363553	0.484056645017586	0.682947375867668	0.237474852154187	-0.03282530432994	0.0355893742072458	0.340837178809266	0.0561971874840674	0.0568716037407793	-0.209397852093153	0.229498580858243	0.437321022195597	0.295647126276953	0.419840061009182	0.0839118305735247	0.690201477364739	0.356889255182002	0.15627538742089	-0.204191382899431	-0.0371710387595621	-0.0894733697204194	0.0931788237367477	0.0129423859787157	0.077671125023956	0.00629820196367416	0.0731833739040334	-0.201096167781816	-0.0842675758346802	-0.0609973031132964	0.476425634756976	-0.0146354449911656	0.147834881185128	-0.107567925225915	0.231587091123061	-0.122097120415021	-0.217843386054911	-0.166339204599674	0.0353980268234001	0.280679330120483	-0.0471234735038031	-0.0733986492506473	-0.0118424003890675	0.294620962926141
-0.038654385695711	-0.199994365414333	0.363428211012425	0.113182900607696	0.0329145659290228	-0.0614542261625787	0.449372834464668	-0.642066502933305	-0.316026483196037	1	0.582632683982203	0.549710803747113	-0.461182787300031	0.323350847124786	-0.178469178588931	0.144716792514099	-0.426968104880291	-0.360260441337097	-0.176877411896377	-0.457920794621918	0.203205422780395	0.665312968218062	0.388302159780282	0.0308428550654871	-0.238852421982644	0.052925992315807	-0.277172448567439	-0.0898820705712322	0.257808352924041	0.474054343563635	-0.298425554389924	0.0427345510115778	-0.0130935856602483	0.44000191904126	0.270976470219022	0.560918781289744	0.0929426382213434	-0.250286292736268	0.18489469395287	-0.128100209372651	0.589600604355722	0.657581027071378	-0.0928996527929639	0.0385710001027721	-0.35049592283835	0.459619516790652	0.543977959019964	-0.122562735314188	0.438532761097248	0.576615434330269	0.0777379604059924	0.331948708861418	0.303629036458164	-0.172559487398962	0.259992395402886	0.518732280934098	0.147355342729277	0.0418433778393893	-0.21622666849849	-0.299579489877767	0.202179637159736	0.569728107765737	0.268243312762169	-0.467876829023781	-0.0218490781372101	0.318021214692064	0.481021761170673	0.0163654967867418	0.168037137768044	0.0986030610856553	-0.313646567281344	0.550836917942253	-0.382444787937592	-0.25872017077478	0.0820216186949646	0.219792078351121	0.317666196582882	0.0712378970640583	0.218711497900103	0.215117389233814	-0.306157054187279	0.062597829810431	-0.0267225985346614	0.372864144619793	0.400581568774076	0.263424642432868	0.0648263174151214	0.435270206222171	0.131625958344005	0.216871294013605	0.322841679779977	0.325788042355162	0.441963473935061	0.652359067144119	0.277225753433794	-0.022634151134724	-0.0310121376570265	0.418641184572234	0.230909105976597	-0.0210597937432381
-0.0247321854740713	0.00715847091944691	0.340008761509619	0.333671111741201	0.0200155011672082	0.26477155085438	0.515248421349559	-0.244197124527794	0.13908177407723	0.582632683982203	1	0.560830838645882	-0.0729124485168198	0.197242553793703	0.0914556815798648	0.246806999604627	-0.147538827285083	-0.128599568586913	0.0549967919086889	-0.103070210996078	0.294714874033021	0.38855739361291	0.428598286282378	0.225893266945189	0.122600715994966	0.130377747168316	-0.0037222721627835	-0.1823077242535	0.0782102316498036	0.232398804173071	-0.133658407589494	-0.0843617498613219	0.0505048930337397	0.290546151414682	0.43732428264714	0.384681445329757	0.217215552600192	-0.106921155718841	0.329825571913723	-0.032269910552333	0.244980552106305	0.35709471371093	0.0468370348597885	0.0619587701086034	-0.135293249232333	0.213976781040095	0.276936630802596	0.121040775818366	0.115567905580299	0.34640143309222	0.186555660580031	0.257864335401409	0.377132067366249	0.0893255295230695	0.301299433310401	0.504887535815329	0.324844996866543	0.207418509644655	0.169125851934745	0.186016386752628	0.435479676118878	0.577830224142171	0.370260752222244	-0.173788506514617	0.0095290396349356	0.322210218790401	0.287458702172611	0.227926854491244	0.297911809608036	0.199526703384897	0.0201328494657367	0.498012104987283	0.021763283765002	0.0310396327064017	0.0750299763184623	0.136613538434478	0.201449910890783	-0.069025454545421	0.0479531010512328	0.149243643969782	-0.234285994224022	0.0685318989496378	-0.0344087502896161	0.185484355636183	0.235662275337894	0.100879785588703	0.202379208928639	0.437430253481418	0.140300530591048	0.0687054135516725	0.452994687626876	0.158489932072623	0.263147633876092	0.366258314666298	0.203802174825006	0.169151395587956	-0.102023958540652	0.260898407776096	0.120664071017102	0.172492151819509
0.216142285079496	0.100462833282516	0.371215509224342	0.424525989240463	0.0995245007457576	0.122032998365993	0.4301084606247	-0.163201417193116	0.0721945778873322	0.549710803747113	0.560830838645882	1	0.155654684740561	0.279065735243607	0.055154444036178	0.260410329163874	0.0597283878999937	-0.0810977292581219	0.115493516339113	0.0792612749465793	0.173961613464755	0.594040388180001	0.483060066362019	0.108440242356874	0.131445963271161	0.342546166984312	0.244092346510211	0.225095839116025	0.318297344601744	0.223492808832065	-0.102436666313875	0.131081095365216	0.414868570766856	0.35725945420179	0.544037911062252	0.167679337358951	0.101050381602453	0.0978816549621903	0.040838073513868	0.279451560699115	0.413112182894451	0.245053536764184	-0.0158706230978216	0.228937008514547	0.0805182513184168	0.499699348325071	0.395876975597487	0.0981141763496631	0.20722795566507	0.423565151527435	0.209394944014723	0.273673573675563	0.260742497669605	0.0583150600632778	0.102412115417819	0.31022906482445	0.053082032422815	-0.0604892854658692	0.017466760164151	-0.0565308182527989	0.578598190711878	0.444745183794137	0.418415713646522	0.0146905805940198	0.200186420472151	0.0746869925235591	0.0904054315411269	0.0798131517387454	-0.0287493158626012	0.0670185699218333	0.0145250100529695	0.605330926657499	-0.134958295173609	0.128583648948775	-0.0915614982099394	0.282156519035312	0.364290907060176	0.212931459353109	0.319555079705009	-0.0858643443678451	0.118603204250386	0.289791324744354	0.23008544016369	0.0227266778320212	0.131209880520102	0.247545514622335	0.00636561999400493	0.180472127767913	0.0526363163054625	0.0907957446632438	0.0793343685782147	0.42820697082203	0.254209058061368	0.507479554238172	0.296081462093784	0.0648367680850492	0.184434556292466	0.37866302841085	0.164365391547211	0.0317626487772145
0.258371342389502	0.25910075485271	-0.0245509824543003	0.337338882488304	0.0710466939128394	0.251880230699096	0.0537216010345704	0.651153688176082	0.368511719074346	-0.461182787300031	-0.0729124485168198	0.155654684740561	1	-0.00999928118782457	0.334902457855656	0.284269451338236	0.631427076556934	0.512912837684556	0.409449983151016	0.66930303492642	0.101572266674978	-0.182072354681975	-0.0089901696719657	0.0799623166161819	0.395016240068533	0.271096943972584	0.46263154561221	0.202322441171195	-0.00433947886478532	-0.293558217641267	0.361985234613146	0.257346422869997	0.399772931460597	-0.0666413967371101	0.274762975721237	-0.276604891692565	0.011863384410101	0.515545458006686	-0.0323404065434384	0.175678080070786	-0.222845930074869	-0.411224135888556	0.218842867197804	0.13801140447369	0.519529046501805	-0.0420789544464794	-0.15260291544598	0.306382071853621	-0.272088510402816	-0.220052852257941	0.178021653257534	0.00679172040822594	0.0709728768780735	0.246095608853307	-0.158716707412842	-0.148756663140669	0.047620928476016	0.0652483477778	0.4359380791167	0.409414723964154	0.255409039529277	-0.253858516040727	-0.0105605478346316	0.594493320067426	0.218924388384271	-0.172949862835832	-0.184356180933364	0.266193760042017	-0.0425542196351969	0.14282778733238	0.335460604011236	-0.114626813217102	0.33397810552497	0.462669036561349	0.0562562432134787	0.0860286097402165	-0.0264316457947855	0.084506961054531	0.0242147468249366	-0.0764300764097235	0.406605178968984	0.272034469352034	0.125504311506799	-0.181410556226078	-0.139283817531376	-0.0478181939004371	-0.048695417949786	-0.134075068979785	-0.0371195100357255	0.034526102102607	-0.156301070825143	-0.0805130361044665	-0.209903294324318	-0.28747045963184	0.0175955438112565	0.105604855249031	0.14010118506906	-0.209403937752766	-0.053135649613766	0.122073782959052
0.596587639126973	0.248625763399846	0.559037833810148	0.15419994611762	0.276728109472325	0.342703400402838	0.0813706397763502	0.0807299320696531	0.0760985631640538	0.323350847124786	0.197242553793703	0.279065735243607	-0.00999928118782457	1	0.428969537957118	0.508608453744271	-0.0137554027818485	0.353515184207497	0.423682522316364	0.125435391252258	0.220062359035296	0.345903774021102	0.0948251538696033	0.328609610624467	-0.111993536569785	0.0501557179874804	-0.116087240282632	-0.031999266151235	0.39045563520227	0.649121833332146	0.29994766111529	-0.150032478695884	-0.0474366494728595	0.370663494187464	0.370431799889175	0.284543477454145	0.201090619088125	0.15646705855374	0.241502230493053	0.103071614691376	0.351430113259084	0.377236797280761	0.281164218949333	0.190767020097923	0.0709813732002496	0.152699877581057	0.211831793752906	0.450140212720957	0.274094013810192	0.669709766224183	0.262900163347841	0.337066826257721	-0.00493987367325694	0.226433655509918	0.223739940932618	-0.04107325568932	-0.0030885327671564	-0.0549433154525645	-0.0334037984027058	-0.150576264070625	0.10597441996104	0.0415266850043906	0.0164400001128347	-0.202493019024574	0.181522880497489	0.12652720787647	0.186599509564931	-0.0424371714636909	0.217081118673551	0.15457401643767	-0.118146898625335	0.076485202599676	0.0284066935680249	-0.184027207375965	-0.161429836289488	0.0237035963328404	0.153083823907551	-0.0515909466765595	0.527992807098507	0.0594097335849175	-0.145748923262252	0.0344506784556508	0.376038238756317	0.0933411268617818	0.262370595471684	0.191280682331227	0.0697171913339038	0.163515770993498	0.0164734400248576	0.21014914877016	0.216717768536995	0.0767458273023702	0.278155535577459	0.292641443038622	0.15074687410051	0.289015544258051	-0.0548139207833428	0.316109423202606	0.0866390615241467	0.0788057628977722
0.601292733723195	0.735310682257231	0.448425217893881	0.13823299689701	0.335484754698784	0.69304165968245	-0.0755046216524394	0.558884996089545	0.427402202645055	-0.178469178588931	0.0914556815798648	0.055154444036178	0.334902457855656	0.428969537957118	1	0.610408075397538	0.482057454713233	0.694421011179073	0.599262833912555	0.399971208161064	0.373760100300341	-0.324617238221465	-0.200847477033329	0.577883526705106	0.0590645515350691	-0.167504879288788	0.00520438709870323	0.176766654767196	0.214109960422423	-0.0239621035244569	0.715224478026837	-0.139343900149797	-0.306204711252763	0.167897762278959	0.393773265867455	0.0796077279109668	0.464583901304895	0.137280543937795	0.514281853451835	0.135348710593501	-0.207886686943748	-0.0122018935630735	0.623094175475576	-0.11261967383809	0.104323910625147	-0.346490209201461	-0.390242725221833	0.821851619654286	-0.222980026739	0.105217256868224	0.27074530121599	0.370564669194788	-0.0164472997967898	0.731655300419924	0.36467014417257	-0.262695567376856	-0.0952712459206791	-0.0522774615925476	0.321265967875843	0.259847827684085	0.286158733199175	-0.180852050167617	-0.0849025550611976	0.207139498863531	0.473057927319314	0.221705357322585	-0.0247945850235865	0.0989778081601434	0.423441078640585	-0.0327620282643956	0.470458911169388	-0.237219160739975	0.660162604314177	-0.0329180094595672	-0.0145705186945056	-0.303122405200713	-0.187982159302907	0.278783117118355	0.26907024077454	0.134998587367993	-0.0236001604773554	-0.26228228895664	0.121845413503061	-0.119557343721495	-0.103187405562648	0.222317576427229	0.371227517742044	0.27101977299374	0.193855798116128	-0.269394274246942	0.355299800935715	-0.0971959765703128	-0.295841705462535	-0.141202572033211	0.0033003633485573	0.650478873396685	0.19294279176877	-0.223249296229581	0.307635515035007	0.420450088317011
0.59477594894201	0.487339016210834	0.470621066046285	0.252861947445115	0.157448878214033	0.414094266894326	0.0958551163261759	0.306109302167023	0.265885472862668	0.144716792514099	0.246806999604627	0.260410329163874	0.284269451338236	0.508608453744271	0.610408075397538	1	0.260176598751931	0.685478827264252	0.695606740079545	0.262711724331502	0.547713188794994	-0.00129396274617393	-0.120930882790819	0.626732538871073	-0.0841945185995684	-0.0419032300939956	0.0086792408724321	0.303677075409291	0.327971087805788	0.358319822351804	0.762471270381325	0.10764497317876	-0.0968886372347582	0.394089074333563	0.661571804972292	0.442473012431544	0.47542855437101	0.277871537017436	0.56099717829382	0.185837619429567	0.00536876664397268	0.194624931517986	0.673707113027285	0.190112287978465	0.104806346302136	-0.0313048438959313	0.0191194199155947	0.680244157919745	-0.0568622002896698	0.412029075470452	0.0881243486875776	0.362395839634609	0.064205569761007	0.391368304653368	0.226202887928876	-0.026339503444283	0.0102312431377786	-0.0199813270518692	0.210086254191389	0.0196753242851838	0.216968912534941	-0.0768521410990294	0.00831327029140284	0.0466632471033941	0.316979705146482	0.164189881482873	0.243298170816781	0.116819782851316	0.526107704292688	0.17211160470641	0.121579591744363	-0.0539495894973278	0.317397629444583	-0.175847206041035	-0.0474459642009318	-0.0698723040810747	0.058542277306353	0.346392665348283	0.411852751298047	0.302568832558729	0.00250694618154614	-0.0559956629321725	0.379487007734097	0.0677276933786408	0.186163091603967	0.329279920687583	0.247757001158455	0.453858845399295	0.161023892852196	-0.0231894869682505	0.372665489573861	0.0475729463427577	0.106414417351281	0.258850510157733	0.312478760367104	0.453432339306102	0.192656853454733	0.0748500000445817	0.147609666278287	0.29163102164994
0.130001769727504	0.348697954889093	0.0185733065404275	-0.127116146658874	0.0796796670847068	0.363131327055955	-0.175653490137474	0.72414668297163	0.478869377970521	-0.426968104880291	-0.147538827285083	0.0597283878999937	0.631427076556934	-0.0137554027818485	0.482057454713233	0.260176598751931	1	0.607287437648724	0.370998674346724	0.599695340006994	0.225083179625946	-0.304035027369267	-0.0780037007719915	0.300021303178824	0.283412207422603	0.0685280137361389	0.310905485528408	0.274741825644142	0.228720757751693	-0.27765174387099	0.499734331176554	0.0847725445609031	0.057335044044134	-0.105681430278837	0.107385543666983	-0.202884470453252	0.219752400494468	0.319924291729074	0.182193472658077	0.134958084304883	-0.226722136034491	-0.340395443458941	0.428015958079212	0.031067268756421	0.444032085023308	-0.193579243118211	-0.379234681418039	0.453965561181076	-0.337320444716183	-0.149787452535545	0.0640605410934407	0.113076840749325	-0.0980112558876113	0.405068811005194	0.103631452866087	-0.3964437567649	-0.11513370898016	-0.0951400169635382	0.173979293920398	0.323576545961733	0.128820140113816	-0.364950095630064	-0.186707506066746	0.37162111733969	0.334510069232152	0.0260438111713048	-0.236393477128332	0.163385135378277	0.0196420195051217	-0.0429281602997994	0.461054478386161	-0.17901408926827	0.487619211366198	0.244074203078115	0.193107106863782	-0.144462995536945	-0.128382575664849	0.286738794388849	0.0703979802938256	-0.0327875936787737	0.239713493718665	-0.0229468590867866	0.0119354164348405	-0.197684972827502	-0.298667499116935	0.0570197990648455	0.150927359281192	-0.0994031958829574	0.147123417577344	-0.151734877098365	-0.0445804628893814	-0.123828836416009	-0.368774553524257	-0.300556347220362	0.0549104113287437	0.387848790185708	0.161195852339133	-0.311591030351677	0.220367751222549	0.242235513690446
0.530440780503736	0.518064375824927	0.204956546602933	0.0685368759603151	0.202850774159703	0.480968247391005	-0.244376287624894	0.694154464596753	0.50558774288236	-0.360260441337097	-0.128599568586913	-0.0810977292581219	0.512912837684556	0.353515184207497	0.694421011179073	0.685478827264251	0.607287437648724	1	0.714415697915681	0.607240837709985	0.396720905968527	-0.360015052589757	-0.263686287945009	0.544709872844572	0.209581945884702	-0.0816564527918101	0.152434819664504	0.33811013864521	0.314349928864561	0.0284433695617163	0.844197405010159	0.0834014370942666	-0.0816527639816203	0.0301523315161446	0.333485183856224	0.0220209592450269	0.426631169091145	0.385920329891897	0.410076273568075	0.0957813962429668	-0.282372601000126	-0.20170880237461	0.605982221290352	0.0240560745852927	0.314817362587932	-0.229271705244049	-0.278565023832417	0.762330218950595	-0.219195351629505	0.0326087972689941	0.104550360314511	0.15516640194768	-0.16738175114774	0.487639703058255	0.0945245305200709	-0.405939761190699	-0.132031194665852	-0.0828547415443827	0.300120616280386	0.281720676536918	0.0743754242574338	-0.404921819075973	-0.217810606610434	0.316460682202945	0.359826369019515	-0.049757564742715	-0.109699399681035	0.0543488526824434	0.345651398508968	0.0761195641298859	0.356531226063853	-0.29189751148239	0.541050886703837	0.103909375100001	-0.0494619504206739	-0.259399945006577	-0.0915690843077664	0.277589502688164	0.284748560737159	0.0821407317260148	0.138273970812681	-0.0551426312214486	0.292941065026688	-0.221840259116864	-0.117838031912088	0.0901914931651804	0.219944740143947	0.0608997673629032	0.045809450007064	-0.155242820538017	0.156920089145418	-0.257408571761244	-0.303531974325711	-0.160288576850555	0.07140212343054	0.457399612632058	0.213736046712211	-0.211937996760214	0.0619058722371713	0.319895142643894
0.648322133492562	0.55676025129912	0.283433441756531	0.158035362664703	0.327173296495612	0.451703652135221	-0.106389265649006	0.664986083485044	0.530486006139914	-0.176877411896377	0.0549967919086889	0.115493516339113	0.409449983151016	0.423682522316363	0.599262833912555	0.695606740079545	0.370998674346724	0.714415697915681	1	0.444095388495702	0.513676950369739	-0.161156695422333	-0.174379053408458	0.546948116811263	0.119583487942373	-0.118423363694589	-0.0487421264250368	0.208243906499452	0.371533521757504	0.178445203140042	0.733473988560621	-0.0131382332517856	-0.107617226921512	0.168437354976763	0.465169655804691	0.310486664447445	0.401922327701118	0.22862608998322	0.425215316921753	0.106715998053223	-0.180852335236029	-0.0715340446954595	0.644791130603411	0.0970834129448522	0.223799257240443	-0.179987591493101	-0.106580729579223	0.696767446720134	0.0886286700288811	0.142673840178893	0.173718578245983	0.203297671340842	-0.0241087648696906	0.456696721113303	0.230008433791442	-0.21469410712232	0.0998253626666395	0.253131021660325	0.424437671342824	0.196584532283336	0.334759929025691	-0.133976869815022	0.0654761755084555	0.220076647486305	0.313582315723108	0.153501786485501	0.0707074104560644	0.241175122863907	0.52242538516871	0.319239354447975	0.259633782246344	-0.149117646505161	0.463470703317756	-0.0973746344737489	-0.00784492935248512	-0.243356999042477	-0.158234220947543	0.267646989949876	0.477614771538944	0.242087363362545	0.0569917165776343	-0.00772223035893895	0.470181585383883	0.0203541005148834	0.15413099573164	0.231577800516951	0.300424789710481	0.225371607768339	0.140732529421146	-0.00506770769904562	0.280594562607126	-0.0602879374539868	-0.0483286569971427	0.0567427678545033	0.106812009241718	0.421453850691063	0.269955133487583	0.113968441248449	0.0492838852411061	0.357638045959391
0.35612853992232	0.311178785189727	0.00958451731559552	0.253627315746746	0.0307526179963933	0.303549365477607	-0.090466822067922	0.743018989184609	0.609931019517343	-0.457920794621918	-0.103070210996078	0.0792612749465793	0.66930303492642	0.125435391252258	0.399971208161064	0.262711724331502	0.599695340006994	0.607240837709985	0.444095388495702	1	0.0548080656359769	-0.240696805764939	0.139135084481604	0.131712284459238	0.656938570314431	0.364292389369164	0.617743388743792	0.311817208249831	0.190632852682249	-0.172830865608057	0.38071174042591	0.29361215819952	0.385284994124593	-0.0883575745761172	0.259527619414678	-0.370414453534828	0.0493592621288182	0.661877959627499	-0.11083951302644	0.153498918476521	-0.217265647092488	-0.376778477090861	0.147536550790189	0.332227862228932	0.679594563744798	0.000298382230072016	-0.0908268012438232	0.438584176606503	-0.383345039379621	-0.185671204851093	0.150669404429289	0.089438292477643	-0.0163944105789024	0.304980382153253	-0.175276331705717	-0.262673398514069	0.0376585872401559	-0.0108091855538693	0.422757917480359	0.529177493830322	0.119336128730964	-0.319224372859305	-0.0274461199143052	0.55525201217967	0.253143879741016	-0.2468162753988	-0.298692495770263	0.099342312511084	0.00558976097239726	0.2233128875669	0.331152918299303	-0.156236687173449	0.438071178404447	0.609243661782475	-0.0457663338107067	-0.054166887188402	0.208520705077112	0.0723883122116865	0.0945619340496056	-0.199711267104526	0.374559382645885	0.214091926092356	0.240699409965132	-0.294037211625893	-0.203922287072371	-0.143446494262278	-0.0703564458365009	-0.260989673928029	-0.0835894797369207	0.0315717513547896	-0.277273683579216	-0.178222146843213	-0.243975992683607	-0.320646548113	-0.0544048574226397	0.184629240615452	0.177874313687911	-0.210367785094974	-0.121102729956361	0.157865966686212
0.321841724707053	0.153405389336078	0.170602417728115	-0.147807562793245	0.114342095182094	0.281043433697807	-0.051322950322532	0.206085508896279	0.33492982148457	0.203205422780395	0.294714874033021	0.173961613464755	0.101572266674978	0.220062359035296	0.373760100300341	0.547713188794994	0.225083179625946	0.396720905968527	0.513676950369739	0.0548080656359769	1	0.0383804715694217	-0.0495609220272407	0.56864905226991	-0.0639959709310367	-0.19620677146837	-0.203048303637088	0.107308122352505	0.455192490448626	0.183979701634191	0.567275416598985	-0.112862691506878	-0.174271285505296	0.135987014130579	0.308362634013611	0.449728795854755	0.560865765055547	-0.137125478723525	0.599257603642164	0.0609519359251234	-0.130983030032929	0.00773246610601836	0.706376208063735	-0.10195069312036	-0.128597114908449	-0.132786497812268	-0.0810120402149787	0.49774746279727	0.152182655067822	0.278165564388665	-0.0198081404876765	0.106349083442161	-0.158702278953232	0.285825279707771	0.398241433819123	-0.216331843658088	-0.0406656350086761	0.0349877478815984	0.0753871830529072	-0.018451877519651	0.148131784469094	0.0254795284065924	0.0427415674409524	-0.0484651662166805	0.0948173571572903	0.155512355068103	-0.00693422249505686	-0.023150213519915	0.426439403984569	0.00172199543021432	0.121601434358129	0.0931100223712406	0.309908937072712	-0.297765884142328	0.0684481688633754	-0.21004539220486	-0.0782909357857053	0.244670597013147	0.440038649979474	0.118118208301795	-0.0643812893285224	-0.1700113966419	0.231949468974666	-0.0502643868535144	0.0371417008317214	0.276954034594389	0.446652233496247	0.278959934661827	0.125197571224294	-0.25461224055726	0.492847537902772	-0.0137171707044243	-0.103722135020965	0.237512167916333	0.263123386317551	0.239720762020101	0.0946343986717457	0.0491793666697728	0.00563018241923798	0.199445231866838
