1	0.417178634053747	0.594556785963636	0.256273060062517	0.674613303965177	0.340239498372959	0.162384744688666	0.108673751461239	0.0111437567865665	0.219444301439171	-0.309097325483586	-0.104153917079578	0.156223251250757	0.338681620083479	0.301852980351259	0.331644950303103	-0.03434642421237	-0.0108795662751286	0.171904602020413	-0.146298587753296	0.084497026153474	0.0047861707547905	-0.0863004901984205	-0.0901996246742859	-0.247590477353403	-0.303763592609872	-0.178873941080606	0.142740007288356	0.235611194315249	0.0159674288781673	0.0396320976341166	-0.116887682525164	0.0648062061083431	-0.0167638051530225	-0.0459110643510054	0.179325158581358	0.20976521221961	-0.199591242787343	-0.00750654977010077	0.116459867885175	0.157983040793041	0.114040455536142	-0.0883279392950777	-0.224096123299638	-0.140676183336513	-0.01488607484306	0.016333101470123	0.296412687263442	0.283617681465155	0.0940063752099784	0.651411700500452	0.405805988741631	0.315071039113664	0.463247653996661	0.430777077309856	0.29344300758799	0.0700167518380273	0.328883543046641	-0.0328954369002613	0.040307189776865	0.12081515127874	-0.00944373289747964	0.222055733050366	0.103153074666762	0.134190695276423	0.159202959738165	0.0486904226028189	-0.0905989199919382	0.0884057603276922	0.0820651784018949	0.0458187503218291	0.0160236806020297	-0.000215915371214506	-0.148974798560768	-0.145935885371929	-0.148156071405921	-0.135291352352944	0.212225088988742	0.323663620634677	-0.0431931677844739	0.0261734293000928	0.0784540582971189	0.294765453499509	-0.107927261148637	0.0334562099287709	-0.105359797070981	0.186008892566771	0.0561635546322075	-0.0839047344549079	-0.0350737262646643	0.107981786778435	0.236251894638678	-0.137153320967984	-0.0464912509794037	-0.0181352751740386	0.134842561748393	0.344509525413791	0.370077932597475	0.15565363886961	0.210732974782701
0.417178634053747	1	0.630790194636511	0.32312904421502	0.288678024959863	0.527865025959066	0.381609190375988	-0.0300781837785599	-0.0410286967409967	0.432263607373196	0.107064459458308	0.247760828785666	0.170018701726007	0.321885368416361	0.315758064105161	0.23070533282213	-0.0298994808673697	-0.00308325610411646	0.0489210863062066	-0.23035998166792	-0.0197316964554874	0.218621799923873	0.109092879541365	-0.0259983170443142	-0.147267792564469	-0.165331764849554	0.032194753963841	0.120965024964642	0.121495165455749	0.230060727611402	0.115975729660208	0.0373119750965154	0.226197057694883	-0.0474400611200013	0.0271171457752453	0.191906107878793	0.139711697569302	-0.161136021803555	0.083230079636641	0.116038202443207	0.255156534369158	0.22333759309457	0.106767331960461	-0.0475478769441516	-0.0837668140159529	0.177392320853009	0.234157014746259	0.386028012853274	0.197093839796344	0.119418715753162	0.31478743841212	0.522826312925984	0.327661630154233	0.388035533390289	0.466358083133355	0.354065234143352	0.0853204748639859	0.231429828059501	0.0322058053923007	-0.0800431654072037	0.412312491638752	0.297009785616885	0.420129520389339	0.179007915484719	0.151395512024701	0.38805189717976	0.279762470165873	-0.0441552780672192	0.0416782130863828	0.0719913164393464	0.246036114795566	0.342692458267756	0.121611476609137	-0.240176273020248	0.167479358270459	-0.103767409394697	0.0188446563285806	0.162347900797066	0.140833293761487	0.172845470041656	0.167539388884978	0.273730318910302	0.322307071989063	0.242368234854587	0.133225827366413	0.148140577833536	0.0772700880616344	0.207233087571004	0.160578275104112	-0.0294876951126815	0.256240011364213	-0.0567747844879555	0.0510939933686317	0.297702703859587	0.351435586987718	0.35776483742518	0.372860793290272	0.353968170672951	0.385476922434254	0.447636314460982
0.594556785963636	0.630790194636511	1	0.229248798571457	0.523099732129546	0.541688122846167	0.284797157383385	-0.0288326807291407	-0.0255500257328162	0.38383543846481	-0.0746335052376641	0.10311038004557	0.209244390132008	0.142200547257489	0.315275141910914	0.184118668406799	-0.0843513903439769	-0.0986586160830259	0.0298475868384662	-0.157374256568564	0.119861003826941	0.117390275429556	-0.118962335295266	-0.114654436836708	-0.0874452187659681	-0.309679487991228	-0.120291745638788	0.0314544099122756	0.24720679524435	-0.0339067793568151	-0.0777749551863958	-0.0994930497751147	0.0999333118519604	0.0121944857992031	-0.122818712859347	0.101631233794151	0.172568984448843	-0.212614843730307	-0.0932840362362432	0.0899112754995227	0.231776635406639	0.144445002245283	-0.10166724418134	-0.160257035704122	-0.283801733417763	0.0768504181346331	0.0481620040940054	0.272888820884585	0.130409078096336	0.00852704450117647	0.562596050882521	0.483193393824926	0.374126017755829	0.674612060914435	0.592151437271434	0.393198906027006	0.0191354809064945	0.221404910466082	-0.112029090828871	-0.0313393128083327	0.255196650094187	0.10224081927756	0.353433366192821	0.153504277624873	0.155898246839975	0.237778247389369	0.0891357126557569	-0.108803530367841	0.0417710216010398	0.103445360350898	0.162509637076476	0.185870126027686	0.00828436821465283	-0.113341620227068	-0.0671261022742752	-0.171412115642881	-0.0823347859335889	0.121310509935241	0.335309046299188	-0.0521954401628453	0.132881992396699	0.277985248027993	0.294519948145417	-0.0401891632927518	0.00176629210622968	0.0299361392236095	0.161723878918768	0.0520092375316227	-0.0503811865221881	-0.114747748721806	0.0832204354062424	0.119862725453895	-0.000723796822931622	0.0719416833886112	0.0630023952205633	0.22312506398764	0.395838106072527	0.390845964674029	0.170017221471459	0.290585693060217
0.256273060062517	0.32312904421502	0.229248798571457	1	0.391285340255927	0.399761528317755	0.543805653084317	0.286699960182918	0.190796392088017	0.32217178176238	0.123221697576805	0.167595280391173	0.42341039064101	0.258385908235307	0.485740851387574	0.374827221208083	0.25991592114762	0.296888463279274	0.470787362096312	0.0954360765608179	0.24235417014412	0.134317538352223	0.0982523662863968	0.276196185282442	0.0790246966711188	0.116759234718271	0.243000391536035	0.197705843024588	0.037633768521348	0.0115160218030366	0.220475671439113	0.111941855215818	0.0699452551088471	0.158579242297804	0.168208464506926	0.374412009721437	-0.0440206347248317	0.0297708754241755	0.233173157248934	0.226669791272028	0.189153781621337	0.200620112012361	0.0785035507349666	0.0758169022164116	0.108331786588522	0.0744348370942058	0.164300715252403	0.413687164935064	0.218145617508723	0.270790963845329	0.321696142176207	0.344771909038098	0.491864127150711	0.318141156462201	0.413116357088652	0.543637609821171	0.124123090404023	0.288230177664682	0.196817928012984	0.152495166994915	0.208097729956265	0.308966039091923	0.253792323487209	0.171015713759471	0.405325904341823	0.405305578791817	0.26388953724833	0.235745186759685	0.299094794023924	0.167889372789814	0.368452687534846	0.197805935260241	0.0577014017521261	-0.0536404185102559	0.190559535435853	0.10473224633408	0.230869846332217	0.042653164730642	0.0371946619773308	0.132829632341635	0.173868271901513	0.16591544295965	0.0418292951236541	0.12582146309436	0.270901497821347	0.255150040389785	-0.178278279149034	0.381646787067687	0.229567197381824	0.180792393674679	0.407813400304398	0.191074597872223	0.14028581426127	0.10968573229066	0.156486402550889	0.391845875495529	0.121773618221204	0.111296105131958	0.0952056001557983	0.269537798870923
0.674613303965177	0.288678024959863	0.523099732129546	0.391285340255927	1	0.476140841682791	0.191260373258702	0.246021193217937	0.183993411698831	0.112857026171804	-0.127760387310981	-0.0737872527280893	0.248094128461576	0.170547536457751	0.32900302971365	0.261464479866123	0.138729354428324	0.185054698722855	0.315345790104438	0.0133088096498794	0.155057070250928	-0.119228684297855	0.00817855059178561	0.117664858346099	-0.066927115211492	-0.03920331173852	-0.153921967044707	-0.0854691965209463	0.25955302278002	-0.0354844836023167	0.0366967240577681	-0.0366366539255172	0.0810896580271192	0.212311690177063	-0.0410287650651	0.319847070889241	0.00472298299196279	-0.04233158225371	0.0836722678054984	0.103014100403574	0.26103103058182	0.00661527350336464	-0.125051143669461	-0.0836753423665732	-0.0698595593015917	0.0629407836466852	0.00591808918063797	0.300067671509324	0.169267569121258	0.0597457278209873	0.665876792079762	0.382308393914589	0.396708712444632	0.543731894643369	0.537652802746102	0.303797827865658	0.257218636003381	0.542353149502622	0.0524540571958927	0.240035972356049	0.0412973512626565	-0.00763255969237377	0.231494128582325	0.173386681717759	0.254297482074132	0.160444769313492	0.0347804711788826	0.0353969324152957	0.206754631764069	0.311604819059466	0.00273981108564903	-0.0279608711086057	-0.0546802534135914	-0.130162524997354	-0.0743517690981646	0.0503507594062414	-0.0706293798984073	-0.0868969535484639	0.258947094883341	-0.10706082203642	0.174765052275162	0.147399880877595	0.138631667221463	-0.115629842565204	0.241054225074059	-0.0420653768255307	0.0534978437445063	0.077744468015732	-0.138660350513784	0.108136508021375	0.154666716134328	0.164269771067516	-0.0151691089297292	-0.136302042772787	-0.14983255561856	0.0794925373655334	0.338674904830806	0.20819026410239	-0.068912443985964	0.132782352945602
0.340239498372959	0.527865025959066	0.541688122846167	0.399761528317755	0.476140841682791	1	0.512494967543002	0.0493596677852705	0.00483145791864974	0.269451759131383	0.080119452336272	-0.00151184408769393	0.220975960982408	0.0495218563005871	0.230302219136019	0.234231601516158	0.0671980296168185	0.0569702708158516	0.102138182161658	-0.20213967045291	0.183752668721997	-0.0409126431729163	-0.000733834447761416	-0.0258157866245532	-0.0684424020860449	-0.110816538241018	-0.0823612999047353	-0.181063508262266	0.295720953460358	-0.013368758934908	0.107872037611028	-0.0501133110906461	-0.0515928138306624	-0.0295528344731755	0.039629592950973	0.252834821619795	0.0581545413028295	-0.136912406380735	0.173989993976763	0.0243285305989761	0.276101209452163	0.156033631634452	-0.096648838169383	-0.0518680135534848	-0.195267058325401	0.295270553073532	0.14185990825126	0.454498798549083	0.174340669340323	0.15169001142762	0.507061536711671	0.472421033682765	0.497876987471419	0.611159232994429	0.618434996932305	0.578919052933198	0.156255929876681	0.308430118895245	-0.0318666643095651	-0.0214458541825177	0.17742553820039	0.158421278604655	0.350396185284803	0.267297175539738	0.0728955131183253	0.181835642467636	0.285402313334393	-0.0352949059072869	0.15081412163734	0.0903638484184004	0.0500212827370428	0.253692042481214	-0.0252259565205498	-0.220696850128281	0.104487174393902	-0.0191908284202015	-0.0140872562937015	-0.0327612027884682	0.269833876848342	0.1173392173777	0.198245161158007	0.234890063017313	0.305070871496004	0.133715935366463	0.118116158259182	0.0671281730863173	0.155394323559006	0.220332475149888	0.0567345981077208	-0.0479398118766022	0.346277163182231	-0.0151019269056626	0.0622717616811928	0.125580591580969	0.0593014055665562	0.192189118944213	0.387595435718767	0.282368751704843	0.0306979112730194	0.207421019540431
0.162384744688666	0.381609190375988	0.284797157383385	0.543805653084318	0.191260373258702	0.512494967543002	1	0.286647280847807	0.228004722373209	0.409877872198984	0.353206616965158	0.388930904492222	0.532768154251387	0.462254292751262	0.47568667178103	0.488222039711205	0.378640142853737	0.355071000315837	0.254366151991328	0.141568610341709	0.217114191088858	0.138471349609996	0.217777579162918	0.355174684205249	0.256109623537366	0.246912468131432	0.340492825379599	0.263682372863482	0.184787155540539	0.201926100110579	0.487310964250875	0.208248780195404	0.075734663009824	0.115883058688472	0.549631119039648	0.40772112335628	0.037483408958421	0.113584224971619	0.466609644644417	0.329672764542106	0.34900192838333	0.347469519244297	0.38656681935999	0.306511711078486	0.210217145422028	0.222344044343205	0.516068295548724	0.443766831680022	0.366522365538957	0.195343070715656	0.254504715744398	0.54712690964215	0.400768528096897	0.248637535549934	0.463145003671415	0.609113977501617	0.0416745891200864	0.180622564786981	0.250582056794512	0.176293508934883	0.396366677586738	0.400274104869853	0.373310785550532	0.393235356591883	0.293727596935569	0.45225434073977	0.607984235519517	0.337347715288553	0.357594210133972	-0.0130720007262447	0.446026342598256	0.428750058529398	0.202950375499206	0.0686391888033348	0.430723303260132	0.0847789612092007	0.352281438262934	0.261871941516406	0.0629165294869634	0.450889972607326	0.257066659797498	0.324835740955891	0.323024939369839	0.447762750018314	0.216257289781431	0.382879202278475	-0.199253866281743	0.654780655896266	0.443506065903433	0.197563760210665	0.598684229488192	0.177618909547369	0.375874097305222	0.387308201730994	0.439606262215924	0.475653770282896	0.311787616280435	0.328588620219441	0.454607621967614	0.340786429721919
0.108673751461239	-0.0300781837785599	-0.0288326807291407	0.286699960182918	0.246021193217937	0.0493596677852705	0.286647280847807	1	0.500494181690101	-0.0854981635545221	0.109704075511945	-0.013935411355703	0.292488344846591	0.141948920221202	0.181985063104137	0.473581176152869	0.447459108567075	0.628106179815509	0.575900828551703	0.69089425714723	0.035478548570675	-0.213936301961449	0.0339722194637685	0.274427408531615	0.312812080953548	0.136222617797053	0.0450185737118465	0.0637753180010904	0.0403374851213336	0.0508268839679529	0.391804121013326	0.221997818101713	0.00738740353800973	-0.0417496161264323	0.289235167677647	0.588995861276038	-0.133576041144756	0.391353056786133	0.266825314639653	-0.117861059337833	0.119179233508921	0.0940384986278448	0.12191048791182	-0.00437981332946754	0.383808495422019	0.110579154024101	0.060917316689728	0.0176882236844294	0.133456416803505	0.0763436948655871	0.23527408546827	0.210282402899804	0.325263921399104	0.00761166891975757	0.0612269103224212	0.17212637871029	0.405283327567058	0.4332533415118	0.4723326675871	0.459838495905839	0.0680097088040176	0.0625946780708887	0.0451339717577953	0.188912506733854	0.287446508265699	0.164012490067605	0.321412074988877	0.400003664092098	0.536243761347706	0.457480690399859	0.20019098359368	-0.0513190603875615	0.00896418002649857	0.29233391339024	0.266099476366453	0.367189319691666	0.147157872511628	-0.0128743460912104	0.0357521009090816	0.277544974563804	0.135708021482181	0.218013069528117	0.0364540232932642	0.157474582767078	0.380075696784138	0.178242456254218	-0.172340797550915	0.445169214691613	0.148526661100207	0.490544772615485	0.284751334020082	0.163717270842217	0.226479536488592	-0.0274214677054729	-0.00959515643047142	0.109811670202327	0.101918896727545	0.0508869113352406	0.098813931938726	0.116582097036744
0.0111437567865665	-0.0410286967409967	-0.0255500257328162	0.190796392088017	0.183993411698831	0.00483145791864974	0.228004722373208	0.500494181690101	1	-0.0957953078174586	0.00969591596888732	-0.0626155616794967	0.28960800625509	0.158593256603323	0.0211770225574121	0.326107090331666	0.450903365677696	0.441952416190217	0.496284208198449	0.633161935197437	0.157786547238607	-0.0795900681532531	0.180814705687928	0.483433166127366	0.568178788146025	0.344412533308155	0.231151882224325	-0.0240323945232857	0.20208289393409	-0.0664479015234843	0.227698582572749	0.102954585890557	0.150486787794823	0.0856132886282764	0.218871398729001	0.543571189135262	-0.0206001556094161	0.416364389760777	0.289430042726983	-0.0532435645165184	0.0231698448103806	-0.176510327640419	0.0408410473374019	0.269932073152492	0.298061718359213	0.100614944969478	-0.0817024171528817	0.0548365431980456	-0.00862038972324086	-0.0532858786945833	0.104475691118752	0.0129113393029554	0.172929576147959	0.0253245642407744	0.0781685199915022	0.202699420069036	0.5127425562433	0.356812236343361	0.471019138170819	0.818678624050866	0.103080925582616	0.0904905277775148	0.129958113761207	0.386588024333745	0.239245671253256	0.178964131697755	0.25070198487163	0.515993148322286	0.557701190634586	0.612069520038544	0.179502518949559	-0.031152993333052	-0.0219774992999	0.443032849557896	0.223783273306332	0.251214604150658	0.279764380639966	0.0168726221434481	0.151490328463534	0.155853728022056	0.0235876763127549	0.34019230513363	-0.0391295233926075	-0.0224238541762295	0.362335748723385	0.223568597695827	-0.0616073975660686	0.277740798737088	0.0918138701509238	0.477176100964999	0.153549625500571	0.0780815775091398	0.369387222082006	-0.0839810136290058	-0.0274894370733372	0.0800177913571497	0.187397804923296	-0.0573770029625581	-0.0397690542128064	0.0324471683319515
0.219444301439171	0.432263607373196	0.38383543846481	0.32217178176238	0.112857026171804	0.269451759131383	0.409877872198984	-0.0854981635545221	-0.0957953078174586	1	0.334700120507035	0.555208721598578	0.323605848205547	0.328974565732508	0.3756690910395	0.133646627209477	0.0813192921138204	-0.119107659173205	0.0297585133999472	-0.250939764506997	0.277486964046706	0.477996308870833	0.207082395270786	-0.0559079219311356	-0.0957065161358341	-0.136770236055397	0.186839016339359	0.304480692447225	0.0551702638998774	0.043056763865263	0.0897139843462731	0.00123719810090783	0.00232848369496663	0.0983021986827103	-0.0198877850311422	-0.0160795139198011	0.11067183611838	-0.213596362062943	-0.124118146942239	0.406320451773536	0.111398910995628	0.400262056573788	0.149578270560264	0.0520851742289961	-0.0612175727274599	0.248465936606828	0.27179922125185	0.274293974490985	0.117441698117803	0.288210723149158	0.132585648323646	0.357603285449716	0.372961472269074	0.194282422178045	0.244636329476114	0.353443222204526	-0.161371803864264	0.0321135733373122	0.0386434807650517	-0.150414902236633	0.397585179325095	0.391811956058279	0.455764231356767	0.10496221426463	0.311753488938442	0.395035194635943	0.269887949854783	-0.0935249399498557	0.0912322824757571	-0.235108083649882	0.303419076255211	0.433029030615782	0.0747352045606427	-0.172694693248006	0.120838104497939	-0.262228422672411	0.12736970527484	0.252624583562238	-0.0794737635562553	0.082918406988188	0.223496587610468	0.189804132410646	0.0306009256440258	0.151557968973833	-0.0414081697162091	0.29606965191332	-0.1522070464661	0.241958960807273	0.206636158333516	-0.197462711163573	0.0932692498237298	0.179524120469165	0.0246403604977655	0.305542118169815	0.386943904814975	0.276731430029737	0.201392432181288	0.169223059662243	0.294890139319327	0.459849795629867
-0.309097325483586	0.107064459458308	-0.0746335052376641	0.123221697576805	-0.127760387310981	0.080119452336272	0.353206616965158	0.109704075511945	0.00969591596888732	0.334700120507035	1	0.577373249719376	0.131567747038871	0.142200765762081	0.0786156958398721	-0.00567760950845259	0.268953281937904	0.204286271344419	0.0473712667218444	0.106717189522495	0.0272102112490784	0.270721860974853	0.422289186060751	0.213746617857345	0.179844565887568	0.307371429051064	0.276627993590465	0.211977536803223	-0.0950207490749717	0.0473554513974124	0.266517830195814	0.270845254694856	0.0779951591145166	0.111907082837258	0.253630245619024	0.0318977456189921	-0.224896663005562	0.104897092004593	0.172041485359908	0.123501523876084	0.0913685152685688	0.0780567235972483	0.308649776483738	0.365395102178681	0.257632763926852	0.283138837213432	0.417900268861039	0.057626267218558	0.039428349880916	-0.0923994545885124	-0.17011416025739	0.238045196997182	0.102429697776433	-0.155407181449579	0.0441860989278956	-0.00301061374288877	-0.107710727885997	-0.201793466032315	0.0827899907055474	-0.0540496207899468	0.227704721688997	0.360091684053242	0.094495611611806	0.0488769627872283	0.146007354370014	0.274206165633585	0.249577474030355	0.0538621763683841	0.091044063099107	-0.160071612531595	0.23335269202822	0.225825462294997	0.0685283153336549	0.00923691414913754	0.2315241920761	0.016934780954521	0.225358464126974	-0.132428235564158	-0.328959499149793	0.314359522436211	0.309997901922669	0.170029018814305	-0.0420969446728809	0.311018512485372	0.0913301558724391	0.327952197086323	-0.212020733723453	0.241733883380634	0.381958935263351	0.21713687498522	0.257751623789388	0.0390688564318964	0.371481929471509	0.216295728998856	0.375913923971321	0.33823771813231	0.0276989946078939	-0.0474760987465485	0.294172119273789	0.294711491397947
-0.104153917079578	0.247760828785666	0.10311038004557	0.167595280391173	-0.0737872527280893	-0.00151184408769393	0.388930904492222	-0.013935411355703	-0.0626155616794967	0.555208721598578	0.577373249719376	1	0.449163380108588	0.38381589551838	0.297657062839875	0.0577444836024496	0.358699417699468	0.131619403812586	0.0861811727463682	-0.0801520498008551	0.251125367584731	0.427850035560122	0.470793502345822	0.0730569429583796	0.0371617283590034	0.236130979561342	0.387946003833155	0.26952295390359	-0.0471258990969442	0.298774280348531	0.218091096602503	0.110314615655444	0.27967780560757	0.132129823194256	0.272515274459624	-0.0224838629756804	-0.097964528355159	0.0585426057803459	0.0653995733347225	0.212514652374972	0.138413526503695	0.232837863756848	0.506436009390593	0.443974759685882	0.259185479023237	0.176619368853572	0.490034297394941	0.203574568963065	0.31535935629509	0.248432771921057	-0.0666302056852721	0.37968900312784	0.114375379783501	-0.099941493447927	0.0775754211219079	-0.0115363669398503	-0.203716976064335	-0.0975687282887348	0.163361519122897	-0.130457558461572	0.475005741358933	0.573181162277723	0.358045104662727	0.212554841691825	0.371787403771642	0.446021331451694	0.341610497873421	0.0278024050916722	0.119025308747233	-0.303796737756601	0.375311265821586	0.525801097491129	-0.00340112060987288	-0.0700093973822398	0.268832772042839	-0.149956308709398	0.345570348895209	0.177128286605211	-0.195874053585397	0.292419074802682	0.163711736169862	0.243847652986932	0.158690722233475	0.394159822300557	-0.0535029277952095	0.41526990643138	-0.364342177592392	0.364752019123743	0.483833943908644	-0.0334273258307574	0.10029338761237	0.0630734921327276	0.335164416441381	0.473963945437454	0.623441282455103	0.372056693415328	0.119705690109688	0.119437588613914	0.464555745422535	0.529929282422319
0.156223251250757	0.170018701726007	0.209244390132008	0.42341039064101	0.248094128461576	0.220975960982408	0.532768154251387	0.292488344846591	0.28960800625509	0.323605848205547	0.131567747038871	0.449163380108588	1	0.407022398710297	0.497241202346153	0.329570723683604	0.50372462427228	0.323304970632413	0.417910870542935	0.120277004711991	0.365485975450488	0.281414713392759	0.344371611070174	0.180017427327631	0.0874960857244259	0.271674269991707	0.203696287935417	0.194667186676295	0.133037387336834	0.109702343743566	0.232152197740037	0.0487181199385043	0.269386848670489	0.280183048912396	0.326836090225881	0.335232039193575	-0.0397191830433796	0.0426606367214231	0.162957202801681	0.238122272504901	0.227484142061413	0.11156086479624	0.244810972796736	0.239112500130281	0.2039636696725	0.322714160253292	0.285836992997501	0.263153912542783	0.335283637275041	0.276164556448306	0.304472954609345	0.351795170964925	0.453854921051319	0.323707409569419	0.310899748055989	0.433869214123501	0.25094019184479	0.407579455709026	0.18581867821411	0.197127820226848	0.412349588586724	0.503861608954501	0.501518482937126	0.36186136167825	0.471075585826002	0.38756224784887	0.431720636110139	0.27529326586188	0.288855764717066	0.121121925825118	0.368751130745403	0.414850065045807	-0.0779518961332711	-0.0376133279729091	0.17478593388699	0.113018168901435	0.284544759112657	0.0776452853031773	0.0215465053734668	0.151285708706314	0.291421138849914	0.380975497783213	0.244961291111439	0.170929863756766	0.17616879867053	0.381115513594929	-0.249134735310088	0.409270434611512	0.158473672422957	0.137442969289956	0.201861648574656	0.283731754408131	0.330696130438152	0.24150717169619	0.319866035581772	0.270492132682627	0.280333630889081	0.269179389956876	0.214191080528223	0.223597358491728
0.338681620083479	0.321885368416361	0.142200547257489	0.258385908235307	0.170547536457751	0.0495218563005871	0.462254292751262	0.141948920221202	0.158593256603323	0.328974565732508	0.142200765762081	0.38381589551838	0.407022398710297	1	0.357510929231963	0.489636064441682	0.383604837882923	0.31570940526096	0.215273326697974	0.0148080773372228	0.047965614179011	0.187918514732734	0.234022444887116	0.231558375339297	0.103047204400863	0.243891544260582	0.303121621700459	0.436878377713315	0.15009180673706	0.522381596975818	0.555552089185977	0.283183569016794	0.213005094318508	0.101549499304443	0.528411382843043	0.242397410697414	0.024263948520274	0.133724410777611	0.353529561789997	0.186607307453441	0.32038582710683	0.390877581338789	0.63186419932182	0.389102576893388	0.419314032148209	0.123879495327497	0.557948184859237	0.332337036887686	0.580061515906878	0.221502016662053	0.170346423608873	0.4594650012969	-0.0242739840893877	-0.0774099941516838	0.135936538059332	-0.0334814365925202	0.0242161911694764	0.0431938707120104	0.246942216430129	0.135731779996458	0.453293996731118	0.331343624467477	0.134939749301563	0.314992882317022	0.115508625969283	0.433885663880266	0.511746623227569	0.267070239970732	0.268531850861805	-0.212626591053257	0.458568584358384	0.344522159354852	0.132195642151607	0.0505413832905578	0.497062974914899	0.0844244165771934	0.25054055401816	0.360195062224791	-0.0384146908480046	0.467395895281102	0.146543338907107	0.362465293442558	0.42171243183999	0.528095494036316	0.13813775555132	0.375372975049195	-0.300004388871367	0.462336052742788	0.440875871967545	0.298568714610272	0.335126955878551	0.0208931361878441	0.318885433387591	0.500422286496282	0.601616518049377	0.329535794024747	0.283576519391984	0.349833441437887	0.674036047453459	0.394341347441391
0.301852980351259	0.315758064105161	0.315275141910914	0.485740851387574	0.32900302971365	0.230302219136019	0.47568667178103	0.181985063104137	0.0211770225574121	0.3756690910395	0.0786156958398721	0.297657062839875	0.497241202346153	0.357510929231963	1	0.339894666727197	0.269335731395672	0.122747024411158	0.303553357376545	-0.0520556938080683	0.220182411873346	0.350579343553363	0.205485333163915	0.150792434344467	-0.139579878186405	0.0542314775276054	-0.00976759528362311	0.315490066856204	0.149694541283637	0.183702512566343	0.198316018879681	0.115689337258059	0.0812380180457061	0.162533432341199	0.242142264390893	0.255710215899736	0.0908549959398395	-0.126509918095085	0.231635334188637	0.332259737210328	0.435420806676537	0.107344963667714	0.274209142846872	0.0734012638826142	0.221204586262067	0.187110662692258	0.304373416072611	0.19758705949896	0.396028770091657	0.421611483384281	0.342431022557512	0.303377367042951	0.333399018219172	0.327339099384756	0.254363971243985	0.335529527460614	0.00169604478063006	0.2057974714325	0.0947049363133859	0.052757089684747	0.426089818021073	0.410779004251015	0.493165065130384	0.262420071733765	0.381830650132914	0.381096164249949	0.319024166766307	0.00115149709885273	0.245580435903336	-0.0361010935145285	0.376652512853102	0.431038870569346	0.00720951882704762	-0.239448325443581	0.0934586658443201	0.0444657575345311	-0.0215257594323616	0.282973147561815	0.120526005290815	0.0933951455908183	0.34131966009203	0.260676126968549	0.293343281298733	0.137187018472207	0.23572661874749	0.334401600293093	-0.123303855308007	0.306813894590048	0.153304508692198	-0.000233549254370433	0.292064214852485	0.428462990599775	0.126008018258571	0.296039686406068	0.270179599603095	0.137108929931161	0.312542302170613	0.240265724330363	0.21216528256622	0.379602218445715
0.331644950303103	0.23070533282213	0.184118668406799	0.374827221208083	0.261464479866123	0.234231601516158	0.488222039711205	0.473581176152869	0.326107090331666	0.133646627209477	-0.00567760950845259	0.0577444836024496	0.329570723683604	0.489636064441682	0.339894666727197	1	0.345541873633297	0.434443246218332	0.326767259704963	0.270282410121533	0.0745865087690045	0.0056426788370315	0.0725144939496234	0.258441527896015	0.222246514187764	0.123357896342369	0.169473316501722	0.326313842649017	0.078031178615448	0.264910332033889	0.716855870158004	0.319026766842865	0.195214090392835	0.0596318944372299	0.561999317876041	0.612651988754216	0.0164746312457877	0.224588565218524	0.478767778633727	0.0463530427866486	0.187094147964339	0.180831872243552	0.403901739933819	0.185998700743822	0.314651032282487	0.151659246814668	0.341822069549572	0.247509940053864	0.373319359006463	0.18834304067908	0.321617259981334	0.39980255644093	0.202845278036308	0.155416895527793	0.165969277528	0.323021472996988	0.326278583264618	0.315972638096656	0.379557650541177	0.258905311954745	0.311733011821404	0.256698499944448	0.176692634113071	0.40556631954365	0.169776029351819	0.281625058388883	0.608540517463444	0.390657949302598	0.527325096915716	0.127159814905676	0.293132660540148	0.188754787118991	0.168644759460372	-0.0103145850381156	0.410600736111859	0.287134085509028	0.184782285819004	0.270645808202188	0.105610623750249	0.497722725197279	0.151005001324143	0.398678481849377	0.311399167132901	0.354948929581624	0.384410889052592	0.394919736210066	-0.0867272208177085	0.592486677255064	0.308149191999278	0.363427419798815	0.407020491718956	0.0750944135458891	0.338713165777232	0.303582694202692	0.24851333317922	0.219636793820612	0.233626205250913	0.358174533994871	0.307736951052886	0.319497597819673
-0.03434642421237	-0.0298994808673697	-0.0843513903439769	0.25991592114762	0.138729354428324	0.0671980296168185	0.378640142853736	0.447459108567075	0.450903365677696	0.0813192921138204	0.268953281937904	0.358699417699468	0.50372462427228	0.383604837882923	0.269335731395672	0.345541873633297	1	0.677168881177546	0.416266375808361	0.358114831552881	0.399228482218892	0.15845359400432	0.445735686029201	0.409772860130829	0.358790945062581	0.632392954321724	0.425220850207708	0.147193989036368	0.0929878294514265	0.182690874743364	0.500451898686534	0.358173282525251	0.354717424970824	0.278430638077313	0.456447394588953	0.469044729235071	-0.115422363103011	0.341745314117109	0.37371439577107	0.0719241075035855	0.219448857378762	0.190290825652302	0.431348786673065	0.590548243103191	0.573930569053906	0.319182839512187	0.435883094687668	0.180877550585875	0.425216467501908	0.233151904975254	0.19149609930378	0.318596965019743	0.155831203908632	-0.135982215581034	0.137747810469825	0.072734049871485	0.270574600150279	0.177947273339977	0.42834382607919	0.356247879865554	0.260402672232924	0.436123519040005	0.213382494687156	0.424822422660492	0.318551403470284	0.281980544560671	0.513994147862771	0.484080349412134	0.580790961621062	0.132927032726972	0.388126024595476	0.294953855133948	-0.0569247407132989	0.16483087933683	0.51009854875212	0.327246608947822	0.521533688140982	0.0176405852382928	-0.116782279305109	0.470978026498991	0.283031718537634	0.446287512743779	0.159543289414656	0.395989514881448	0.291269756034885	0.443492901787465	-0.278491300469923	0.551526455004063	0.432507165101274	0.418210387125899	0.279072860103253	0.130661435391157	0.581027704172727	0.309209479235946	0.320234951675477	0.154918379997108	0.301682137077656	0.0979050180972593	0.306566257184471	0.358665519226257
-0.0108795662751286	-0.00308325610411646	-0.0986586160830259	0.296888463279274	0.185054698722855	0.0569702708158516	0.355071000315837	0.628106179815509	0.441952416190217	-0.119107659173205	0.204286271344419	0.131619403812586	0.323304970632413	0.31570940526096	0.122747024411158	0.434443246218332	0.677168881177546	1	0.409278275401802	0.546807956877903	0.0935114466322026	-0.0490438994981841	0.251696812516708	0.377722942038907	0.367723377308741	0.505406399929568	0.330896478585416	0.108026050611583	-0.0272256496503009	0.141709754912028	0.57769427215636	0.45588890061567	0.213232713406246	0.176100113518869	0.395251654983845	0.455855486569013	-0.202297518562353	0.555960908698169	0.350270751147467	-0.0244231375163029	0.0987102339239227	0.124089772330405	0.31350671480082	0.394223641067095	0.519767279369118	0.13711927961713	0.321725562585535	0.16405316433768	0.263595837807916	0.0749034949325044	0.152776751859835	0.274005486948394	0.0619811566227662	-0.0860557054061524	0.0585933330336306	0.10167200548427	0.377577240873981	0.270630496121615	0.532718615093133	0.445311293168099	0.108638428619979	0.222033499807045	0.03601302623546	0.363296080781025	0.214700676218172	0.233208050208942	0.422722849668309	0.603659420979712	0.622948087091964	0.282524039567687	0.352231358282874	0.127701554710279	0.038547944203317	0.213932518646042	0.423175401360536	0.494466907884618	0.466241146503334	-0.101581066158741	-0.0822463390346142	0.484445395649027	0.173018529125896	0.339956112980446	0.031127383045592	0.332330984615573	0.416241557826029	0.375538609918988	-0.25999161852187	0.433899524752694	0.310202314321312	0.530441745948524	0.316537176939418	0.0688111769464155	0.437764405139802	0.15671952512297	0.219088494709221	0.145556676437543	0.130336715322115	0.0254823516421883	0.239457413799438	0.217967499433154
0.171904602020413	0.0489210863062066	0.0298475868384662	0.470787362096312	0.315345790104438	0.102138182161658	0.254366151991328	0.575900828551703	0.496284208198449	0.0297585133999472	0.0473712667218444	0.0861811727463682	0.417910870542935	0.215273326697974	0.303553357376545	0.326767259704963	0.416266375808361	0.409278275401802	1	0.354973620524728	0.270040221318149	-0.0871617410761063	0.185369189600516	0.243753603905105	0.140027511602478	0.245331496461122	0.0985062456163911	0.188658371432506	0.0903252517329994	0.0111438654354154	0.178557524973791	0.129951170194057	0.0887642373621591	0.181729207525097	0.0961030310339687	0.534933521846257	-0.168627972068878	0.137636716746904	0.141752286979188	-0.0409142905107978	0.172963740776975	0.0126767395027149	0.0644404672659525	0.129587970834333	0.384403232623418	0.143628586441314	0.100861585543017	0.204928797724286	0.166158625276208	0.183085380727555	0.313794888634155	0.206332211178299	0.375392197269697	0.148619496229077	0.201203638370826	0.30138305511105	0.31701930485347	0.461171081599598	0.422447878290134	0.46058183124537	0.1263948559873	0.188601337364288	0.274301291367245	0.167256829910568	0.568660475037909	0.291636916126781	0.260468875820311	0.30934986956659	0.498750495035169	0.3780675273655	0.220754921646123	0.00347282254378734	-0.200863959216963	0.185947121124746	0.126667271009972	0.229513291497336	0.222344770384859	-0.0460312460708619	0.0351295134882703	0.0843487121824091	0.18978551747737	0.326174947018595	-0.0493332418388044	0.101918376035203	0.415450507272075	0.255813000546428	-0.301325665253697	0.341751356212175	0.163985283746493	0.235508445423901	0.207346937272628	0.333983310125002	0.220024288920372	-0.0600324948249381	0.141056296006996	0.209400343939293	0.142407069222141	-0.0717425840442353	0.00107652678301918	0.123848582714876
-0.146298587753296	-0.23035998166792	-0.157374256568564	0.0954360765608179	0.0133088096498794	-0.20213967045291	0.141568610341709	0.69089425714723	0.633161935197437	-0.250939764506998	0.106717189522495	-0.0801520498008551	0.120277004711991	0.0148080773372228	-0.0520556938080682	0.270282410121533	0.358114831552881	0.546807956877903	0.354973620524728	1	-0.0200669397582014	-0.170727314156824	0.109644045066359	0.382136445635918	0.589191109962266	0.244390294646801	0.146255864631393	-0.0997023464722685	-0.00429948963817424	-0.092892172544227	0.266751379208869	0.179257865521356	0.140981467843088	-0.035051543903678	0.222070590719233	0.471304983165382	-0.110452309811298	0.566595064817285	0.166955795419468	-0.124827785214718	0.00615644584528158	-0.125856874066711	0.0209747030569334	0.0545522727852228	0.414339183245253	-0.0532978773312333	-0.0392081038913635	-0.0662420402697017	-0.0795069822253083	-0.0960344082189405	-0.0390027021355301	-0.0459105493234228	0.0915706173036752	-0.0826088971313615	-0.046749362471891	0.0189156827791224	0.283751405730833	0.172428657570961	0.358245656815223	0.590977194864716	-0.047669322266966	-0.00621360215844779	-0.0981050681254784	0.095209615936053	0.103462457859336	0.0633190649086326	0.116645464991473	0.375778452485521	0.426271513727504	0.553599995414482	0.139233088837011	-0.1533462206913	0.133404762863942	0.565495313321087	0.169534926538926	0.359586930823262	0.272189755281586	-0.0612245772085147	0.00578601602354424	0.132435395938907	0.00926798063643798	0.10806190243856	-0.112675018498949	0.0101594798714328	0.310731172010712	0.154547566324577	-0.148548415775346	0.282241470301257	0.0722101314747047	0.543867039384464	0.147195777565077	0.0954125066894232	0.24229631485042	-0.140509463309953	-0.0781394395610036	0.037374994169965	-0.0191693002873548	-0.135475357818422	0.0353052670929717	-0.00357082094681263
0.084497026153474	-0.0197316964554873	0.119861003826941	0.24235417014412	0.155057070250928	0.183752668721997	0.217114191088858	0.035478548570675	0.157786547238607	0.277486964046706	0.0272102112490784	0.251125367584731	0.365485975450488	0.047965614179011	0.220182411873346	0.0745865087690045	0.399228482218891	0.0935114466322026	0.270040221318149	-0.0200669397582014	1	0.147228956586773	0.233873853669521	0.0713031663255363	-0.0156367684827883	0.205252152441657	0.112982549619653	-0.0439470182713642	0.143505964621121	-0.113860844573331	0.0234281769335501	0.0643813474684768	0.104615083572148	0.346578004965503	0.0321282052617643	0.0216293485757472	-0.0123953318626418	-0.122817950641613	-0.0311627850593474	0.152142380991992	0.123506778115726	0.0717749113182326	0.0153945267637089	0.264249368899521	0.148748859866172	0.128242425276433	0.174762749056087	0.125367959463987	0.143469734081379	0.323175061060618	0.291131526883647	0.271266809020509	0.485309744329888	0.177552414085001	0.24997372520725	0.334700550708086	0.00754414099555096	0.187627555068239	0.199634495019613	0.218172762375313	0.069783877351112	0.320072374196247	0.33230235559465	0.398444432936153	0.419364656805136	0.206888205026827	0.222221810701513	0.239979605268241	0.243348245570701	0.0260925926009203	0.296950481840184	0.202615118624329	0.037253383534893	-0.158804371217053	0.0903270527415858	-0.0155758924044815	0.235192601115016	-0.0275940613091057	-0.0651981104792833	0.0534698962286755	0.216003209553428	0.291708714520506	-0.0117592247422248	0.0147202786137781	-0.0243624932086923	0.156846446511136	-0.096144495266281	0.132561975518805	0.122550436430813	-0.143650667289889	-0.0325436217766068	0.196618821609878	0.176273274903947	0.00198381679150651	0.159878827232215	-0.0412586896242774	0.182443271256561	-0.100333375945983	-0.0413701036673333	0.215284277694197
