1	0.497293990561246	0.471921367121487	0.481718808426064	0.529656604147674	0.531350870194341	0.45159285835598	0.47209161404285	0.436136781311617	0.446398860159434	0.286379273693056	0.462251897468449	0.355111928461858	0.483057484286533	0.376990393334241	0.496013715461575	0.396475499136194	0.491900355579239	0.298563532855788	0.271678254649235	0.210183741659236	0.59169558176667	0.438134388666467	0.291394547228938	0.516288287204564	0.396200204277284	0.469221342858607	0.188762816502671	0.187986119804681	0.116420832830945	0.386450143781148	0.350890660624898	0.354226477559579	0.14404615192527	0.426528514201963	0.341038177841731	0.0695013234172261	0.28895873181984	0.285989919147254	0.438459531011866	0.170751967147494	0.322977767022042	0.289142516186896	0.43630188873968	0.282866509004552	-0.0478982194810032	0.322992458908519	0.386438594517468	0.175796861345949	0.341191778837842	0.563309506704703	0.294885977873268	0.379413117457258	0.491840710148445	0.440724759691565	0.386782199101652	0.357888598941435	0.543213709890068	0.505368088887505	0.389061660228223	0.482197091812416	0.201368099357997	0.197283863393368	0.350715017270629	0.512207947042893	0.419888786893415	0.289889708344495	0.336695282515223	0.380200956385489	0.358809750848461	0.132293331775359	0.391202579042531	0.176552829361115	0.39935372616963	0.416666756524796	0.423588014428478	0.471255185467493	0.135335036500414	0.263297505783932	0.265197502681686	0.402331908267415	0.388277392061025	0.210543132148482	0.0994180413632671	0.244220253623506	-0.137869887871105	-0.0954994212903323	0.305071292159488	0.0660990831745796	0.442971225066308	0.222207783520959	0.34348301626917	0.369402277388496	-0.0168266931008894	0.255434148250507	0.389412161304207	0.456582259159805	0.342937465459036	0.487701452025969	0.330707532021073
0.497293990561246	1	0.771414355213395	0.372756878075145	0.250411071331647	0.428401302691019	0.374965917200266	0.103833023942557	0.24925846377224	0.390817511914628	0.0034852790052817	0.191114033394458	-0.00326095419697534	0.391343166017963	0.031437986620628	0.344689204404334	0.147534454050325	0.26065045724868	0.167915705627049	0.123245253381446	0.0991774765665698	0.361449262757245	0.0867121064428777	0.141008836596872	0.309167826438455	0.0921057368883235	0.236409393591554	0.171294726461734	0.124693885926542	0.232863129643813	0.383852465246732	0.0199147714782151	-0.0344948307712987	0.225807916960701	0.444163188445644	0.213174632265089	-0.03341464443788	0.0135990184271667	0.0654649017466678	0.106875072927003	0.170120588149256	0.235408985596779	0.0952446505068456	0.116366820980761	-0.107638408229125	0.15947881278572	0.104960596465133	0.11468426534847	0.244315775484112	0.170952073520559	0.196967178568183	0.657895277940789	0.522328790077937	0.488836896781416	0.302201525011105	0.357668697930297	0.0604899867939196	0.17365475820084	0.157487867905326	0.178627065146245	0.333929856254953	0.147110469636915	0.343698001025429	0.0221970045286176	0.48976461380358	0.305379134990324	0.23667653704524	-0.11202971884523	0.107083200098349	0.245814111803208	0.106790942349911	0.459751442335468	-0.145483811895935	0.245552287479827	0.304886954145129	0.0914598074580512	0.355433477718352	0.283254283181219	0.152081384469595	0.0728752669694902	0.171349765107187	0.0941246562279843	0.280521133139582	0.365755236474211	0.178326509012336	0.248855804083427	-0.200795463899482	0.233187621061127	0.326016635195906	0.246930113772807	0.0526081577071231	0.258772877217724	0.109136795099101	0.446977470553258	0.22573117989981	0.175887876371793	0.301750923626804	0.370405683683385	0.307128192200775	0.433532674849521
0.471921367121487	0.771414355213395	1	0.466649782360513	0.44962154379489	0.530624599563033	0.480938078214909	0.165631746651477	0.322780673462439	0.455335716277145	0.1247845293793	0.272323009447932	0.115666885479196	0.339080860731259	0.075372005179585	0.522547094121997	0.34887869927292	0.2707062648822	0.220324073809976	0.323590649067485	0.190090291466776	0.409403135378379	0.224668445966729	0.198470127058886	0.436249504766763	0.232111000644126	0.424908601406233	0.273078878565883	0.139003050305316	0.287691851991699	0.480030600057588	0.285581975209315	0.167600905959524	0.29758235339766	0.568510050151256	0.366350428636074	0.0304796020670199	0.108258545710083	0.151257343274414	0.18918398596143	0.312532647040229	0.312666197758884	0.162019092394604	0.185020879063455	0.0184642726351586	0.233588723227311	0.346651744161236	0.189361708067743	0.28833839700096	0.202806416050759	0.373520043073076	0.652318995871745	0.534161699385372	0.575259243751316	0.455774037755818	0.471775748089188	0.231185743863112	0.271128669514003	0.227134860723881	0.266377297040288	0.343876975853431	0.16578747627543	0.253489976655541	0.0241125077617721	0.595604702469899	0.424962462412951	0.374423549585207	-0.0317359500205712	0.239691302980628	0.4381770197735	0.219156075499515	0.394485597504201	-0.0839190844989474	0.361967800177525	0.284034685325623	0.208059274038122	0.443438481669354	0.180740677363036	0.242409870938088	0.181776085302226	0.330686317558769	0.24933162041169	0.220024657431883	0.391313726346168	0.358527295863562	0.169700081584979	-0.251377224788836	0.39910832303671	0.335935227592017	0.400210984801537	0.205990176760456	0.230766869391313	0.223233376003974	0.433128605799678	0.396312293185247	0.347518609937196	0.322511121845777	0.238079025569824	0.432764842825771	0.419612243946093
0.481718808426064	0.372756878075145	0.466649782360513	1	0.740592262852616	0.815955741943485	0.892391300164325	0.466722510395878	0.559715562231481	0.406124305804028	0.375114268402798	0.44713582989183	0.446256483946431	0.4905481993004	0.620768665173164	0.777904911350042	0.405650493762039	0.502171547261806	0.467826869782353	0.333860572454226	0.187729896864417	0.443543337506394	0.330382394794044	0.597399000994083	0.544980246140857	0.409602233948321	0.564788846055107	0.21701853255715	-0.176610442796431	0.105857358771865	0.587469797933711	0.315172508047725	0.392484686069917	0.214452742427536	0.631042307712153	0.699415406369881	0.153368647286249	0.30588975101026	0.43073114481515	0.46119191230027	0.13782693371742	0.234320828675614	0.259120807602023	0.407356045902014	0.173839113276275	-0.265373900525563	0.322953790501714	0.539637343871044	0.019362084519298	0.217311737060138	0.568933715037693	0.186213028362209	0.365033915456198	0.609952739529474	0.645462317574677	0.862014696511046	0.451471273263594	0.54190212990429	0.630902867943547	0.566857677863148	0.501184781917352	0.292301497885691	0.177513233049567	0.260649025529797	0.488862195842258	0.305056639803385	0.491607114344312	0.472533840424018	0.57245062206517	0.437429997424168	0.0673590399320514	0.0560483776687929	0.337393857022925	0.455736775490696	0.110843946802098	0.44074648946254	0.432428509624021	0.147921332729925	0.310748771043488	0.322720540844116	0.366842717198726	0.378809561287069	0.116078362212014	-0.0802473952689204	0.188856696653525	-0.370163943991075	0.00433213411320373	0.574117658214662	0.0205023073445991	0.289245328656111	0.352239902741188	0.319056078761496	0.327448602898836	-0.152098382085783	0.00286326654255502	0.657262686153263	0.432751723347802	0.0542548902150943	0.529081668372205	0.147256285726254
0.529656604147674	0.250411071331647	0.44962154379489	0.740592262852616	1	0.759814347624819	0.596052843959392	0.534118906942916	0.396819347283834	0.307893820918994	0.3749039315116	0.390938015472749	0.444018444558876	0.448346759461056	0.381011526756945	0.660537685256114	0.437709136218122	0.472220396924721	0.294030450027997	0.337186339735676	0.111888932835083	0.426970135923777	0.416219254510671	0.383122259806741	0.442602149959431	0.415036250794969	0.472729000762126	0.153973838829557	-0.137147077149248	0.176748841706704	0.5257800745672	0.43226531446542	0.424031343987243	0.116766151736911	0.427721649862497	0.522992304233039	0.117509211200181	0.220903282000091	0.314244424783716	0.42616207945513	0.189218251095257	0.17328120180328	0.149803533500134	0.315368004212354	0.181428366677619	-0.100375359914349	0.366879743404749	0.392480493868619	0.13054133988254	0.123398803579508	0.589527479636893	0.229607600816072	0.294658247208539	0.591766528197354	0.650455721006767	0.591158912398348	0.472232997697732	0.563348948960575	0.568276707913566	0.35612588284143	0.438656766481044	0.239043619019366	0.161002544146106	0.213122808043494	0.476137550553364	0.2548449915505	0.32412783202099	0.406630085486766	0.491976720765051	0.386221167620039	0.163597698588132	0.127027257920159	0.264339228506775	0.396799102862269	0.244654632817734	0.354386591626904	0.39472971034928	0.142979360566249	0.241993020894472	0.260040490607559	0.366564306527063	0.398551036525262	0.077140929064754	0.0285366089950263	0.254283831448419	-0.32025432279521	0.0499663060437	0.491996410167813	0.0319854321914484	0.248900870083046	0.338037629454096	0.260092835262995	0.274503501779881	-0.000187210664628313	0.15629040912072	0.518279574179106	0.322365547155048	0.0985341738437574	0.438170182282975	0.158204703291511
0.531350870194341	0.428401302691019	0.530624599563033	0.815955741943486	0.759814347624819	1	0.788469043195235	0.451498867469711	0.607145055081427	0.527999677546225	0.357288962814107	0.523413362391469	0.518478065438983	0.442992170542009	0.561622889010045	0.731771012373795	0.459957783020039	0.51432265787989	0.405265625016146	0.401050985331554	0.229321637926729	0.499567160288617	0.415137630616835	0.586481029298389	0.632415249224946	0.563901535337873	0.655772917516596	0.331100722595594	-0.0176467425486885	0.162666980455131	0.593972823829905	0.50403096878163	0.471405932423106	0.337772493904447	0.658861897533665	0.654916597288351	0.238779695216508	0.413537249418261	0.484601706897723	0.618000154872373	0.187277314948101	0.365397739689987	0.408041806604581	0.534629183670959	0.285252510220633	-0.112988475218833	0.488199958375295	0.615988476287545	0.173462954609197	0.383678607743914	0.638127666784933	0.329595228393011	0.40010846290884	0.714156289630174	0.732763745302846	0.732386673504198	0.464613502842711	0.539403763128808	0.574457537724186	0.585996011039711	0.536600979349999	0.342956716699622	0.176330238094496	0.329119264687744	0.514294368390809	0.450279373826282	0.413629829991132	0.410265245759236	0.493955399979078	0.45748568014621	0.206536942813385	0.1800003879628	0.352758843281602	0.58723434977895	0.141875378168517	0.520300407195768	0.578158945726297	0.227626741757524	0.410463052972705	0.285431034356718	0.507530552872938	0.518597031224906	0.153128081412618	-0.0364541269896407	0.335906768093226	-0.269522042898464	0.0213507307986013	0.577435327755809	0.0743952014437012	0.427435058631106	0.4653946565576	0.471890757420021	0.44829451484863	-0.0107259290901526	0.181362087218546	0.712317626611841	0.471553304625185	0.136569352372574	0.510762759486093	0.254205761148042
0.45159285835598	0.374965917200266	0.480938078214909	0.892391300164325	0.596052843959392	0.788469043195235	1	0.46986617949616	0.610835398051514	0.47558437795455	0.351200832693214	0.489832603699082	0.481766735435583	0.464801159492042	0.692409929780417	0.737555029390756	0.444621205590826	0.54663218184355	0.505511213335577	0.366567317080934	0.290090798197032	0.417848783842905	0.359054568932866	0.595177807356066	0.569979267038836	0.516895546583384	0.650279551670451	0.202086769390628	-0.104540276004122	0.181209292661448	0.603533185650441	0.417208871090456	0.474497396212262	0.317431346953495	0.76951708282717	0.754188172001915	0.209063957918781	0.410954185079192	0.553357341441552	0.50783138266471	0.161460580872555	0.300892972780978	0.416887384034469	0.527179789596773	0.310724144349542	-0.232940010358638	0.387176892754561	0.70655431023516	0.0591703496583296	0.378635991917645	0.53799664809696	0.153497132453444	0.356444184369408	0.574213953425924	0.606206041439585	0.864170244860927	0.466279640776589	0.56280160131497	0.62281839352062	0.639109813415539	0.461893923071329	0.323534240730864	0.139851351396584	0.336385302342291	0.474170073082681	0.4288846680312	0.598275426011462	0.504944967212955	0.595872158746223	0.458877029054126	0.0624221864982623	0.122912838418817	0.384674294253868	0.497176991952941	0.116662236884581	0.519037422461764	0.540790024743323	0.119237664963915	0.386273017450489	0.41259413319958	0.449661192768956	0.452843646749401	0.211115107316277	0.0102688603835661	0.309586607889181	-0.322941195162611	-0.0322889016826729	0.652576632971575	0.0984618711345164	0.452387351361339	0.469981745607025	0.397136121537194	0.456272092878566	-0.111109629441424	0.0590832926973686	0.715262993769345	0.447025500296392	0.134581428684186	0.555676179316398	0.138947937631492
0.47209161404285	0.103833023942557	0.165631746651477	0.466722510395878	0.534118906942916	0.451498867469711	0.46986617949616	1	0.57281020612815	0.38587044611287	0.571835397587338	0.466731307308815	0.617698062208854	0.30930469934315	0.376933680147657	0.494921280553378	0.517930456751588	0.674718306104744	0.50121159109904	0.453445741672553	0.263945051001426	0.391235121710645	0.557730976171909	0.434377896366483	0.363522554003741	0.572317051925394	0.552827790444972	0.0657196325624816	-0.0687027508624988	0.0202163985094077	0.418756014070198	0.513601158269077	0.618035627187468	-0.06404313052467	0.314403822689488	0.453747249311799	0.135612387975271	0.385659249182369	0.345735456574823	0.443000299813219	0.0730002185406311	0.0831676715896293	0.17202902185885	0.503716534349104	0.407279954985302	-0.224019678398421	0.312653343101013	0.486207037926445	0.212963501814004	0.0622322141829592	0.461462986270381	-0.0366242605716218	0.0925728139613707	0.246118203816265	0.334435222698474	0.395849858104608	0.584161805673625	0.799619155302282	0.765177210096398	0.55043206382657	0.376094907425703	0.221885150428498	0.037029921472978	0.513662342230348	0.369498831397274	0.164980868514035	0.322282908772532	0.609958866989321	0.629370787822153	0.357972234195517	0.0781930101298448	0.0981636070542617	0.394024898754179	0.333284287223211	0.27946601811057	0.53670877884781	0.507705975158539	0.0473451519998145	0.296715097729115	0.497668728261109	0.534260526767025	0.5388229263661	0.227628684304304	-0.0788106684402134	0.382061197851484	-0.455958006729683	-0.00265517175670084	0.417670651590733	-0.118148155905824	0.506508794602378	0.310688283610825	0.307150393164837	0.483391863005656	-0.167610144158081	0.0646720551990701	0.49715103998845	0.295337215159173	0.151766297625178	0.386052202060296	0.0163468162495104
0.436136781311617	0.24925846377224	0.322780673462439	0.559715562231482	0.396819347283834	0.607145055081427	0.610835398051514	0.57281020612815	1	0.62606974790477	0.462575372170248	0.624741993894741	0.526968557813022	0.196241436124556	0.530784465900285	0.65641982924227	0.595724534020539	0.565237258039944	0.771639213769263	0.620164950508539	0.433595455471798	0.4614985892619	0.524728613751489	0.641893280259467	0.64971973238568	0.578195310023673	0.703569806333353	0.300839228847469	0.0712691728249965	0.0830881607742337	0.50436283389148	0.557520396697966	0.581137132639645	0.179530596644188	0.618155291969812	0.735503086918896	0.322990709928604	0.580335419657339	0.460406667058939	0.565691266660476	0.0676072100193439	0.413249286305018	0.4765805683602	0.587963790824443	0.472650251149015	-0.22136704558797	0.504849232909498	0.548595022511254	0.24245962070349	0.503263229134621	0.426567741579243	0.122928124222938	0.203738076733523	0.305966924578726	0.375934387005676	0.453464799111201	0.440995947020574	0.583614527866771	0.611555108580586	0.912800052950741	0.473570847209006	0.238779392637207	0.106791300026701	0.42744204058392	0.47074272445823	0.470079194224856	0.573379553657993	0.500362740698541	0.736816727758264	0.487114708227503	0.294940030760328	0.15019159330019	0.456137023925416	0.553400302710779	0.0750980506633936	0.599652204813659	0.599370781093275	0.105754911272199	0.42554212214765	0.437543476666112	0.584856624223208	0.555248107686993	0.305808349688957	-0.00228030007427145	0.49088715347613	-0.330403485717389	0.000323565804534502	0.534994670293787	0.0603613188655704	0.649977069958896	0.418371006024987	0.41984479387578	0.520893228067922	-0.170444782594249	0.141929102909398	0.587533507474167	0.415631947114086	0.247055958434048	0.475548676838766	0.208606224013107
0.446398860159434	0.390817511914628	0.455335716277145	0.406124305804028	0.307893820918994	0.527999677546225	0.47558437795455	0.38587044611287	0.62606974790477	1	0.429907136285872	0.710341495547227	0.478330009907706	0.302528802074996	0.364408286122536	0.505074380929791	0.532911031327609	0.462443384204777	0.403167562549367	0.431832954438997	0.62193245589754	0.555508067324367	0.474064111187778	0.352589821303245	0.598198089236638	0.476269584115132	0.673606953890195	0.39136705087115	0.223392240569886	0.0946797374720401	0.512685047797969	0.510298636335291	0.464624812636335	0.3428488318373	0.506000642537615	0.41337231425649	0.186100650433736	0.329318886936286	0.334807501055311	0.541071994634003	0.341408385371875	0.493176524025281	0.439187336865967	0.531963088923487	0.355238712516716	0.0144194019622716	0.442767469248067	0.410689278770823	0.34265873637853	0.492541470232533	0.512870196052527	0.43079345948101	0.381200356238972	0.361517516482051	0.463530637594275	0.386499205205145	0.412001618721602	0.453656912352047	0.403767671884187	0.556605980959604	0.47783211254803	0.195940984978933	0.0632213322142171	0.362879508504259	0.533345940545446	0.514475022006655	0.387418587903142	0.240094055561993	0.428670592347448	0.363192318394879	0.281077224559604	0.187129069525707	0.189495843634094	0.618127109682628	0.276834648856734	0.527009873057972	0.682303329067778	0.25183401878738	0.412031404375258	0.384762393904231	0.604684612240615	0.553357399569726	0.347330806466022	0.203120910069146	0.449514286679957	-0.055968179552096	-0.158473610695609	0.486911202189587	0.181054309905584	0.524325807888254	0.442868496727376	0.487542107295472	0.531422706769012	0.0867213127060782	0.395098172192236	0.583076380193866	0.36996480345942	0.40750677713474	0.579571092316141	0.24301591547982
0.286379273693056	0.0034852790052817	0.1247845293793	0.375114268402798	0.3749039315116	0.357288962814107	0.351200832693214	0.571835397587339	0.462575372170248	0.429907136285872	1	0.552473496755929	0.458682592072079	0.165443740299844	0.291430816101265	0.411782616023475	0.434394997065557	0.399258049609265	0.461452712279578	0.24921998424895	0.320951853343163	0.324548816302128	0.524642048122248	0.328324336741887	0.281114058401905	0.330609307452685	0.470681455994657	0.137631439377504	-0.0739974933777182	0.0093420550933773	0.305094308360734	0.447021251253121	0.468010200073149	6.33855612014511e-05	0.30593442416188	0.436713534581281	0.22525005456192	0.272692127393304	0.323988282072791	0.443343180562895	-0.0150873753138674	0.0735388958557494	0.190304458358936	0.418691712983759	0.272266533580723	-0.285280776176093	0.349601644673804	0.392611540931246	0.486421199723052	0.119880499711279	0.454131351768708	-0.0212584260035403	0.0264170932135607	0.158665110121855	0.394265568260091	0.276894602628152	0.352576505690675	0.446094979692228	0.454428216390899	0.461132152385332	0.155512036652223	0.208504782954543	-0.148557018199383	0.410998636761279	0.0945834450675607	-0.0223062456986592	0.180791572100233	0.311420179942438	0.4623106313217	0.132501189282982	-0.115299798702146	-0.00336600175552954	0.318426176709988	0.346872043448113	-0.0270850577282929	0.356746157929782	0.44403510177736	0.10811669679953	0.189781079145173	0.194138184371847	0.386130307423062	0.448156587652706	0.0340318174856462	-0.201528455788131	0.251766637171541	-0.402931461684414	0.106526413773231	0.429784710935243	-0.172416863600763	0.324267208889697	0.360811394887319	0.227477970012246	0.424262330154219	-0.171141795490984	0.0285569895424041	0.387845176587035	0.192761259423837	-0.104807387463695	0.329985880884582	-0.134488607957533
0.462251897468449	0.191114033394458	0.272323009447932	0.44713582989183	0.390938015472749	0.523413362391469	0.489832603699082	0.466731307308815	0.624741993894741	0.710341495547227	0.552473496755928	1	0.69525121144331	0.241039923219571	0.414854899847074	0.540033640039069	0.661505480310178	0.506542594169857	0.417305812910927	0.433709295488982	0.475996686682159	0.551794503778052	0.684810494089036	0.359719208293678	0.710204835512255	0.613873551679456	0.772761457233501	0.541315610438132	0.0423181252301459	0.0424359475840719	0.370608100459692	0.66663922499785	0.704468641552422	0.299088937885114	0.466903902336123	0.51852076559069	0.243259662410799	0.470243546686302	0.41232839406965	0.702480223077552	0.17670228937263	0.278294702112166	0.390519733298947	0.678521859521401	0.469995038289692	-0.0695356681830854	0.611857773234896	0.540268458171468	0.272542707191627	0.352151997547231	0.54113319752456	0.181036147158693	0.15598256800889	0.375609845622839	0.456427021134783	0.376110530837927	0.588701165977285	0.515795502724456	0.519433649962941	0.566117453338507	0.393201003618091	0.319333920185563	-0.131681560993164	0.492107156950238	0.399407417657947	0.356574328064422	0.33986975766708	0.404335477872623	0.533649348429659	0.267093747532302	0.267326631107351	0.0559636964023757	0.391427961784281	0.705414934870262	0.183259687428376	0.615212449820929	0.74139799564134	0.256947970097662	0.423766603715854	0.37853463912074	0.678447838532723	0.703242128638623	0.254874516438781	-0.120409845527676	0.414781695377805	-0.287651433537416	-0.0854509191871426	0.560309888385945	-0.0820736778660914	0.529102709218899	0.478217714123806	0.482939159270688	0.643543279426108	-0.144749494009792	0.292641243902455	0.60594688739343	0.362681304277853	0.127340937133653	0.408868293838364	0.062020846139988
0.355111928461858	-0.00326095419697534	0.115666885479196	0.446256483946431	0.444018444558875	0.518478065438983	0.481766735435583	0.617698062208854	0.526968557813022	0.478330009907706	0.458682592072079	0.69525121144331	1	0.183769704860645	0.465183664804542	0.496155330047954	0.718137274881678	0.561082219556737	0.337553775988675	0.42432059578383	0.37704094539995	0.407701554997805	0.685520237479853	0.429732664556138	0.556626161577423	0.67783590987242	0.758614111499406	0.43464181034742	-0.115470840936591	0.0062641469555164	0.287288900701373	0.7144793111804	0.806152700201715	0.23167867541286	0.439165696893576	0.524164377957874	0.231866724872963	0.508836500456252	0.496675032877316	0.666642687112354	0.0625728576584339	0.160264279146993	0.315246593692314	0.718243307486276	0.525177528357744	-0.132264643908061	0.58985823231241	0.534927814259948	0.17979918421285	0.23241563118145	0.492369534584189	-0.0293380340792799	0.0435319883383273	0.251298379455645	0.458385639522751	0.440000995822759	0.647945443393652	0.632665629925034	0.620884765740181	0.566888656770834	0.297197399106403	0.288728145043505	-0.113362687477042	0.505828522077151	0.185814162668942	0.243542332855047	0.322316798406847	0.474968962237073	0.542847107146457	0.305637723748998	0.182830403550369	-0.0639527772937672	0.442581253406679	0.670459274774802	0.096612989389385	0.618290066297047	0.639544028453497	0.290105086137914	0.300727056966484	0.447986581037049	0.63907572624064	0.731397605764156	0.124313312462253	-0.233410562080636	0.448417640026626	-0.4424560619429	-0.12217708909796	0.604197657214552	-0.176215431806948	0.4432769274166	0.567956199449802	0.439465388340325	0.628683945246306	-0.240883219864188	0.25239627231641	0.607027090392348	0.230133970933188	-0.0571775020137628	0.295933069878762	-0.0210197082889324
0.483057484286533	0.391343166017963	0.339080860731259	0.4905481993004	0.448346759461056	0.442992170542009	0.464801159492042	0.30930469934315	0.196241436124556	0.302528802074996	0.165443740299844	0.241039923219571	0.183769704860645	1	0.360430674871296	0.379840051728103	0.144558293132633	0.320691545653579	0.0939888838114616	-0.10998187408607	-0.0746752858583038	0.312698350380317	0.0835231915874256	0.175248992791616	0.19305380554623	0.286488942590895	0.291301686034523	0.000924693186571901	0.193271337598492	0.439676675149677	0.370433339118265	0.180835229260607	0.236733545311474	0.0599514250889245	0.288956911849494	0.242149038745932	-0.0444482790443232	-0.00458615718682063	0.104284883211918	0.249419122565276	0.245767439769693	0.131158118654327	0.0264818298750948	0.182322162376525	-0.0530853281931408	-0.365373826625023	0.0431742148965942	0.317542201032405	0.19082475611109	0.0427945428016912	0.379565150517235	0.215140000509654	0.297658249827637	0.353881572800241	0.382942882716218	0.415736140295616	0.246535474114671	0.389468336622566	0.363414751423344	0.120850365788209	0.448777267209956	0.164431952425995	0.132847416989918	0.231636573745015	0.420305461440002	0.202532123657353	0.197616217469449	0.221933734253228	0.191721696853369	0.104444806625005	0.0276320250349226	0.32691737434705	0.129694565514085	0.252590754989765	0.363758039247163	0.301900145821343	0.307306419134724	0.222229206456605	0.392711960838439	0.050541357767618	0.231238302278255	0.113633007311967	0.248359527544024	0.00410264278439229	-0.0197096434551718	-0.287414130525587	-0.0738584627022567	0.254291893561994	-0.120192738517713	0.115322492272535	0.00863748354959192	0.24944480701057	0.121013762255648	0.0805249130370198	-0.00286625800348146	0.40632140911064	0.446672794300279	0.30128546251044	0.505833883070129	0.0415005201947513
0.376990393334241	0.031437986620628	0.075372005179585	0.620768665173164	0.381011526756945	0.561622889010045	0.692409929780417	0.376933680147657	0.530784465900285	0.364408286122536	0.291430816101265	0.414854899847074	0.465183664804542	0.360430674871296	1	0.519105098011015	0.216924494687283	0.392515442097507	0.402060157400227	0.324198712100768	0.228508429366589	0.359870325447261	0.320345303755045	0.556956701512456	0.520284978663074	0.49339209075186	0.574641730364861	0.213676475014964	-0.0574654399991376	0.106128254000994	0.374688838720394	0.357553946269291	0.417452889822996	0.362327838218868	0.571915340439838	0.658450376149148	0.41478089255162	0.585435362639275	0.635987652862702	0.61916404474222	0.208404084374389	0.258337248847518	0.593919933814987	0.687500105698399	0.507460665805063	-0.252568333448668	0.359185169619202	0.74620261465168	0.0352537324950034	0.528378105950775	0.458799245835076	-0.141927084909525	0.293560197135982	0.263308410152493	0.318199123031111	0.541750624278123	0.323662576009049	0.465153550233166	0.504111378491067	0.559984222451526	0.304870681895574	0.213964497057184	0.0210390713784571	0.35393428676379	0.276396385462893	0.420417390206186	0.378918427230522	0.519071237698038	0.450300151866408	0.256673634454677	0.05152062773847	-0.116904797565915	0.427111176127578	0.505371980346046	-0.0196553467785956	0.539598235549695	0.496321953783	0.181014093203583	0.337842364224012	0.174619104499244	0.345126514103278	0.313460273019762	0.0910756988815042	-0.335250481266906	0.13960784354796	-0.320885282099487	0.155469069169475	0.441365532248473	-0.143679504120997	0.407544843020875	0.448586119844191	0.417292236884661	0.576346985976882	-0.293659944435235	-0.0542215468644421	0.634256883599426	0.501155482207018	0.0909910269636861	0.356052972345484	-0.00643837426868808
0.496013715461575	0.344689204404334	0.522547094121997	0.777904911350042	0.660537685256114	0.731771012373795	0.737555029390756	0.494921280553378	0.65641982924227	0.505074380929791	0.411782616023475	0.540033640039069	0.496155330047954	0.379840051728103	0.519105098011015	1	0.584200430019012	0.539781710714369	0.56233057696827	0.506306084431064	0.358334356084017	0.43141814851516	0.426087959699027	0.511740269439084	0.59529137280761	0.588663966878029	0.636608592113768	0.238267554916836	-0.13053350337974	0.169635147211228	0.783477769436196	0.516802928757622	0.504029799789446	0.210201820617298	0.695095963094446	0.727340370797342	0.119235476081836	0.38816135897633	0.378560680477866	0.439387682624702	0.112871014910255	0.350033727166431	0.350794288206207	0.428006203197934	0.207591010811517	-0.185233464229191	0.490020013888085	0.460010965375933	0.0984493406383815	0.25394910316829	0.550699522620626	0.294285214505103	0.404200574479669	0.545657792239546	0.598546847767565	0.688165840567243	0.524741637754013	0.551803259612255	0.579467399340985	0.646730495468745	0.419058323178406	0.137361390432374	0.162879998215985	0.393964951628246	0.568635857614269	0.46416935576842	0.670151319694508	0.399809664410617	0.658592676369276	0.620850050723447	0.215831172784913	0.184348380292856	0.382993707413836	0.584363553594885	0.215452912948062	0.563568142749383	0.577703193096063	0.0292344107574981	0.312963806525513	0.463245154719943	0.527407083551924	0.556235164990545	0.18683332393303	0.128146574690265	0.468362405292194	-0.319944962471219	-0.0189808230981425	0.684218191451375	0.196873959966963	0.478897920816936	0.401122585753514	0.241910238450581	0.391710764756589	-0.105686262458065	0.15036229080008	0.618672892372872	0.451798013349462	0.102713246982954	0.500370249064038	0.248591291243425
0.396475499136194	0.147534454050325	0.34887869927292	0.405650493762039	0.437709136218122	0.459957783020039	0.444621205590826	0.517930456751588	0.595724534020539	0.532911031327609	0.434394997065557	0.661505480310178	0.718137274881678	0.144558293132633	0.216924494687283	0.584200430019012	1	0.595110856697322	0.447374766408913	0.457405418057398	0.551059569855593	0.417716075976241	0.688290312192004	0.265229600256493	0.568883039206051	0.634501495451348	0.68115762823174	0.323561626213351	-0.114163902767538	-0.0294684468562475	0.520802662454757	0.731690319940822	0.716542015202949	0.142030266244581	0.475004585972066	0.503587687549272	0.011942496629149	0.284209948027878	0.274528344267494	0.419096899960422	0.0598784156182615	0.273081126795606	0.201828530047594	0.474088349152657	0.285167024245968	-0.134682509243602	0.555687301552761	0.295006969410586	0.186582424726435	0.192136843953617	0.477912455985439	0.183755492949802	0.055584724687507	0.332025556814449	0.446971131936732	0.364205325357886	0.612125998835282	0.542705501136319	0.511492473372115	0.549438062881979	0.346919233625239	0.264120081564018	-0.0938996117046094	0.402268770020244	0.381015063280598	0.314869771814838	0.510311684798178	0.312891550217901	0.592676579473384	0.409428778732189	0.258339677156141	0.129975818911272	0.305444653289977	0.62188846556551	0.244201121638955	0.581049624133119	0.603581596243358	0.0779228716714821	0.28588683437909	0.557323224478103	0.670494870027473	0.757560004773683	0.202249611743083	0.137691373031607	0.595566686384612	-0.328077184679541	-0.283026014696696	0.661114972409188	0.101512076157688	0.467022045962401	0.467180086319114	0.271175101055458	0.449022881623284	-0.16136292717822	0.29951513321462	0.422025378898601	0.175448659323554	0.0921998786859995	0.311558939236264	0.121768950172979
0.49190035557924	0.26065045724868	0.2707062648822	0.502171547261806	0.472220396924721	0.51432265787989	0.54663218184355	0.674718306104744	0.565237258039944	0.462443384204777	0.399258049609265	0.506542594169857	0.561082219556737	0.320691545653579	0.392515442097507	0.539781710714369	0.595110856697322	1	0.530636199816378	0.361962070312262	0.324310031196095	0.463106909061213	0.535923065643297	0.425867826425735	0.496695732497892	0.522612781785643	0.553362847386018	0.072005993184385	-0.040861518417514	-0.0735633139331016	0.525104092386814	0.491343473035301	0.601683450172688	0.0385432474204774	0.461561277435782	0.475819853325206	0.102443896909066	0.293139040353952	0.314077262511063	0.366441669938651	-0.0114610026386441	0.219657179127347	0.215822915091074	0.455226164642354	0.346567987827586	-0.227634296862472	0.318953440359278	0.413824632144261	0.0988803570512061	0.163947940678554	0.384061619174123	0.0674108383023863	0.0590580922250869	0.380686373560167	0.473084628586321	0.471210368504042	0.519424286197923	0.618114883127686	0.553008020120128	0.543998915059454	0.346505223840627	0.218001621858976	-0.0862873401970585	0.321354773283851	0.406057032829447	0.242334037283204	0.471263272031172	0.424916766527528	0.548414738649405	0.460939231436524	0.163575522746461	0.240598394341899	0.373708637287107	0.454003555555942	0.228642370356966	0.52289764996334	0.494868171838673	0.0480719100350919	0.307403456656376	0.411174728220516	0.549760588407619	0.569485430105718	0.133616103001892	0.127649044469523	0.413517930466968	-0.407456607360683	-0.0915423213815584	0.580663187133579	0.0409203894023554	0.471265784579869	0.301825953854762	0.292249150561476	0.392590087281587	-0.122084765548898	0.167273761337735	0.498687546719916	0.182714322439741	0.199723682830016	0.410900936041041	0.0835819083117345
0.298563532855788	0.167915705627049	0.220324073809976	0.467826869782354	0.294030450027997	0.405265625016146	0.505511213335577	0.50121159109904	0.771639213769263	0.403167562549367	0.461452712279578	0.417305812910927	0.337553775988675	0.0939888838114616	0.402060157400227	0.56233057696827	0.447374766408913	0.530636199816378	1	0.494629665056624	0.28832764928832	0.281823615125214	0.360503049046751	0.488527766225518	0.420768558456025	0.383619345822576	0.498378798361133	0.0690599181329422	0.0247172525068502	-0.0425607806218379	0.447211040706326	0.367804851709277	0.463618705492875	-0.0703318811905157	0.46580294634873	0.707415136142461	0.15195888762005	0.41172769335869	0.314645583099034	0.291896934902281	-0.136059028736624	0.308196166130195	0.209444797492204	0.348047891826487	0.304661270932208	-0.25175249901807	0.293285864603755	0.410621102243172	0.150293762639914	0.252954161630938	0.253526912949864	0.0350935217977513	0.117604305736945	0.186492841801462	0.246689409021625	0.352869666402745	0.326151986084362	0.518616012813608	0.540598839373181	0.765104243005979	0.261552793297951	0.174025839209737	0.0183672408471848	0.265267022525251	0.31516100320293	0.226020531469514	0.644048801468632	0.38550099883024	0.797063582844613	0.473968053609826	0.121128327773146	0.088822778044643	0.334579090212797	0.317947156627575	0.0674939908989757	0.378747091986853	0.395059951357741	-0.0853609404904038	0.211214171543778	0.413041616052075	0.375088788781744	0.388185378681187	0.168147594327722	0.0675916450878752	0.43179302828061	-0.341676320596639	-0.0265676947096384	0.438231670832264	-0.00691732597471591	0.470459361967974	0.287952902866378	0.192201115771777	0.323204238933756	-0.288450632774499	-0.0222137117303522	0.388076503136049	0.294503661980855	0.129513982093376	0.328116259141176	0.105822134586741
0.271678254649235	0.123245253381446	0.323590649067485	0.333860572454226	0.337186339735676	0.401050985331554	0.366567317080934	0.453445741672553	0.620164950508539	0.431832954438997	0.24921998424895	0.433709295488982	0.42432059578383	-0.10998187408607	0.324198712100768	0.506306084431064	0.457405418057398	0.361962070312262	0.494629665056624	1	0.390020705844855	0.377814127422957	0.499612942178777	0.303512073317138	0.543442516273386	0.471215304933312	0.514520604388509	0.332958983154522	0.0833880560890345	-0.035983647324269	0.41959880112731	0.480558145499013	0.446688187181106	0.370924027856227	0.405921777538858	0.456900269270789	0.116106867815667	0.637537690872759	0.276239491804439	0.460022639514325	0.174742541563501	0.257324026692391	0.402486709671114	0.480264806332805	0.525861633241764	0.181740952643291	0.554113725487929	0.384504927241144	0.169319272432538	0.356328925901212	0.323860118081172	0.13004649339824	0.224918628296549	0.237130500720623	0.270539263437071	0.255969146122311	0.423588193910922	0.478427890468867	0.476815623849874	0.602983026963962	0.156541702895699	0.156056536179498	0.0858972829859044	0.300519036440397	0.403740436767492	0.424861404330467	0.409885955122239	0.393932148889707	0.51641005919226	0.508494086267869	0.25195979131818	0.130210875440499	0.262239233659543	0.458166741945177	0.136404990577396	0.420841484511175	0.480083767013119	0.0472573333508084	0.154315639492741	0.412423133491076	0.430580251919159	0.4693458969244	0.129815281427559	0.105623278091399	0.554963701351315	0.0106864580203804	-0.112190057623782	0.373091052524477	0.242274989147201	0.613761942820663	0.357404560840998	0.344909403617302	0.456296640494357	-0.0300183214258828	0.316370764001056	0.447267528051849	0.244380955187785	0.169372459163493	0.170242927878149	0.241046852138281
0.210183741659236	0.0991774765665698	0.190090291466776	0.187729896864417	0.111888932835083	0.229321637926729	0.290090798197032	0.263945051001426	0.433595455471798	0.62193245589754	0.320951853343163	0.475996686682159	0.37704094539995	-0.0746752858583038	0.228508429366589	0.358334356084017	0.551059569855593	0.324310031196095	0.28832764928832	0.390020705844855	1	0.356301679071324	0.540762537991542	0.216983876705762	0.367895731415503	0.425295634435099	0.504735616352215	0.370451401653841	-0.0924399359621416	-0.017323230470305	0.379660494351244	0.491116434386149	0.40974781849763	0.402641223338396	0.411167520109733	0.310078133458828	0.196906074130912	0.354865746318359	0.349959152518813	0.405948079938124	0.113919112933174	0.285413272207836	0.539697181681523	0.486684477987982	0.375404198522268	0.123570018034754	0.538977048069578	0.222836827684178	0.136128540562889	0.457310262143084	0.355136480559054	0.178205602304331	0.169062187824216	0.191538531815749	0.245921559874468	0.260209525932961	0.408936787797313	0.336264383492129	0.378245550562808	0.47743514886439	0.160814795587118	0.1359405990155	-0.0301267000017158	0.27439964064706	0.363969215086183	0.475268667861454	0.418996069924464	0.180590672742767	0.399861683519031	0.310159422998278	0.130538461762728	-0.0498067254465288	0.285071976531647	0.484172712409575	0.0972918145603762	0.468014573647363	0.502490005361479	0.118659131964181	0.0422908692126938	0.529214782448941	0.584589635880432	0.507992867986207	0.316630546722743	0.326270771694607	0.601897253937379	0.0822993740616079	-0.0486224935673249	0.535725216481047	0.366611247568792	0.548791107743605	0.511700488655966	0.351722452797807	0.513281090178864	0.00121878943629083	0.400942013809848	0.31364394956913	0.166615781164512	0.131464318072491	0.224542565158335	0.120549413058478
0.591695581766671	0.361449262757245	0.409403135378379	0.443543337506394	0.426970135923777	0.499567160288617	0.417848783842905	0.391235121710645	0.4614985892619	0.555508067324367	0.324548816302128	0.551794503778052	0.407701554997805	0.312698350380317	0.359870325447261	0.43141814851516	0.417716075976241	0.463106909061213	0.281823615125214	0.377814127422957	0.356301679071324	1	0.556098265847135	0.357274183078542	0.574792429302106	0.395448356039328	0.600735554393944	0.468885391874031	0.0558435736755965	0.0938448927321756	0.365027927863651	0.409422835702769	0.349276205840009	0.391996688291591	0.420507875549854	0.381139525097379	0.229835311966235	0.370955299751884	0.364356037012111	0.568718831060431	0.278530307783708	0.286041937364267	0.344046958207689	0.560286040906508	0.388963680597423	0.242676685347767	0.433208635090662	0.380801521454635	0.28807215188226	0.440089018081258	0.483756014986517	0.253537111565415	0.519361180205128	0.424706051319338	0.399539354267017	0.357855520950429	0.316032433461986	0.473350782826636	0.437486393541654	0.386407907379427	0.477672384845913	0.268769748877731	0.178537371167964	0.275644617824244	0.539796256386768	0.505911164015072	0.262683746668961	0.282145798804488	0.356861550332172	0.324709280610609	0.191325707560873	0.208968098775706	0.188623191589445	0.609944718385874	0.248782320291157	0.43257837957199	0.591735063240221	0.2939843457785	0.222920378085286	0.251893955107687	0.387312895839282	0.469641896367481	0.194114043383343	0.0639661292403747	0.318775970208252	0.0544055475980627	0.0191046694692727	0.396166029639606	0.177347227444997	0.448220850810789	0.438754832718363	0.501353008249316	0.571808962622	0.113296159869688	0.38037801859657	0.466442089479825	0.440072315098119	0.273333101653465	0.436742935529325	0.328261911938411
