1	0.633010267652935	0.681528200740293	0.382638514814171	0.720204568080497	0.428172881369535	0.304064878387131	0.0835196542002293	0.166063993262009	0.14274440754026	-0.106311270447329	0.172363052230921	0.140729203416622	0.295558746082052	0.435650801214433	0.324272207504595	-0.0132191709303425	0.146306231134514	0.0761166709429996	-0.0984091171879191	-0.0675861491760943	-0.02374092707706	0.236657189621755	0.376320454817969	0.224770377862293	-0.0957028687881044	0.419368852898261	0.149517175308678	0.173136509472536	0.229114180894248	0.109324370564027	0.359334126356156	0.0908829975533316	0.0512888535690837	0.208297988881704	0.225838679927685	0.270795496651714	0.243993602604072	0.425582555327757	0.296843757721454	0.256034911832893	0.309934623791748	0.173145618756075	0.315014241352753	-0.0118002156337091	0.107749950231122	0.31242044265035	0.430460342207882	0.0546432115165802	0.314921659307616	0.293929559518876	0.684665914053092	0.322007217102984	0.560942124067337	0.331524572934451	0.362228651569287	-0.087347609530211	0.0504746924546317	0.179910163993937	0.0349851026348222	0.303421629058203	0.268249129563611	0.137352845778415	-0.06155216453487	0.22942046182111	0.307226399771819	-0.0393347601093596	0.176026617545636	0.0215928943002788	0.00269993807970182	0.153311817983226	-0.0373104345986458	0.0803084147599904	0.325043857795493	-0.0146231640926978	-0.0952903437242908	0.36169205279167	0.0925347310967194	0.240960914797432	-0.00636582197171706	0.101366740489465	-0.0850735874712092	0.154338738492297	-0.249651672115914	-0.117828178681325	-0.266445258197121	0.221934645528211	0.0133529637013384	-0.124694234167696	0.28155793632604	0.315988344115905	0.244026330585832	0.264593452017641	0.143029962610496	0.171724576932167	0.3427793857247	-0.195313931597423	0.10571382129942	0.115618728932377	0.284086892821755
0.633010267652935	1	0.727557551285356	0.621982064598394	0.554902277442544	0.427398445588584	0.385143493314049	0.106671244811264	0.216234151161908	0.395792946988393	0.0300352217924041	0.28814433335532	0.144325096139482	0.365379010738428	0.449298336931806	0.280126943453272	0.033147805480594	0.127902605301951	0.020819078169935	-0.0660668046711153	-0.0175713136673744	0.0537766303935774	0.101924257691411	0.338146104844367	0.126409447841746	0.0834270153915481	0.450151099646421	0.245607310487164	0.0135388465800341	0.291974142780475	0.0618061300636103	0.170636362306976	0.141637844507411	0.288310709364359	0.237435353682048	0.366579552417359	0.308557662291432	0.249343028674064	0.34128465374386	0.450502780879696	0.114093161327391	0.212534361171688	0.0498544237285684	0.35207799006922	-0.0639701258767495	0.138567507962012	0.265081936564217	0.424307870529149	0.343369145407055	0.276922720922644	0.495282689658799	0.824816572255369	0.322007570178635	0.394626783439513	0.199338411998428	0.454805944724206	-0.135225013494691	0.11042823572912	0.166351494876397	0.0607047264900362	0.416445923558328	0.289519748695477	0.376362217192563	0.122933664223203	0.331187170872437	0.0636514835424091	-0.0236361853505139	0.250537950503513	0.0594112642245502	-0.0362335638851998	0.110326417436369	0.125216970116792	0.0713576590858146	0.2101010846408	-0.0406936913680047	-0.11592689456946	0.412386218585628	0.260583953169984	-0.00763781809555818	0.0475872796571598	0.0698878045777979	-0.0988304682523746	0.155768552022202	-0.284749497702881	-0.219710703481437	0.0368088743961958	0.0688270472078209	-0.0349283943856397	-0.239939236825508	0.130437958512697	0.217728737827226	0.436587873968597	0.256198681217403	0.169817774391102	0.133386655749393	0.226762127826144	0.0747769512927287	0.118966504032626	0.148823867349745	0.00521006092475516
0.681528200740293	0.727557551285356	1	0.663093695477684	0.775565126338978	0.678364602651321	0.644015394231011	0.0913192593149754	0.195294960852802	0.206828287858969	0.0023535388503785	0.242780386449794	0.149784322117633	0.422793246382069	0.434001574732683	0.396218243607151	0.0382847614463041	0.195512925962719	0.0922298542373704	-0.174119736649491	-0.0215351338073513	-0.0733596383227609	0.03613163501049	0.387433448573745	0.107732145126763	0.0909737079722666	0.351926639788593	0.222370024353093	0.0710324239076025	0.214949104441519	0.206203859419752	0.128999700249555	-0.0268441496859102	0.217874826806654	0.336833848349051	0.426801652945346	0.219742071054063	0.236409923818318	0.236411651682144	0.261243347882912	-0.0154522634283395	0.0153861298236927	0.122477413077937	0.115276784137613	-0.18747355638062	-0.0184839094891041	0.111891102264937	0.352426335214275	0.299513066243277	0.0348938562197515	0.390706034670555	0.715291750711636	0.383172293431081	0.68439106317236	0.447545592299485	0.569353049982007	0.0306759348421057	0.159224055694158	0.0785126987846549	0.0247500704223789	0.392325278413965	0.208542588798545	0.321200982753621	0.109157326763271	0.390960313743068	-0.0221994632173193	0.102855719213263	0.222441357425387	0.0896939064879255	-0.120145465028568	0.123377114073323	0.0876616829452712	0.067684870310271	0.233653319123928	0.127696563475365	-0.0978504375732799	0.302648997454262	0.188314441256599	0.0737884393358181	0.0901426431919856	0.123480867939225	-0.151770054685611	0.0398416399739298	-0.184976306104437	-0.219464837670534	-0.00560640494349366	-0.00754513446061231	0.0453282158262552	-0.189748492810493	0.110355681018323	0.123867554259812	0.167272420270376	0.0197206075396216	0.0162318020278152	0.0179550161294134	0.322758247669045	-0.0717658635539221	0.022308687635282	-0.0329564082829673	-0.0586702580347551
0.382638514814171	0.621982064598394	0.663093695477684	1	0.524997684066519	0.784136553040324	0.851851700017092	0.184327707679467	0.305132307884	0.440398606764062	-0.0748191867647582	0.363821330206491	0.433096364754328	0.697661245484211	0.696288042790504	0.632494228006309	0.372288988528403	0.323808706702436	0.127882531258486	0.014845687621821	0.223937054098212	0.134565004044514	0.0138132008574796	0.4080061772426	0.137933887983454	0.42394124512216	0.243367401052743	0.354524876203249	-0.257394472891802	0.335939816288616	0.378456333542239	-0.143801903588959	0.0397994333186358	0.425952637341019	0.519299926349782	0.590220046487477	0.0770160133169669	0.185569748859534	0.0348744278340426	0.325481731911027	-0.269497959864776	-0.187615373769829	0.0728730248477219	-0.0579165218927675	-0.316364375440207	0.291062993434457	0.1071779995012	0.379091313923549	0.415183723047001	-0.0462241230238206	0.62489036217105	0.569378986755179	0.701765658728661	0.654613556016509	0.551358288127649	0.859702839286566	0.258120852960873	0.181540240000109	0.0647003635560252	0.169433634166972	0.481965173953792	0.0219308958637528	0.50737169934488	0.247619347950091	0.546453405463672	-0.167407155734238	0.446679453159246	0.311388614084363	0.391165411768773	-0.199692555310679	0.0921386557551067	0.359800219155841	0.260158273275046	0.208109105987711	0.284704518294696	0.0230289286434516	0.172607296533743	0.299316634949302	-0.329878059437094	0.252123470776809	0.0297862175791937	-0.149755401602295	-0.188569088299135	-0.103926752100227	-0.39195385455912	0.289093254697989	0.034468006477482	0.372345874520166	-0.155889365202296	-0.0378245146620532	0.127932680433581	0.12101863142075	-0.198803120420847	0.0204974585315561	-0.144954201509961	0.494843577934032	0.349180820665091	-0.00814632533266434	-0.0940832711321962	-0.000743874056280406
0.720204568080497	0.554902277442544	0.775565126338978	0.524997684066519	1	0.719044334688576	0.606787678029808	0.0535806662283475	0.113998199496051	0.181779881189239	-0.0207669734502107	0.20739100952274	0.169871376430849	0.304067408095491	0.388151466116535	0.353900492381708	-0.00811690187793072	0.226572656830659	0.0306907252810229	-0.18020275389787	-0.0824855065909729	0.0259312072831953	0.126748322599301	0.318454115839852	0.0815698255188689	0.0323313357821134	0.299651513337344	0.268927284570934	0.170492945313994	0.161689275609654	0.181978353158524	0.112522938013037	-0.0451112024822519	0.124764776089061	0.298526681820633	0.272501449680036	0.1059870839707	0.216090925178916	0.235785502457836	0.185902990397885	0.0157046756800289	0.0618750767622716	0.0992974800707691	-0.0116347068721974	-0.22652676395851	0.0891039326334308	0.0965324523525846	0.332334384184531	0.302799006130831	0.0182604347707807	0.383790899544925	0.557273316929142	0.36215674518043	0.774319701256846	0.603189935954481	0.545542555800375	-0.0384682774741097	0.0322719697855654	0.0181964393810075	-0.0365216683707443	0.264415554509363	0.14625297949197	0.25144438949163	0.00633609050931919	0.290317335453255	0.0621960460302457	0.0158002908688516	0.180882427657426	-0.0113475875285201	-0.1633056127905	0.0975837414154859	0.0312916919849186	0.0591620524065033	0.261008324452983	0.0559327141436442	-0.170962385947766	0.203654800613246	0.107713609729902	0.127418413635193	0.0516050261473327	0.00958671971609683	-0.158273234542297	0.0803307241553559	-0.185443896203377	-0.260943569834908	-0.131607124410177	-0.0435040979705166	0.110110911133535	-0.174194594842751	0.112375623201429	0.183589910770423	0.0738174391566843	-0.0684356431681294	-0.0630998982590066	-0.0181721220166892	0.415541746841369	-0.105943245740521	0.0429007734103381	-0.11918490313787	0.0991564681089274
0.428172881369535	0.427398445588584	0.678364602651321	0.784136553040324	0.719044334688576	1	0.858700056171434	0.14229545287084	0.283802918865886	0.277371298771857	0.0129813559264169	0.284385174546047	0.393867448368636	0.574997877718447	0.529260443737774	0.536792606854631	0.23012300076038	0.352653419552384	0.139078277329509	0.0925896995916838	0.0277683755983007	0.128713821677878	0.057428827557495	0.391446912692889	0.1382850592243	0.370114325221096	0.222414660506887	0.380258461499197	-0.0521268258848438	0.21944680977178	0.358606924025896	-0.018859155466058	-0.0706967758187254	0.283520547459689	0.428542973658895	0.442748668704734	0.000844416393555941	0.367886991307902	0.0373101550572906	0.237497176717625	-0.259990153693939	-0.213183136787687	0.0447948712191759	-0.168684644173799	-0.244030105863811	0.219164623007718	-0.0379185550939731	0.456056019708212	0.465671964095312	-0.185110903513905	0.449456725081364	0.391028930751688	0.596381143062015	0.837878628958833	0.736766768655248	0.777281672188293	0.346183110530297	0.125809395200234	0.0105816915071097	0.102453114314501	0.419781330931794	-0.00065946979529686	0.404066257894918	0.16613735704382	0.408756119361957	-0.215381634501078	0.36972671119888	0.26307348412162	0.297108159003654	-0.191060048593158	0.108853457551703	0.223372919828271	0.223809614977881	0.228413341586284	0.255317320524523	-0.0946180411075458	0.151062514441648	0.159722312206557	-0.163537538034784	0.191234506334566	-0.0940190951023809	-0.185735789899332	-0.136286301867431	-0.134452919260051	-0.348061269394614	0.111243750010337	-0.0695507105068378	0.355211574981721	-0.283876882050819	0.0157029488964561	0.0478442781899955	0.00864931632548262	-0.290708656945954	-0.0944019604847959	-0.200525347374263	0.630021505201259	0.174233604864821	0.0462962754765694	-0.256092639288676	-0.0198992246017226
0.304064878387131	0.385143493314049	0.644015394231011	0.851851700017092	0.606787678029808	0.858700056171434	1	0.16801175660964	0.333009043402172	0.306806186588797	-0.0157008475304203	0.289695223809608	0.397528956291847	0.601679449785451	0.587481138055565	0.707675647877157	0.323153810296896	0.339426470466511	0.2136555153312	0.0251656317666699	0.207857276841655	0.0995903569522808	-0.03195480018963	0.430191669210045	0.183686383989312	0.456932857621551	0.134020783949831	0.321247547137938	-0.167854498700664	0.225019972816667	0.468565438288193	-0.185340604633201	-0.106949011833361	0.317469089968045	0.651960938668155	0.677209123152292	0.0129574063673393	0.213873605420294	-0.0235343176461199	0.103847779733656	-0.42628594539338	-0.284316304105101	0.183283177751051	-0.303612077817147	-0.343031233506575	0.204402578163151	-0.0548749147282988	0.2732863074977	0.431824187235443	-0.221794392670285	0.480909944127556	0.38077306079418	0.67684217062489	0.779017255044347	0.751016380099168	0.857090653635554	0.323695446677074	0.213714470029368	-0.000555728580646834	0.185426299050101	0.428808279320847	-0.00183087523890438	0.424932154168238	0.219148988109449	0.542932070459187	-0.162695983185672	0.540660054441178	0.291886736397653	0.436423757908999	-0.116945237252039	0.130801365261118	0.369789151979275	0.281909762000809	0.248706582090953	0.390110463686164	0.067980052103786	0.125938297405224	0.232679834659638	-0.262404980710811	0.293588878673194	0.0255143360746903	-0.180118999021119	-0.270667852073807	0.119347220438597	-0.284710071013504	0.315843283297925	-0.00740857453249741	0.535900195699498	-0.0193739409725385	0.0462122393991123	0.115383848580829	-0.10811801676262	-0.389566204909418	-0.144976644301093	-0.234345325975832	0.594318000484171	0.269420791875625	-0.11862644735598	-0.251696554078435	0.004451397804862
0.0835196542002293	0.106671244811264	0.0913192593149754	0.184327707679467	0.0535806662283475	0.14229545287084	0.16801175660964	1	0.596492853524524	0.291241608570651	0.0852210009757553	0.51467034214483	0.534315948830176	0.203992401224471	0.240276600831913	0.27250780118362	0.466753330823506	0.661356791537288	0.580336829334344	0.455960836935606	0.186999299307098	0.236190625330665	0.0872791827508618	0.205937868689382	0.385794494316703	0.173949779990197	-0.0265423841505424	0.261129394561366	0.255127518450327	0.114342145849681	0.385072522246035	-0.0014333608018341	0.202308333238481	0.0663844322762263	0.0922542992294898	0.206467308743996	-0.225497202439604	-0.18754289561316	-0.197923188411936	0.0948204971473481	0.0542677890636082	-0.0897095299913965	-0.0506417993921138	-0.248761069600203	0.0455864938469748	0.126093979458525	-0.0106186503059474	-0.0325908303441784	0.345437027570757	-0.120300738560893	0.193830198167561	-0.0132310978930429	0.288967944539214	0.121538718776686	0.176480768783839	0.278354223096833	0.220954705459067	0.54532512678319	0.471492026772847	0.391371921627859	0.473847005508786	0.257494300802029	0.475560204621406	0.427335577060712	0.230704688893155	-0.146993016495424	0.309303760807457	0.622724594327567	0.539428117340861	-0.0331255305898031	0.671113373740352	0.376204599928964	0.31607320317036	0.158261744853278	0.462684455482212	0.290306330078803	-0.152252273953613	0.296571446145065	-0.0266679427314672	0.4628560598635	0.00955834303126681	-0.018214040212449	-0.244541135124968	-0.0568329668107915	-0.154793124875284	-0.161429065672131	-0.0159040043919576	0.131954258865185	0.00109167463305595	-0.115186224443047	-0.123776822041405	0.0793709106190212	-0.198230318513822	-0.141993288296956	-0.120747981210631	0.064242133987013	0.298004895441236	0.0390648059597956	-0.0407827058418041	0.139160975900344
0.166063993262009	0.216234151161908	0.195294960852802	0.305132307884	0.113998199496051	0.283802918865886	0.333009043402172	0.596492853524524	1	0.301770774764343	0.158051971273228	0.46317863745031	0.441972008947116	0.380096473131547	0.449529630365445	0.418530461803328	0.291553149653303	0.445932115922588	0.617138036804585	0.44284362067423	0.154757113306355	0.302361005392987	0.176298310806975	0.46465142386335	0.41381532624919	0.265925412407865	0.159975359560541	0.235949458206672	0.0462528118957355	0.217698571427353	0.358699912605052	-0.00460304558125548	0.230690715578911	0.268298448125673	0.339997400712612	0.40905600072126	0.122920560068406	0.0290215165046562	0.0731289528451307	0.199205953215601	-0.0285403116147269	0.0713059272771954	0.219097048617959	-0.110817488482129	0.137999959086136	0.170412160453804	0.111830512542272	0.198583762494248	0.407530053962933	0.0549527920684353	0.271357358068816	0.160053319401614	0.340637738729755	0.248838355443003	0.305667099165236	0.334783897981363	0.377610093653731	0.569963760272271	0.525937233504382	0.680310414987062	0.566595903384622	0.331677132994008	0.581496355911372	0.482259668606145	0.373749889583138	0.059003579974817	0.394790490078643	0.599502305086527	0.659803782324015	0.279746694910281	0.538883070893495	0.404680140081734	0.539207127181743	0.341562214844579	0.430659433927245	0.43490742500592	0.0599658347683704	0.216666586532244	-0.0078685489311572	0.383791267511621	0.273279032189009	0.0572264702149672	0.057157108243424	0.125287177643685	0.105937153710458	0.153785600450068	0.219822285464336	0.347461957343672	0.0951107715073529	0.26086451528061	0.147588316851638	0.202336232329781	-0.0434142768895113	0.0917519903362092	0.0705861542689968	0.328929117209222	0.350131311454024	0.145410948833476	0.13851079787848	0.0967960715189089
0.14274440754026	0.395792946988393	0.206828287858969	0.440398606764062	0.181779881189239	0.277371298771857	0.306806186588797	0.291241608570651	0.301770774764343	1	0.220052380840095	0.675609838924185	0.398680936049624	0.375881354956003	0.355130851933316	0.305707758475448	0.406561137922534	0.154584584531262	0.144052197570729	0.29179797764114	0.412519308647693	0.407252297214919	0.254990065228839	0.131476145167756	0.328175093854733	0.256444486554476	0.207699717979753	0.123503122961988	-0.0741133157107333	0.354359294661162	0.285119190170511	0.133499572090845	0.320670721052849	0.173792099202747	0.141862120724887	0.207737452001028	-0.0247127428717587	-0.0451177846456115	-0.0902224429477824	0.16879792911861	0.154417002689752	0.152120047689319	0.0352081754690255	0.0366369940387894	0.0350997790978917	0.215564493198991	0.306603067753706	0.136092663898532	0.187470157705763	0.106852445866464	0.459358863397989	0.334287799636056	0.433544959409569	0.20539256370596	0.256432245421765	0.457159197679727	0.15075367932897	0.368087440045663	0.381044675050847	0.315863562820705	0.547795923144609	0.233398800588323	0.567843580550603	0.284131941006777	0.408908246062954	-0.0624939497674607	0.323738098109311	0.449560492154954	0.325593203377194	0.000489450098113865	0.262773164400886	0.487136011138619	0.126569247333932	0.427150386920282	0.318502585145285	0.160199365521077	0.0879316639700467	0.160901995898732	-0.114665172747675	0.425242015836585	0.121722776790668	0.158749931756947	0.0258496700140488	-0.004205504797347	-0.0568276579992079	0.182530829862057	0.0738166808865234	0.123621960938908	0.0229722794434565	0.00470921947799496	0.00782312280389365	0.131387291567561	-0.00620976085859348	-0.00641863757908811	0.0181873453838326	0.133877319443112	0.484565741064211	0.171239259620769	0.185507404761161	0.125356881708184
-0.10631127044733	0.0300352217924041	0.0023535388503785	-0.0748191867647583	-0.0207669734502107	0.0129813559264169	-0.0157008475304203	0.0852210009757553	0.158051971273228	0.220052380840095	1	0.229606675115409	-0.0502587693661461	-0.046517063683123	-0.0113071251664049	0.0334383978839278	-0.0313066794161798	0.0373339271530534	0.116955377259571	0.0423760891121604	0.046327776791497	0.19301827324849	0.104759015297123	0.0113793004920905	0.0820646116553944	-0.0231478597159001	0.0974558330152564	-0.0641264831141184	0.108047723735906	0.0497051967654496	0.149385472222714	0.243086456180765	0.0872725442281575	-0.129702639989308	-0.0295105087519639	0.0406687561190652	0.0341204983552634	0.0915960665596649	-0.0495714813756933	-0.154161744305637	0.00012279195375865	-0.0340306260710396	0.0711396380697796	-0.0768869336561768	0.287889119801965	-0.0553419149754129	0.0794252123405447	0.0213279530599124	0.163123171138764	-0.0775446935097062	0.0149753164009466	-0.0705719193034923	0.000674304728856874	-0.0286785660398248	0.0432369256909334	-0.0493983172302879	0.0353760218285442	0.175986912407138	0.0984289267241995	0.151342134625909	0.117591527537855	0.108536187528436	0.0515231343451274	0.0143200275056123	0.011823670375269	-0.0305956024277477	-0.0907390429961652	-0.0230404199888268	0.0406430835497423	0.089339299524695	0.137440257725009	0.18787969738345	0.074256072013706	0.251077726305508	0.0566229468946259	0.0491085457219442	0.0304438815883848	-0.258422350000355	0.086178813556867	-0.0570010522182449	0.000443553099810029	0.0828812622916521	-0.0982037145976247	0.0130351939354066	0.0807516546321222	-0.176616527191867	-0.0407501246391571	-0.0209903573200774	-0.00716892597581128	0.0692046554528482	-0.107730864413299	-0.0946168155155907	-0.0280663972652958	-0.120526803608788	-0.085166385606166	0.0261490230793862	-0.00738859510379102	0.0680567500871963	-0.058461896229801	-0.222053090390158
0.172363052230921	0.28814433335532	0.242780386449794	0.363821330206491	0.20739100952274	0.284385174546047	0.289695223809608	0.51467034214483	0.463178637450309	0.675609838924185	0.229606675115409	1	0.430438238179255	0.31762498789882	0.292889048030948	0.308277642526589	0.35139278443383	0.303121968511567	0.333969402153348	0.325063640900902	0.33919461887984	0.45604171918151	0.411892303970292	0.209426901302637	0.341398525763074	0.339242749837593	0.128249122511467	0.0353419981091052	0.00402124013357582	0.166348014420244	0.324696450112835	0.17464535625613	0.415898063192189	0.189259396753552	0.109536140901263	0.170915418845468	0.00205135280662739	-0.131770824091575	-0.230656137420187	0.00725427290934572	0.0474394288642968	-0.0273196916203532	-0.106244550718582	-0.185458038528268	-0.0668877226909583	0.226900977098805	0.13727182060051	0.0293372620278836	0.267943695582732	-0.135212790325613	0.287147535678614	0.171946285201737	0.405789133134281	0.274656076662303	0.274151175129186	0.429495910828432	0.176105874445763	0.405456786308507	0.30053446632309	0.381839768313488	0.599080626150626	0.422498965382434	0.62094990739917	0.402050269879184	0.277765522283728	-0.240557443914593	0.346051882571502	0.401295623859213	0.446431748160013	-0.145985370251195	0.463935098399822	0.603527698432561	0.172151205343662	0.43943079736276	0.465008151454608	0.215577747594102	-0.0282064801064448	0.0364288704078015	-0.13316730395907	0.362739554215594	0.218758548788832	0.107603049518055	-0.144354244879451	-0.0634503204852069	-0.124622322986205	0.0469185618700059	0.0633323844322198	0.192956693183057	-0.0900490110258764	-0.0278193633861249	-0.133508072048137	-0.0423054464101947	-0.146569835464032	-0.103388043499437	-0.00620022693028299	0.179091823833642	0.336535154254624	0.0289560119897779	-0.0435968549180788	0.0113118116921184
0.140729203416622	0.144325096139482	0.149784322117633	0.433096364754328	0.169871376430849	0.393867448368636	0.397528956291847	0.534315948830176	0.441972008947116	0.398680936049624	-0.0502587693661461	0.430438238179255	1	0.353132741427903	0.335901003953647	0.423119104457902	0.699999223512283	0.555986139940621	0.383137918818591	0.424820384851883	0.34769003687532	0.157219502329812	0.114309547409497	0.301347056440805	0.204228303078013	0.29580743117025	0.0289549277316321	0.381178151092655	-0.129015854407446	0.169398350747059	0.461947742600063	0.0439513407934569	0.397478749232288	0.2895607781751	0.20355655014848	0.310764375285325	-0.144264088863453	-0.00390828265092546	-0.109239967862316	0.246228015361168	-0.124456397303904	-0.16340713486944	0.0329087267090728	-0.129384286219394	0.0193255727395761	0.13157862049749	0.0791830926505926	0.0876518387073428	0.383425470298433	-0.0522815654445637	0.399984889075868	0.0726972627009315	0.391324050839557	0.311974342811092	0.372829793317747	0.465185729507802	0.449858492835176	0.321287158317812	0.289926592973553	0.304069474867308	0.374274973383933	0.0720272974748225	0.408164397201455	0.348007528553229	0.259636901068504	-0.0995281852714425	0.361759642868981	0.555809485044764	0.500816940311939	-0.112066721870215	0.312753824195025	0.167474364540958	0.280427610997075	0.103178153220832	0.42991540951707	0.308150901753606	-0.154291734862151	0.344543362300194	-0.25718584154749	0.411945507872089	0.023408674443802	0.00249136387456241	-0.178732615018196	-0.0516275946602583	-0.154857947404593	-0.0420939248425477	-0.00982202857179639	0.292621147621067	-0.0876429607172054	-0.0199381649381393	0.0130447151519094	0.0763268026087166	-0.14602557515834	-0.0805940339381592	-0.142091363971796	0.302592482967611	0.316840141230287	0.0541855106320172	-0.0733374716628255	0.127245027178639
0.295558746082052	0.365379010738428	0.422793246382069	0.697661245484211	0.304067408095491	0.574997877718447	0.601679449785451	0.203992401224471	0.380096473131547	0.375881354956003	-0.046517063683123	0.31762498789882	0.353132741427903	1	0.713447024418394	0.564309059681872	0.425291797752879	0.291534475229033	0.21077776353962	0.187741379738976	0.230815106030502	0.154580714196061	0.041149325188681	0.311771648364212	0.216138360354097	0.343518689179532	0.196834607926622	0.417888551327756	-0.142059322185545	0.54697507704945	0.432315641559306	0.018182205496315	0.0654241958268634	0.361811607078634	0.393040868003964	0.467738262948443	0.0430070685561056	0.1005230188678	-0.0381356212750596	0.277089724527571	-0.175492881859343	-0.0535756448993142	0.166290098834394	-0.0417605733422055	-0.0852772329941852	0.188610262591741	0.079117171044322	0.318201831113817	0.356023536900205	0.0236059776886877	0.532306811180807	0.356425871784294	0.70252116125353	0.463536547201704	0.408552773782665	0.711886795064658	0.318754096067241	0.391434706184451	0.255021946227897	0.350208738079823	0.47473752063672	0.115906397762134	0.395850574653669	0.252062291568129	0.685887950848143	-0.040716521930061	0.555380166204406	0.362119539726963	0.408358553388938	-0.0585890543490565	0.215901657763402	0.358588711196862	0.416716953635798	0.176337097432114	0.35466422342865	0.11181725166358	0.139705465815059	0.280237629318718	-0.280399890076791	0.305402696822868	0.114738750705028	-0.1038289792372	-0.120619560691615	0.0365462245888923	-0.173103582464915	0.35206945385404	0.145998139336649	0.365169530768785	0.0184905046527103	-0.058032017665188	0.0570108178037335	0.0915757751344934	-0.182366361112697	0.0765688878699143	-0.0750340161431545	0.434463305891121	0.478492546047857	-0.10332728165747	0.0514595381224137	0.164878317116128
0.435650801214434	0.449298336931806	0.434001574732684	0.696288042790504	0.388151466116535	0.529260443737774	0.587481138055565	0.240276600831913	0.449529630365445	0.355130851933316	-0.0113071251664049	0.292889048030948	0.335901003953647	0.713447024418394	1	0.63704697760749	0.381246756023224	0.409569668993026	0.243374388797663	0.0559917185386654	0.285959914782344	0.232395661736838	0.136827982844833	0.452600911237216	0.193486522026269	0.311503153024911	0.271632022135919	0.370434467300284	-0.0744804811258905	0.432461838076599	0.352188618229577	0.000985944531824566	0.0642926394908712	0.348178353486519	0.589253610969791	0.638123897261712	0.212615755533998	0.129833055597591	0.153239423788398	0.318852212580927	-0.147735613925512	-0.0121735111068138	0.261016563860442	-0.0361147046289595	-0.0738046273665045	0.355370738465109	0.115134788766174	0.45192876966302	0.318516455352125	0.178164244711642	0.572610742337917	0.466781106487778	0.674925121509377	0.491702648129831	0.444489977434012	0.627472759407269	0.199550096174725	0.245388128327372	0.317426723534829	0.381332425313949	0.509024433565425	0.11983420074278	0.419564930103294	0.218495747987957	0.580484930923468	0.0980769723071544	0.454903757628127	0.278857642587558	0.521030345818716	0.0500250850323274	0.208644455211584	0.369715202983595	0.454720697943548	0.374899252127924	0.265322333099017	0.0976025160051582	0.308128130150257	0.187362524453937	-0.223987795970314	0.235379511354612	0.14228792847315	-0.0278328111534373	-0.124293089634746	0.0328934995161491	-0.128842774811053	0.252018682557503	0.263345684553802	0.517709684246109	0.0709559331553506	0.142908767003397	0.276279989747006	0.144236801501295	-0.122825865363266	0.158983670005633	-0.0223479283853699	0.566518929022962	0.362160606831489	-0.00048511750058309	-0.0196714239253629	0.193380010191101
0.324272207504595	0.280126943453271	0.396218243607151	0.63249422800631	0.353900492381708	0.536792606854631	0.707675647877157	0.27250780118362	0.418530461803328	0.305707758475448	0.0334383978839278	0.308277642526589	0.423119104457902	0.564309059681872	0.63704697760749	1	0.465896134051731	0.470986019824905	0.378704452371429	0.140058491297177	0.374144949108968	0.193810403324004	0.170161723751543	0.40955248216707	0.299197931262821	0.420581768995781	0.0626900280330569	0.149850221101588	-0.0853910764381852	0.367619591670583	0.797868440973627	0.0371177781538172	0.0557461222615916	0.161952330792397	0.719887864479199	0.72288371842419	-0.0237640353657865	0.0593477956072477	0.0205670709233259	-0.10765974646225	-0.29198942489624	-0.186136508871474	0.521592944453044	-0.275524716027715	-0.0913342236139796	0.255270553598999	0.0761457979562084	0.145060221413197	0.226832022127343	-0.154278242142048	0.515468647488179	0.332848822634329	0.70055010644488	0.622802155932626	0.677559762890777	0.759010256677391	0.328281339555752	0.344435033522267	0.159661703497107	0.363457898478016	0.475088592282171	0.0374742529456001	0.264611599671422	0.221311691251486	0.621660323986109	-0.0020567178649045	0.704185901143904	0.356856021524562	0.600140621162499	0.00191435563512785	0.298633463551159	0.410074808144701	0.465858146173852	0.403477405270953	0.532451038991224	0.34571698123434	0.0506895402019248	0.0411124687559252	-0.129796132582925	0.465015979510615	0.268278594217832	-0.000662648828354749	-0.190884659491722	0.387712908501359	0.0680504071547944	0.305000591581164	0.174684466128338	0.741975978399542	0.263801568103538	0.210630261626765	0.262668138164656	-0.279873563975642	-0.32098246103675	-0.217899194993541	-0.134128068149814	0.597918783820717	0.263818081175196	-0.115492739983915	-0.113850514701341	0.145001758185072
-0.0132191709303425	0.033147805480594	0.0382847614463041	0.372288988528403	-0.00811690187793072	0.23012300076038	0.323153810296896	0.466753330823506	0.291553149653303	0.406561137922534	-0.0313066794161798	0.35139278443383	0.699999223512283	0.425291797752879	0.381246756023224	0.465896134051731	1	0.494493831034331	0.269829524167379	0.421086255494257	0.661427596648043	0.133632981385985	0.0115088677882374	0.207966221250518	0.341082642547245	0.327638514057789	0.0338087462491843	0.252777138128896	-0.238619534428139	0.304221887802808	0.524488617398945	0.0614951736687231	0.338338743344798	0.251053314136715	0.256906894912866	0.325055203503498	-0.166315738552013	-0.064378093262614	-0.167492611113439	0.100324041901413	-0.207600790873488	-0.275094230410416	0.213485767231875	-0.107328646197304	0.165056424400025	0.174069899408787	0.106654210052805	-0.0124103788386417	0.272000782031588	-0.0730346585677187	0.414010510140241	0.090278520895694	0.399815263302073	0.199694889539985	0.259734517375093	0.413753121353452	0.426489691545279	0.293169840964302	0.204931577021746	0.250680409703612	0.270574214501621	-0.0444951270742926	0.250825630519566	0.332541893937261	0.346527632063014	-0.0922878900643756	0.524845814942109	0.489230737620834	0.419205892614964	-0.057949855667775	0.220657231865345	0.263134384326781	0.206040413809856	0.183399464728097	0.507688964172017	0.314981797930812	-0.0455518501365166	0.230464404136102	-0.373122978178845	0.473550045750311	0.104483200082524	0.220466084190343	-0.319604990510358	0.200481179344867	0.0546698467861449	0.15679526820838	-0.0251538415360587	0.333564457472415	0.171287650374875	-0.0122678050634724	-0.0405144801123256	-0.0826273051361254	-0.111037519719084	-0.0556745381554096	-0.0156690742698405	0.19393449392886	0.373104874272664	-0.116510360830005	-0.0232742187756842	0.126067444491335
0.146306231134514	0.127902605301951	0.195512925962719	0.323808706702437	0.226572656830659	0.352653419552384	0.339426470466511	0.661356791537288	0.445932115922588	0.154584584531262	0.0373339271530534	0.303121968511568	0.555986139940621	0.291534475229033	0.409569668993026	0.470986019824905	0.494493831034331	1	0.496639459084279	0.347966959379444	0.197639803267179	0.223652682672022	0.153347498089723	0.269695259889278	0.1599796887052	0.19841699193518	-0.0840160897495019	0.253052209060678	0.207415128439956	0.141424869363926	0.562792413314935	0.0511290162607496	0.115417846452495	0.0666277204908664	0.269481837454383	0.333276218055269	-0.151993189814838	-0.100699457326138	-0.109660824072043	0.0387221951460939	-0.117637012450552	-0.276500720485631	0.0819127372976672	-0.285068482070494	0.0671580112106256	0.157529840778988	-0.00666904549813292	0.061409554220345	0.27400686218275	-0.151299132133012	0.274690308401562	0.0612202160634363	0.341352316671409	0.325607996240861	0.376790391507918	0.413937974393656	0.217975831111511	0.421981377693345	0.337065527709082	0.323517027674622	0.340714677408924	0.0525131652221569	0.291475829348344	0.177523560327106	0.241710006100642	-0.206875823366761	0.376295786351592	0.423098911672663	0.559268577265889	-0.0531221945651614	0.416837240119864	0.160089321391933	0.329059564898259	0.0420774431436045	0.44964342629964	0.146622814042488	-0.142724416344219	0.176365641486423	-0.0500463719960898	0.360070169285105	-0.00132998931703956	-0.0468461620866924	-0.291145224572535	0.0339522730562468	-0.078838289911251	-0.080163156759672	0.0365969248553135	0.391568280016341	0.0530368407484935	-0.112516096228658	-0.00809585387529944	-0.0907518698673663	-0.292003591342397	-0.213696642225046	-0.119061462734403	0.264251196984859	0.272707062792635	-0.00842264484345251	-0.1711926444976	0.0888791871453507
0.0761166709429996	0.020819078169935	0.0922298542373704	0.127882531258486	0.0306907252810229	0.139078277329509	0.2136555153312	0.580336829334344	0.617138036804585	0.144052197570729	0.116955377259571	0.333969402153348	0.383137918818591	0.21077776353962	0.243374388797663	0.37870445237143	0.269829524167379	0.496639459084279	1	0.458508718541578	0.151972142782983	0.156675085286492	0.0576288603143347	0.289202656953702	0.139911047093732	0.198235930631345	-0.129664585645439	-0.00681303163374276	-0.00915478115384624	0.128066781682603	0.364686991984143	0.0300561740879249	0.201084628303509	0.0686213943440618	0.222850552163035	0.335084894999644	-0.109111817266681	-0.152211923243409	-0.140062532600553	-0.110567948512307	-0.140086508426105	-0.0381251135891245	0.155233087155559	-0.286257318736991	0.148378945654314	0.0504542661692875	0.012496672288883	-0.0408132130979046	0.232655378089174	-0.123575088052	0.0344981124065307	0.00888861190150533	0.279089586983377	0.238068185620004	0.247335124484995	0.215652588531728	0.233510351995586	0.573469313056328	0.469168488808033	0.366634461932518	0.407822670569798	0.244263443040599	0.291623920994467	0.278578764997419	0.204617436675083	-0.0285379801613579	0.36158989503616	0.417371010258273	0.601972784301143	0.182125061381869	0.423818305451039	0.286309710215117	0.34104635955529	0.109297680933022	0.441982727261854	0.378077220662201	-0.210324338999782	-0.0261162388722871	-0.086244741472019	0.372541143184363	0.304091844735284	0.0563345756624665	-0.0384530654751483	0.203209744081448	0.110474253277337	-0.0638212731452879	0.056387843627724	0.312085863007557	0.17698896745325	0.0490319383754048	0.0231584748907428	-0.099642332421335	-0.236599821836393	-0.264159221867504	-0.049328659802142	0.187057961336784	0.171143257136208	0.0804671043046891	0.00347115880439731	0.0125540597131393
-0.0984091171879191	-0.0660668046711153	-0.174119736649491	0.014845687621821	-0.18020275389787	0.0925896995916838	0.0251656317666699	0.455960836935606	0.44284362067423	0.29179797764114	0.0423760891121604	0.325063640900902	0.424820384851883	0.187741379738976	0.0559917185386654	0.140058491297177	0.421086255494257	0.347966959379444	0.458508718541578	1	0.253331115646242	0.15117643812013	0.0436811414548193	0.149846194045986	0.316752487133417	0.405522078945939	-0.00802486383728514	0.0963958267658968	-0.00896482542720606	0.15301483828394	0.285961789368935	0.102469671076049	0.33700339205202	0.0679534841373667	-0.0377499219487253	0.0318757980951814	-0.174984514476071	0.160962275111871	-0.158054988379844	0.0666945120577389	-0.0388769970008106	0.0256098707368495	0.0368160518113982	-0.0512371516125594	0.406121155783246	0.176231186134081	0.0763799755913751	0.0387882093993812	0.235643417839608	-0.0516874849422691	0.057335729665801	-0.0804480988961241	0.174668374872689	0.0254424504056325	0.138469146526009	0.119321111826847	0.327889037646508	0.280405040432137	0.338131947945297	0.332535331980448	0.315235845749783	0.17453099704977	0.197141148835281	0.220445517366256	0.0376318878168103	-0.142835228378615	0.363578709937655	0.351220110078939	0.357226090399859	0.272945248794809	0.295558242283602	0.413736877846173	0.209580227427863	0.124591136625249	0.283445652803925	0.262193208409539	-0.137699240839709	0.100830522513846	-0.275786433936111	0.374963037681245	0.0395254832397119	0.164018644666105	-0.0420517555632054	0.0761199238767801	0.120183158757614	-0.105602244956845	0.127929422856236	0.188991221124955	-0.0331960313640333	0.0701162105729972	-0.0675563606728114	0.00507927236463193	-0.067623236155878	-0.109267033399097	0.0261494417628123	0.101328839285404	0.352510498886122	0.168075028193811	0.136492288799041	0.0624920831664549
-0.0675861491760943	-0.0175713136673744	-0.0215351338073513	0.223937054098212	-0.0824855065909729	0.0277683755983007	0.207857276841655	0.186999299307098	0.154757113306355	0.412519308647693	0.046327776791497	0.33919461887984	0.34769003687532	0.230815106030502	0.285959914782344	0.374144949108968	0.661427596648043	0.197639803267179	0.151972142782983	0.253331115646242	1	0.122514824987934	0.12070021933143	0.255062783184627	0.150279497669167	0.257331251229257	0.0832957287935942	0.0202801962723872	-0.244093739120699	0.30532710960029	0.396653347315137	0.147847356834918	0.390538868853727	0.193450288955427	0.375584344968163	0.366641991869213	0.0229201334765413	-0.0752326910924287	0.0474966703933098	-0.017748205100876	-0.127526153782291	-0.10969366883686	0.460173083118325	-0.0393551014433245	0.207641282402013	0.110834140658404	0.225100399897332	-0.05106373972416	0.043430079398839	0.0939145764650543	0.228899600908273	0.106974704583369	0.250126294611896	0.0706137777997525	0.15605861011037	0.189190206427333	0.143260983784049	0.118334536518794	0.0698299152737213	0.15995525888413	0.208510967105237	0.0506338002829308	0.153449471869799	0.254390761127548	0.261365267914525	0.0576975400249393	0.430705637030089	0.275248867732565	0.279257002767437	0.00853337390954755	0.104633482729405	0.370744969142889	0.0714763483280901	0.269085458512193	0.451645606592783	0.338147292253553	0.0466795020872297	0.0638374578432154	-0.23908360814011	0.411308534405334	0.297639557982319	0.411388609640489	-0.0789990691672355	0.41442328557868	0.276440766141732	0.258491111763497	0.106246977959807	0.312403832767311	0.363416449638536	0.125254195235259	0.198752243423673	-0.162436798441708	-0.00557278891082875	-0.0288020425579361	0.158554086787889	0.112851101224347	0.203134397668309	-0.0883735341633348	0.098754843116709	0.0788204437989638
