1	0.704029205755654	0.524266948671159	0.696712711802946	0.618928006798832	0.286981496541912	0.358721444300179	0.314571216557781	0.154368473911946	0.15903381788067	-0.0937451659308037	0.0914425536947369	0.148044822677733	0.754790525315782	0.545564496426132	0.544612265761371	-0.0200950522931239	0.379523266748767	0.468502497707051	0.267360707612176	0.0294416987329511	0.10429182016157	0.256842331610283	0.0952073037768405	0.293016818378985	0.243617957683121	0.194775732155858	0.112127104506364	-0.117921482299664	0.52899972268528	0.444506918198202	0.323570186065413	0.156444210287527	0.399636554707471	0.0976612228124058	0.401832133538796	0.175634277671899	0.115351883809383	0.0482825635155272	0.0942521165691127	0.0562551721266997	0.239323160792222	0.206145219180213	0.183443639704377	0.281738748868896	0.168534840551664	0.317222566890009	0.127516992986655	0.103123369990423	0.421376548693956	0.706738970582499	0.712225751797302	0.554100309625262	0.338250422563615	0.179495684303013	0.352267152780248	0.170950883697514	0.368135413551391	0.309129526959426	0.323117014413934	0.176739954878354	0.125196540228731	0.222310054563192	0.263971461264961	0.620855920119248	0.44236752530863	0.574240826314484	0.217924016014113	0.366949535111428	0.487724557114733	0.23409746924061	0.14509222037455	0.19083511603922	0.377483922363437	0.132318247253248	0.248204699285158	0.199182335149922	0.0928731651591746	-0.191576346950216	0.403498675395265	0.328998725153044	0.241567214474857	0.266280077519079	0.259566399345472	0.434955333051262	0.371087783413912	-0.0827501814020269	0.445396997168138	0.203367968269573	0.399703549651337	0.121395269935924	0.132899512283188	0.110101248735619	0.113890751941543	0.203060698579678	0.138886043203214	0.331408948207558	0.156778821585175	0.261712636253324	0.351303766727617
0.704029205755654	1	0.743777401296946	0.817331903998682	0.715540279324754	0.58382659296798	0.679268317732449	0.229607612451692	0.0219764758734032	-0.000793997514500961	-0.296436815801664	-0.0433378605695513	0.0311700323561468	0.737985778858281	0.52061956991663	0.4956550046634	-0.303484366902011	0.236486915240198	0.300226327596815	0.203962883851802	-0.253242701714358	-0.00889642362762876	0.094646542625591	-0.0987778377872244	0.147681509043314	0.120211607905403	0.0415039730308739	-0.00732224707444495	-0.181777526996674	0.35284779792307	0.353362565227607	0.292837650709109	0.126630116006701	0.3033723062519	0.210663009656717	0.294850066343348	0.125310598625699	0.147155161783638	-0.0736603560697004	0.118407659823988	0.0991554712993079	0.156280887987801	0.0894033877194913	0.0491754152712562	0.165427314113527	0.0226854109675732	0.154265549288164	0.251035331305821	-0.0401640157615597	0.302260583467433	0.590428064720968	0.790419423295179	0.489746285879122	0.57773665708017	0.320261043415959	0.516253558094563	-0.0369798477672252	0.245574700855691	0.234184910417021	0.190190215901097	-0.0546639804004052	-0.021461844796994	0.0933626377909178	0.15429905522493	0.499094841269881	0.252665163820296	0.393481207285084	0.0533964057037897	0.187153855971366	0.350475667219373	-0.117143904156249	-0.0578619614991062	0.0462778620444199	0.271212928846671	-0.12029828457782	0.218270834626555	0.117090270088101	0.0674873800296005	-0.262643017720907	0.198041814525479	0.216518544296707	0.121739768130683	0.0321727269369825	0.145447217793496	0.388440200467715	0.336109711056656	-0.125967830454565	0.345424984345368	0.013489207316888	0.284039185862758	0.0534301115054593	0.175257800739773	0.0414968030392887	-0.0340042346311321	-0.0834980553271561	0.244299668906677	0.127157078281029	-0.06030927858846	0.142323333615243	0.146773681403714
0.524266948671159	0.743777401296946	1	0.692502640243995	0.593540850961516	0.60201212628577	0.685814304846178	0.185377764954619	0.12383441835836	0.100704970305459	-0.209950678918824	0.0237562513672034	0.0238674519301567	0.479670719433027	0.49877926843148	0.338677163700336	-0.199854282617175	0.142267792310521	0.28625075883768	0.0329724866490993	-0.23741320126341	0.0647653350494124	0.0631662499894434	0.104782078622014	0.0246059708922286	0.0511591950576601	0.0882767436689329	0.000294416333720008	-0.0786480550316301	0.332802874028112	0.163687423824565	0.210643628816123	0.0551575453885654	0.293179473042941	0.349858000790388	0.2271088308798	0.18687704953872	0.164918696762844	0.0336705929755356	0.206598170971518	0.108703165789744	0.181044368287327	0.104557312522799	-0.0168626867919985	0.0734757824348559	0.00733547033407522	0.0794704753773221	0.338421091923392	0.0406101503061356	0.284567901075941	0.515318080460062	0.63070344252415	0.479712421266831	0.70333841694651	0.404583441919253	0.601093882425581	0.0241410652482218	0.132958485003006	0.139836750537813	0.103417106814329	0.0487988201448084	0.0308105784720202	0.0290540348061692	0.14012141354718	0.365731336977467	0.268784650919357	0.339502844134316	0.0310243483671567	0.100050467577618	0.130642060641875	-0.0137588011146765	0.0276055548196363	0.121825967655302	0.137398291208197	-0.0631541798077555	0.166013762922248	0.0750583708418169	0.155491326407713	-0.109140072200484	0.028537896212554	0.0980815748854332	0.0354589293014642	0.049125957932464	0.0305134722963992	0.174576782337964	0.218247099397301	0.0390511241964083	0.343879174794585	0.0846002415976376	0.192857406705958	0.198379866929383	0.227627267377368	0.0716495735674934	0.0526744588676887	-0.05068226111671	0.354537099976455	0.0823875768365868	0.109631509511409	0.0886496701504064	0.197759342448776
0.696712711802946	0.817331903998682	0.692502640243995	1	0.705291484788533	0.559760813352573	0.70214975804202	0.284742926348792	0.165515559954222	0.123138582750096	-0.180988917091178	0.0828854536320049	0.0875451566176801	0.735749296157598	0.660247599897716	0.610020906609815	-0.0763227138679548	0.328101435666815	0.326788252908812	0.130663645282808	-0.0474903074022637	0.00722831998045189	0.131303530668492	0.00447308813144066	0.187561911552392	0.180937634894454	0.0916662705626616	-0.0152596823509598	-0.118730558310028	0.341072574333301	0.466904542735336	0.236791520170417	0.088874586186569	0.3168400202283	0.232381479078513	0.33695062965953	0.187808598975341	0.175524135231841	-0.0489500959092657	0.0531684557759658	0.106685019343713	0.249516581944092	0.290499354612475	0.0960604887019256	0.251780646663999	0.0389560855384245	0.182099555187673	0.213238791074905	-0.118120512305407	0.392381253281766	0.587107221378115	0.766297997114926	0.539631455826281	0.589083939813848	0.278007799309761	0.67028636025326	0.155558099327024	0.281952530270244	0.277838140580798	0.291417645740733	0.0129046863785867	0.0496977156093658	0.137330092338137	0.240493520301166	0.460159235463778	0.269061306758846	0.473680443875707	0.134750541980004	0.241842551336986	0.308000189579567	-0.041425536461931	-0.00475019870896126	0.1204766206655	0.256646941209679	-0.0479341289765109	0.24128506923523	0.0899640474691691	-0.0139107562068501	-0.208368886505799	0.237384632616886	0.165035292958545	0.129153936388635	-0.00827400249669055	0.181290070016525	0.397808304801884	0.394468084438973	-0.0498799560754332	0.438569015158928	0.0979000786150826	0.27013816190735	0.0794949430070184	0.0904123165692359	0.00929032265914676	-0.0391870453433503	-0.104282060912547	0.190139951778936	0.121490864719147	0.00713477179683647	0.0692433698838026	0.142490894331703
0.618928006798832	0.715540279324754	0.593540850961516	0.705291484788533	1	0.651486053515855	0.560207487055869	0.279613219678865	0.270284987912073	0.19671949899303	-0.0318209851921262	0.0940695385483159	0.120765375941312	0.61325224592175	0.547560208055809	0.451193685454254	-0.0582555292299155	0.281059541325953	0.319262984068756	0.240630594930443	-0.10202375072376	0.12308344506064	0.230551080280337	0.048840985272008	0.30331872638528	0.128255753184756	0.222166029115812	-0.0227966066009546	-0.102759767436985	0.347599952588948	0.3264628776139	0.247052885786203	0.118921551857595	0.274316302758246	0.239495592993923	0.358964014151514	0.173300699743707	0.218771514355834	0.119544369781637	0.0958369275732843	0.134698320716877	0.208221470039387	0.274338455809885	0.1552984059847	0.246993430999613	0.250262957290328	0.302629785730584	0.361078017862485	0.16911252752137	0.333393855252386	0.559876767336463	0.597355663790734	0.497032303330419	0.551391202603788	0.421955349421709	0.498091044183785	0.132650845388013	0.242216395631682	0.270216009923151	0.336251513558953	0.155996023487139	0.126970339376379	0.16598438005272	0.24567150953099	0.308010364823789	0.295323430544288	0.386893653082629	0.172484881575769	0.25675247784234	0.24942284297441	0.0495749985994427	0.1165228877403	0.245672824836543	0.346298479821961	0.0877122351135686	0.173388907116538	0.145578917127107	0.0151296619645205	-0.204690061028019	0.161143268389237	0.178408299480367	0.0834737964550816	0.0370995947941584	0.0873618921760499	0.242714062837178	0.380631858912533	0.0183762034555016	0.329422542490334	0.0289037468939626	0.303703094052466	0.167535222419578	0.189802530770204	0.107024900744648	0.0570534812287186	0.0666930186449531	0.299589420282591	0.139226818787213	0.113949097236829	0.149663652169745	0.0949871772360963
0.286981496541912	0.583826592967981	0.60201212628577	0.559760813352573	0.651486053515855	1	0.828241793502273	0.236461630007589	0.237234375334085	0.113492445042442	-0.043612968782985	-0.0499146171751461	0.0911674230422281	0.420808627938319	0.417570396533363	0.413637221985149	-0.240309820376475	0.237907198838103	0.140644201528011	0.210680966569211	-0.0803996619461253	0.132468292295726	0.0643059708389206	0.24788808981786	0.193581301205944	0.205453414894372	0.165146062068882	-0.0110419084500485	-0.140369395239874	0.19004532169057	0.303772931844568	0.353288885972645	0.0954319238766108	0.218183716121224	0.568443190347403	0.43040163748332	0.355541350387237	0.342280812354082	0.26745115772428	0.2045941397141	0.28323427783112	0.141336835967794	0.296169133629615	0.295997313309585	0.238021182793023	0.0708812081270286	0.162819259370592	0.581982024419574	0.0521403901256374	0.257127202915674	0.343470987270403	0.493609365208722	0.37111074056962	0.776630830341781	0.629244192679144	0.687418697820863	0.072712027310827	0.210574066002871	0.203389608467872	0.294576375757043	-0.0365081159679726	-0.00481212163918521	-0.00866699412678154	0.170276919999404	0.200539123419073	0.314982702385892	0.361673486107338	0.201062136194111	0.153620605325899	0.0590065773079606	-0.132823130794221	-0.0356174755412651	0.215822384570175	0.248719599365387	-0.0427238379540906	0.105747336794373	0.14279008338227	0.176914482240515	-0.0129528186441389	0.0561648795707405	0.0679044714632477	0.0194905864467444	-0.03865134527271	0.11136339743111	0.157851136946746	0.316985256015131	0.122082127921505	0.429033802452344	-0.0181923788299001	0.384975625338566	0.250930571872212	0.3153540407994	0.277625602489654	-0.00509838773057993	-0.0417791951474842	0.493543837148757	0.0591923347030402	0.131303469083393	0.0372631031512392	0.0701675282187634
0.358721444300178	0.679268317732449	0.685814304846178	0.70214975804202	0.56020748705587	0.828241793502273	1	0.201059218588276	0.148213710611743	-0.0391687140227162	-0.238139729271904	-0.197446249753899	-0.0103793796922473	0.495281373609425	0.46715832455859	0.550468004950802	-0.283891623707448	0.237140731952192	0.185802281178981	0.167601497146125	-0.105699746591289	-0.0056636382192984	-0.0774962325301189	0.210899677685737	0.115191498969491	0.235959188433943	0.0488663561736097	-0.0207358843594565	-0.143639803136562	0.250483493328313	0.384428649317367	0.33497293857585	0.0110496428591255	0.29430803697316	0.595070157769737	0.436538513957194	0.244222183955512	0.39386656335055	0.144583056998772	0.190047301925404	0.255760345922594	0.166757258580128	0.282684740526079	0.21007776013043	0.209306143157829	-0.0185310990671581	0.0741447459996904	0.519603287876648	-0.0790855745923345	0.192729717110416	0.409682083796927	0.629248214920782	0.447068164708561	0.686821963931568	0.543815873190797	0.789318007937343	0.0299910252476285	0.160203530027116	0.18704053178253	0.268213442534254	-0.167308952270235	-0.0845887797697305	-0.0834501574385631	0.0848056043205263	0.266410134959006	0.246508933559053	0.418238360182464	0.0649537122612728	0.101691400069816	0.142034650598588	-0.258154138704861	-0.112962662495831	0.133215738945007	0.215329347408172	-0.214333739416213	0.157885712888572	0.0537215438046103	0.197798075475478	-0.00381825172348182	0.0139089512745223	-0.00832409473745153	0.00058776596999916	-0.0196293438288227	0.101916407660484	0.270840002554003	0.412018166189968	0.0360846772464184	0.471946974148538	0.0186711634871955	0.387471402945713	0.244734033681433	0.250627743781521	0.192467431719082	-0.0850560467991195	-0.205868581768608	0.437020951166597	0.17753798173358	0.0786404448065029	-0.0401889579144241	0.0179874958465176
0.314571216557781	0.229607612451692	0.185377764954619	0.284742926348792	0.279613219678865	0.236461630007589	0.201059218588276	1	0.497100559197821	0.0674575705268813	0.160175519042658	0.287443469969122	0.636934852367009	0.480595340291005	0.469522956167652	0.420828157149643	0.272682119906615	0.577628157180969	0.674364806909822	0.516538967204016	0.0452422853391496	0.085103126765344	0.412360586947773	0.101092096856227	0.255604919466069	0.119861714390056	0.418730179380887	-0.136061078154982	-0.0935359114186176	-0.0264063008357857	0.391605692182417	0.190509192499707	0.379479475402155	0.134526750783918	0.0359955352264689	0.32922117408042	0.221622355174299	-0.105739282920931	-0.0705787175946661	-0.0432195962257936	-0.0689023150302271	-0.0438010977696968	-0.0415362107285769	0.0915213117576824	0.248940198418137	0.130685646262052	0.110512250114432	0.00575916048852701	0.0175497846825662	0.210331532831844	0.196057983793874	0.30219550158257	0.286100919310169	0.176408277516859	0.0650132850359498	0.24578287832905	0.394755367443369	0.665676564501357	0.62957598485397	0.570555373696119	0.286461422323082	0.200919781218369	0.257494182759539	0.23508018207858	0.28660391075164	0.138138827256114	0.445611818889227	0.473228176863028	0.619657116852602	0.447891386625022	0.341756181978202	0.332198349952706	0.25872632606096	0.353461424976674	0.340363999068157	0.413742723111108	0.367888321169169	-0.132560072529308	-0.260461425019289	0.489030970246051	0.184318831691248	0.308384575826861	-0.0467069687138969	0.367105867388365	0.292686857062311	0.169202802004594	0.139137437155648	0.337886411607093	0.321529838849967	0.349257550878465	-0.0172382901532172	-0.0246941066989342	0.0782685123289717	0.171969740063724	0.0093471005904169	0.0994116676314695	-0.0821774211939388	-0.117866497200553	0.193097447570485	0.207527282450489
0.154368473911946	0.0219764758734032	0.12383441835836	0.165515559954222	0.270284987912073	0.237234375334085	0.148213710611743	0.497100559197821	1	0.226330862170339	0.223990680517612	0.489220500806571	0.451858519917676	0.268301690838693	0.341615809126506	0.312865370998568	0.393172905969112	0.314348359473342	0.537478389383946	0.507812951665006	0.238959879742819	0.308239675654226	0.519646062485499	0.355087901485496	0.472207504854295	0.190513294780225	0.417711507400126	0.0397021141579393	0.254824033095731	0.0826113741290717	0.233338567388952	0.0775816039902219	0.205201718477974	0.149372530670896	0.253968177976249	0.391956096742144	0.394070219273418	0.0770358816219148	0.21087283913997	0.102234913288844	-0.00994112607164312	0.125363413751133	0.177547675019969	0.305475222630042	0.171632963043065	0.461311587071083	0.147240299205664	0.248268387965521	0.0549568165337923	0.231735252976792	0.18437897752157	0.190474399686875	0.356890617822887	0.215889730734195	0.273745371892298	0.222461039004582	0.458048583990615	0.362649827210827	0.525035521720515	0.686901328373841	0.371730015375232	0.386686928075129	0.217265951604092	0.178106822568726	0.110772445615461	0.203531288954064	0.390316241422084	0.26762231417724	0.527757359160284	0.291720069108833	0.276277364781641	0.396157990758451	0.434028198343813	0.453730146858451	0.276195778253412	0.251018908508983	0.316557441784391	-0.076130282118096	-0.124581321526152	0.245737176595541	0.196842332761772	0.312956124415957	-0.0872291241244612	0.162648253878965	0.175354972942697	0.255258006516137	0.318120933462424	0.382078554635032	0.121953851778274	0.371432669326407	0.176456478080057	0.0723195769205675	0.289259098221258	0.210576239240887	0.196736946967372	0.177881950039719	0.0515172727832696	0.0243019303351365	0.103639735928564	0.114470084718643
0.15903381788067	-0.000793997514500961	0.100704970305459	0.123138582750096	0.19671949899303	0.113492445042442	-0.0391687140227162	0.0674575705268813	0.226330862170339	1	0.312008833814715	0.46164740939168	0.1465631237531	0.0482218835076638	0.298789515601397	0.0209939652725316	0.298320252956911	-0.0510807423554472	0.0250187818912078	-0.0963534690274837	0.405821720814341	0.212486907757258	0.179756998661326	0.226605945472419	0.232926169969457	0.12440137535783	0.2573634321911	0.0924160258689316	0.0264421834359693	0.0723802221700704	-0.0569324002999487	0.137229629253807	0.0555409503861913	0.147951772747984	0.131947996823494	0.314340118758155	0.335453537129196	0.150825412862243	0.44294142072479	0.297549946390682	0.409730119466599	0.481556931272406	0.450992171183824	0.45368067558271	0.136413065018548	0.140482647073829	0.399928452319477	0.255866492972532	0.235256844071296	0.548886323045977	0.0580422548894421	0.157767500483808	0.169238985670401	0.149337602448843	0.0952661355257435	0.139214742508665	0.233595767276498	0.143982260956098	0.21270092718142	0.170043071779932	0.340091184275016	0.297607658042914	0.220758759938523	0.204962131034267	-0.0265327143387156	0.319754369242241	0.169913318634954	0.132841438527993	0.184674672049998	-0.100184207774561	0.174954796430118	0.178430364603124	0.148055370080976	0.0797268828761798	0.146894343762477	-0.00816922879353095	0.0458449723719344	0.192252329338257	0.0987170067174061	-0.0538136631327734	0.251250995081215	0.149504993073516	0.225700119645926	0.00388472321939111	-0.0670259230077895	0.0391774483664908	0.0739040346393455	0.1858294031396	0.121447477071332	0.200631304042169	0.274616572132714	0.428512988934325	0.418682661787268	0.244063108725577	0.354324781146871	0.0552888280060569	-0.0222588516837506	0.481276321122606	0.389698171436977	0.459637109002877
-0.0937451659308037	-0.296436815801664	-0.209950678918824	-0.180988917091178	-0.0318209851921262	-0.043612968782985	-0.238139729271904	0.160175519042658	0.223990680517612	0.312008833814715	1	0.427898380582548	0.364859314647086	-0.0882346164118138	-0.0721890020332204	-0.0555334665266674	0.277452961245202	0.0803851357060428	0.143730724855334	0.0822067159972837	0.130204431186026	0.366475151814133	0.399063972423825	0.0664501798141299	0.169767502450883	-0.0284747185347061	0.33310156402667	-0.126648304394604	0.338329633670288	-0.0431234586932868	-0.072300991859163	-0.00347332531713645	0.259774650732697	-0.197192513066876	-0.108991019785773	0.0151229000204031	0.0015205890977973	-0.155657437319172	-0.00795738145211169	-0.197409327227651	-0.0667510490855591	-0.0190330327156156	-0.0465780801324465	0.00528742233437274	-0.0138680793141358	0.13324510297654	0.124457595851881	-0.100617775735476	0.169944802279555	0.09745433358441	-0.0883593195453784	-0.200548191328828	-0.0666823893209092	-0.0659527198365223	0.0149281220401346	-0.192243098285825	0.184062698801627	0.0929200238166076	0.145046676601889	0.189282949048031	0.32803722172099	0.258338882578969	0.215233511723359	0.140983710797983	-0.100743547342976	0.0408023497200825	-0.0686681162199581	0.220081210621949	0.21958532124042	0.0821955047199617	0.471595433604422	0.315013557998205	0.067953580509731	0.165765289975603	0.339872742380871	-0.0492085754870471	0.245321539974736	0.108001068723769	0.189136793089517	0.158445384065772	0.0893522879213789	0.238322104795814	-0.161047852274549	0.0253654140319929	-0.102720832766025	-0.146957196224695	-0.0258382033882743	-0.0269522214859513	0.101196838032481	0.087923767684932	-0.186450028811263	-0.0965909384727729	0.0573285949962458	0.198453986146377	0.161080535235732	0.00324884463153825	-0.0563124375875849	-0.000158670064502898	-0.0552681650879147	0.149453454455311
0.0914425536947369	-0.0433378605695513	0.0237562513672034	0.0828854536320049	0.0940695385483159	-0.0499146171751461	-0.197446249753899	0.287443469969122	0.489220500806571	0.46164740939168	0.427898380582548	1	0.552440913748365	0.14126350616951	0.244498569857756	0.0193527180993504	0.465704715579756	0.12132420573568	0.336598789046677	0.164725828175426	0.247268540382612	0.298837906505589	0.488957365467399	0.0354142320727026	0.216244736752397	0.00323938740626753	0.320560162959009	0.0710522879528231	0.222135556716073	0.0203693347596863	0.0298773960255709	-0.0477535791928507	0.240209396917401	-0.0472620994278004	-0.129905598007675	0.142030986492487	0.330507417458492	-0.210569439141492	0.0898335187043055	-0.00936868243633973	0.0355914616926681	0.174318026888305	0.106073804578002	0.0774951333497268	-0.00115184429612178	0.233518478155695	0.134621061597171	-0.0225201204017184	0.0722429271173654	0.393349605245897	0.0736118773203638	0.0494868077262871	0.228249326087821	0.0656603443680661	-0.0838888620602021	-0.0597115486926466	0.243221114229889	0.302021829032249	0.465258311561086	0.420331011738399	0.576375345921744	0.445969957091556	0.404991057044002	0.262441687048444	0.129669225762287	0.246314251236284	0.0786345191395544	0.209321464426198	0.432360448499211	0.199155415540469	0.499398806406785	0.37384699208697	0.298902593189926	0.182235491049742	0.365224033509963	0.158503673921169	0.175228602754599	-0.0432023438079176	-0.167938921356812	0.23030621222467	0.279330868529112	0.395477884358798	0.166775784403777	0.0744435635686712	0.0472202899224259	-0.108846291178916	0.267935681255484	0.206373190172361	0.348556295901891	0.152974505708528	-0.0167199311317717	0.0654023291989779	0.127564173204341	0.205214557667648	0.20107747812445	0.00304502755438601	-0.101019186344844	0.219692062565674	0.137927914719481	0.398279894965517
0.148044822677733	0.0311700323561467	0.0238674519301567	0.0875451566176801	0.120765375941312	0.0911674230422281	-0.0103793796922473	0.636934852367009	0.451858519917676	0.1465631237531	0.364859314647086	0.552440913748365	1	0.204492469753416	0.315209091073246	0.208502369926503	0.483999563567342	0.360627501778448	0.433233040723016	0.376537089316948	0.1127521639204	0.272703567501701	0.435138920436233	0.207608063062338	0.302773071475474	0.155217849219381	0.379377747374353	0.161419660341278	0.127311845019689	-0.015583050586167	0.198010173730377	0.13827468399385	0.414197985826614	0.0284687398285645	0.0802588018745652	0.179493008301467	0.357766351566207	-0.0740983481539818	0.0679003240166913	-0.0637512205088589	0.0289848041679837	-0.0310835206614502	-0.0142197677843349	0.197992361087259	0.0894964039749893	0.342654685024874	0.111132690677651	0.0505691233333895	0.133453546112247	0.186405421615079	0.107196555196758	0.121717454411255	0.254271674120961	0.117535854771696	-0.030875409326264	0.145826671601318	0.328182311846981	0.431418944936729	0.452721866433601	0.465805628697118	0.35846810606369	0.282276917974573	0.396519028486124	0.286689800743902	0.238495232208205	0.16593640202154	0.226721854211514	0.37932086845411	0.449657760331747	0.265898075284921	0.531234582688089	0.373715215991708	0.358723389365336	0.345749370082428	0.549114048106727	0.236371867115	0.315860121278089	-0.0277731450293853	-0.0462736157158806	0.413289129293753	0.13190433379446	0.462228988832925	-0.0103305829595337	0.121164472791195	0.104740892694911	-0.0235736545006139	0.287272270688393	0.32638436459373	0.391551928708567	0.272390683230632	-0.0480695424399098	0.0526032765790916	0.214457400223664	0.127148530323336	0.0120118900817046	0.075888648309174	-0.0232136258125676	0.0617254515957724	0.0221471145125168	0.227318297185866
0.754790525315782	0.737985778858282	0.479670719433027	0.735749296157598	0.61325224592175	0.420808627938319	0.495281373609425	0.480595340291005	0.268301690838693	0.0482218835076638	-0.0882346164118138	0.14126350616951	0.204492469753416	1	0.677351485832995	0.654072904643423	-0.129411630593247	0.44840175478379	0.540368389383513	0.468792478670786	-0.0932346763770789	0.147391096866209	0.337926356788796	-0.0885793747293551	0.379353339395508	0.228733220556929	0.216088631086548	-0.0373718731692157	-0.0547743997590098	0.34512519196646	0.512311621536394	0.338746981461242	0.330832478576348	0.386253330864752	0.061200409835181	0.390304939601792	0.163355329581724	0.04190570184746	-0.138328856253786	0.0408888214767556	0.0274683713889041	0.0961778629824398	0.050254674985603	-0.0138607370207621	0.279930423238538	0.109942660635217	0.275359757438591	0.0887423361283893	0.0661903141641177	0.300423619324798	0.664508908489874	0.724170114012633	0.565013279160135	0.421315305532869	0.265250844581997	0.452277479377622	0.258110999631677	0.395722846757723	0.468563655049633	0.4615172796431	0.108268262644843	0.0433011912237399	0.206331563753878	0.318929599862933	0.520980406974305	0.221236601338131	0.569426294661253	0.276254667164932	0.41747020528675	0.592142619599313	0.0847021062449063	0.182030758844098	0.14865390924032	0.531868826009088	0.122723049830749	0.439004071825707	0.249712184416215	-0.0207195327058563	-0.301262554400763	0.461892725007874	0.268812539510154	0.292754330647917	0.0362774690191231	0.329863960239786	0.52983515428797	0.373480440355495	-0.118362819539892	0.42801314488116	0.190563865457655	0.424184787783649	-0.0293033497707356	-0.0448642334688367	-0.044034052051337	0.0446479184256751	-0.00573775369688274	0.116279934197934	0.162062190511487	-0.0784295694956534	0.117351071931922	0.135307278306376
0.545564496426132	0.52061956991663	0.49877926843148	0.660247599897716	0.547560208055809	0.417570396533363	0.46715832455859	0.469522956167652	0.341615809126506	0.298789515601397	-0.0721890020332204	0.244498569857756	0.315209091073246	0.677351485832995	1	0.632792186397175	0.132776509683557	0.476009777343265	0.524316878638264	0.295189784173621	0.126764487356568	0.213094597567099	0.258359001792638	0.150871238701942	0.279938498588844	0.243275306215357	0.207507333592858	0.00796963069230944	-0.0554483380924801	0.29368896660266	0.483020435032037	0.295741145850632	0.288068679946986	0.40337215861062	0.165229143763222	0.470113468259559	0.218739088979112	0.179088263846457	0.0693794162391355	0.0999840114172138	0.118755301480947	0.199051791353526	0.283296790203422	0.152077977120032	0.264058918423804	0.178965423219107	0.234540876144293	0.175758448443067	0.0360690359355197	0.360219149849035	0.525846818946876	0.617947980024162	0.647915846238461	0.473430170855168	0.23109536485401	0.623186950345324	0.368142184815761	0.43789937308074	0.466042703366805	0.404004173308131	0.267546816410332	0.177902056815104	0.293456700621326	0.28877087125979	0.499599833142261	0.266374917783869	0.632075431222138	0.310509155445621	0.493724425494503	0.39646782906227	0.162144284505742	0.167154546727144	0.231764206580421	0.324628784835312	0.0971575441488914	0.275542523116101	0.196599114315199	-0.0176582503162405	-0.15136824082119	0.382248850730395	0.195280884264234	0.258051372764812	0.052104292195122	0.273959256776701	0.38415659109944	0.328006299142897	-0.0574943850058784	0.557388408984024	0.244529056367927	0.437120952349717	0.166916646402312	0.102353020171464	0.149200753144781	0.128371382846458	0.0603829173617656	0.133800431575398	0.145947447449044	0.171466671767991	0.124974517531026	0.265472433904439
0.544612265761371	0.4956550046634	0.338677163700336	0.610020906609814	0.451193685454254	0.413637221985149	0.550468004950802	0.420828157149643	0.312865370998568	0.0209939652725316	-0.0555334665266674	0.0193527180993504	0.208502369926503	0.654072904643423	0.632792186397175	1	0.07132119513657	0.653294160442998	0.56811951724593	0.42546423045549	0.131050085360982	0.0396804269173839	0.163031430410476	0.163248591153384	0.433833904904483	0.512293537258375	0.241177282518159	-0.0429927953618948	-0.0625252373535475	0.383544769748392	0.865196676794613	0.471722259750297	0.34155363207009	0.37961349595211	0.348180608084467	0.635431110993036	0.206345424668468	0.329441681413449	-0.0300365416837463	-0.0639199789084606	0.0512265217505514	0.239619743222884	0.311786181336163	0.140823322476442	0.447952478450633	0.109520051985206	0.181606877597098	0.179841618225582	-0.0252501724050244	0.281790341634296	0.475520277730477	0.604952309458318	0.497717902986037	0.369848859647714	0.224240236976971	0.549566041321626	0.201386911012209	0.346463642336768	0.31122220658981	0.404252775373426	-0.037657396832737	0.0398764732135092	0.147490378812826	0.27717600210565	0.466690041755666	0.186796451505606	0.74929174743494	0.314197550469569	0.422895344808834	0.605355808236289	0.104478678515041	0.155840904411681	0.124408351554481	0.488848312181367	0.0449928888153881	0.370253242173816	0.368310588289541	0.0549751006521804	-0.140065686328998	0.4954241212194	0.204172152854728	0.351485574764651	-0.010877341452647	0.327734113291733	0.576064054846839	0.54453789703017	-0.0362815398629347	0.664210785620799	0.208559073009289	0.559368357165543	0.0743062294394645	-0.100301107970494	0.0811048002572551	-0.0817935971253924	-0.109458792508796	0.215374081623941	0.198598871686999	-0.060836975093899	-0.0248351423010756	0.111930167797497
-0.0200950522931239	-0.303484366902011	-0.199854282617175	-0.0763227138679548	-0.0582555292299156	-0.240309820376475	-0.283891623707448	0.272682119906615	0.393172905969112	0.298320252956911	0.277452961245203	0.465704715579756	0.483999563567342	-0.129411630593247	0.132776509683557	0.07132119513657	1	0.203344344557307	0.240681971394425	0.121869295256469	0.566510693698675	0.206114304466615	0.260513421146012	0.225733829201279	0.241109014640571	0.250254908389831	0.292584155954844	0.0504959018131731	0.115607544030942	0.0903247650166512	0.144117217150031	0.0368055857317578	0.212530095964456	0.0665852124250905	-0.0176115687374759	0.0840912337524941	0.319148906112405	-0.0249848436945184	0.20428383699703	-0.0384117236829066	-0.0655258800599255	0.240559460922803	0.350479354763355	0.237648048259023	0.216827456092677	0.248501084148274	0.361993190246084	-0.0402298853048066	0.140964439031039	0.321869446327924	-0.034096906100753	-0.0832213577765652	0.0747767220738292	-0.113146418902908	-0.312304789201761	-0.101871177132175	0.217744740534497	0.159076567668341	0.22149668418385	0.347695942380417	0.370736785526378	0.416141588921146	0.292455150707149	0.207029530650072	-0.0606098013054966	0.118574604165259	0.105431347617368	0.206710008983615	0.334285971190138	0.0663480268457839	0.549823484281843	0.221585341709547	0.360960731275001	0.222813002677472	0.394298799856094	0.158016114459056	0.190368371637264	-0.0298750726536042	-0.0206957332716239	0.197414745181026	0.217126850191879	0.324762932495585	0.0180303321232093	0.0802626751673026	0.0620270131016633	-0.00829653075589315	0.426881867305212	0.130256683056956	0.354991533697029	0.0356192414758383	0.0849331985030958	-0.00924902041781047	0.172947297986671	0.162459226372065	0.166894335969921	-0.0907594947257875	-0.0113883007655677	0.142932768654934	0.0284500829292835	0.146102183955113
0.379523266748767	0.236486915240198	0.142267792310521	0.328101435666814	0.281059541325953	0.237907198838103	0.237140731952192	0.577628157180969	0.314348359473342	-0.0510807423554472	0.0803851357060428	0.12132420573568	0.360627501778448	0.44840175478379	0.476009777343265	0.653294160442998	0.203344344557307	1	0.589589241517597	0.509632318908019	0.0971914106426209	0.0604916983011491	0.312127336513187	0.0955686142807785	0.26092518634835	0.312049797572966	0.265627158158212	-0.0722328459303254	-0.000187385833613862	0.233955822570081	0.717612932007273	0.464035924194892	0.38512894053179	0.145791251526653	0.0683235845680435	0.360832941002239	0.115445445560763	0.057770529349723	-0.0797745388337503	-0.257384030901511	-0.245800124450534	0.16598671684446	0.0920576838717688	0.0847846934454372	0.375393390626906	0.15586197710928	0.200840164899947	0.00947666501854381	-0.0319057971032333	0.19824774307928	0.293864677052319	0.345279462878907	0.407706788873025	0.197535955414287	0.126876912743159	0.305630955245695	0.410933106956761	0.533966006992305	0.44546003225922	0.39715566410003	0.0388654454124411	0.0585236705698335	0.128361310069019	0.362293491349127	0.34912776129502	0.130367244479755	0.663709605125732	0.530700500023249	0.553181709444306	0.601770972260616	0.339570631029032	0.270356926209394	0.153275887209687	0.346860598727573	0.300795828648567	0.369458272552984	0.390489910208855	0.0157483199282727	-0.146815809070109	0.690451730138556	0.338060112114136	0.490369130386703	-0.0671955230856316	0.387173298038725	0.533497885753979	0.301570350638961	-0.0207302745527211	0.434008436469828	0.365165660600679	0.361068676156484	-0.139588660604248	-0.145250075474181	0.0350728474863749	0.140995478113893	0.0199693078864969	0.0704174490185812	0.151518117891293	-0.0820938357643362	-0.00243251573038903	0.0860228450084393
0.468502497707051	0.300226327596815	0.28625075883768	0.326788252908812	0.319262984068756	0.140644201528011	0.185802281178981	0.674364806909822	0.537478389383946	0.0250187818912078	0.143730724855334	0.336598789046677	0.433233040723016	0.540368389383513	0.524316878638264	0.568119517245929	0.240681971394425	0.589589241517597	1	0.500286039587289	0.00231241600446272	0.196603742889256	0.464970728601313	0.111290382554376	0.344233171205769	0.231555182928439	0.449980988049739	-0.188471147700328	-0.0191536816441677	0.178997546669314	0.451116345065744	0.126301877772545	0.271229349314774	0.173419726850079	0.0262164671680433	0.408357271449535	0.221114530914932	-0.0745038164700799	-0.101791797374623	-0.0734405967904236	-0.134597504414984	0.0421792129651176	-0.0822457737934154	-0.00237891360038976	0.152400756059574	0.175730408547825	0.0311132025507222	-0.0385047910583217	-0.0731442464972077	0.237053492795185	0.393332399213143	0.39424057492625	0.445096610544236	0.1232873491522	0.0750231964323897	0.257087798382599	0.281252604000378	0.483866286592148	0.622718038670342	0.535451457335224	0.294834664376436	0.30700823404128	0.342040298896322	0.22266396173866	0.507605107206614	0.213491742691853	0.556756166668561	0.3589078323643	0.697561216431867	0.665490922576167	0.445262776654044	0.438638535633458	0.335066470946026	0.466919276455905	0.334817084663038	0.395748873920503	0.498315045619005	-0.117745049763642	-0.310578954465777	0.533821091246236	0.253595022498295	0.423662949089923	0.00881421677133367	0.407534484510088	0.401577230609425	0.211473925043315	0.0980148123038735	0.429326340863688	0.386244142571237	0.344368742536864	-0.0686666258722318	-0.13960133439191	0.0252230942198786	0.188095524199231	0.0894649124358393	0.125803002224753	0.102502551897412	-0.0979705089222372	0.111839144023369	0.216191943767528
0.267360707612176	0.203962883851802	0.0329724866490993	0.130663645282808	0.240630594930443	0.210680966569211	0.167601497146125	0.516538967204016	0.507812951665006	-0.0963534690274837	0.0822067159972837	0.164725828175426	0.376537089316948	0.468792478670786	0.295189784173621	0.42546423045549	0.121869295256469	0.509632318908019	0.500286039587289	1	0.0314095731349935	0.160352575100841	0.488175242405894	0.140647902602025	0.600032733980963	0.258351075968285	0.272396193472472	-0.0326914190311724	0.103426381787592	0.111398996686315	0.442877261315539	0.357480679781185	0.433027978175765	0.176713807966157	0.0913028563677769	0.209833411884336	0.296884006224696	0.133615819763858	-0.0562306588336875	-0.0864478560475464	-0.117880171280638	-0.00918542537549727	-0.0630862025556608	0.0690787365387143	0.395599510839173	0.388570987331578	0.211164171683239	0.0165573716971369	0.0211776071293229	0.069427454865386	0.2786899513034	0.223131290691311	0.272481710877798	0.153146097313778	0.222116825474627	0.127831225968657	0.319621159193795	0.440396037841818	0.514257438608904	0.589243116314672	0.137643436742987	0.162158410631096	0.11315391400653	0.280240598572632	0.147976400784449	0.155098349013102	0.45508765990246	0.433067382480183	0.396723205797948	0.5849944082086	0.228676053943626	0.301376284672983	0.193382917028474	0.619969555650149	0.221963833071278	0.325136659691626	0.282462899458412	-0.030821550983521	-0.128948297070502	0.493989442206843	0.263839425853996	0.42756844952419	-0.0785514671776182	0.301073630504229	0.391775855519232	0.312962450097033	0.225711831972375	0.30218065602428	0.195707848609407	0.455168354787325	-0.0728110052680273	-0.12964080612476	0.0790609666751112	0.186443327583928	0.0469083721814282	0.0399057429312141	0.187959675189717	-0.167832654623965	0.101531850317617	0.0377847750542649
0.0294416987329511	-0.253242701714358	-0.23741320126341	-0.0474903074022637	-0.10202375072376	-0.0803996619461253	-0.105699746591289	0.0452422853391496	0.238959879742819	0.405821720814341	0.130204431186026	0.247268540382612	0.1127521639204	-0.0932346763770789	0.126764487356568	0.131050085360982	0.566510693698675	0.0971914106426209	0.00231241600446272	0.0314095731349935	1	0.235584568486925	0.0953849956797279	0.322514243854498	0.160075311992222	0.510884354355656	0.198058455356971	0.175469086058257	0.080500031135292	0.209538505706642	0.237603742527832	0.226614082039276	0.149376082119439	0.274370352944828	0.161186073557089	0.357884968505504	0.397690777648213	0.35544133063855	0.413523227508696	0.19597961007214	0.17613268991612	0.357198036872574	0.603170428742674	0.464154097934451	0.306352067680768	0.203639823546556	0.40155790685829	0.142521276821049	0.255677536297951	0.442746651247785	-0.0374179808824955	-0.0028918087636312	0.133555726486606	-0.0618828109018688	-0.18445410826994	0.0653776464549939	0.06198338769451	0.095480460550238	0.183484952351426	0.279287897513722	0.334703802690358	0.380006570364876	0.255623807875048	0.0916854849344199	-0.0413969319791983	0.318348818511245	0.211276685331549	0.154011170939205	0.199322482610408	0.00878304942912025	0.277955525675209	0.237594696302244	0.209671529455319	0.197966357829152	0.18324627766676	0.163231306005548	0.0666825629298714	0.245181054593161	0.276205876274008	0.0635307625635494	0.334876926212744	0.316534267237468	0.275599579697031	0.244338142072712	0.0880799677531487	0.133493954589745	0.237854241503169	0.315584091506963	0.335352356251154	0.239865472766024	0.205277056131442	0.260711059957078	0.374166377988135	0.239290592968335	0.331825866757862	-0.0390792145999435	0.0225776561660032	0.465321215529005	0.352404396444035	0.347187326094249
0.10429182016157	-0.00889642362762876	0.0647653350494124	0.00722831998045189	0.12308344506064	0.132468292295726	-0.0056636382192984	0.085103126765344	0.308239675654226	0.212486907757258	0.366475151814133	0.298837906505589	0.272703567501701	0.147391096866209	0.213094597567099	0.0396804269173839	0.206114304466615	0.0604916983011491	0.196603742889256	0.160352575100841	0.235584568486925	1	0.332906442300748	0.157293670538078	0.0811240016125941	0.187654084120605	0.118449854577604	0.0364794877360465	0.321541094590088	0.138172747040689	-0.0469315722015766	-0.042697841566919	0.15121669423847	0.14234251635266	0.119269474393245	0.100447219657103	0.17205484441682	-0.0780555892170717	0.115236540836282	-0.0065204749178554	-0.0185105613575232	0.0258090787641314	0.0354454507435131	0.117416185123303	-0.0662082506143846	0.231276867728325	0.208991921566017	0.0994114482036806	0.234920351208465	0.182190675721394	0.275237739398182	0.130109408718842	0.230153650206983	0.159538846379058	0.144623863974426	0.0516782108740538	0.229114007765186	0.0943340581458598	0.26269782822	0.29393747838986	0.418269593169072	0.376181788708537	0.452898399238648	0.231194198099036	0.132120831996544	0.153592398655971	0.0856792739616086	0.220375300443343	0.220322708432407	0.0651455713311475	0.401723346347517	0.379540545830369	0.252353399504018	0.273708444612427	0.358738813975309	0.0335201920546162	0.18569403777814	0.0576335888692677	0.138616003102767	0.190636945061727	-0.036855950428412	0.132807709932141	0.0414549826565909	-0.0749739565561667	-0.0859548173732634	-0.0982770574553681	0.130927352401381	0.199545706265672	0.138323738589144	0.104581889911517	-0.0146371493007797	0.0315457827324383	0.122703057055499	0.288766482666566	0.279540498903875	0.0602939421468192	0.150246325030694	0.326978895724843	0.064980978964609	0.167905051673687
