1	0.807198845513404	0.79055270670985	0.733446842279813	0.649315792422798	0.548355768132559	0.618672701561241	0.157517992394104	0.317119052497842	0.403388509522261	0.226595805432306	0.572382293742596	0.516952339570261	0.589510010770147	0.541596570595821	0.609375542153381	0.270951186924324	0.207447570193447	0.309388025549109	0.128612501788409	0.341868898713161	0.142075511014437	0.218824077622124	0.0672276095254555	0.236762916699531	0.229376817093362	0.538196989184228	0.330568362419868	0.269981411068144	0.21349403452259	0.310064670348545	0.433097559797981	0.13307720030563	0.392080749161342	0.559182845789198	0.519417491674161	0.175792211999959	0.160490917108254	0.201659183704806	0.357923777646451	0.440944370799102	0.333266582434326	0.47832042929328	0.450490987395275	0.200343173568209	0.348932660400255	0.351535736683316	0.519413400909213	0.177979062038946	0.458968400832053	0.568079782092818	0.694533715576028	0.441346547904588	0.569546920299092	0.520691611141224	0.410677272702904	0.0191275905231139	0.119604987120921	0.264037229665055	0.0908985542514424	0.339956148674344	0.218073038804228	0.277708843767267	0.397363144972266	0.674817555781751	0.340417447425542	0.577073503563871	0.462833113860947	0.302275423699477	0.0448966638542743	0.580624226097837	0.317408987648087	0.25884796974465	0.360092457733176	0.283433848306727	0.333457340021212	0.408941927882546	0.266738002529549	0.254092311019763	0.373051983907681	0.434277092706791	0.177953821745858	0.50666870865796	0.452357689062418	0.332836328821203	0.305256738215783	0.188975940696863	0.390590668517715	0.492768687730025	0.30997250719045	0.3423769631132	0.293874444189414	0.499614597867102	0.149842735489442	0.220973809885427	0.36248352726127	0.3076945458827	0.358163702766428	0.488385292201496	0.399374624412545
0.807198845513404	1	0.796704533359336	0.796521235308735	0.477648787191284	0.515142697387478	0.607667481381821	0.0771038420279462	0.169409558705256	0.281355322625026	0.26943529033218	0.467257439363088	0.432871547157877	0.58636029678189	0.435235524592278	0.587838664842196	0.177696628590848	0.181477842924895	0.216256502337438	-0.000555772847645127	0.201168857042034	0.241943249668474	0.0931185878630497	-0.0462435076547775	0.0928420293868298	0.18919408361011	0.406106889727991	0.304436833208801	0.293704837833766	0.271342501053824	0.298486840408449	0.307249445054282	-0.000850011362249791	0.434543692796836	0.546858750198292	0.457406963364235	0.109932528838591	-0.0143347300922347	0.203245852507097	0.43911967788618	0.470615565288856	0.292945112563249	0.425680738118202	0.283104296565746	0.0739088860724292	0.231094035428362	0.255646077939419	0.550454447253603	0.105378605397595	0.310539398833369	0.540655456990394	0.738670191966805	0.452568350334784	0.50354790582658	0.495663174143234	0.447542200790586	-0.0366528458028023	0.0719985869034954	0.212480019906264	-0.0257280911028937	0.33348647976369	0.223219451641044	0.20392165483856	0.309430590541648	0.583389324332606	0.320289771015892	0.476136547291544	0.393078187721369	0.187146339989921	-0.143202761608856	0.474639043263113	0.314900121559332	0.22122507473134	0.226881409006896	0.0976376024419256	0.224174355603071	0.306166758570649	0.148490647297734	0.370673816245781	0.280696068699501	0.415917051945373	0.143459555681217	0.482419820057153	0.316022873352883	0.229273908452765	0.279796710450791	0.216710161552808	0.384980687688489	0.393354192669693	0.152684500973216	0.399894953122855	0.168272628776235	0.256892603431985	0.080277812410649	0.257780001412704	0.440928528428804	0.314826345272219	0.355065639820281	0.484059784287853	0.360631129467282
0.79055270670985	0.796704533359336	1	0.820492047312508	0.616370906020795	0.722045169761188	0.711154067711553	0.0394365390970911	0.285338259087627	0.337805159256289	0.204659770116724	0.480303133641554	0.41235507480125	0.549008274883036	0.511753024929899	0.674342518592778	0.197063514407017	0.145780052961535	0.203393846894109	0.028038903322963	0.304077700788907	0.0963492522345575	0.00227834898024643	0.0664423326463543	0.228086739990143	0.258024429314274	0.543330198130296	0.227735656127778	0.233535877606844	0.28103587625399	0.314326616476846	0.273285911703483	0.173163331560841	0.34158890984769	0.678071523621109	0.435460618111975	0.214115285841714	0.0235598100228682	0.353645815287509	0.318159953574869	0.426700906653567	0.2560195027265	0.515966673650471	0.366136527078261	0.0879656719357331	0.176852671254984	0.154197317569845	0.621613315414641	0.195087274885983	0.343005698451968	0.592429655875046	0.777108132961616	0.518561217581846	0.781705624673608	0.595189006067534	0.606103924967548	-0.0114641041491768	0.100551753615318	0.191871947102207	0.133300341646481	0.37593111206577	0.294906624754113	0.264903384874882	0.391651120993205	0.541271319026399	0.32435190184445	0.552966466896912	0.357717700390518	0.233402035166461	-0.0172884842790457	0.530594821480385	0.303240163335022	0.313297563271074	0.336379381269427	0.182639214050624	0.262042464527029	0.448890584294259	0.126654677112858	0.27749568994747	0.3321617686553	0.284042235947972	0.14252830152932	0.470700522984381	0.358213629069562	0.268939095611107	0.202558716459041	0.240809048531609	0.559055519396901	0.373556334011972	0.122486174371504	0.527073288130569	0.176546396794558	0.360183930122487	0.0428160072541964	0.0508772814606184	0.527584311740875	0.246846523584759	0.428995143756806	0.529491272427695	0.428614656216811
0.733446842279813	0.796521235308735	0.820492047312508	1	0.713940425909747	0.766134215220178	0.850481696719401	0.138683575586119	0.346761041169521	0.438922780888854	0.235104932822653	0.555508076064806	0.462203164319319	0.6335252018614	0.614784611983564	0.724109230945272	0.206402581734684	0.182305066965971	0.271561955911292	0.243656348238325	0.326942226975859	0.198900261853072	0.139147921164167	0.0768777732892052	0.327133735899987	0.394725563114334	0.597801808561746	0.226079623462273	0.267964051456092	0.290161623826429	0.365135433834834	0.415918499808566	0.320144097415888	0.365451427909731	0.739130256100584	0.475062889191587	0.179809958622133	0.163444407152099	0.371346516130288	0.357079807968504	0.569874330196206	0.37903655448432	0.604872366319697	0.441676064274804	0.17037794766483	0.30841390213795	0.253725115004353	0.621008560317837	0.249568202416274	0.485684041050184	0.597578297148011	0.829089901660533	0.647904362724361	0.729866218166063	0.625110171985393	0.661731636963817	0.0152365105824913	0.176477237165071	0.335022757541453	0.262078229543258	0.359822920211202	0.326545482716374	0.333818174490623	0.405388501219194	0.604538861482621	0.45024623399583	0.643586512926603	0.47285941530258	0.330698153678977	0.0870253972787165	0.581622313272822	0.387813559422653	0.352179845073606	0.425810331137751	0.152643890830476	0.302386626655594	0.515724248822012	0.15059254156004	0.337157621510699	0.373086556647915	0.361982984931457	0.203860016400419	0.479589750576619	0.385403777428405	0.347978775054858	0.274313390483342	0.296691574289802	0.560540416837123	0.369545992546039	0.247584468862429	0.548744815783854	0.178873729229791	0.365269672547861	0.0154653629146922	0.12663621833743	0.582273871878775	0.247106477854065	0.40503643191078	0.565197347848291	0.588688351788886
0.649315792422798	0.477648787191284	0.616370906020795	0.713940425909747	1	0.763226793480535	0.704308749866128	0.0560634678901087	0.333290638926916	0.341530229971007	0.0942261896595808	0.480800914407964	0.420379798190862	0.488074536895999	0.555696327800132	0.532318290931489	0.0881815149566664	0.0274276430592115	0.184359097080698	0.229732792581125	0.302709440021229	0.0647824204474532	0.114957768264711	0.162396263051202	0.316725518776478	0.344339475692592	0.530968008910812	0.143038968518659	0.313174146280792	0.27076156230193	0.220561462208614	0.395857820435529	0.221036749212513	0.155143794566132	0.607650251210996	0.343422710426191	0.218091908611154	0.167569089999444	0.427171606882644	0.199070222123636	0.517808597151936	0.313055601692385	0.505234919975028	0.419150361062729	0.160121500758077	0.278533597632689	0.090391400831114	0.545744129820287	0.372600278548161	0.413991850444152	0.514774635783295	0.543287753459876	0.388236049460528	0.573297110535711	0.532301262300234	0.507364991313653	-0.0311258264243543	0.0579901000033149	0.212569306404716	0.249233456598316	0.293052271161284	0.370910124861133	0.401779108598878	0.416416617813956	0.460926280353588	0.222248961563349	0.565511282966576	0.440770258764521	0.260379829453837	0.0663071414774005	0.541028182850139	0.334348959084787	0.306211141581286	0.389630354874266	0.131134835707176	0.192101539975569	0.467856133719394	0.112567415150745	0.187917468889168	0.280055498972175	0.226989941244725	0.120617288932358	0.488061486582189	0.315346556506084	0.260068858767249	0.144013742796036	0.242539724074105	0.44992219483984	0.291203719341328	0.134479609889775	0.420247240537621	0.228980567938868	0.374106971167996	0.0160155902560598	-0.00313309079004333	0.420411023356116	0.152034206959526	0.356244187661744	0.487374978893993	0.574655432696733
0.548355768132559	0.515142697387478	0.722045169761188	0.766134215220178	0.763226793480535	1	0.802712263402144	0.0654715652223605	0.399520918555582	0.418186813825648	0.144014206571013	0.464346983919578	0.394441635506558	0.502784928921492	0.620948886356377	0.556981411052455	0.0424281825245277	0.0145165744770291	0.143388875478772	0.261018974207764	0.299659538389718	0.0918563859056152	0.0765109684041551	0.1206248486082	0.415920294774477	0.475127907377424	0.583983094949669	0.0885111965235822	0.174266409986637	0.236567808008867	0.162236140652558	0.412098008870372	0.357017147989073	0.152823330677989	0.63270879651746	0.296847293531245	0.226563668421475	0.228108847141445	0.392639020335503	0.196069477891737	0.430189983544478	0.343163401887514	0.603803271551798	0.44557034156709	0.127296622737255	0.214241758460638	0.140088273917535	0.648384834576607	0.287556508404829	0.400478956084053	0.533604439456752	0.594369974058837	0.557813551431546	0.758804051056784	0.624410425719744	0.664896687375688	0.0394167984199069	0.195952701161486	0.260738879846491	0.4163348094399	0.508114231913667	0.467944406558466	0.45926586812423	0.435926886787717	0.418452613733544	0.323677463410382	0.567719776216814	0.369978295115726	0.267989522312561	0.202641825644019	0.545399032320029	0.39580678233789	0.36883172184184	0.511411929792363	0.09182454112633	0.194473835384385	0.561781374881237	0.0173145074352962	0.209393445685567	0.24594710348581	0.128269713623688	0.137648724358081	0.465210630758628	0.239992761451681	0.188659668933329	0.124762472320323	0.258024335161588	0.561550349942651	0.261753017718617	0.0667459502781847	0.506305050868527	0.143873931156328	0.339087344494858	0.0444783294811773	0.0101368940740651	0.5849781307896	0.117921394428666	0.459163734975852	0.662268274543961	0.58298275480362
0.618672701561241	0.607667481381821	0.711154067711553	0.850481696719401	0.704308749866128	0.802712263402144	1	0.105849841053232	0.466401555880542	0.398090747513202	0.204195759723238	0.485134893593497	0.338233644363027	0.574554359774744	0.504832775875768	0.677671296685443	0.0472771214599995	0.052174646305919	0.247580167481026	0.319611534423955	0.317339437188985	0.214241161908697	0.230597695366985	0.117736939900601	0.342253734636377	0.429766338118154	0.593441991882561	0.186248849583143	0.208712055818258	0.279703575733495	0.198905391057345	0.406918604540107	0.288207352140524	0.25264791554956	0.823764249903296	0.43777348147828	0.0676787543574634	0.25229337393329	0.448491254468897	0.281479940069772	0.478952107722576	0.338997098943823	0.553372893323771	0.48931879327007	0.126789118124154	0.356337879156011	0.271297018571248	0.676785380083796	0.250572570525159	0.432319520798078	0.559090742153783	0.669077567432648	0.534879760075039	0.698092037393689	0.710448565848827	0.769892374899318	-0.0377617476101694	0.169467636358084	0.282195750793066	0.385698011207506	0.384833841950547	0.454425310498819	0.373507611604704	0.392019491200219	0.495987709066627	0.338627207948024	0.643783887254977	0.420011895548507	0.415870305488068	0.195730934792467	0.596621561751156	0.396961292801788	0.251894112806384	0.387795334094118	0.0477002032246988	0.117624040800951	0.480436209282479	0.134785904321702	0.253786790802372	0.306524952798642	0.184822964288191	0.132717142869833	0.382254367647053	0.275206567731868	0.27750984083337	0.203704145612839	0.216550691417503	0.620312373446727	0.262811182506407	0.208210566093804	0.549246700474156	0.215533780942429	0.328772436577734	0.0800595796314854	0.0982472307845078	0.598617009789344	0.211838632132434	0.386193962600224	0.457421722451578	0.550044397225291
0.157517992394104	0.0771038420279462	0.0394365390970911	0.138683575586119	0.0560634678901087	0.0654715652223605	0.105849841053232	1	0.454430300728496	0.115927163080927	0.028735244322907	-0.0380404887410261	0.472231873462674	0.262780645666982	0.0941306553790584	0.29019875851389	0.405411635423432	0.593944420438958	0.692808471313928	0.657286613646272	0.224448501605605	-0.0877143299564799	0.0840238777906004	0.133182364987712	0.29133299474207	-0.126025457055501	0.054527316945092	0.126780061365353	-0.274872059018369	-0.249727936834629	0.338579097666817	0.00223247381184666	0.116933633620511	-0.0799196668075991	0.00695916120762113	0.392046226950986	0.0307469680442005	0.564873854522028	-0.0544994942413472	-0.159948097092444	-0.215686701635344	0.232327797374545	0.178569381325713	0.0165185456815075	0.617128287447523	0.148484141188972	0.138156873531202	0.0430039658883486	0.0351714129212882	0.32177998695834	0.135798362912874	0.216442659672649	0.255672697350801	0.174399924805648	0.111386052165073	0.0629288872621942	0.626658654416544	0.645779694609106	0.698306621831616	0.331170659280637	-0.0212793302331652	-0.310591575018579	-0.153568266027351	0.268769219677669	0.233402175725032	0.27556074265434	0.360488584981628	0.42417074097232	0.583388739985976	0.359358789836723	0.161409831750819	-0.101569935971193	0.219124273630087	0.219640150477473	0.338718207430462	0.252769401515893	0.0588291104360849	0.178330243216163	-0.31513109127274	0.524108951894455	0.230952615812307	0.335079453337731	-0.0659782215551024	0.363464146760058	0.587721848601703	-0.0202335958976272	0.0953997557587615	-0.00915545482557935	0.275056176545534	0.587824464967754	0.0253534807327215	-0.138268790001065	0.159189384683206	-0.0782450288035691	-0.0277409090545395	-0.0634599058419382	-0.00872258191910705	-0.0623684719352977	-0.012669116059217	-0.159503404057973
0.317119052497842	0.169409558705256	0.285338259087627	0.346761041169521	0.333290638926916	0.399520918555582	0.466401555880542	0.454430300728496	1	0.358892138422804	0.140333459029092	0.226804356856737	0.333098662727431	0.255939813056121	0.387371758150618	0.515548656825947	0.209113468436174	0.223604034512842	0.551773585736441	0.670874117560342	0.476898127779021	0.0444794570697682	0.224132676727191	0.35003980496565	0.558482970086165	0.302718697997077	0.398457876770395	0.154395581264683	-0.0836288090196188	-0.170876717527748	0.299856731215029	0.258357246220033	0.250623405148565	0.0708843437237323	0.35935298409982	0.566668014097458	0.216021299906625	0.51538188448725	0.254734997190546	0.0786893010529545	0.0768206955256997	0.320691026819634	0.536912355760491	0.437290534697007	0.573556316067178	0.405845005570068	0.204525997952455	0.344696663434302	0.141928994354751	0.454930112961003	0.323007345862878	0.391940590066963	0.420690632901224	0.440830098509853	0.341357929975354	0.342956690423757	0.378312162556077	0.490451634587549	0.524890754767194	0.74860021859699	0.263088829430559	0.174139590641946	0.155156804993057	0.304818418918923	0.206299421596806	0.322970073692642	0.534893488170101	0.447074270213631	0.64626860872703	0.610652603300743	0.299139472859747	0.169461897417108	0.494248086841538	0.534739076166542	0.147621859421507	0.23687244681167	0.410375231189104	0.136691789127977	-0.149551328976986	0.435482503525438	0.0229552218742909	0.169898265453617	0.056886953013457	0.321609905094331	0.456288590390152	0.0759649753523294	0.327277795487442	0.29618073049873	0.138161051243813	0.534617043131978	0.185350245510637	0.125412731151884	0.367968892218322	0.127825966522294	-0.14051962912592	0.19603502411064	-0.035984093323517	0.131378334921522	0.175291455187674	0.164841663850131
0.403388509522261	0.281355322625026	0.337805159256289	0.438922780888854	0.341530229971007	0.418186813825648	0.398090747513202	0.115927163080927	0.358892138422804	1	0.412983393010274	0.583940929739229	0.325898584399402	0.386190987792786	0.553922917904911	0.383692997363216	0.22996623870416	0.108432751921984	0.0989824123190717	0.33830470783674	0.409343332123875	0.0278928222870482	0.20890877941444	0.150773747388447	0.455159760852065	0.452920775529387	0.426201230222579	0.0574620576362731	0.158267837824418	0.114387053099988	0.263028716603074	0.428900952350633	0.412960178210279	0.243985936952719	0.301955231050297	0.276853786419833	0.187224353010733	0.337257044141901	0.148359565884757	0.206280804894529	0.264555523356213	0.469248262472786	0.488206813259215	0.46835570928802	0.229160878920117	0.305139661639833	0.338235151781619	0.296703228460425	0.265468049414756	0.574643100799025	0.218077373007061	0.413565255193548	0.309788470288763	0.356834811791132	0.34964381716728	0.255995234247357	0.0529580337520176	0.128636166188559	0.22144134922195	0.405008958509316	0.318617174784436	0.207151845791434	0.340752949941008	0.322744217188442	0.423408843065656	0.305903716162117	0.423985300901286	0.306009823968137	0.193455413723935	0.362514577243197	0.41535844371912	0.396110244601382	0.321739742205179	0.538506893343059	0.137661372000044	0.40926579953338	0.375333682094087	0.108284275850517	0.127761914337109	0.227179987305584	0.170623276257898	0.0391918446427579	0.173529933364458	0.252521761599524	0.254756257974286	0.215045111357252	0.206637722212082	0.373704473553651	0.193590712142268	0.258250138195794	0.25207692693904	0.220339138367222	0.392085627207743	0.0983838018230346	0.128548592414664	0.212409773824351	0.151693371035653	0.243696368299241	0.366236365197056	0.301316587411892
0.226595805432306	0.26943529033218	0.204659770116724	0.235104932822653	0.0942261896595808	0.144014206571013	0.204195759723238	0.028735244322907	0.140333459029092	0.412983393010274	1	0.349203357034191	0.107580574737418	0.11259188887126	0.146048700147689	0.223121591009213	0.224409055900658	0.0857559540803746	-0.01987333615094	0.0940155686293548	0.299885450208962	0.183486248905816	0.109937202320698	0.200660589043811	0.00210430498999386	0.196336713433401	0.260647984968566	0.0265509321944549	0.141069095441813	0.111275812224437	0.206379216822058	0.258244932687432	-0.00674479222260692	0.262953542946315	0.188947017185887	0.21784722483963	0.411317409302143	0.0844502506250627	0.240707067791965	0.314205108554264	0.162163461764291	0.0921017166124768	0.320502584662727	0.263540292375432	0.0530572841205409	0.125259417027806	0.335335305418872	0.250278956336373	0.0466260042706881	0.23293737663889	-0.0161181212556554	0.275729061617611	0.25225166748076	0.0847879411989278	0.207202529862299	0.193725106167672	0.101957495923004	-0.0361691660788311	0.0774616106200872	0.10172906122015	0.22085957770677	0.228352435743485	0.172807312166068	0.306742671326858	0.186524367843832	0.249145830184421	0.239230329049013	0.247718841006541	0.037625990631103	0.0157294336811025	0.297267558041608	0.228854824611311	0.240811039732448	0.155084192382113	0.129477820994787	0.321010063612489	0.0900929916130041	-0.007602043774328	0.10642933431701	0.177457021232419	0.189417758476384	0.0766151317144472	0.0720868745522689	0.249083096150052	0.190176036671098	0.224734274591874	0.302480488051731	0.285185347297912	0.207869041921265	0.0569196699696579	0.250635947250616	0.318096762378981	0.266966791939552	0.179791456280941	0.0754500014993648	0.0126233333364103	-0.14154707581816	0.142212182972383	0.193704121418421	0.23207855108528
0.572382293742597	0.467257439363088	0.480303133641554	0.555508076064806	0.480800914407964	0.464346983919578	0.485134893593497	-0.0380404887410261	0.226804356856737	0.583940929739229	0.349203357034191	1	0.360602472805549	0.469353940601532	0.53787421895987	0.370627684811906	0.169886153892805	-0.0448406430074187	-0.0407469547349778	0.0250964299666906	0.274987944289653	0.263945189841236	0.344681999579766	0.116338977743139	0.220433446926382	0.439259560605554	0.612475227579718	0.307085065581078	0.366474864371057	0.283675941688403	0.19210465949916	0.42691505656111	0.309444877520275	0.409981078034694	0.421247617993448	0.25551987161746	0.170689922631014	0.0925554844502458	0.312225586881558	0.462015484824971	0.511892823330652	0.270511919039303	0.394216709673055	0.522702787947673	0.0688464945745399	0.369665433201844	0.42613526013944	0.41475341238346	0.406806741622446	0.453393368410514	0.351202709828652	0.407305254153403	0.320712530771994	0.410818606650648	0.438928767459543	0.381379834321038	-0.127032054279493	0.0144682383136775	0.120067444004764	0.203781283291379	0.506617227945674	0.385733963434525	0.537229725083721	0.319280853350073	0.469256843086511	0.246379141088302	0.361798677739435	0.267861434521071	0.0968422419417969	0.150178866407691	0.553147512745131	0.580775920522501	0.204073899715395	0.409209793191596	0.103292852994726	0.295007673601327	0.464249857322667	0.247052149089652	0.387608646050349	0.0657901527555519	0.263119370760883	0.118356864834622	0.518325726056105	0.215700667164021	0.150329556450084	0.374047743796306	0.165041756809539	0.403740073209516	0.315408229400911	0.0446253749671041	0.274026634838743	0.455886574967056	0.404738100804237	0.329246768969545	0.372317227824054	0.385341414850476	0.212001987498135	0.555101138797737	0.532006599007756	0.514914327409861
0.516952339570261	0.432871547157877	0.41235507480125	0.462203164319319	0.420379798190862	0.394441635506558	0.338233644363027	0.472231873462674	0.333098662727431	0.325898584399402	0.107580574737418	0.360602472805549	1	0.54527444112375	0.41682241049114	0.455446279970068	0.619870286564663	0.477411261971339	0.445109375741141	0.292336146930438	0.444897638664056	0.0634613023734722	0.108580811111625	0.187985806997974	0.29914309778447	0.245719204711657	0.383659437247178	0.259263901798569	0.142385520654045	0.209287509807308	0.479133958570502	0.462175086360693	0.389176348422153	0.168986463727701	0.307775690121735	0.392182873649462	0.137697064640452	0.307774411648999	0.0689858461126599	0.113954398074643	0.135553872567758	0.489579076387422	0.510168728168645	0.32949342851178	0.577379541467272	0.286194056518054	0.336989092495089	0.287864786110209	0.261772538331651	0.511121323529301	0.325680817552899	0.42588449098194	0.334200282840207	0.454703698384049	0.294566434423136	0.125992602851288	0.316411069041987	0.250514032487465	0.391699748076256	0.205451860142474	0.262849554134687	0.0575247077986087	0.252338995521349	0.33860109770099	0.557776895353301	0.361690101163317	0.474809717052111	0.524325249197575	0.317875882329716	0.12288517972121	0.36627787184588	0.18488038550257	0.356184781873109	0.404615373894724	0.324044226306743	0.499098041438322	0.377765356798183	0.15833748868981	0.0334049797984056	0.4483752720683	0.422381391917231	0.486794058491561	0.27163669339208	0.476331156540106	0.568280793792616	0.0305818355891176	0.124813443318011	0.130440141788523	0.396462786972707	0.423665247170242	0.0181706745422323	-0.00250824575245609	0.269290889892706	0.0402364038949497	0.202135167088847	0.278280383633296	0.14929790087987	0.149087948561304	0.367418700065063	0.285737673951662
0.589510010770147	0.58636029678189	0.549008274883036	0.6335252018614	0.488074536895999	0.502784928921492	0.574554359774744	0.262780645666982	0.255939813056121	0.386190987792786	0.11259188887126	0.469353940601532	0.54527444112375	1	0.5428784465432	0.575824913759604	0.375768459576385	0.3096033047766	0.265757167475675	0.101788288262763	0.455839877667734	0.165561709778186	0.160810394546318	0.153251419359812	0.264828312094773	0.349329924603541	0.575329547151738	0.339344077204131	0.422837262915404	0.470826325751241	0.321493580411919	0.389410072391466	0.271025344182707	0.335840204939003	0.586133058957005	0.492539635879714	0.169756577922128	0.18584715817688	0.193465937027689	0.364756224134136	0.395125801846423	0.459668320082746	0.555379460020036	0.33542834504577	0.306437269411467	0.198873080721907	0.283034212487735	0.440152142020942	0.32552981674141	0.445272193988542	0.576803856497621	0.593116780741149	0.442052839124981	0.479255693873781	0.466079231645907	0.344922465191235	0.172909155908499	0.269717117650546	0.285280564746	0.188615621524917	0.317905033533296	0.0839659993716489	0.275343743730921	0.30022394603335	0.746261347657639	0.443053724672369	0.552621271724901	0.49387095391504	0.309633061327521	0.131329562898554	0.538363980155828	0.371338498664336	0.371345139264201	0.415595747736801	0.222800107757982	0.316223154129008	0.462725837126223	0.310650681801376	0.374357711437151	0.338193936735597	0.497593403623607	0.424803931566926	0.467118392930562	0.300691667542596	0.46560743497558	0.201216076774832	0.251266092306863	0.346899698819183	0.413843981398885	0.289779652380335	0.340291913792833	0.197069821042139	0.340060980000918	0.190258543860516	0.273390673440613	0.344062232429001	0.352436297245775	0.430026847775715	0.42477836506679	0.509033987259009
0.541596570595821	0.435235524592278	0.511753024929899	0.614784611983564	0.555696327800132	0.620948886356377	0.504832775875768	0.0941306553790584	0.387371758150618	0.553922917904911	0.146048700147689	0.53787421895987	0.41682241049114	0.5428784465432	1	0.480285088074989	0.186257528967157	0.0633632098118523	0.198227757426539	0.165873566257096	0.299127109473853	0.0222947579581006	0.0681439417563631	0.189520020517317	0.389445263640802	0.53300451796001	0.553176508914145	0.0934054285426378	0.213717038090184	0.201304575881049	0.193202106443677	0.421058210672648	0.386881147909564	0.152552255159629	0.426472288638807	0.30167373406204	0.289109941263123	0.237786240988807	0.218858134041829	0.147343698551525	0.315536075229038	0.379442301052181	0.62863100408921	0.442393582657063	0.27962353314464	0.17875073478104	0.166942245225595	0.384649989768706	0.301514108277248	0.614701817208912	0.356915749050851	0.432397041237743	0.36985411604442	0.410187733115168	0.334912892486476	0.287777923197782	0.0853309291855647	0.0447768679117959	0.182751613681599	0.319157914934145	0.303239019119491	0.268122245193844	0.355340488442857	0.388904690207448	0.46786203203927	0.289213300530892	0.413486999079335	0.350118023599857	0.18753086950911	0.16999147150635	0.481966870371537	0.405087549569409	0.42495250304279	0.509197219605393	0.207754752941688	0.307923743578353	0.607962548073474	0.148462910420154	0.256208799568638	0.195318431155338	0.186555957042344	0.112312057527683	0.350982961412901	0.163924331404816	0.224610283575028	0.185799366928936	0.265208625323903	0.338354386441606	0.167516210055999	0.122573698683268	0.333468118557771	0.150784503248149	0.373684007282647	0.0126833051735996	0.0602725365394904	0.3967735625727	0.209044977227939	0.358487013534423	0.52224724832063	0.585665856621688
0.609375542153381	0.587838664842196	0.674342518592779	0.724109230945272	0.532318290931489	0.556981411052455	0.677671296685443	0.29019875851389	0.515548656825947	0.383692997363216	0.223121591009213	0.370627684811906	0.455446279970068	0.575824913759604	0.480285088074989	1	0.460701558280009	0.495954247140193	0.517120826623534	0.346812279140366	0.572087000307803	0.0970767603808504	0.187042716313371	0.334866426726569	0.419889206652058	0.309447346578389	0.523670540730538	0.233506959721886	0.147164463632058	0.118508235079831	0.691087820636063	0.384147418423685	0.256529397545011	0.34504083156334	0.706966237737582	0.73725970333184	0.299571063312746	0.265346908358386	0.441731359517323	0.23261621140107	0.22215172783134	0.360669866098678	0.727703420152961	0.427952069919555	0.386962451963433	0.342673037996773	0.245889349207118	0.502180384040048	0.256209645506167	0.461913775631545	0.495818309289882	0.688834572953865	0.621694627499319	0.682513618827067	0.577394473466999	0.612421180197181	0.252483233818656	0.307226745262224	0.358991690362237	0.363472492982988	0.345352880449407	0.169516622424364	0.0908647424937929	0.282030768590866	0.537773327045958	0.56666026815722	0.781603921365768	0.671693845375765	0.520608955606016	0.184389565074003	0.603726904837617	0.14750866277474	0.434682384836763	0.420625863549797	0.47702024778326	0.497514900547504	0.533913311292602	0.158907222826727	-0.00321434112431666	0.690774863226873	0.544811167384496	0.308171964202987	0.262810919643226	0.624660044215262	0.584999457738375	0.289556429212426	0.368887883170201	0.573953678100795	0.584200374895385	0.477627377356246	0.477576693764836	0.201182996514819	0.473564611151187	0.170990884278065	0.0930530612114236	0.459866633713575	0.0742647301072185	0.26622711090572	0.476817782980978	0.410375787762071
0.270951186924324	0.177696628590848	0.197063514407018	0.206402581734684	0.0881815149566664	0.0424281825245277	0.0472771214599995	0.405411635423432	0.209113468436174	0.22996623870416	0.224409055900658	0.169886153892805	0.619870286564663	0.375768459576385	0.186257528967157	0.460701558280009	1	0.697725146691465	0.389468062226402	0.196325039851965	0.603321645027682	0.0515822153617136	0.118154179621481	0.358320166919614	0.202881631536605	0.138765996356469	0.295209057513437	0.209792096326599	0.0686948530925772	0.122210498578725	0.627328441895204	0.354841846733468	0.256000168361439	0.238025328216103	0.124443144628199	0.40433701881487	0.33616898610974	0.251742133029046	0.0601579104103173	0.109101511177802	-0.0471096276296388	0.258508423597477	0.41679984952467	0.254512574115411	0.51098572886642	0.22253602420538	0.362820334791833	-0.00045392838437254	0.0937907193322213	0.364762558282913	0.12346306680054	0.320022811038155	0.318154060429952	0.272382992744901	0.172863009766372	-0.0211190255389393	0.337386489220584	0.246333234207906	0.282660009806197	0.0977555860755154	0.220991573022336	-0.0563692652831413	-0.00164114004492236	0.242885169962432	0.40122539939129	0.544980891794344	0.448708719746948	0.525614507254862	0.230683723791686	0.0818237599128877	0.292477657098214	-0.0630715174972081	0.398899273354258	0.335894737550716	0.577860419667246	0.685751066240565	0.297781421943698	0.144358077075083	-0.0522178857504042	0.628269944132044	0.566549222528953	0.570513792547577	0.0674763626827975	0.580287156139051	0.639562930848781	0.124887523191876	0.200033081946266	0.149823466981178	0.523172652221971	0.514738019057606	-0.00329959854818696	0.094234672842592	0.388171191935844	0.119464768126365	0.215290595137765	0.0232583055915278	0.0113724602255674	0.123059286360574	0.315097995930905	0.136022129940469
0.207447570193447	0.181477842924895	0.145780052961535	0.182305066965971	0.0274276430592115	0.0145165744770291	0.052174646305919	0.593944420438958	0.223604034512842	0.108432751921984	0.0857559540803747	-0.0448406430074187	0.477411261971339	0.3096033047766	0.0633632098118523	0.495954247140193	0.697725146691465	1	0.590963528492771	0.363441854326028	0.502578075534351	-0.0505647753351208	0.0846567452546518	0.28426793446735	0.298337798895495	0.0604247401652005	0.141828319853602	0.119247970087233	-0.10770540611692	-0.0852237504438043	0.703401316336754	0.287294561627651	0.135217068974079	0.163478571586813	0.0902882969472949	0.48758329274727	0.143644596706858	0.33135138390863	0.0960656578368872	-0.0331415549951951	-0.210688168272112	0.23575823302776	0.380461210441735	0.163878826319429	0.546890800114947	0.213301806270117	0.211158797067354	0.0136766779520952	0.100543318334394	0.265442868336094	0.187336570369038	0.258533309835709	0.280089847962713	0.204768087206726	0.0922464490239423	0.067848922777225	0.45517614292994	0.339452139026499	0.384154793408083	0.189339668053038	0.127110742863177	-0.127162366081376	-0.193202538823868	0.154163791633805	0.310683917391207	0.45357867292662	0.406268715829345	0.600398036843119	0.347451187559904	0.139405051023624	0.267740155648635	-0.154655201437766	0.303241582752199	0.308185179111227	0.466960154935801	0.519403386100321	0.210582546987535	0.0871549771707465	-0.262973591243703	0.679082399229556	0.520238701139311	0.472243776821206	-0.0545963978609712	0.513270640205723	0.622491112831185	0.133884291632824	0.106807290191413	0.107905007344765	0.490364977743436	0.590152609160517	0.0675161617236136	-0.0667762745024418	0.327806719782729	0.079692106176075	0.0574529953675734	-0.0225865181184438	-0.0595742913414539	-0.0910778820977149	0.230038046414807	-0.0121693883911808
0.309388025549109	0.216256502337438	0.203393846894109	0.271561955911292	0.184359097080698	0.143388875478772	0.247580167481026	0.692808471313928	0.551773585736441	0.0989824123190717	-0.01987333615094	-0.0407469547349778	0.445109375741141	0.265757167475675	0.198227757426539	0.517120826623534	0.389468062226402	0.590963528492771	1	0.57576787517529	0.367761384602302	-0.188045049093499	0.117580102394486	0.235854211036332	0.312897627053088	0.0839473373213076	0.142024936381316	0.150666289424519	-0.19176183056696	-0.140368404472635	0.488795560538928	0.257768692623944	0.0473369497059796	0.106419978354893	0.218817021825928	0.704139024527061	0.0273495750940246	0.606209828572863	0.0631877318654735	-0.171582123777779	-0.123106765527484	0.287752886204841	0.372904183156369	0.246947076028582	0.733597583799311	0.296919363587818	0.200020483437053	0.156312058294291	0.0275983005101043	0.357083920594867	0.171988809335519	0.286452237922636	0.357664043834403	0.281321165822235	0.145367320269118	0.126222780698726	0.583050149013302	0.618837041828146	0.735448264275405	0.401305156641037	0.112224954642194	-0.0747603430492499	-0.0748404803726611	0.246585455056938	0.310998431380036	0.360657382499727	0.572532136185362	0.567685276379717	0.804141424364661	0.368556321362325	0.26733542766202	-0.0995072399674936	0.298312062458211	0.252671033157009	0.420368047526319	0.312111410890642	0.29221426243049	0.138064308679727	-0.32006353051412	0.663838765211879	0.345316825037308	0.314453725731111	0.0369364848520007	0.537030012076272	0.678849282969714	0.204025230042783	0.101250214519278	0.0685138878819791	0.367203017178132	0.685377211255212	0.0700468915281451	-0.115539239074722	0.251228486258207	0.0463377844208672	-0.0587816203712029	0.0763002223604955	-0.0108540316243807	-0.0780931626763761	0.119368441157879	0.0391471482091515
0.128612501788409	-0.000555772847645127	0.028038903322963	0.243656348238325	0.229732792581125	0.261018974207764	0.319611534423956	0.657286613646272	0.670874117560342	0.33830470783674	0.0940155686293548	0.0250964299666906	0.292336146930438	0.101788288262763	0.165873566257096	0.346812279140366	0.196325039851965	0.363441854326028	0.57576787517529	1	0.260326336794187	-0.0541315808910805	0.197540277340694	0.118187075993905	0.597122139221602	0.159231625679639	0.177844092419234	0.000177505531211397	-0.278939843442913	-0.306191486869684	0.271998147492708	0.173958260899173	0.208507730648469	-0.0607864051403221	0.143490636820029	0.366122027022265	0.0164634616582613	0.702989388383951	0.0247992965697269	-0.176627418206236	-0.0892302035711833	0.368127511050573	0.292086351208767	0.223647102862665	0.572338233278345	0.395436497577539	0.17182948898293	0.10595618378064	0.0740390463171516	0.35003385906199	0.145596340907967	0.235981297805869	0.290429825445762	0.262331674800794	0.237535411117994	0.172776408373529	0.493330247972299	0.579718886243255	0.629454981423167	0.605448522828372	0.0482447240529515	-0.0315757602539133	-0.102802557420398	0.170245054077357	0.107220621246474	0.261297653558009	0.444909477524026	0.384377219285097	0.587773698881796	0.570583738241841	0.136959723337153	-0.0385229265195926	0.224119588706346	0.446374760071181	0.260945052395998	0.212643161341282	0.231089771003067	0.0281327540831246	-0.355645592055898	0.428129084582117	0.0860820952878203	0.157838777587628	-0.0890883433347016	0.297916498578653	0.459281419507332	0.0299695573519747	0.130156904426704	0.126423466850226	0.131850920990654	0.638614012657963	0.0684805035818135	-0.0981766346996216	0.217843044014746	-0.155553852105196	-0.205287966301388	0.0222739094994056	-0.140428082508937	-0.0790380673038654	0.025016087518871	-0.047688771518927
0.341868898713161	0.201168857042034	0.304077700788907	0.326942226975859	0.30270944002123	0.299659538389718	0.317339437188985	0.224448501605605	0.476898127779021	0.409343332123875	0.299885450208962	0.274987944289653	0.444897638664056	0.455839877667734	0.299127109473853	0.572087000307803	0.603321645027682	0.502578075534351	0.367761384602302	0.260326336794187	1	0.0816433402458538	0.269625617700164	0.426557712519704	0.342792776232662	0.322158549432331	0.447382875574124	0.311394112677041	0.10442727660167	0.185187675476206	0.61680098179834	0.545028850354613	0.343592831057794	0.30358540861347	0.309523153687128	0.559925571128575	0.344907346715803	0.241413052946555	0.310232011485071	0.340789303980192	0.156141162034862	0.374441998115768	0.676025347808694	0.55866246009031	0.455152503118522	0.311657069942852	0.388096943113736	0.251491942879181	0.233824400679616	0.489428863384142	0.358415693350564	0.414459975401121	0.480653086752473	0.439367276151965	0.299893454560971	0.240174682240741	0.257977019316564	0.194338289242022	0.229664559737919	0.456153376695895	0.3962895480772	0.0932126557166635	0.182783488560136	0.248253988358605	0.486496846420715	0.627023467751458	0.601433937324307	0.506893854629008	0.324348031321274	0.274719118363843	0.488037955612926	0.113892153049406	0.474888344184713	0.519986001172586	0.386482045592102	0.545993634948877	0.421037433302049	0.222144637945789	0.0450746920018038	0.58005526745527	0.447490731921665	0.38833065737058	0.208230903338692	0.561104600632825	0.521830081380699	0.245630433899495	0.295018178072882	0.423086320904571	0.502212813333794	0.383790672151711	0.316395642548811	0.380552463929466	0.545402120586274	0.25318276458793	0.104226679325529	0.0651726882705629	0.0479774478359394	0.248137203814145	0.419911347456021	0.33909357283134
0.142075511014437	0.241943249668474	0.0963492522345576	0.198900261853072	0.0647824204474532	0.0918563859056152	0.214241161908697	-0.0877143299564799	0.0444794570697682	0.0278928222870482	0.183486248905816	0.263945189841236	0.0634613023734722	0.165561709778186	0.0222947579581006	0.0970767603808504	0.0515822153617136	-0.0505647753351208	-0.188045049093499	-0.0541315808910804	0.0816433402458538	1	0.366358642538048	-0.032262779678168	-0.0673784118834919	0.0764279118371243	0.188961205081052	0.19397065373294	0.271370060178507	0.268160202096901	0.0367045442341863	0.0844754759755652	0.180526348273834	0.411688889942268	0.183509829535337	0.0176684435087121	0.214882162590208	-0.0376090687972917	0.159511433580428	0.391900912639362	0.278912456862718	0.0805290124805593	0.0154312204544283	0.226638407611813	-0.147919148047951	0.314042171238927	0.385588041008844	0.225490563787985	0.0766888855505932	0.0564036322382491	0.14182883828469	0.120605718467701	0.0801304853762428	0.100908794660298	0.299443707108118	0.295583190393526	-0.192044176771352	-0.0240748110218711	-0.0401183258890419	0.105629456466879	0.30746107369248	0.197840397495527	0.23600785045547	-0.0240598937791973	0.181207010824816	0.306113132239395	0.126190065295049	0.037034509488376	-0.0257387266661516	-0.0579773126730589	0.201658972139922	0.27176387480405	-0.0378576428297944	0.088320961058056	-0.145972732980603	0.122103740749713	0.0282680625027943	-0.0160851167622298	0.263925053388209	-0.104937322648524	0.261158112956013	0.15829684940509	0.183716633145914	0.0929874977825065	0.0446746123935959	0.179258057119223	0.283152254678803	0.22480155882242	0.19200772843394	-0.0759457677200792	0.193858232595602	0.338626352721199	0.181791284519576	0.207054461305099	0.452593843600648	0.222385670973341	0.0360652894963028	0.166123323336567	0.186559858320561	0.198926348129048
