1	0.534619399126395	0.676611705387755	0.564787721850341	0.645286135765472	0.537614794495538	0.539008714831567	0.290174351631445	0.150606290924766	0.51277284995859	0.397191420466152	0.425154574276948	0.0939540574572309	0.743269936176834	0.552507579598714	0.584595076712541	0.218201154141913	0.325511957140812	0.454474669736393	-0.164867038362145	0.408251275235494	0.498572370197395	0.127033018601966	0.350593354054616	0.217756690916613	0.282368007172665	0.42279606771686	0.391817238500691	0.381813090020765	0.484467961947314	0.478827779226314	0.257498064024663	0.0800166633333562	0.253938424606379	0.463046086111284	0.372345531789236	0.186625470185233	0.195839200512242	0.0439108644664926	-0.195254243681647	0.318321442996314	0.41304675811554	0.328985110905603	0.0833730833210462	0.209214942966467	0.270386887576535	0.484031718279705	0.213386501815682	0.526120317763531	0.440264248867584	0.714905987680393	0.697981120887735	0.607966362410921	0.609869230992602	0.56091316732208	0.584676412174156	0.0903561179388038	0.405130838737569	0.342592870893321	0.225225428892465	0.52922662866911	0.379259886874515	0.328497833012592	0.0942496633983957	0.584906451178924	0.428327702151555	0.570483550749689	0.308732303719358	0.406668426180492	0.181554383791818	0.572593230906363	0.467390784252061	0.23059642285317	0.353752369310084	0.373476850554486	0.369095857564287	0.346676934822214	0.447590451977339	0.42839247943788	0.455667326661655	0.460023937067031	0.478751014638118	0.463486578611314	0.384204319229099	0.504378939907795	0.426350307432919	0.261054641359119	0.464841922524007	0.565530491646157	0.309903174356594	0.122340901187616	-0.113100353515995	0.402181023527091	0.417290427870681	0.389990909751146	0.399818816421942	0.440185480578016	0.498262723090809	0.354382108760658	0.531041269611477
0.534619399126395	1	0.837531641561197	0.85008495130301	0.659756513999481	0.773165027544405	0.752845859371467	0.473018622651698	0.119793919389622	0.750335146949003	0.424453740742269	0.50072852272344	0.240542870748074	0.661106651178037	0.772547423099256	0.621985515118104	-0.0200935795103472	0.194230611354786	0.342283251628297	-0.0707662678202428	0.484631052958338	0.458268792683049	0.193576432966396	0.297705776607852	0.344778949273151	0.177432472112717	0.402158700914093	0.698294901474815	0.743499249560476	0.385929084565167	0.424935249943398	0.113496271058342	0.114372689558913	-0.0426195837932041	0.595834513621502	0.433648685801206	-0.0723292611728468	0.0799315547938803	0.178402458809983	-0.15698591822037	0.616703034442218	0.381013621388262	0.411174589933977	0.184741064184055	-0.0262870022217618	0.0286242611338548	0.512817923521662	0.288019195834694	0.565977620245223	0.350836425647407	0.711756582895871	0.657514778989464	0.662046516494519	0.820179370454014	0.692961075291846	0.840978273004624	0.432890332826012	0.665905379981924	0.616063052951774	0.43152600783092	0.752846594256619	0.550367746423455	0.448816825327212	0.423176767745632	0.639497367227658	0.582475706617469	0.644997809137846	0.424153721339804	0.576547937793486	0.158688752578983	0.596693993412376	0.487754831603753	0.120453821536538	0.445783227627596	0.00906090493733322	0.426691790145828	0.245742188444445	0.783363672614838	0.709175210536045	0.252105573753774	0.256393775448325	0.52497799631739	0.500024248515385	0.30122226236045	0.295768563397409	0.410823941192492	0.152006441829884	0.604751695296901	0.534781096105115	0.278263496508091	0.302211860206053	0.0416417135393623	0.453686452175348	0.595110711285016	0.557100346779143	0.544417997697587	0.458979034640229	0.70923074194773	0.660911366450653	0.668456415612255
0.676611705387755	0.837531641561197	1	0.867622027020787	0.781581855894606	0.820451770050137	0.806257820787189	0.509128345728872	0.126093094900554	0.779770628056039	0.358334583036726	0.521546027387495	0.256722525765077	0.677048274443937	0.732484499895909	0.63641837124384	0.0826984131378147	0.185172987794074	0.373424998921102	-0.110275470530879	0.552171260377645	0.446780966620233	0.119946123999179	0.390864211745802	0.420725037576346	0.192152077357339	0.447437452006849	0.7593389434973	0.765270338823692	0.44100035550522	0.423105596651511	0.12141252216839	-0.020300786432398	-0.00904454265574985	0.693938572425514	0.510986954452837	0.0370398823427166	0.118895559828001	0.28903632429398	-0.0638137642633426	0.697860352622527	0.512230725444697	0.530167524549583	0.306942176315885	-0.0563078594513438	0.0557351731706838	0.529136977985548	0.397041128107733	0.65432057286144	0.397027059605422	0.828131272971254	0.781934042793795	0.729046502427759	0.897857270411822	0.74208376279466	0.874042266176934	0.403034164937084	0.68222023207727	0.613645945620402	0.391606714441293	0.732583667123178	0.507289307123534	0.465678874859776	0.474093260668717	0.604994186842015	0.598738375190235	0.584904920045209	0.517745327313171	0.53450915382271	0.151270753260532	0.612682561459759	0.433147422303999	0.0768154871769816	0.440708623252227	0.0375040736903824	0.388256912351939	0.255596757254242	0.753321547897592	0.718216605556242	0.292404887787858	0.27414280663689	0.567947617347097	0.510276710483871	0.30114221357662	0.309112204450209	0.298111296663346	0.201116064812443	0.638539448974426	0.565351126446401	0.305965914825303	0.368842712409733	0.0585277103681683	0.421130703205137	0.464295085653404	0.50039313772263	0.594268175674152	0.521423883519414	0.779628967806926	0.627170746164713	0.695990369959453
0.564787721850341	0.85008495130301	0.867622027020787	1	0.767446905964694	0.899493403819007	0.898972854412863	0.556723142789478	0.263460857492534	0.83254119068888	0.457042274072744	0.579466190344317	0.335928188065535	0.701665316817722	0.847999143716305	0.647659346216128	-0.0331232404023725	0.107656255112795	0.415949108987601	-0.0513146217050431	0.536549653617757	0.392359156419077	0.122878734147582	0.43777238418844	0.449439212594933	0.0955197739554856	0.411507729880481	0.769282366777034	0.765856955533484	0.367738171004428	0.334738726176592	0.0661065244707268	-0.023256307730633	-0.106789835971881	0.737556460650809	0.42322271558419	0.0131678258717138	0.122185748773155	0.324757763647127	-0.0633625085220139	0.693572377380936	0.441777892684925	0.527854716648183	0.182434070212348	-0.117125535055086	-0.0349156415104637	0.409896493727779	0.498548763427896	0.655539847126734	0.439179250772859	0.767145563748477	0.730189590957679	0.791133384103436	0.918419162382063	0.830349593779486	0.95981950682603	0.381740798379373	0.718095447954269	0.709765352808478	0.504570763133299	0.817189339276258	0.635860196718765	0.52850935131918	0.540828289823722	0.60205903266379	0.66578989207908	0.592674015218455	0.465731822287565	0.588487247726606	0.126145053467094	0.638775392393092	0.508522089691822	0.209654638423046	0.463539380908742	-0.0487938912245805	0.307245242505536	0.14295222138048	0.800382080000974	0.727400733500128	0.141912706753506	0.214663036094262	0.498325395047771	0.457861600092758	0.233160746367606	0.192462890735247	0.288825083176948	0.291203764252795	0.688658659179066	0.506081893124616	0.249168935917763	0.424666189033342	0.0846902904478581	0.362278798448699	0.526870254842313	0.543036188450158	0.712149797747817	0.507478935243616	0.772145110324429	0.689635119646875	0.706866356537111
0.645286135765472	0.659756513999481	0.781581855894606	0.767446905964694	1	0.836230615083743	0.745667771020404	0.406112472870969	0.146246472089796	0.628590758730949	0.342658186584398	0.4506853545237	0.108917281604893	0.535265340599441	0.608846931793028	0.56023231804621	-0.0442942312546153	0.0702014501011238	0.404907493747268	-0.0527867473375824	0.390054912070684	0.37243322368102	0.0207076159508731	0.381701486429984	0.353541782863037	0.128669763860006	0.456562244872258	0.620444067936861	0.576123576634826	0.336938592807473	0.270656791910566	0.0346087125800653	-0.0771990522259657	-0.0089152904353202	0.686342490585104	0.395997434392981	0.0345115039313279	0.187871868834846	0.22217620335529	-0.128100372856317	0.522281799785039	0.424309565275936	0.43416028565813	0.131119086568486	-0.0630583301537534	0.018369862994255	0.338968713525662	0.481101140839861	0.612472686637075	0.350483079329892	0.704354190775716	0.701405202248885	0.643520291234801	0.810764143107366	0.76335355967825	0.766068259675513	0.253337927727706	0.52513619466523	0.543605319923486	0.335456979188055	0.675885798054752	0.474166495592904	0.424363647804876	0.394411105580031	0.513879407567914	0.459422494027007	0.487743728582937	0.444687820174455	0.403330599104332	0.0879742309943964	0.57256297546096	0.422419548008338	0.181466763337045	0.392298974963012	0.0437984767643414	0.247586032905031	0.19493405837767	0.653881474338058	0.546390827481419	0.224279100163669	0.258140879731872	0.43602609725902	0.388212371705655	0.256494317757116	0.241017174806005	0.195500112090508	0.255404139263748	0.578087230102966	0.438697710989974	0.248723434194777	0.306661862854512	-0.0480596967725221	0.282323056716504	0.390859674918466	0.348597182839236	0.54787880359403	0.449324966049146	0.633384471488126	0.477254632110545	0.535094930178477
0.537614794495538	0.773165027544405	0.820451770050137	0.899493403819007	0.836230615083743	1	0.919092731365457	0.563697694181664	0.276608282458538	0.786597390917882	0.431778047804397	0.520949052623246	0.283221504640264	0.648823186156287	0.769111079959791	0.646008752858825	-0.0155232618091397	0.0928779567366072	0.407719313025502	0.0219340359733768	0.506868134372724	0.390580686188588	0.0608259982169671	0.459119991588817	0.439125752594495	0.123058436335805	0.433689290686957	0.765804406720923	0.751916023363962	0.382721497214656	0.292604151952561	0.11918276292888	-0.0111544366688265	-0.131214274240542	0.808817454245083	0.477807115855885	0.0264093444473362	0.206321977948324	0.368233215309769	-0.0673892157296081	0.668079897151844	0.428695158839416	0.540635033277228	0.182166375671141	-0.0602281138674879	-0.0139993304067121	0.334789490741519	0.611795238237705	0.647411136103068	0.484298834363246	0.730670818474833	0.700872710323698	0.7507837868556	0.918478524343235	0.846267681056039	0.903973672223834	0.335243289958471	0.681771313229535	0.707598433876624	0.550651898954138	0.780683290422127	0.5863552375279	0.444277429791723	0.512824062451898	0.553194014150822	0.67754322392806	0.59536854202998	0.509801363227676	0.62548294271213	0.130779486589817	0.631247724893503	0.447669691270913	0.257998238444665	0.494336567128213	-0.029363098049191	0.294258712512895	0.203661655947288	0.789056089823473	0.74459134654006	0.175188581180388	0.248380712382367	0.522617227108979	0.521084686775682	0.30877600109302	0.224956845495301	0.256144159250627	0.309432734246867	0.74318989528125	0.51998473603645	0.300241107869297	0.464064120891243	0.0954663664233604	0.352971334113649	0.522981953353229	0.532653326176545	0.765349690393647	0.490556813016991	0.788628279607992	0.67490049345753	0.668833099704495
0.539008714831567	0.752845859371467	0.806257820787188	0.898972854412863	0.745667771020403	0.919092731365457	1	0.606214269882156	0.355017534107054	0.828372130588913	0.47603389226848	0.621120930818041	0.354981394313138	0.610889041434096	0.747253992409352	0.669410091476767	0.057432019515456	0.100182592443796	0.422949360368132	0.124425221824608	0.558536983696319	0.377877236152895	0.146306527037943	0.569340268428686	0.556638665832149	0.182880353405855	0.510876120654017	0.739340461076336	0.717539754395473	0.319753553127111	0.326818388944565	0.22880449813933	0.0908752555809901	-0.0637387148526209	0.866026510001967	0.568293777765155	0.138745931386466	0.249193072755582	0.49732172562732	0.0435474409337418	0.684934787416362	0.467209532731758	0.617634739691538	0.283034556500024	-0.0304159271712091	0.0769796344726526	0.46367251598827	0.686209925846535	0.598193766333308	0.533974073694736	0.76886517246529	0.726655417734432	0.749078585946766	0.899710470222196	0.868145871203368	0.911612803050729	0.339028679050647	0.674490388653445	0.761866461772049	0.593744851117033	0.785734626839287	0.655549732001011	0.52850816248173	0.482328881291289	0.50544127711346	0.675984291610212	0.593210499994276	0.50622702941636	0.679925684984745	0.236041890551214	0.615831960645142	0.516359922380407	0.320382478953559	0.549791515336645	0.024429859831371	0.327285120241618	0.299796872568576	0.769575362777708	0.749004329287334	0.180700634871494	0.309115046364808	0.568007528464332	0.479233012275211	0.308315825186121	0.223921985733507	0.274078183304196	0.388011236891884	0.793930310525221	0.524864356998169	0.351687807946786	0.587245666909952	0.192166951731571	0.442634603356906	0.474368494764451	0.621885738670494	0.814038225723549	0.544234724937299	0.766473010763075	0.650090549201737	0.648883188862191
0.290174351631445	0.473018622651698	0.509128345728872	0.556723142789478	0.406112472870969	0.563697694181664	0.606214269882156	1	0.520739950481401	0.595828009453316	0.245979894019174	0.476067753787002	0.463132839094098	0.43590255658204	0.544970304004975	0.488631372963204	0.354107124967014	0.389054052270576	0.608561606033567	0.387212197934777	0.419781444770325	0.325227664393018	0.133606306707924	0.437928862962461	0.529832319930918	0.288298113088186	0.444533768975217	0.446537964094246	0.503771719641367	0.20333308724718	0.274352675350773	0.206803579655084	0.253563035105814	-0.0172468949672545	0.560429325102176	0.453814504525469	0.166863296296961	0.183726356979136	0.410762086736306	0.157082461307871	0.525548724138205	0.396784487242488	0.413025975116657	0.348723959255471	0.0807386364468428	0.136426794716146	0.289427072723156	0.411127602293211	0.406055665676335	0.415967418554201	0.481130923320772	0.489713781362785	0.560504384524624	0.53470796212594	0.50139967258157	0.602983138766664	0.42207560577219	0.629568896025057	0.632225946738321	0.583111604867448	0.569745024622232	0.370972347980177	0.380079494614184	0.38594592255246	0.385003140988042	0.554267623503539	0.417540463660244	0.658749632782526	0.659026512500842	0.368951891682624	0.540492377939701	0.332546476761469	0.211158921858061	0.558933718067709	0.203907706704414	0.2957267209243	0.191173220069856	0.423636384115016	0.514002564263739	0.158502514942597	0.150188489306853	0.355231317313027	0.407315092165362	0.231873116242327	0.157176061807984	0.119807929086824	0.256914524494015	0.560227903463778	0.468028206082592	0.317844663332878	0.402949075948114	0.205971951073011	0.306617683159584	0.319263868408195	0.309832998508467	0.492847982565796	0.269132771241211	0.645152608816459	0.449815986316946	0.569735395012533
0.150606290924766	0.119793919389622	0.126093094900554	0.263460857492534	0.146246472089796	0.276608282458538	0.355017534107054	0.520739950481401	1	0.318720542048679	0.257447784824112	0.245568456798038	0.240894204068272	0.180202090354821	0.201703349865552	0.428625807334282	0.171180549938867	0.122355725368641	0.548087943467389	0.597663049178594	0.0595149520949141	0.253594109055499	0.13636697960674	0.628263416133568	0.519250735840588	0.261646449736237	0.421887772527678	0.143312907892035	0.163233406306641	0.0648420030185902	0.200312205310088	0.125000625883891	0.133844904651378	0.128847564831525	0.461819377846279	0.449043958939718	0.496683900337147	0.474050479857789	0.473706751157262	0.484019506854087	0.265483331947497	0.309329045982168	0.296800522420917	0.395559801447964	0.27545077418626	0.153726191254132	0.151961000920109	0.481998632800862	0.199705676740941	0.196656937225041	0.0853998386143112	0.241728775799245	0.276785977107696	0.197027230445571	0.27106436375419	0.280340821454882	0.148822855052997	0.376815861151691	0.504466716949486	0.780169227278273	0.330221272492012	0.329928272958389	0.216673091713774	0.117834871163714	0.061348822976071	0.288917410599993	0.203734285195065	0.295065044622857	0.544671360808469	0.494269142048393	0.237357490864973	0.283668278694085	0.564192257837922	0.609784883704662	0.214306189245956	0.115320245991512	0.164288998148744	0.234185071835241	0.282379862747339	0.0346739457353178	-0.0334363958794333	0.0592192612426306	0.184512859364652	0.119025761300589	0.0754070670330104	0.0193799844664599	0.479429350451753	0.422858230697523	0.281048406367233	0.394421616677891	0.415632339735259	0.485192755125458	0.245635231886995	0.185018146547393	0.152575812713655	0.460570777214022	0.0837605486252878	0.370374110007899	0.222870209813859	0.235442016681557
0.51277284995859	0.750335146949003	0.77977062805604	0.83254119068888	0.628590758730949	0.786597390917882	0.828372130588913	0.595828009453316	0.318720542048679	1	0.46380634530545	0.730569860917958	0.413813827384455	0.663832943564444	0.797906296488234	0.663460777860272	0.135831488686346	0.176923184342516	0.532520232117638	0.0437121148552311	0.710178955360602	0.511933612059022	0.317573899332919	0.431620623110515	0.554809434836253	0.234604106168882	0.508676610179813	0.645250805625324	0.713025896635916	0.453122255100928	0.401151381918546	0.232125956513557	0.14517552746027	0.000621477955787549	0.725541161368357	0.470802992996594	0.0555960575163466	0.154071237619574	0.342431878999961	0.0865561394613517	0.697183692435011	0.493191489286742	0.536759490577586	0.313433654654513	-0.0388496663915627	0.0900725572185333	0.480882901622791	0.507403789948296	0.584832728726989	0.541276244455525	0.699191443784331	0.653954652194524	0.732613940277988	0.805433120280683	0.744106241028721	0.842175493680934	0.44212362827769	0.738826964587806	0.72850370967095	0.567372813916674	0.797982977050408	0.658647496925338	0.57480140780559	0.55493961533704	0.629148851341677	0.73232010776056	0.591240483852398	0.534451633469699	0.654508635576556	0.304873600411319	0.620882773222544	0.470988956404728	0.16874070138326	0.519010426665722	0.167329438101771	0.430175103013451	0.302544662856915	0.698233419994715	0.716116319160803	0.236529252549896	0.315385933214451	0.576803728244056	0.486811149468666	0.289581874049439	0.253119823005959	0.3873881701921	0.297123623188963	0.693250176573825	0.604156963112554	0.338958100772422	0.436787048111714	0.241008652224508	0.502886245331735	0.467404286635947	0.554914222689595	0.692338077721874	0.466206889404778	0.789138809661998	0.687189521817876	0.724441340803033
0.397191420466152	0.424453740742269	0.358334583036726	0.457042274072744	0.342658186584398	0.431778047804397	0.47603389226848	0.245979894019174	0.257447784824112	0.46380634530545	1	0.580511154302162	0.36400143002945	0.408696326192286	0.459687493833319	0.408640926855213	0.234024974970688	-0.0890205252774257	0.246618356716923	-0.0120837203618693	0.46257630405301	0.469771957012473	0.424151935465444	0.196599152848996	0.385331473006872	0.0321843539046176	0.221931686168499	0.197619953759752	0.236953108814894	0.0661499410846993	0.108629056771733	0.264047970838588	0.247189997512535	-0.0392028126095686	0.405925573551463	0.150412388084541	-0.124132680923368	-0.00311879909617224	0.0499617722162573	0.0381122511939391	0.179112746184259	-0.021146933507425	0.247594230669901	-0.107601566987719	-0.110147384318886	0.197695923007209	0.311094025824223	0.338236444899107	0.152874306117969	0.423540933989529	0.36883095224839	0.313553009384489	0.471466506099142	0.388165130231906	0.485451044595215	0.480382412223661	0.165149650601628	0.315226703687724	0.43497971559636	0.365598843109053	0.525866478069629	0.514588518967249	0.531424917967517	0.29161489561432	0.240867385722177	0.374819057720479	0.456518231559153	0.165873105737546	0.388008954954279	0.0910659242480347	0.410432054744291	0.507614384721214	0.25940583571592	0.432930829554958	0.117914682588056	0.262352161108636	0.213712067126823	0.305519504611099	0.384555891960285	0.130851780487838	0.312402463383905	0.282494478196943	0.0747461998596729	0.0431120831573964	0.0525211930013545	0.262241622131934	0.0676336011133592	0.324674256901921	0.165920368313325	0.0231718735477796	0.12311681068508	0.112831276532089	0.120502639541591	0.307355834724241	0.438427395350865	0.442996081312455	0.167550979750352	0.268705136809647	0.217243126465899	0.429673699348585
0.425154574276948	0.50072852272344	0.521546027387495	0.579466190344317	0.4506853545237	0.520949052623246	0.621120930818041	0.476067753787002	0.245568456798039	0.730569860917958	0.580511154302162	1	0.534565126419554	0.474266759452754	0.635579473338224	0.489611359976002	0.328542042037017	0.0445633056440494	0.484204639367396	-0.0181369959964534	0.652355036968281	0.602542327671506	0.479642846481749	0.334196564656016	0.530044254152429	0.171055877652843	0.413428720619924	0.292524560818424	0.396675534175075	0.173752840514395	0.147736200735789	0.282691223384116	0.317863118434399	0.012082629521005	0.58079961465924	0.329361485351612	0.0396145409810425	0.0500930755568978	0.236483141651284	0.0310658063506556	0.399013416285604	0.157745137410621	0.404113341608674	0.0893709502864657	-0.0790349777077861	0.174042849496299	0.40741799638093	0.437153987932601	0.280892563267952	0.563356744055898	0.540730510478352	0.417546104121202	0.611939037300879	0.512220409490075	0.59403578523798	0.598736163288944	0.282544853676901	0.499352276128146	0.561425935759945	0.367531916629848	0.642717076536045	0.657735060380702	0.688343533368362	0.379960330040202	0.453014429284224	0.534914666889155	0.46611513563898	0.432879742535221	0.503632854489524	0.28272683972357	0.612339055281479	0.599207400096763	0.16465121258366	0.439630476745637	0.328722679896965	0.331733751821988	0.25129130142407	0.37051711332459	0.470049936260859	0.208748971085507	0.390330119648969	0.453390563110834	0.230080921664282	0.102149781708783	0.127765455385756	0.348823166212909	0.229399357475393	0.554929407699981	0.397736697090321	0.162853309492174	0.307968930480897	0.116060037948313	0.230360662592782	0.24538024329876	0.513824372608028	0.490762007197542	0.270505253952202	0.480826265994693	0.331735846508397	0.576328075962524
0.0939540574572309	0.240542870748074	0.256722525765077	0.335928188065535	0.108917281604893	0.283221504640264	0.354981394313138	0.463132839094098	0.240894204068272	0.413813827384455	0.36400143002945	0.534565126419554	1	0.296402760247378	0.37317136574712	0.269463395492207	0.351462394032517	0.0100426740032911	0.311544044845894	0.181358650587566	0.376130018504825	0.344969357518222	0.113249617852914	0.219547503625685	0.413855014654204	0.086427825740952	0.180251947394891	0.227389149052443	0.401196268343632	0.0389961687123039	0.0903722883818391	0.322553664067196	0.482801744704361	-0.208718732072374	0.308143287818161	0.300785513250969	0.0704205979589432	0.0361249240267307	0.392057840238306	0.218270288346877	0.414697090560297	0.164531892912398	0.390388877333939	0.0678836107171557	-0.0792493092401576	-0.103777875075313	0.132992019377815	0.342707430233923	0.233812232136359	0.418090730086752	0.334181830780004	0.276434393728356	0.329599311778354	0.283100955592356	0.27753961941895	0.304253893133929	0.202111818577036	0.309300168191072	0.370636361742968	0.27534325232097	0.366293640427824	0.433412283186591	0.408831301551411	0.420079048399896	0.122999373346774	0.419002635086701	0.258065763218274	0.306276932414509	0.391410753068758	0.302740930283444	0.308504958739648	0.189376607280129	0.0128404299823122	0.350066548917266	0.0159357943471435	0.18509242285922	-0.00871307128240406	0.243666127149013	0.395731335173343	-0.0788369391605551	0.216011007857521	0.242795570797607	0.209484054790902	0.0412192646571032	-0.0620760005930341	0.0760486674919584	0.144803863047025	0.347687034079848	0.170777903226336	0.148017860027692	0.297401547101282	0.33866625529848	0.0440258215075493	-0.0391254710901523	0.287175115859124	0.433646124635161	0.177603886498518	0.357802455217681	0.190754496436152	0.353337853985083
0.743269936176834	0.661106651178037	0.677048274443937	0.701665316817722	0.535265340599441	0.648823186156287	0.610889041434096	0.43590255658204	0.180202090354821	0.663832943564444	0.408696326192286	0.474266759452754	0.296402760247378	1	0.798464885902267	0.611952301246487	0.161265306137876	0.332061459468624	0.345526207627243	-0.125840781097534	0.470297824969271	0.475527442884115	0.20764319126965	0.28757603450279	0.30957355464621	0.191210865743777	0.383794563242453	0.580736678589573	0.612915008037195	0.647928074955311	0.467172180672683	0.261149663896307	0.142490594696247	0.0563682466262089	0.484306749013064	0.306278954025369	0.082639159888982	0.017354562464416	0.0638987681910571	-0.17277652687367	0.488323601510476	0.393950181501644	0.333587651336395	0.0164631502190274	0.0757675619042673	0.102409299703242	0.403288996900581	0.236783545594444	0.682006840923552	0.551384391333255	0.742262138418896	0.65081431528816	0.701133911856985	0.689896263402658	0.565120608731468	0.710791986946314	0.268193822533181	0.539635062403219	0.458095504146641	0.371097959407135	0.641019855551901	0.43411750646326	0.402392410226066	0.335041324703247	0.767534703912354	0.655483443004246	0.720099547120677	0.356669901892125	0.577315980049376	0.144844842135002	0.602228838827926	0.516693430656243	0.247302385994269	0.396740129214762	0.219040784641098	0.406390101265294	0.280616483997949	0.625738752901393	0.620156085247466	0.310021025838002	0.485702024419592	0.549429360914953	0.496363468891964	0.421626111327981	0.434388060142442	0.500370191069538	0.318119611402986	0.528943069605915	0.618713295246351	0.285695954980705	0.151992476390554	-0.0294484488013946	0.411197635186563	0.630835678037797	0.495319114703494	0.529180260228763	0.573444381128188	0.657667487055844	0.534961676044324	0.634388954089593
0.552507579598714	0.772547423099256	0.732484499895909	0.847999143716305	0.608846931793028	0.769111079959791	0.747253992409352	0.544970304004975	0.201703349865552	0.797906296488235	0.459687493833319	0.635579473338224	0.37317136574712	0.798464885902267	1	0.62648201495052	0.130061225977853	0.185476958109543	0.419400751448557	-0.100627046790834	0.594019544150635	0.491376825656448	0.310642793520378	0.258614489588985	0.401108980766947	0.13769339164017	0.388210544435508	0.643434831388099	0.66062841456732	0.448006774662911	0.363876766772559	0.156392917249751	0.143196501030487	-0.0180090752940157	0.6445114545966	0.34140071699168	-0.0365803223082497	0.00323227123991803	0.173193142754544	-0.10983213623448	0.559287461366237	0.340357229426825	0.442298930764612	0.0685256945164564	-0.0574733316837224	0.0620465467227224	0.437675881572386	0.370469464843087	0.572341652900781	0.564502029856138	0.691003967968335	0.59022138468067	0.769596960995487	0.775597606446859	0.682082270172395	0.835766432878905	0.395388394346661	0.681137291242664	0.652414851623083	0.461555977150732	0.736922397258216	0.600762091482757	0.524756424471431	0.557322808374223	0.724312282773288	0.702519699773106	0.665815878973717	0.446838137912244	0.612548498558422	0.140210310362706	0.611833114651699	0.458650223901915	0.199596675064167	0.410586986617418	0.136911532886817	0.404945260255746	0.267117785909337	0.693726390931952	0.65088214582269	0.248316294502874	0.349546167220828	0.503763969048953	0.468328888167732	0.293529813758578	0.255696137806565	0.414378768987702	0.302472995056341	0.654535749484855	0.539726257954753	0.208123479476802	0.31401951073742	0.0061340223683261	0.334481805480903	0.586743084431554	0.498204459210696	0.602301967081215	0.498058202290106	0.693719118972544	0.585525059702345	0.726681426651103
0.584595076712541	0.621985515118104	0.63641837124384	0.647659346216128	0.56023231804621	0.646008752858825	0.669410091476767	0.488631372963204	0.428625807334282	0.663460777860272	0.408640926855213	0.489611359976002	0.269463395492207	0.611952301246487	0.62648201495052	1	0.135963125419316	0.384264682127576	0.651907134577735	0.249557623511599	0.45653271084525	0.355793760837151	0.329018869568425	0.555553890558661	0.495357043003595	0.301802105277927	0.559745394856904	0.472639366623164	0.496232328284881	0.575496487587236	0.696948604012588	0.390189595468679	0.321569238088976	0.2162091733835	0.680764831936213	0.727166548830895	0.345718761448335	0.254855770813297	0.211041600440206	-0.0544480504911034	0.465907909814084	0.458302771119614	0.36790780081524	0.162838159322749	0.316946451240483	0.16848066974046	0.518614759949359	0.385726897378708	0.457495822763973	0.445507947110205	0.595844451442121	0.577135150389322	0.560853712996575	0.690339071385654	0.679503012030516	0.671379035049646	0.305020927386353	0.557516137894374	0.620238218113006	0.546136543171034	0.609389751640703	0.433786777590524	0.42735688302158	0.31702590134688	0.568864182153435	0.501072613522804	0.740878413651071	0.463576941267375	0.665732296917217	0.367472568694286	0.486481615756179	0.485704462509387	0.358622443849458	0.585275936930775	0.401144404827682	0.470012468974484	0.424541468898331	0.54966689069252	0.518665561034226	0.51069388250137	0.401754480885751	0.555421303661804	0.540531041244278	0.512864695525131	0.536802719778743	0.537881604220929	0.428862323014728	0.734890587902039	0.595512773244091	0.470107353120813	0.268797341475763	0.0468459406035917	0.498021865372626	0.588229440157519	0.453936665568584	0.608849835628975	0.443274960611176	0.627285829255081	0.439215772989762	0.50891357739913
0.218201154141913	-0.0200935795103472	0.0826984131378147	-0.0331232404023725	-0.0442942312546153	-0.0155232618091397	0.057432019515456	0.354107124967014	0.171180549938867	0.135831488686346	0.234024974970688	0.328542042037017	0.351462394032517	0.161265306137876	0.130061225977853	0.135963125419316	1	0.32571310527167	0.284914475440441	0.163766482785506	0.430272129226128	0.423217786388498	0.330189917080168	0.0951959855942457	0.282767061652592	0.54618808062575	0.357336411199886	-0.158911526353854	-0.0886288749772598	0.0524857497442004	0.164573508151652	0.409683238711217	0.411780341504807	0.259401282424208	0.089616156405086	0.165545601243218	0.103969871385653	0.0567153715274931	-0.129470924481961	-0.0150691537350562	-0.0665336899173338	-0.00710062422632282	0.0674627762025991	-0.00405860900059421	0.209830850914604	0.483613763370825	0.308989105867122	-0.0481475823289763	0.0177290263471568	0.409009721735946	0.124570590074681	0.0571686135307737	0.156030589050435	-0.00165517413725534	-0.00582646858680437	0.0256808865321339	0.121261473757932	0.0659984675722162	0.0803550868077169	0.100985293990858	0.134220715860388	0.0477504374438992	0.177998349888268	0.0309804703429556	0.14229087769796	0.171289972967352	0.201885458090083	0.341026787149653	0.298046182143044	0.248613578705398	0.330888446741518	0.273658451983506	0.032258565321165	0.266493393346588	0.535489798886348	0.457900660708112	0.435361243634982	-0.0811875487964202	0.056477038193104	0.288242793105887	0.44190345554442	0.243010763296764	0.0692167602678452	0.0925012387856044	0.18111347101031	0.138353853191139	0.00964944099229492	0.128711954435962	0.302439760440257	0.0883624509783174	-0.147591908846126	-0.0300468349729701	0.101862067130867	0.0676083769435153	0.244341124070695	0.0095974808147852	-0.0217401169826778	0.110838102745591	-0.118227154225456	0.216940616325781
0.325511957140812	0.194230611354786	0.185172987794074	0.107656255112795	0.0702014501011238	0.0928779567366072	0.100182592443796	0.389054052270577	0.122355725368641	0.176923184342516	-0.0890205252774257	0.0445633056440494	0.0100426740032911	0.332061459468624	0.185476958109543	0.384264682127576	0.32571310527167	1	0.443634759991438	0.20291105154304	0.20992779620615	0.0108104869627137	0.0592159941987146	0.0632048747060948	0.144133528540632	0.318556351461532	0.242211365160032	0.0762713141531025	0.0715734499942537	0.36479997624782	0.518843005548218	0.33301001873365	0.258271385511276	0.139987371349587	0.0727844761129872	0.338053035641683	0.091630451921511	-0.0341808804853943	-0.169077180933416	-0.288785493006097	0.00927740683070511	0.202190987015254	-0.0966822007696298	-0.0224872477677056	0.388524061890496	0.293173138821816	0.298853238179109	-0.15505112786395	0.157599601038439	0.349536595828819	0.251719943287954	0.259739663912902	0.260674375091397	0.185867731500091	0.129381908045586	0.188630639220931	0.0900771483321467	0.088099376919289	0.0865803997271812	0.14825685189651	0.0878607888549795	-0.0655234100855163	-0.0987488776312001	-0.0862401615123051	0.350877800711773	0.146567397929288	0.446111306505508	0.386243941234507	0.307188744378382	0.318870288720246	0.216715500819228	0.137723292927745	-0.0175459461122161	0.173307363915992	0.442422638250323	0.349004496940224	0.256163444697013	0.0555101094929987	0.0355918080404306	0.496220732014681	0.319834808035495	0.311780832547052	0.262937799429177	0.375224240406683	0.475577579770794	0.413132742457852	0.0634431532154254	0.211990136704073	0.439094757044563	0.333374492383308	-0.139088132847682	-0.200121136455302	0.315301327016415	0.292549200689541	0.196942412147422	0.0231435846159533	0.0545195800449395	0.161895212658087	0.0825532567577497	0.114708141254499
0.454474669736393	0.342283251628297	0.373424998921102	0.415949108987601	0.404907493747267	0.407719313025502	0.422949360368132	0.608561606033567	0.548087943467389	0.532520232117638	0.246618356716923	0.484204639367396	0.311544044845894	0.345526207627243	0.419400751448557	0.651907134577735	0.284914475440441	0.443634759991438	1	0.325408654060389	0.315671461345487	0.428142930722871	0.204875648847991	0.524497066374594	0.529556941733528	0.307260596916915	0.461395965979275	0.151189339581325	0.20502305865573	0.234824220458172	0.38318595503573	0.142398219057725	0.229395544535556	0.210850944086855	0.462502735852543	0.547849440080836	0.38178238774354	0.280925688357123	0.195362398340368	0.0564032646553485	0.279580853075117	0.292790301785414	0.189834613350329	0.14362010213859	0.324578722520632	0.19175248016452	0.287466480561733	0.296154178461927	0.233092243783146	0.370449828337321	0.358880195999612	0.443556686097378	0.367049758426513	0.419803330166316	0.47648301736021	0.43034017637748	0.207497950761205	0.459902583047715	0.507917756766634	0.515495982347513	0.450191314721876	0.311291672552483	0.340764049713945	0.199478180539342	0.350317044160112	0.303024985880558	0.474793602248629	0.51266607828148	0.575576580531216	0.534186910527068	0.446380157903663	0.323529012525706	0.261490283354986	0.508328460315073	0.472315254769442	0.333686645113025	0.273386890041628	0.22944964480074	0.266254451089266	0.379612803642973	0.208200311566026	0.273003311430817	0.374275528668491	0.281929051815408	0.337020184838809	0.335792671698576	0.361263424997032	0.495878956532917	0.4556393341457	0.40660564744802	0.247106067416797	0.0705251914027438	0.279472104628164	0.310333182328962	0.211571353939065	0.360770684528893	0.0989230097298171	0.449273959889721	0.322267495335184	0.437478364871316
-0.164867038362145	-0.0707662678202427	-0.110275470530879	-0.051314621705043	-0.0527867473375824	0.0219340359733768	0.124425221824608	0.387212197934777	0.597663049178594	0.0437121148552311	-0.0120837203618693	-0.0181369959964534	0.181358650587566	-0.125840781097534	-0.100627046790834	0.249557623511599	0.163766482785506	0.20291105154304	0.325408654060389	1	-0.123686042955829	-0.0139552506959775	0.0602867194823444	0.304731140686401	0.416511556927183	0.274625171983079	0.373857947157451	-0.0870700055430913	-0.0603760545261059	-0.0559495772146696	0.155021470281497	0.283428128978909	0.306095193337963	0.0964885983028909	0.145491256409373	0.362075062674968	0.289099077931493	0.435581779677878	0.246521013414755	0.33144734618693	0.000645339507095292	0.0873299947058113	0.0182601013686086	0.233423786875006	0.386239618846368	0.130298191084206	0.106403109587715	0.272387859593723	-0.111564431075113	0.0626141395103539	-0.170164890015153	-0.000658973000730401	-0.0251959789617197	-0.0456250099760878	0.00303622273000877	-0.0317969274138298	0.123073284002626	0.123798110430621	0.368070133785813	0.47379859454822	0.0319180263985289	0.0445088890917806	-0.0387349946002614	-0.00443890426132775	-0.134249137781326	0.034841572415689	0.159721075431311	0.200408398253125	0.369502976214908	0.506201623404577	-0.0113759135084488	0.055591832043501	0.276545805656657	0.4504180406615	0.176256568051923	0.158323283361308	0.218346702879141	-0.0771548724815074	-0.0190483832704143	0.030605851594588	-0.0135096472587873	0.0529602845136889	0.133794209747974	0.205086294581893	0.0854353002847594	-0.0128528243194795	0.230814240332418	0.133960294522952	0.104746855405438	0.391867794157131	0.162438357016188	0.321494208287423	0.22662651071826	-0.0297245019405866	0.0473513654156625	0.2233618807151	-0.060492271811052	0.10269434214081	0.0127318865411852	-0.0843274911397175
0.408251275235494	0.484631052958337	0.552171260377645	0.536549653617757	0.390054912070684	0.506868134372724	0.558536983696319	0.419781444770325	0.0595149520949141	0.710178955360602	0.46257630405301	0.652355036968281	0.376130018504825	0.470297824969271	0.594019544150635	0.45653271084525	0.430272129226128	0.20992779620615	0.315671461345487	-0.123686042955829	1	0.403760062725991	0.4251512946006	0.212516051512921	0.390306700622775	0.259978830788587	0.438501929110772	0.401100936079054	0.467784459873751	0.336268531911123	0.311868508622968	0.257655569949811	0.211111131210717	0.0089604928729789	0.541484922846764	0.274431845371837	-0.12060698962117	-0.0740605521212577	0.100629026784275	-0.14909600074505	0.474684854850976	0.256071614475746	0.433214172784158	0.0857431860209611	-0.0314450801904934	0.256096628087577	0.410537409969744	0.210055721873504	0.402101075927705	0.560479510205857	0.533616953425452	0.447997261885192	0.551643769606134	0.566276007977561	0.529967364897901	0.576783652953888	0.373276877650421	0.498206873818982	0.48787438879592	0.31561609184903	0.596742204026499	0.594595459106885	0.51864659900557	0.474063138431869	0.495863135143958	0.607978548820538	0.420905102752884	0.447281557922242	0.470869533841967	0.121006551315004	0.573002717562709	0.393700103495633	0.0562272976171313	0.347765225095379	0.284702854533461	0.475293160539518	0.35067256785134	0.445542539715458	0.533553055657949	0.306311393776103	0.464475877292211	0.580465713543822	0.365533246161083	0.264705037289318	0.272351939751105	0.378621623636215	0.136966565569554	0.523058376111802	0.553477631675592	0.173730546500229	0.159493246450144	-0.0521191874296826	0.424781132258706	0.364382512994455	0.520563484668203	0.370105519012766	0.395138597945763	0.514323402191532	0.459721776999381	0.584902362517508
0.498572370197395	0.458268792683049	0.446780966620233	0.392359156419077	0.37243322368102	0.390580686188588	0.377877236152895	0.325227664393018	0.253594109055499	0.511933612059022	0.469771957012473	0.602542327671506	0.344969357518222	0.475527442884115	0.491376825656449	0.355793760837151	0.423217786388498	0.0108104869627137	0.428142930722871	-0.0139552506959775	0.403760062725991	1	0.386069155190904	0.178239308960019	0.345770410189248	0.338574302586541	0.4433457391861	0.154586722575701	0.295420357226184	0.190734722102403	0.154175427101948	0.122226788100061	0.223854034805522	0.100687697782031	0.361818481042249	0.206272443310189	0.0767609422650836	0.195710569371281	0.0485420263502404	0.0050165623075273	0.304806876994414	0.221276710817146	0.264205514397046	0.110948112535172	0.183569785982553	0.417074053404083	0.398286322853563	0.196677017534758	0.379591037879219	0.387111427443709	0.422443173399212	0.348010228299813	0.495471323490461	0.357911438711636	0.405056907809896	0.425931625376201	0.276042441023425	0.457447898804639	0.338405592239349	0.299250539839643	0.584770757778172	0.401797981725596	0.500904600789792	0.287694999272506	0.375490406186081	0.388336852540023	0.432372689272914	0.42556277919341	0.437660483923648	0.179395916262329	0.583241553196178	0.532203467091769	0.0899592111837407	0.524304540317155	0.399627864530171	0.358482311681809	0.329404737396185	0.254228659978009	0.367411338527692	0.226869885792223	0.302521618634696	0.251906286594164	0.233526736965039	0.0100439568889336	0.143290005429104	0.256415099120141	0.0905727190951393	0.320857202809484	0.364098549827116	0.0915141829376418	0.0772015857636749	0.0330650616270204	0.198119907988935	0.311811757157572	0.26928855501745	0.355016808761072	0.110739646793513	0.492072500680536	0.30258114245856	0.552485878887432
