1	0.598319251835253	0.559630158994894	0.303343703675595	0.426241539993294	0.306171513856336	0.185560726974898	0.100826676524988	0.206745884334457	0.335188528059279	0.112883770017374	0.158982100364208	0.136963471970517	0.471717830379794	0.323057760770297	0.501112430495931	0.172524963571794	0.238747911235635	0.365878424169687	-0.040707052140827	0.028350416106992	0.0636255131907414	0.0541065688855778	0.174199205830406	0.0920199134064787	-0.115172218206169	0.0483220197449187	0.147266055038775	0.0204706666819902	0.321961394208824	0.350688265164366	0.0192696927905115	0.108197057075038	0.195598338425951	0.265518539874358	0.562708452709443	0.138363132985343	-0.114506877293649	0.0556298834802327	0.12623096751452	0.253311507489278	0.0225809982922812	0.308424599747723	-0.185902175342145	-0.0126758016167432	-0.0171860079424819	0.144620865054839	0.21932365330682	0.195047257719489	0.166326688861766	0.366229144902415	0.461468704521954	0.289545192599755	0.331019622280142	0.210343176336954	0.190955518317509	0.0240018251256826	0.0336237235107975	0.0850510987650233	0.023384650727228	0.137526219252443	0.090488038694266	-0.0952214771680365	-0.009943680540476	0.426155804302745	0.272936096829471	0.344269110549342	0.153567110261071	0.265982095662499	0.0169412824234207	0.210625076219918	-0.183167806906496	0.258009948865969	0.0121722457869637	0.165266955640716	0.0882820247672234	0.0334786471658332	0.176935819185448	0.0882529120491508	0.280230310361867	0.232507074062447	0.190086255720887	0.328490415460484	0.316617244940908	0.209672044003434	0.0900887214585456	0.173661938618602	0.233503041289403	0.311992017824051	-0.0440486878928548	0.162927511803527	0.0759807634882533	0.00416812979562436	-0.0304045280419715	0.0107406182568661	0.348079050442284	0.165418846823873	0.198770937581142	0.3055272599332	0.198551663064486
0.598319251835253	1	0.816350697022189	0.671291088916683	0.592283421218246	0.579306792208085	0.48594267140272	0.456305022128959	0.448918393807918	0.522434370374292	0.322466978809694	0.405078494907425	0.144869900464871	0.471776607446491	0.325308464289956	0.376508564892172	-0.0984241116134048	-0.0279647545636126	0.353389889620793	0.385994924877391	0.0983492127836948	0.167196351746292	0.0860563085530339	-0.117899905721655	0.412476266084441	0.034748757446223	0.0286992460392926	0.465337602645193	0.201766177475789	0.300158265952088	-0.025101197061277	0.173053928769487	0.278866679638757	-0.0406411641819335	0.454213123448051	0.334245240456746	-0.0468395881762476	0.100588407792009	-0.0879734823308845	-0.100740790213833	0.571326650459918	0.0897062666732076	0.163670996469248	-0.166545816620733	0.186946753791456	-0.0548792863098494	-0.054913305084656	0.264799816266303	0.2056320009776	0.228748100912732	0.676858031972421	0.779090387589103	0.429323637528192	0.601519923510149	0.383038700953915	0.447894280323802	0.172415255326791	0.365137422402485	0.394828914709597	0.355531309962046	0.258077312279196	-0.0363802473873548	0.241064264880723	0.119008026023591	0.389059607531547	0.264555213587715	0.118600129736715	-0.0532089855425665	0.287173536839085	0.402289293368461	0.0242328095757711	0.100460251068358	0.273598256058417	0.278698528474118	0.0409596147376815	-0.133692090646108	-0.0977656289221359	0.516737292515239	0.328181082599181	0.101185111836191	0.0225890166066562	0.298378702993893	0.384683149540245	-0.11453663644871	0.216797891414825	-0.090655888337115	-0.0454058900150584	0.257940955202041	-0.00883132864385892	0.0176190383645245	0.0337437566520007	-0.091728257650974	0.00895637507327994	-0.0171477942521843	-0.127210900970832	0.300188822721586	0.438009803003666	0.396031514993181	0.347847329046833	0.477953064983292
0.559630158994894	0.816350697022189	1	0.72577834298419	0.719676222622831	0.762402908075017	0.645425663445432	0.380963956132801	0.397409755768911	0.562286615396642	0.322746371401777	0.410022147529149	0.32928898391311	0.553690204334715	0.418067302142993	0.467064643489418	0.0021323629497514	-0.0263741332877806	0.272424844917423	0.327986876365008	0.117437933554257	0.248798040731206	0.090378429737626	-0.164092650615114	0.365657263873592	-0.0613219413144348	0.0978459585481687	0.511677630113414	0.151796463512432	0.386013485559515	0.110798750856582	0.0294694944296663	0.329024516751187	0.0128918901629526	0.610977645092939	0.375872768501177	-0.174005102238251	-0.00883190241266546	-0.0602698594555589	-0.0754936382860177	0.49228859290885	0.262135131243427	0.301733972722325	-0.139290249416351	0.074796836476259	-0.0381153724266757	0.00634260009563065	0.423686064563608	0.261944434546659	0.344543037152152	0.725152610596337	0.836288424020971	0.531019881971435	0.818226880181858	0.56155532146124	0.587289468367545	0.147764976780712	0.20532402480724	0.294349703131588	0.226312976587012	0.352965922867553	0.0555126015251467	0.305595154897734	0.227209544977442	0.442254320936063	0.241698588141551	0.152713951724228	-0.0586636740922664	0.269724286904058	0.314965836937019	0.0915215777445952	0.155178249641861	0.210899750779866	0.215677261988077	0.0604561174104442	-0.178324346927326	-0.0391459014318588	0.498153248993818	0.246715294860885	0.0998214124302853	0.0266758304889332	0.372386258819978	0.293914780581805	-0.10588461556804	0.201948158591319	-0.14087699749417	-0.0767175017334768	0.361421639884605	-0.0146114656916502	-0.0390148674507162	0.0853010000898395	-0.0937509599568795	-0.0406407777285085	0.0182230668890398	-0.127963769174745	0.394702296803834	0.311421966597335	0.436538737371605	0.358116402519079	0.596101574522267
0.303343703675595	0.671291088916683	0.72577834298419	1	0.727855022089155	0.815924791473806	0.824084865537446	0.528064422690353	0.56523297516532	0.6276880894047	0.494164623293177	0.491585749153653	0.315859809925253	0.392982010876592	0.42270388964274	0.574991752944454	0.00731262227391667	-0.104024748132741	0.374270219346011	0.516869258054341	0.210724683964577	0.421840033499413	0.20299719024637	-0.145049124157688	0.517624557430712	0.175679641335923	0.12969969457173	0.455335074407103	0.202824600256574	0.180516977892137	0.0571385057196383	0.187199431903231	0.303872359129099	-0.0874665925572402	0.729437697380579	0.324316391914783	-0.0684273124534937	0.210177459378725	0.225195324843211	-0.0834973032334663	0.570866993591677	0.253353237750162	0.402725580439996	0.0204067126752938	0.196156526562616	0.108463934808194	0.0633913804787656	0.560152931512563	0.232657859199477	0.411724573269268	0.677051512529827	0.729164794643516	0.600798236517221	0.788514149831077	0.610858429929221	0.810667096383269	0.197868380569332	0.409667058819418	0.535631039326433	0.509943567547274	0.385942682475772	0.158764264361857	0.4959815905359	0.381722359725743	0.213937380028	0.144327539538019	0.235645038630716	-0.0437555946846539	0.500990131572452	0.507909888926291	0.00916752050909055	0.301688708936627	0.162660515019151	0.326563151951468	0.0626321797987943	-0.229119267012854	0.00180749891216698	0.466425945664536	0.242161449911305	0.150035912238643	0.0447952956127613	0.371987985633183	0.107000533967761	-0.183677144433781	0.263567987295925	-0.0264276974975112	-0.0655682037792948	0.574925320844013	-0.184837125260108	0.103300567856503	0.24895550231518	0.00170106275633865	0.082414287068162	0.194368461121649	-0.0321215799111654	0.50727237487793	0.198427415539177	0.223830587424923	0.238133336315455	0.479461386962733
0.426241539993294	0.592283421218246	0.719676222622831	0.727855022089155	1	0.843008712261254	0.755211011018881	0.369625566608106	0.394402735520165	0.506606065212365	0.366960992119473	0.368727756677152	0.260082012938719	0.42656533439862	0.438400169718978	0.434625710671472	-0.0566564574353623	-0.193014734646539	0.20993163422322	0.322343212879253	0.178057581129025	0.365326328562911	0.172314953437092	-0.0896284658031836	0.294627837610219	0.208858310053498	0.110596518829934	0.522751282243582	0.189598581552198	0.285041992335876	-0.00621148683903843	0.207192043435751	0.453316719747846	-0.0327079886031535	0.710647224208803	0.270498349361642	-0.22339175171064	0.0182698608762335	0.111758800253307	0.0215145055401306	0.622982191372411	0.279462748715598	0.222582003548143	0.0675974177920897	0.0641515706603797	0.195610845152703	0.212682067150353	0.596678641152521	0.307505643170457	0.398044968383905	0.749698195419	0.661444015728989	0.48429108052149	0.78860965614037	0.696829280142776	0.639651579517622	0.125303845358934	0.227009638712515	0.338399887966175	0.250820565233765	0.450193443351641	0.242740084108895	0.469106868231194	0.344669224784637	0.259064606706668	0.117093656852406	0.0270369104024821	-0.14892834087095	0.262984067396217	0.285865965114818	-0.0414286719486944	0.272763933230162	0.110949436914962	0.245651490383347	0.015869972678774	-0.301118912031394	-0.0312024969362557	0.506146667618507	0.219624170800971	0.0670385912024216	-0.145580499483762	0.356017104062699	0.160337678107733	-0.190406001325827	0.0554620837454236	-0.181654735023829	-0.140038200482392	0.444861260961567	-0.171656543934014	-0.141173759616857	0.201304626785146	0.0818458323694658	-0.0338300778667127	0.131491553848105	-0.136058913641795	0.448058487588585	0.222820814402661	0.418960228020797	0.288870814486596	0.52264499599895
0.306171513856336	0.579306792208085	0.762402908075017	0.815924791473806	0.843008712261254	1	0.850399963614388	0.429483298235082	0.470090835116067	0.570595070525384	0.438594827224908	0.485172202914063	0.324585357168781	0.425480129467487	0.44067969587392	0.444070792514016	-0.0747183029243879	-0.192142884308298	0.209239931081531	0.432508081573804	0.159610909152924	0.446999118978004	0.179716707266326	-0.177929095275086	0.392660684942263	0.124133085829812	0.123849607859477	0.427987260661675	0.166445295165174	0.233456434393299	-0.00216209196726143	0.157534482426252	0.416205839671212	-0.0829435018100224	0.784538711684862	0.243736581393145	-0.227331080567546	0.0853359827816117	0.13038815863118	-0.099169467370184	0.572765891727935	0.291544053799528	0.288773505005083	-0.0241330444839071	0.134575501879808	0.157102142972463	0.190276223070202	0.608771435293506	0.384158359504631	0.395792773746833	0.700372109545229	0.681544676467476	0.47834504533651	0.905919626840549	0.736103563295505	0.715144444636832	0.203458394746179	0.278167807051497	0.40809820835627	0.376832833048853	0.431344932702655	0.235032810459571	0.501521610735099	0.3673920498098	0.132584411265243	0.0289244565508102	-0.000809284953137641	-0.176852635543522	0.303327600331615	0.437351526534472	-0.0252021601019385	0.286293936834424	0.204077929173845	0.271791473916531	-0.0337778832758027	-0.339156934606573	-0.0655467615106536	0.446619116701061	0.258482654042816	0.0741354714330736	-0.166022627548597	0.392438073356427	0.184108104270236	-0.274233116117881	0.110105433624384	-0.25629695825709	-0.080886906453652	0.477706240937539	-0.25834207142546	-0.045263817670787	0.195355454792482	-0.0765916663503646	-0.0878385479625249	0.152981571131719	-0.144429128998981	0.485977636260792	0.1259490602179	0.408449216010088	0.261338876623759	0.530289819482628
0.185560726974898	0.48594267140272	0.645425663445432	0.824084865537446	0.755211011018881	0.850399963614388	1	0.408281762444435	0.444923123151976	0.492207904930643	0.450090282575359	0.412915953933019	0.194623320680822	0.277997655891661	0.232367971280889	0.538611199607593	-0.0717178974156139	-0.210363138261885	0.231233998042011	0.341813810115939	0.100854983992204	0.424915456972514	0.300246944350005	-0.158922485204437	0.350148701534594	0.182072576438093	0.126319055178655	0.398800848523892	0.229822164915373	0.234893904639982	0.035343601717304	0.285125972002106	0.380034708938412	-0.130331713137278	0.896884805332466	0.286130491206767	-0.192548310085034	0.0549296462149703	0.293162550996751	-0.13105368467453	0.542332175737819	0.307960476275725	0.352229207947023	0.0802346008501695	0.0824658842027943	0.151066000028693	0.154808236014227	0.608506404489718	0.273441695493736	0.312448848814467	0.645432658455637	0.631942574845262	0.478801331350343	0.80921859584577	0.747530859793323	0.85371807272463	0.104516903359314	0.297257520119398	0.453142820412095	0.370428515016653	0.442163869820758	0.295704055205988	0.535831158372028	0.440152129278387	0.021854764009341	-0.0753323104630999	0.154929896512337	-0.144079563922035	0.376452663384197	0.39626805922457	0.0307697089263055	0.403350478203449	0.0602522831504649	0.184765893695519	-0.0498989907265008	-0.206794901695013	0.0387230188934065	0.447362330583462	0.211497861796437	0.0620608035208291	0.0487299914662917	0.383397202809968	0.0590181260080848	-0.193159680364951	0.190771347266496	-0.124050157456801	-0.0377398320583347	0.609905782333274	-0.247057221415914	-0.00998372304131593	0.328036670700319	-0.00995662651492455	0.0778870552608576	0.167750477868694	0.0329188607933689	0.490866288607847	0.0607080093331615	0.255302571385067	0.180001790981675	0.461412858268338
0.100826676524988	0.456305022128959	0.380963956132801	0.528064422690353	0.369625566608106	0.429483298235082	0.408281762444435	1	0.748586747729215	0.309100172034883	0.223501164545597	0.157531735226173	0.424567689619229	0.158694995604915	0.154292823274258	0.281693260178808	0.226133250864241	0.294377197391186	0.677974352699379	0.764643128116791	0.257034561276142	0.126274227130015	0.052933741906024	0.0691201891415681	0.494726879263088	0.209213383413238	0.042732916944733	0.308421533296565	0.0769160070299359	0.0758599960868342	0.0398989217063953	0.117873321856822	0.0770479978291931	-0.12053975596265	0.365926646921475	0.26614766629828	0.0608263966924958	0.566285320683724	0.009927221764545	-0.171440157422588	0.391036348938866	0.157846818249639	0.0894613410547219	0.038045060670913	0.700994673880725	0.0780907910902935	-0.129075500844481	0.226262317085351	0.206192612162452	0.10716907505347	0.337385052610096	0.460656897654344	0.317961769451623	0.38904435405095	0.293574476635007	0.329401198221976	0.573632203677393	0.803000808721097	0.829859768898925	0.662392995070278	0.164541305469839	-0.180671176871222	0.12978316313195	0.360595802175803	0.0663268164125821	0.242496415446543	0.167127180852905	0.209607130028617	0.524874362218409	0.66916882407837	-0.0271905261951997	0.0525566536915284	0.269468278865778	0.478743214050286	0.339454375371682	0.114365004511492	-0.0474635134606646	0.28806355772557	0.0712742373866345	0.323028203175548	-0.0628933384689148	0.426347659447774	0.133929066411931	0.00208278526546843	0.62448607265268	-0.00979619136249391	0.00767639111101471	0.211249410192809	0.0909014429657367	0.553187815927844	0.0371477511257947	-0.175255107293691	0.278386319795277	-0.0522514133834546	-0.0501676046237056	0.19369453519136	0.156158473457282	0.350283884548147	0.277149128912805	0.368907141936441
0.206745884334457	0.448918393807918	0.397409755768911	0.56523297516532	0.394402735520165	0.470090835116067	0.444923123151976	0.748586747729215	1	0.421629770986127	0.413331704854492	0.341776704992256	0.310201985104049	0.184287009316143	0.228376919278134	0.412069027944126	0.197153123338741	0.103775752618559	0.667095484740095	0.675641619724661	0.349881323038224	0.245974792333245	0.228228792564234	0.224914005387529	0.503550516630775	0.312350826119731	0.285338568014895	0.313084739090253	0.123280579864547	0.272672842347958	0.088099657015328	0.274994125587824	0.186536299475664	-0.0157892950233173	0.487301282198832	0.385191902944379	0.127994990780283	0.466531269852932	0.285679486675342	-0.0227929341315347	0.403143031585424	0.223086103695709	0.350588314784852	0.226820398525932	0.654304584097638	0.26430238154422	0.0666881877975544	0.325332558528977	0.280245718391966	0.251059542812399	0.332528164483241	0.469067917284584	0.374908413869327	0.413223168141383	0.275996566549813	0.426720746386005	0.493107590966801	0.728357840854559	0.792631309670525	0.787389380652592	0.358509154559021	0.118926007838186	0.325374281014711	0.343125536111937	0.0995764502882371	0.198093168120202	0.29365008654608	0.198470974705968	0.644514202101405	0.696311968949507	0.0935404724223099	0.263232170268024	0.385780316577882	0.509837499923036	0.276705774912274	0.0959534351175992	0.194273130868337	0.316989079639765	0.218144680788474	0.313785472841961	-0.00691232361043275	0.345398175725358	0.144545108333679	0.0273974630502053	0.503580959775241	0.115549165049458	0.109504846235357	0.406036004049958	0.0179179868055456	0.512063983989085	0.26537442007531	-0.0770389217056192	0.313143718107134	0.0464607933835284	-0.0219346761311779	0.278191412350177	0.14433396598402	0.306564214115862	0.267770510405967	0.33536316696964
0.33518852805928	0.522434370374292	0.562286615396643	0.627688089404701	0.506606065212365	0.570595070525384	0.492207904930643	0.309100172034883	0.421629770986127	1	0.362272936789391	0.704463660655955	0.276543521229987	0.409608536253561	0.501696167790504	0.455062986279665	0.00435598464911215	-0.102678928070024	0.234893702606582	0.34042993325459	0.34982027153164	0.393992830865002	0.0654657685835076	0.0529529274791421	0.475137727533509	0.111143593755318	0.21590315388743	0.251728676212551	0.336165217310972	0.432761197473337	0.0175364747599229	0.13118102262499	0.352297621160544	-0.0823603813542414	0.520142908282277	0.397211497850318	0.0303773266341938	0.100337891898806	0.229354975814313	-0.00135576838289373	0.515628443977891	0.479878503137016	0.376671585137945	-0.0769984012211385	0.123461496099569	0.0970314091855959	0.118022423084073	0.433886882985599	0.374992395345014	0.646497204570983	0.55784383846021	0.604875712822049	0.424266628795974	0.488060748424371	0.383313458398532	0.533667481815853	0.163524811916324	0.268374921021695	0.313752699569912	0.458896376322584	0.453333626736861	0.32438282104795	0.508463164960566	0.270483683921145	0.265071626326955	0.0848326211126962	0.240240913611187	-0.0846904942061388	0.418198954646825	0.443592319412957	0.0819625517737119	0.293834413802911	0.242239995160552	0.387066026447086	-0.0324391046645984	-0.237618564380893	0.0611119506107611	0.40744770904914	0.578729824760543	0.106262754999062	0.101064012381338	0.38948823173356	0.316073728814578	-0.104847499048731	0.0952670137172258	0.0124539275445472	0.0305865010217019	0.486054219352186	-0.0589638766524043	-0.0361708878543919	0.274927443439471	0.0590159366091476	-0.043711988920843	0.227441467233606	0.0836323391980022	0.423961723583401	0.454364658513789	0.40926121291518	0.334313593175419	0.48626132690199
0.112883770017374	0.322466978809694	0.322746371401777	0.494164623293177	0.366960992119473	0.438594827224908	0.450090282575359	0.223501164545597	0.413331704854492	0.362272936789391	1	0.456427025652678	0.211133993469762	0.0922068980990966	0.112340129966782	0.429749529774227	0.0116251681552166	-0.0942500510573149	0.159062528984154	0.275907349856388	0.144777619517471	0.191320409888578	0.256491785637825	0.059719556823009	0.250528879713978	-0.0693498969254999	0.0529558436969098	0.256029611158895	0.0497370655524327	-0.0616659677174961	0.0728022845763769	0.092249953506808	0.263782019351821	-0.175412575098388	0.526322959526506	0.212392536986027	0.0848921506082001	0.153722809394072	0.258627182295392	-0.178245533169776	0.219791747434875	0.0108942202005862	0.309478560899851	-0.0845600708702416	0.141797870588425	0.120521083847927	-0.115352205583184	0.311860143962933	-0.0723217753003019	0.198015129598113	0.418379956951372	0.434357289329488	0.341309169949094	0.442733691196738	0.32458470696802	0.509093163452983	0.19013525603536	0.201021747113907	0.314555383296514	0.291727707050057	0.162485535905779	0.273201161391865	0.348033336886961	0.354181970050643	0.138397050485643	-0.00910689689765345	0.160572270159816	-0.0748433508198961	0.278769654944495	0.337191328690368	-0.134176392348546	0.0402810835470925	0.158361496827674	0.207356174383605	-0.10526931998898	-0.206011042615833	-0.128688876113297	0.193760695361499	0.0452792904850782	0.00282140207550775	0.0218904709898422	0.263373538376503	0.00909850989562687	-0.156006544943408	0.177526161320129	-0.178868233629925	0.158504167162796	0.489815753072842	-0.146873957252648	0.0951019547550963	0.351535623082094	-0.153487467229815	-0.0956745027959964	-0.00708323593243578	-0.192003526736179	0.348747195193929	-0.0198151544835676	0.00238471325968783	-0.0878475021865096	0.126775152779875
0.158982100364208	0.405078494907425	0.410022147529149	0.491585749153654	0.368727756677152	0.485172202914063	0.412915953933019	0.157531735226173	0.341776704992256	0.704463660655955	0.456427025652678	1	0.270885068150231	0.334243069208533	0.352481646892018	0.3627433468848	-0.105114681935136	-0.187203331583729	0.0761102161842097	0.293508454248896	0.149511189612144	0.378152161312448	0.27612480577014	-0.0379886953491176	0.438718644967996	0.228550594413026	0.389779314100807	0.30042284937048	0.223982214071967	0.206914095910565	0.0340156412658892	0.169802045976132	0.44686681255911	-0.0168735896244178	0.416807794305855	0.299373242407235	0.062489457019727	0.211199476643405	0.230464240639375	0.0648608878074663	0.366092544036306	0.317536012273369	0.304587469669739	0.0762985594866122	0.0572644419727438	0.251604168709634	0.154402941572486	0.384010872053029	0.335689748743281	0.368884572321474	0.407555125621581	0.424655393426012	0.365721674734565	0.422609049350652	0.360649319006745	0.465700471568165	0.168498631678389	0.175336810929179	0.159771103398324	0.413673423110692	0.406869579225648	0.347257392967319	0.484294252828671	0.311705592055635	0.224110955247132	0.117000323280548	0.189866672333138	-0.0981208011904606	0.33352660326066	0.403235212872701	0.106318527299694	0.282480366816257	0.217184488131933	0.397591432044429	-0.060302341640186	-0.191613070528897	0.150252996854706	0.300144936080995	0.46287933726188	0.0846861347759586	0.0799337358597968	0.238695988535048	0.245458421719577	-0.0458463276362586	-0.031084388943549	0.063993456328513	0.185142965654698	0.451960543572165	0.0485182774135152	-0.0154264459732077	0.347705662919788	0.0679028649515559	0.0804156995480371	0.165224468346918	0.033022807122074	0.374055357727958	0.336079737620804	0.308426420451277	0.270052467615916	0.386820757746823
0.136963471970517	0.144869900464871	0.32928898391311	0.315859809925253	0.260082012938719	0.324585357168781	0.194623320680822	0.424567689619229	0.31020198510405	0.276543521229987	0.211133993469762	0.270885068150231	1	0.0509039730983857	0.260817131460755	0.341076408764065	0.487535758210393	0.373768816405033	0.265178381002813	0.340968952463141	0.308248163683667	0.276977021810708	0.153780338539559	0.172275989375728	0.17284734259345	0.0263495189173863	0.130286437318552	0.20080594907028	-0.185202509749519	-0.0233016243443862	0.332380260563012	-0.103447749753159	0.277751145853295	0.0834303925019378	0.212366614537668	0.251102323982014	0.115214948619113	0.191784234101747	-0.0745740018584717	-0.0681757418413901	0.139100450107589	0.0484326310391473	0.297471999807047	-0.0631215779627963	0.359446681673643	0.185675752150948	0.0290867845759517	0.231863497073807	0.0746914474269796	0.24000043267096	0.1975561478737	0.310231374480096	0.300711072312879	0.352433341191197	0.151756042176291	0.191449964317324	0.44337657277155	0.269888301299329	0.244210979098824	0.1120687927799	0.0502525210092578	0.0413944828008427	0.183863350621929	0.434960654766594	0.180101067295156	0.277857405561086	0.11157389578329	0.407331112511146	0.218946767670545	0.160228095810949	0.199621798453869	0.0568147709577745	0.301155507417984	0.15587813514635	0.403218613079647	0.106869739674622	0.117807358424748	0.101378298031911	0.000272956503950162	0.295368843962409	0.0399831598621041	0.455013096812282	0.0554708587205404	0.0504883033272115	0.314591373441083	0.00257669506372811	0.14410811118102	0.147253992031381	0.217460755248558	0.295838315016242	0.0774438525537309	-0.193050427970518	-0.0195157244560595	0.058345795195055	-0.12278963450292	0.166703569640754	0.0292416018079891	0.222828968002088	0.196402671498516	0.360510645546816
0.471717830379794	0.471776607446491	0.553690204334716	0.392982010876592	0.42656533439862	0.425480129467487	0.277997655891661	0.158694995604915	0.184287009316143	0.409608536253561	0.0922068980990966	0.334243069208533	0.0509039730983857	1	0.379874610247983	0.340331198928325	-0.0181304420566457	-0.00061101329852997	0.139819199801145	0.186409946587251	-0.0623890322976601	0.159093523613777	0.143852002486599	-0.144046361066693	0.357914284043157	-0.113023906384442	0.0544760302997659	0.257835751166866	0.245287148531193	0.376943802687939	0.188235524730351	0.0327900514844429	0.0665973572994783	0.0287768788123672	0.290643077561346	0.318748081246601	0.0606351232363635	0.0578354850367278	0.102829412523646	0.158593053949661	0.350827629397463	0.228877293616922	0.278089971169028	-0.034244231709697	-0.0342597399022698	-0.0448487552872559	0.1771034541262	0.209211784529884	0.41537361158527	0.29968650298567	0.470759821831985	0.469350738004401	0.333658992893445	0.402563909845054	0.355179985804902	0.346455350720026	0.0178771312527126	0.0961456777326564	0.0827148124037133	0.18466877884427	0.222588792762643	0.0692649710379612	0.115904661018019	0.0511616337457465	0.529585028422376	0.368586160072128	0.256865823328121	-0.062791591197188	0.258851522299739	0.218717617507585	0.190972793795458	0.0526664918247246	0.133589202787413	0.180809011612602	0.0601933944956163	-0.0622584208666535	0.0139533071406365	0.167940167843796	0.253203915279627	0.152447583201029	0.167568556958	0.135736469853803	0.275189910296011	0.173256759231337	0.103485565260362	0.00258099366115223	0.0815045999338205	0.264171101709615	0.22616950673598	-0.0846711092154128	0.163262806778828	0.145588275516591	0.0839031102384521	-0.072748810692061	0.123575025182848	0.35040871802956	0.301601869917119	0.19279130276525	0.43866074587903	0.377159966237731
0.323057760770297	0.325308464289956	0.418067302142993	0.42270388964274	0.438400169718978	0.44067969587392	0.232367971280889	0.154292823274258	0.228376919278134	0.501696167790504	0.112340129966782	0.352481646892018	0.260817131460755	0.379874610247983	1	0.178708367614041	-0.0570213109105218	-0.124166264179661	0.111455593135592	0.248435595046177	0.13589503060292	0.366847248374922	-0.052461234164858	-0.0295283676312618	0.216252469117182	0.156409048905468	0.216019615982592	0.327890020536445	0.227877385254143	0.238507967752934	-0.0818402381075616	0.00742287893818926	0.363007491011784	0.0197591074097412	0.208018205661459	0.187330576591071	-0.0295507005959092	0.0603484765301901	0.0598821289195707	0.233201164285821	0.303410260701163	0.247108544421343	0.223428860622372	-0.0523852087980079	0.107784094442201	0.0691587485862854	0.075439571448919	0.371850678555079	0.3857107894865	0.500310931577783	0.285264183050955	0.293999024469372	0.187813991143164	0.348253429017177	0.198383760354735	0.228952515805906	0.125147601944262	0.15467145423155	0.182509793128688	0.10846961356193	0.267824909759989	0.301927514151333	0.357280016179927	0.194535593293305	0.197140614611763	-0.0398455866344274	-0.0173423674480246	-0.0416862142678977	0.150655279204372	0.17959856277557	0.0685613898478153	0.297869293522082	0.0919466024051908	0.200992084869467	-0.01473939792008	-0.170694865909035	0.0594239933196931	0.34262257064125	0.301849857948306	0.0525317000787909	-0.0498153678727908	0.151700022128728	0.149032662401621	-0.0898227505575795	-0.0616695081690613	0.048240332770752	-0.0758046457982856	0.209660034707798	-0.141169478448005	-0.0178502668543945	0.0956756350119775	0.16832350313658	-0.0613025281294827	0.324309391130885	0.0411217629317364	0.227420174716754	0.228906788444038	0.29795310963836	0.344560456829848	0.299014396155428
0.501112430495931	0.376508564892172	0.467064643489418	0.574991752944454	0.434625710671472	0.444070792514016	0.538611199607593	0.281693260178808	0.412069027944126	0.455062986279665	0.429749529774227	0.3627433468848	0.341076408764065	0.340331198928325	0.178708367614041	1	0.350647970979586	0.37764542732916	0.447691122606651	0.125329254264396	0.130759205367221	0.201620037048758	0.218646741009374	0.236288937933338	0.269762210167243	-0.00836915181142412	0.239567078394138	0.0821378017558768	0.00636860940262176	0.077833787942016	0.641815846630154	0.172764822623562	0.216923307508278	0.0936317675684944	0.65891230806187	0.748776868128403	0.291302398567298	0.0331609636228794	0.45406957930302	-0.0928980931058021	0.235275561298408	0.0783635405738813	0.688301687362527	-0.0968199386254802	0.121809476629854	0.137719837120899	0.115785810430442	0.541543811276782	0.119264576089767	0.300038221564614	0.362561065352599	0.46284321860677	0.480907076463659	0.50108115780798	0.450689013737765	0.636058548093419	0.212147740309464	0.197815890856828	0.304775723571222	0.257445671064859	0.263989980672814	0.272288651931231	0.229718874281153	0.413937996318725	0.235472125849199	0.204854001882841	0.691211865660283	0.428563356970977	0.590919827346646	0.149343996487922	0.383742909984346	0.0820484979003964	0.335805412639488	0.0665556548825142	0.389168212653269	0.215137637916475	0.256048888132128	0.0739067824076777	0.0554189507918213	0.546577907597515	0.489195225258518	0.492085400517987	-0.0825800616364126	0.407824792393082	0.445683393257033	0.156462314619421	0.336533931936462	0.75233228815525	0.26893759066299	0.227518402676208	0.578078012716935	-0.0400731211492337	0.132593784766586	0.0230617356727125	0.127111698248828	0.660496806727727	-0.0690892402734161	0.0154448419715594	0.160680139344057	0.216841576342935
0.172524963571794	-0.0984241116134048	0.0021323629497514	0.00731262227391667	-0.0566564574353623	-0.0747183029243879	-0.0717178974156139	0.226133250864241	0.197153123338741	0.00435598464911215	0.0116251681552166	-0.105114681935136	0.487535758210393	-0.0181304420566457	-0.0570213109105218	0.350647970979586	1	0.676966860416575	0.442945646616681	0.0457352136549126	0.547698896801538	0.0894281702058552	0.132606672566794	0.439598734178957	0.028757885377364	-0.0260638190393994	0.169125805748706	-0.129129059050527	-0.230590143064162	0.00679516455650935	0.640540664704755	-0.00180553617738578	-0.132621630061372	0.262804322337853	-0.0111530898577402	0.452292244501791	0.199574972819234	0.0791671310064765	0.125023824364746	-0.0157729273623348	-0.179259519656498	0.0125473913868355	0.420318433070536	0.0869343564814183	0.236698652228618	0.377753631913018	0.231236418694389	0.0135768116287984	-0.0646864414007346	0.110841527107386	-0.216532844182466	-0.0331837617053833	0.136540355544979	-0.0455050815592932	-0.0963903406728574	-0.0406790919432482	0.298522219339413	0.129930003212223	0.167348980673815	0.0434812738678754	-0.0277381135064206	0.000440780057240996	-0.187381140236398	0.229220367924132	0.167549358494499	0.339030968763113	0.32628355193567	0.576899007176652	0.379997352407852	-0.0376158143090018	0.401772249945407	-0.115009544439521	0.194007972794712	-0.044216735271958	0.519241509325515	0.331088778360021	0.331354667019884	-0.167559032943322	-0.217844200243642	0.358803993146129	0.359380686029806	0.296247277920315	-0.0731922775487087	0.330835177636013	0.537984866613952	0.313627247395558	0.143884880780382	0.0417553262476347	0.455090560284125	0.346894776092666	0.121282143246725	-0.0769171059684192	0.111539487432715	0.145320756124349	0.327149735038709	0.0880234036838134	-0.0626168147007832	-0.100860733018403	0.0646481546217221	0.116267150817012
0.238747911235635	-0.0279647545636126	-0.0263741332877806	-0.104024748132741	-0.193014734646539	-0.192142884308298	-0.210363138261885	0.294377197391186	0.103775752618559	-0.102678928070024	-0.0942500510573148	-0.187203331583729	0.373768816405033	-0.00061101329852997	-0.124166264179661	0.37764542732916	0.676966860416575	1	0.402472082166387	0.0035390537863541	0.221081534573584	-0.233517733403787	-0.113939356229558	0.438678928181721	0.0401866679942028	-0.136295414188421	0.0928311120295592	-0.292463919744548	-0.228606230690465	-0.049222107621726	0.719927088317198	-0.0814548439488272	-0.183450761664282	0.186784682686369	-0.131539471960437	0.472724556071536	0.396945869110198	0.132018034755947	0.00564705313104782	-0.0816143982337122	-0.261525961496729	-0.169955944475637	0.188682714134652	-0.163910819913139	0.286497813318853	0.167883814852218	-0.09149002873399	-0.0434863324641185	-0.0829177381011397	-0.0287496092585671	-0.21306906114171	-0.0593448844054899	-0.00487456345820797	-0.132175387339388	-0.154329531406155	-0.157550630721565	0.379251443745963	0.179925314543554	0.134101481707816	0.0129963363662958	-0.131627323355176	-0.182054965383756	-0.308813475936447	0.269267551372186	0.2410010515139	0.336162527689754	0.44191661760001	0.745422674084484	0.305178785262439	-0.0236595742327129	0.425701876637657	-0.354568428973098	0.357118240796553	0.0152765931643951	0.669909668180252	0.496251845598619	0.241819733671348	-0.365965070180209	-0.172911769949728	0.611223948079526	0.364972675263492	0.353412639759535	-0.0335291106623293	0.561912250578039	0.557530028276236	0.21904714379184	0.316727309451236	0.0330007216934229	0.591963859666456	0.427983729031026	0.0535982389125094	-0.111979354289196	0.1038733156122	-0.112017273475164	0.175544736499549	0.0797813196501996	-0.102896546061355	-0.0023749793930989	0.114816172926225	0.0180851698047485
0.365878424169687	0.353389889620793	0.272424844917423	0.374270219346011	0.20993163422322	0.209239931081531	0.231233998042011	0.677974352699379	0.667095484740095	0.234893702606582	0.159062528984153	0.0761102161842097	0.265178381002813	0.139819199801145	0.111455593135592	0.447691122606651	0.442945646616681	0.402472082166387	1	0.412664023144374	0.242694467885179	0.0662564588041895	0.137966309556642	0.304706993829304	0.279792916760858	0.192684216715456	0.150268713163813	0.081240116184649	-0.0349702894431701	0.0874312274653411	0.32585797660012	0.147641622421262	-0.0381729274880168	0.199572832661294	0.258974457450345	0.552951587051549	0.105954873725439	0.385665843523591	0.223160234744337	-0.0355295948147995	0.0853936332633341	0.0994669183542064	0.258194500784408	0.179808110082519	0.572180556736867	0.199368050800989	0.142197263402233	0.290469894611331	-0.00834604303612843	0.0242664587230667	0.0707858479120445	0.26992149007341	0.363808672822314	0.207263917515483	0.160264436310517	0.292130303528348	0.39508908059163	0.597924658649799	0.708109188016341	0.481303216819747	0.142190314368273	-0.147063757061909	-0.0669677859164035	0.252833824270587	0.0644623550833449	0.318716968029384	0.458717217237765	0.422052694936563	0.745676465320838	0.401056824662117	0.258696602118152	-0.00404321928969674	0.242662870092712	0.234504779383277	0.403024890263205	0.328653054452918	0.246529192126316	0.134936631705108	0.0290752794433079	0.451355323663994	0.198806501816316	0.299427345897514	0.0889436301336214	0.297900441083942	0.682989750860551	0.22774081224143	0.043044208934857	0.286852728075749	0.263503271178712	0.484287974221646	0.204516409321438	-0.0963514824743212	0.367466074522698	0.0716376060540313	0.195040178563892	0.309381412699465	0.0225977099498744	0.13031225997097	0.213953263289568	0.116999218560072
-0.040707052140827	0.385994924877391	0.327986876365008	0.516869258054341	0.322343212879253	0.432508081573804	0.341813810115939	0.764643128116791	0.675641619724661	0.34042993325459	0.275907349856388	0.293508454248896	0.340968952463141	0.186409946587251	0.248435595046177	0.125329254264396	0.0457352136549126	0.0035390537863541	0.412664023144374	1	0.248220698137576	0.203202864468361	0.0704245576604971	-0.104093676139304	0.678296454253957	0.262362199406406	0.0798360780403808	0.373126893325755	0.187943743676594	0.0989482498116133	-0.149158872910034	0.157935116284581	0.153097711423702	-0.176514297199993	0.284513168759399	0.0998209284991742	0.0664257031476615	0.724009153645854	0.0611456513284398	-0.0504655052942012	0.450339521406352	0.145906326360698	0.0623275644970316	0.118310959242369	0.610214644933218	0.100996251813347	-0.078562447537031	0.187440031024242	0.281080080115656	0.148791979133658	0.315208314653998	0.398392731480307	0.342804208208149	0.389204307614606	0.174242274212249	0.290131417884626	0.418261924019967	0.710063164719329	0.663533160056711	0.71781973177882	0.221390560872636	-0.128784134530832	0.166942146351318	0.257689914155058	0.0384736402523974	0.18691231348243	0.0659732440714883	-0.0735152824611252	0.393743901450471	0.821065739163436	-0.169915695361338	0.153623737619318	0.185547851220345	0.682222960128301	0.0535531399734132	-0.14570081360914	-0.0893375869781821	0.322445328292008	0.207088945439672	0.135960041258921	-0.263979324080088	0.202030687165512	0.152783340092185	-0.185723679531854	0.347081347648344	-0.111236284054095	-0.0115057128369759	0.215676980364224	-0.0652303635525097	0.490173593488196	0.0244890509512942	-0.146195955055416	0.252975319158025	0.0516358094181773	-0.179461300951546	0.134642008668113	0.234160574495003	0.325158164413651	0.283988130671185	0.351163703601425
0.028350416106992	0.0983492127836948	0.117437933554257	0.210724683964577	0.178057581129025	0.159610909152924	0.100854983992204	0.257034561276142	0.349881323038224	0.34982027153164	0.144777619517471	0.149511189612144	0.308248163683667	-0.0623890322976601	0.13589503060292	0.130759205367221	0.547698896801538	0.221081534573584	0.242694467885179	0.248220698137576	1	0.230290029177995	-0.0217198027953834	0.453272272672297	0.235590010136304	0.100952378687335	0.243292805520308	0.12042359485617	0.00642608398524929	0.234679394245906	0.207746189393478	0.0143600340616073	0.0135344251435327	0.0671458566368236	0.124478835252119	0.313194151794369	0.0262652938683278	0.106820883127565	0.123450601808789	0.100291454988796	0.224659982140744	0.293024300951866	0.382746862755326	0.173692968110618	0.298784898830269	0.38603029275559	0.12137285120592	0.191095341726045	0.0869708051742898	0.442546928796158	0.016507487962388	0.150252241490158	0.0629005936882985	0.0704442786280233	-0.0262471988057911	0.0125605435616637	0.36436833437966	0.267865152145392	0.308904476176987	0.313357422781649	0.188895783901672	0.167043970769323	0.177980771509714	0.201692371327483	0.11651990931264	0.253354389982621	0.0677527622799694	0.239309781430821	0.279759968679254	0.272201642042196	0.170112950785611	0.14159848245529	0.206222351486791	0.34400698070571	0.197457776806547	-0.0279235033691076	0.243662101477356	0.118599603979483	0.14385663735266	0.0746603389668939	-0.0554756578777059	0.252792677419674	0.171276561452362	-0.0269116772511055	0.292751717944849	0.130784034267334	-0.0497870280665438	0.0261933824283503	0.113812783751039	0.182815320489802	0.0176907740099063	0.0684522159019754	0.064027716346238	0.297960601673117	0.205045357595557	0.0363943477610918	0.171046218677758	0.147629278786246	0.102876076070346	0.311128148703914
0.0636255131907416	0.167196351746292	0.248798040731206	0.421840033499413	0.365326328562911	0.446999118978004	0.424915456972514	0.126274227130015	0.245974792333245	0.393992830865002	0.191320409888578	0.378152161312448	0.276977021810708	0.159093523613777	0.366847248374923	0.201620037048758	0.0894281702058552	-0.233517733403787	0.0662564588041895	0.203202864468361	0.230290029177995	1	0.318661476835476	-0.00934313522197651	0.191165299982688	0.320555401878367	0.306592710472323	0.213488595214533	0.199315751521593	0.180042335437195	0.00623462131211795	0.18285072717071	0.28293552463401	0.107573984185251	0.375075162312854	0.12608709050229	0.0770236483201749	0.106464447592723	0.23318007814852	0.265912610469004	0.356894948654974	0.206236693434014	0.385642164080815	0.30582632289326	0.0869566737716319	0.424149379362778	0.43259275401227	0.345009277913426	0.311776749127255	0.23813563341168	0.223117417046291	0.172753774764514	0.214660280572118	0.387554839007577	0.299643477929452	0.357963301871661	0.06575194400075	0.105516275738649	0.153030117820927	0.190468647527016	0.403924095423871	0.397650797113932	0.438954478836479	0.233126927517151	-0.0658077631018571	-0.0350295933740703	-0.0193200763498627	-0.0607968366781127	0.233139517482458	0.210326157332858	0.0485863496749377	0.455484819593691	0.0531066209361661	0.208199082234712	-0.0752716775884078	-0.131473400949464	0.283576901972495	0.266782869076835	0.245750336808896	-0.109866704368079	0.0217389260797059	0.0433354199701937	0.0287639508581287	-0.15065695472563	0.0377891914918514	0.123304931129541	0.0697015438107815	0.216370576632823	-0.128465100760609	-0.00870138818031374	0.158789626471085	0.239664270776622	0.0976881176983308	0.356062078593519	0.171775549962389	0.215552790195222	0.077317545519934	0.0891715808449504	0.167907131462583	0.331753002485422
