1	0.657803969426221	0.741545769236571	0.445505887198132	0.434557526534074	0.364279875134617	0.529862098364636	0.255365061692033	0.355233612425196	0.472426106442136	0.297759742503709	0.453136837662338	0.459955121461369	0.389427899436599	0.307243619735412	0.412905625734007	0.342642214192123	0.242862440832764	0.367438312722339	0.208685296165973	0.406164443791159	0.243361147676533	0.271899488700063	0.279477384589358	0.332232686731505	0.282768848183918	0.253842835666222	0.101526290283491	0.183296631895756	0.236050863417632	0.231867430685918	0.280942866104698	0.364599777302029	0.344634851245653	0.479973292188268	0.339414861605881	0.34386437314403	0.27259602426614	0.274001186908151	0.230402182433281	0.202496763524488	0.222408969243817	0.159208383099737	0.24952489304241	0.284841697525437	0.186586484419387	0.162412469354537	0.0356361421869616	0.190553398219828	0.178159843527808	0.439976986360049	0.480687301444631	0.567328462916316	0.547214096314805	0.317863692087825	0.680913126355455	0.390671474242824	0.358047761640725	0.314983417247729	0.365094918360964	0.508687343951268	0.29132571551558	0.38876269676669	0.0798369316617021	0.426626191440346	0.298473824843883	0.424706326744507	0.241015601728078	0.367902511076395	0.134194286578577	0.362038404357716	0.347076809675252	0.335944376939772	0.311769563930212	0.386686895078545	0.330612726326238	0.117998653687774	0.13333036295766	-0.0133004695506718	0.207120989007294	0.351221163999918	0.122683958205513	0.380740458702435	0.308839324086564	0.295888864018739	0.177324010021546	0.249908569758083	0.481564846671133	0.352689889776119	0.258494576088809	0.254223668081499	0.0247937866135974	0.186397552352272	0.0669249725748281	0.107747667184691	0.249173455273479	0.275897120185559	0.322837136709156	0.406563487927221	0.442873714507551
0.657803969426221	1	0.710655316870799	0.668898330115108	0.280515868510261	0.386002143137547	0.556438975417417	0.184019821937627	0.265912410332835	0.452256966873021	0.36584539236651	0.40763635672365	0.33301923825625	0.47061128305571	0.527594910857397	0.414381004626236	0.249632671166769	0.17201249296063	0.220352379714038	0.203854665225362	0.3223406227373	0.160694511532446	0.216503799905926	0.304496331182965	0.288113929642406	0.146854132737136	0.117465029879271	0.0399725186067765	0.0256080673378762	0.438665100576353	0.257195701449108	0.288015052801764	0.267472015833508	0.301862049025045	0.40292779277219	0.140638246248473	0.329868159687809	0.26145827558253	0.288386775993607	0.237136270805374	0.22042967996466	0.349330683726689	0.348645591514669	0.305285492861131	0.366794569052214	0.0574303717371285	0.266745427864875	0.181871457327093	0.153208964771405	0.44709566181887	0.442426786221733	0.587263332993959	0.643927876946037	0.579155214375972	0.261379815621955	0.664472297924584	0.26028733776454	0.342045131627372	0.184810317742357	0.281205183308953	0.386481940827641	0.327446393240595	0.332952600486617	0.169477898467052	0.451792461675114	0.442360263609525	0.396777145237985	0.156222968793652	0.148484309595855	0.0546852866003116	0.253953981152241	0.308420849113857	0.327431638577983	0.254389200910323	0.308411802371241	0.173868186578561	0.0369822476877458	0.0294108157181902	-0.0117897045611784	0.169799377240836	0.326429724262728	0.151884136938245	0.390835805112632	0.315467242180656	0.307746626984671	0.206005452022796	0.220329181705835	0.360022388309894	0.309694938032329	0.237672821511014	0.196986120640506	0.00870303687043865	0.138121116610769	0.148131136340588	0.171577038510438	0.284070641879249	0.239696087664395	0.218815396545903	0.307978072269619	0.389793997423076
0.741545769236571	0.710655316870799	1	0.668305482555445	0.62459194836888	0.576021056590283	0.648868636095424	0.321007816042985	0.406828303480164	0.47840009332186	0.374361635774907	0.448405514097296	0.383022348108096	0.595750268155463	0.587245164546937	0.561774251436019	0.423231901880705	0.324748002142233	0.40941205978677	0.26061209242249	0.540671496333722	0.333408883188893	0.340813464283188	0.413277916025379	0.29249457980769	0.258525336935558	0.291101352619622	0.140274847010864	0.111694133174078	0.367862899809284	0.360261362731862	0.249961152594861	0.464148031210189	0.291496067031626	0.501313884995757	0.343899892094814	0.381445929593204	0.291650062877538	0.27600388197629	0.270217589436909	0.185912634842427	0.397935673314638	0.397342530938113	0.246655332465045	0.310528018272856	0.146153520240837	0.271876061108615	0.251429071135956	0.364130098258611	0.452298208432005	0.622723722824075	0.559114682037925	0.633239068505212	0.750837178365053	0.537800371288891	0.698755126989023	0.39025250055836	0.348456774043438	0.3327266625306	0.346237459563826	0.443960568965423	0.339005170052893	0.348599707805922	0.215519952082574	0.55634952931571	0.504076211718731	0.462644988695209	0.301322250047946	0.32656383833807	0.186481202083952	0.433220973256587	0.396045303988235	0.340106998691599	0.328893828995286	0.37471325572234	0.261902209622853	0.13763448301349	0.123243287930946	0.03375269934282	0.248609765107196	0.367682304666141	0.197243621982141	0.399042796963369	0.398846945581887	0.362636459039098	0.196007814332791	0.282358798163638	0.477437711661649	0.40239519186271	0.265255668465394	0.190227385334176	0.0818512402276702	0.234909365544332	0.141794233028069	0.200901077931241	0.303737989628161	0.351193501288739	0.269592776509183	0.407289797191866	0.543969304619152
0.445505887198132	0.668898330115108	0.668305482555445	1	0.442786679580886	0.515225599784001	0.678666181021581	0.18902512000329	0.338445238263274	0.366584645942139	0.295803057398103	0.269298494596798	0.210553333501695	0.612504900630404	0.721127806429274	0.596531528247662	0.311806547250763	0.287174290852807	0.342203359322758	0.0840759924230969	0.516545128776939	0.199420625976998	0.130473991831034	0.339173569124963	0.0823302997986235	0.197081691821445	0.0501101961670114	-0.0670168603086206	0.0183998670330848	0.471395291485059	0.398195011035145	0.211021614622025	0.21722402742305	0.265915696450935	0.482682874404504	0.286966132241941	0.320967049182144	0.182622311198201	0.178696860117365	0.0995963303665334	0.171854906795576	0.354814314511672	0.524850710767827	0.0439658390188446	0.201430261324436	0.0538027527093675	0.263016763498505	0.29250365964674	0.232799005559048	0.611279516694799	0.570181229490504	0.550133980322179	0.711705547787109	0.635275632074746	0.483514692702651	0.683054686854873	0.238972565317324	0.273408469763523	0.271153539279478	0.288369642303435	0.253777632728497	0.213528369736423	0.202479529598765	0.21840929105572	0.594368591779807	0.516850759021645	0.437818222049823	0.190341425915627	0.241683381770373	0.0416776126269023	0.298089008700237	0.311600966712492	0.353028142969106	0.107711485963816	0.412280498234951	0.201792132768804	-0.0349886451480899	-0.0524349770382773	-0.0967053848435288	0.271919660277194	0.416285186216942	0.324371399751663	0.313006509642633	0.293186974748997	0.33134383418812	0.366272929248052	0.271038490969447	0.405283614746822	0.400185246586792	0.23287983658324	0.113971710320335	0.091157035712384	0.0776927750381127	0.246112417773613	0.235039495665903	0.371044729376503	0.308110145447301	0.0614098174792283	0.169405513926587	0.422591179712124
0.434557526534074	0.280515868510261	0.62459194836888	0.442786679580886	1	0.658486785057113	0.518004694840987	0.420965443468111	0.420190877239984	0.196994246419835	0.158157295444528	0.25646606641755	0.253380555000557	0.535896184113828	0.484705735818304	0.451420925724324	0.51297792491926	0.571931478162239	0.437369684728645	0.244729549208583	0.541394512677283	0.161870029867628	0.275177242024941	0.420767503047475	0.204345703934987	0.123566235540884	0.268729345613935	0.0590112628515973	-0.057488076241101	0.110193111178946	0.394375839353648	0.091260845364054	0.372574361769779	0.0975890887871552	0.314439691672125	0.390347647868818	0.242595342483863	0.148599504497133	0.0205331531131994	0.0879100843394039	-0.19107349081986	0.288555338969961	0.301636182708242	0.00103857178769255	0.140797693534543	0.076855014198354	0.0679419205839084	0.236945276944579	0.254367501883161	0.351793480438849	0.768514400261389	0.208893551784352	0.421602988518821	0.647285585835585	0.667446632160663	0.453173741488359	0.292187726394716	0.309803884138125	0.371711942493257	0.315158356420403	0.161702923501069	0.113193043181454	0.16754985466584	0.22132958438932	0.438435381255736	0.342794940236978	0.270991649514212	0.373684003900229	0.3922733330567	0.195060010883423	0.370419639937881	0.276875498696272	0.322662691133	0.278561208814695	0.313346279184894	0.26513089795229	0.184551130402162	-0.0948765959934886	-0.217189419033343	0.271598260711874	0.218271000394194	0.176401349514564	0.0766124956450051	0.263539009054972	0.242119015391368	0.0494475300006062	0.227745413594124	0.309328016463737	0.305248660990076	0.264533317252439	-0.0326842576993189	-0.0485125603319636	0.185979365113771	0.019203840261203	0.0503197084180359	0.141700584867966	0.327889020497061	0.121903828065473	0.092285799019597	0.389770818739149
0.364279875134617	0.386002143137547	0.576021056590283	0.515225599784001	0.658486785057113	1	0.716682058675223	0.490664754491993	0.467006198403527	0.419704584077668	0.336224410950922	0.420930371719153	0.39029273810503	0.621010865949625	0.729256403360738	0.578582965527603	0.49445447578411	0.470918380078896	0.496733534969306	0.329679245723069	0.519097417577247	0.301122513750937	0.396599417847309	0.532773317488649	0.203456129046762	0.205352858613736	0.327320865303386	0.135716749167881	0.0294741668808525	0.311303296445523	0.542629421628138	0.198250307732284	0.361964247385853	0.208831018980068	0.492912474343299	0.407426468875207	0.402739721306648	0.109079874384801	0.243260006872927	0.214939120769821	0.110994337773969	0.514752084261043	0.564004333118237	-0.000361628669852682	0.310212838753256	0.208875077863289	0.248289040640614	0.65922200753451	0.21576527352977	0.566366954948275	0.593255258590244	0.319821983824482	0.390087957115588	0.824054084294558	0.781695397596951	0.481633551100963	0.34871329436052	0.386883134478184	0.330784361360525	0.340504585046648	0.328185410963779	0.341534925361362	0.246210871701531	0.353613178973647	0.487872172076927	0.563764475175191	0.383995466928358	0.403077682850567	0.345837576528915	0.279782534575055	0.356769556320213	0.444791699223463	0.504264823771589	0.298681294717829	0.366715893978795	0.1339192918801	0.255940413985852	0.0534121561120381	-0.0844310568849496	0.343200620268182	0.314260879392092	0.307804033581284	0.253504089274677	0.357575807723447	0.381265490524798	0.210451216313926	0.342683905037459	0.385900102415985	0.306941628235824	0.369494416218363	0.162474180463535	0.197192713870519	0.0928902446741423	0.19720307497401	0.19550330449247	0.487311700108696	0.357677527173178	0.204170193545526	0.17859601855894	0.470552556403274
0.529862098364636	0.556438975417416	0.648868636095424	0.678666181021581	0.518004694840987	0.716682058675223	1	0.477162137827398	0.422859446864045	0.522425441896068	0.407775616866342	0.500843751165909	0.416591737135751	0.627103267290854	0.620004883504074	0.592160931916774	0.473376657414336	0.431669807264288	0.485020643299962	0.33176781152122	0.532068385621634	0.289360070464724	0.271094751629573	0.468036521243741	0.264068867613441	0.327706051727669	0.294024870948092	0.150721274341395	0.00827218200905678	0.347490174163365	0.43357089585803	0.241827003586575	0.283735845469189	0.340101881002356	0.740921978334974	0.454819230306433	0.423904125135053	0.146820227055002	0.35027005770794	0.261565456557025	0.155938485623666	0.407963777199734	0.488505757897614	0.145230784398825	0.260456857034515	0.205617450883321	0.229606613282038	0.556131203030667	0.258169740352112	0.45090292261116	0.609899424581423	0.425710177759348	0.659328074535108	0.755824384554561	0.657008280018635	0.763420414239572	0.456582772814372	0.463143633267773	0.405268048114753	0.406295761507446	0.448756037857407	0.344690697263044	0.402412851102981	0.305189921731065	0.542212633076456	0.455232074718992	0.447525915826651	0.357718965032062	0.361186586401486	0.260556661414306	0.425410615660117	0.386865252883314	0.447844179606766	0.310837716822243	0.441918686418896	0.28389468867315	0.179075093375868	-0.0128114022914495	-0.13565373251972	0.297250260945859	0.291049119723262	0.26322694278933	0.358562388124565	0.345078315135519	0.445481039268665	0.330582925104592	0.354593508768683	0.543184673496539	0.378786612796171	0.455015502481257	0.310097858923632	0.263224520660812	0.155911581995113	0.102446784774069	0.124666242706877	0.585791886265447	0.438907557607871	0.246865258116568	0.259519414068283	0.494121291367515
0.255365061692033	0.184019821937627	0.321007816042985	0.18902512000329	0.420965443468111	0.490664754491993	0.477162137827398	1	0.660987433966633	0.505712367608508	0.539559030115959	0.661207499102483	0.554809386944829	0.532176028872313	0.335049620901633	0.477168218716516	0.785547808360805	0.724665175190506	0.753699713727153	0.686768648338161	0.596723141364788	0.478960589924965	0.541340666958009	0.454304533739648	0.653713850958618	0.443021779279555	0.640802769903276	0.0899297563545947	0.180078879858896	0.2362559326756	0.426959457753469	0.340305729212423	0.481972414945293	0.201469279703791	0.342000778573052	0.484668850887168	0.201577653242981	0.161213816973378	0.0255156196227825	0.0711945102120601	0.00420089771038299	0.332324213557546	0.209135409973131	0.252308560401727	0.24513490863026	0.299782146667212	0.275906047172172	0.171653454756656	0.217768172698358	0.330047513146314	0.508533068863365	0.295270162471933	0.338401078279898	0.569751602173081	0.500486104773266	0.39519818493265	0.660360970361628	0.774382281194437	0.795613228632762	0.618804144408309	0.468606267199022	0.40266451942698	0.550837395413998	0.634478631697633	0.490122521900684	0.373672486267532	0.406742205916132	0.722907693739343	0.678483919454256	0.604637845025193	0.674529050523731	0.675806160846059	0.535751693128772	0.640617956013435	0.562377296751687	0.55062070260906	0.532133951071817	0.0828295465188112	0.0146440205800535	0.522789828986089	0.495956944988707	0.455787668842854	0.200797555630407	0.303859513749217	0.539717664892539	0.247825503023429	0.135238603648217	0.336325574837279	0.346011190053397	0.627845731645124	0.0191306766592521	0.0982370079451553	0.310083380957319	0.200278167918978	0.426050327356367	0.312946091665247	0.34837864427019	0.27950232367062	0.267644667370607	0.430763667494332
0.355233612425196	0.265912410332835	0.406828303480164	0.338445238263274	0.420190877239984	0.467006198403527	0.422859446864045	0.660987433966633	1	0.462132632871233	0.487068152107588	0.536048558030204	0.359846070896451	0.402892978813876	0.35168409785061	0.55589907123297	0.620786097983206	0.511540859019769	0.752528703290072	0.547084284187876	0.534523529395065	0.477069378064968	0.495801583579781	0.596278923011429	0.570276086801358	0.445597032945073	0.536299807710462	-0.0421070325937376	0.172355475676415	0.32077996509709	0.536393368828484	0.214810020628704	0.344192862534124	0.28552951922104	0.496683733340816	0.596393651381049	0.377039894157851	0.337056008686988	0.213692138500949	0.0377520069633941	0.0657510098391499	0.269998438778034	0.398327027382901	0.129575915069417	0.329720687461969	0.210207778682416	0.207637383933981	0.115531219808958	0.249170139392683	0.370642739359405	0.498564296824581	0.362273937492582	0.368524956021545	0.560156539678215	0.432186016767505	0.417879254308746	0.498781440700271	0.619252724346217	0.632432986735797	0.828257235806069	0.462482386009806	0.37534398177291	0.301191933465817	0.404958908846734	0.370232182243188	0.379488581146193	0.457679321577853	0.511926599144949	0.676673541483798	0.487475591401893	0.544056682244563	0.536803835521839	0.596867727323177	0.565550905341372	0.525941176301665	0.426314865628661	0.405837991671485	-0.116468690677496	0.0865615479915708	0.430398134630137	0.396191510892903	0.329150820606143	0.347702258696886	0.392331260423969	0.48342568991645	0.20935768448088	0.370912984237982	0.474623466056094	0.362916425767292	0.469272889429167	0.133284357368084	-0.0304300072436033	0.185640457918421	0.124454484622639	0.219533490891992	0.164195777884342	0.255669589526771	0.322210313700541	0.320804018366677	0.422072545497086
0.472426106442136	0.452256966873021	0.47840009332186	0.366584645942139	0.196994246419835	0.419704584077668	0.522425441896068	0.505712367608508	0.462132632871233	1	0.595115478356392	0.804202422242441	0.562327963390277	0.428536700382921	0.36240115606799	0.400571220094423	0.552666718334134	0.360181555630304	0.416086556777075	0.44125449089694	0.618981355328475	0.648205315999935	0.410213654908689	0.24638270420788	0.445965653066883	0.328931687567829	0.531542295348331	0.0494970440460047	0.295939336097637	0.317497427883651	0.313413975567363	0.417752175734289	0.475398203120723	0.390614074637474	0.404964567295361	0.26130533441519	0.316470210995071	0.104589288510979	0.180685468260277	0.231179192622011	0.435314157649933	0.526398224290182	0.207605922236642	0.272423309823639	0.351773232943409	0.395326525611372	0.518028384215013	0.174615275206973	0.273642259328718	0.489833324436248	0.361054243407559	0.457983645023002	0.590859518960294	0.588616105389522	0.465720045386873	0.579291914299364	0.597572661178598	0.5502365222705	0.506639622446984	0.417532081740797	0.726183602018398	0.50499958075012	0.542736464912464	0.536606558528793	0.395386756541418	0.329890137249639	0.387323529311805	0.533057018582144	0.383927998473222	0.437606411108984	0.603879314351223	0.656813527289563	0.468183250036579	0.418313986960992	0.525260689920375	0.401693923198671	0.352018778064408	0.094980782800838	0.255433522607604	0.367327980150903	0.487881663629225	0.390728719629529	0.451066014806805	0.238673879827947	0.475122660221216	0.428868750985425	0.260181076560419	0.415120890984058	0.434025244106592	0.34539361176103	0.209054030530557	0.250227785422398	0.255572639594019	0.434548675497477	0.515403310118038	0.340665231892725	0.403909894621529	0.536028795738521	0.528600804879027	0.584647224211309
0.297759742503709	0.36584539236651	0.374361635774907	0.295803057398103	0.158157295444528	0.336224410950922	0.407775616866342	0.539559030115959	0.487068152107588	0.595115478356392	1	0.735579896229128	0.485532947637518	0.453693209945604	0.33437823654394	0.357378026934079	0.562390002660206	0.378597687596018	0.47607369026495	0.44037892752303	0.421790366012671	0.520322699689468	0.50901749963883	0.295240093526485	0.545858510713253	0.221728956649544	0.486523283151497	-0.168091809105985	0.046840453283156	0.363718880785066	0.327544457742369	0.366740441529261	0.408575269083584	0.16178472186122	0.299414001842188	0.261777047004724	0.328692294047377	0.116764195405652	0.104576272583112	-0.0388473938966961	0.145594477449322	0.305606926019159	0.230150711334149	0.110745765559928	0.31684438536441	0.252810080756991	0.249723458097636	0.163885254192076	0.304905860402315	0.412144532600582	0.310187942429438	0.238137459927232	0.35161125025975	0.422119766190089	0.309153543334804	0.382235948024083	0.413650664983257	0.513355570893668	0.45280687591087	0.366258110544483	0.554410516588995	0.454479834802787	0.554938300037113	0.338419374496508	0.307617985254017	0.313340063207805	0.346063544985715	0.413429915863337	0.354659768120086	0.377125205199401	0.497108248016036	0.610627954082485	0.451049598944808	0.477288825373979	0.417367803259163	0.243910628452493	0.22520201982537	-0.0912996295518233	0.0700269295043286	0.392499856309403	0.467956869356365	0.297616645742339	0.380782313278044	0.188090883895199	0.452614491939533	0.32494981238788	0.212099257828838	0.314975474432576	0.278349362965789	0.364830398159811	0.0795307992567823	0.0180495176934817	-0.0353512855190358	0.15231236336647	0.37213113017768	0.28014472449502	0.223888410400803	0.268435562259923	0.419700865176708	0.331398008712416
0.453136837662338	0.40763635672365	0.448405514097297	0.269298494596798	0.25646606641755	0.420930371719153	0.500843751165909	0.661207499102483	0.536048558030204	0.804202422242441	0.735579896229128	1	0.669704877020717	0.445018376698282	0.299611067490718	0.343405165693384	0.634479695484989	0.442641487468016	0.491457877023061	0.542037473192067	0.566915349246502	0.650652452387821	0.617009862069384	0.360564700762178	0.614464842070881	0.292212495122114	0.637928107820502	0.0707163059180609	0.213786062683066	0.232946008978784	0.269404456091142	0.359952738240333	0.527346889369267	0.248446503986862	0.377466930858175	0.23748306685977	0.271550624769694	0.0840555331029243	0.154654851048955	0.201880274882546	0.280543074155268	0.368896377434779	0.166288249943543	0.26129228854983	0.282929512738922	0.413137978949875	0.413086791976266	0.22228441603328	0.304286908061878	0.408867583718377	0.411990744140978	0.287503619524832	0.495585138156282	0.550672856707615	0.422213403372225	0.508112550327185	0.604139258939284	0.627962070664948	0.589114262601512	0.488351049410516	0.641925723606417	0.589672657081269	0.635466003776815	0.541731175238299	0.372408706644458	0.351597727057295	0.326948330910614	0.492520012620233	0.399101926016224	0.430281197143898	0.642067061481054	0.665267828496241	0.527729308882872	0.590742791084771	0.473132287812605	0.415047687937302	0.387185718822323	0.020507460882847	0.11887596104625	0.320203024526658	0.450768980648875	0.314476047127808	0.32128946448822	0.201582240473246	0.439097036584193	0.279096776817455	0.238560333139801	0.35028512752162	0.316267442008269	0.393515436666665	0.150351587184695	0.194201955159174	0.201317020739611	0.352255034955747	0.506630571098923	0.322722718758328	0.322202236596237	0.402120399781068	0.513080193865931	0.442105956960008
0.459955121461369	0.33301923825625	0.383022348108096	0.210553333501695	0.253380555000557	0.39029273810503	0.416591737135751	0.554809386944829	0.359846070896451	0.562327963390277	0.485532947637518	0.669704877020717	1	0.369190543257181	0.235233461554054	0.334521769118418	0.605447662957661	0.352086818762769	0.447818732676755	0.491766675362686	0.441827784764316	0.572330044541662	0.410391267368292	0.262227709770397	0.520667718277468	0.389879691900866	0.565260847096231	0.132151753620857	0.21493627471436	0.26856893371143	0.234550226548052	0.40984543746545	0.560867271766127	0.258093562757573	0.364561257305697	0.261332344439632	0.27759089958804	0.190319510561456	0.19260462350947	0.183368313362597	0.333652875226757	0.390217646881333	0.141742648817395	0.31058218049086	0.238094457785633	0.36660088749846	0.302251758142451	0.15965845665531	0.252669906716552	0.215419424508588	0.383723331185336	0.299731340777424	0.411924902748646	0.462561023263988	0.391138052206418	0.452049342704299	0.56852535546226	0.58426130408636	0.546836913834491	0.383192482871606	0.544604721850912	0.412615337933283	0.543231145586209	0.419837133865668	0.419175935038863	0.327313730829738	0.345493608869137	0.430846397290512	0.400516093691773	0.401064437204032	0.522767649672074	0.528782003023394	0.428263016340509	0.472513106727564	0.455831018940176	0.304876742215418	0.383791305052332	0.141961105938942	0.181666583954466	0.346019701119763	0.358959666875878	0.216297835571881	0.344058471364533	0.219038269324832	0.327938475033705	0.23474003972681	0.147732899557843	0.373001173760397	0.308083080178114	0.390879293678934	0.147635319788648	0.230720148767896	0.153476047834977	0.332217339737451	0.391684413375057	0.334085912367447	0.317189016759278	0.429681936172294	0.385766246337594	0.461603500747894
0.389427899436599	0.47061128305571	0.595750268155463	0.612504900630404	0.535896184113828	0.621010865949625	0.627103267290854	0.532176028872313	0.402892978813876	0.428536700382921	0.453693209945604	0.445018376698282	0.369190543257181	1	0.726898247041213	0.774339690519645	0.59618205045137	0.576705405257518	0.526266667566343	0.326169731292845	0.603895294245879	0.307456706254127	0.34363637029739	0.428033803214856	0.259240114001283	0.367716562303746	0.293526533160802	-0.0940977723435353	0.0313183102893028	0.63442855079959	0.705571925942348	0.486072900786873	0.50831477322843	0.397775363633662	0.557675938445316	0.576238928838111	0.484149119419518	0.363861214993114	0.273068368279006	0.0304908826910248	0.115358737847894	0.59122114411921	0.58082555245577	0.0715568566000936	0.472255756059133	0.0704994596732826	0.351057351948199	0.32705833794914	0.394712990229157	0.634728395544188	0.661382605511006	0.521700028741834	0.603370565669063	0.617121221643774	0.619915866979763	0.51998900852881	0.297471087050721	0.363803721386017	0.391987871067743	0.276041081074537	0.270538712271127	0.216630566351534	0.2723465309514	0.327872294892241	0.772594467007802	0.490907255921849	0.688058950611367	0.476033649476023	0.4332797700704	0.21570500829204	0.278359207744328	0.497082129057101	0.475728019398122	0.294254041706742	0.491024636891584	0.346448276703449	0.167072999532427	0.0389282221006411	-0.0656911734921691	0.635307484466216	0.633109129406266	0.501367386960768	0.408362600978506	0.544730356782629	0.663118172182438	0.552640409824422	0.406878699714667	0.590742024480006	0.540206607733624	0.539079359862385	0.20172916602002	0.0797487334553827	0.112294653453002	0.167867084480236	0.210676910867482	0.388434095141319	0.359725255111613	0.0930175058927211	0.221645731170541	0.433817291560764
0.307243619735412	0.527594910857397	0.587245164546937	0.721127806429275	0.484705735818304	0.729256403360738	0.620004883504074	0.335049620901633	0.35168409785061	0.36240115606799	0.33437823654394	0.299611067490718	0.235233461554054	0.726898247041213	1	0.668622858320751	0.39621091311014	0.395061032935162	0.37921411760765	0.17257868769799	0.542270573880499	0.268125091805248	0.289155065118237	0.385742368546086	0.0770260798028137	0.211812885843642	0.166274783839443	-0.142150873673279	0.0419546086110903	0.372034240488549	0.586106570972882	0.284725188809593	0.310806930758086	0.227398427665971	0.470171597754977	0.360761853042062	0.304129495305765	0.198102026719308	0.137732623765896	-0.023430049536803	0.0763598277780329	0.504432773445751	0.610217484493893	-0.120071361399496	0.296331193835085	0.102576002413574	0.317027957690802	0.513306967896614	0.275965108838034	0.7193490482806	0.546707278472975	0.448130128359227	0.499691712014959	0.705623567239734	0.626322694356623	0.458829568007423	0.204419952098458	0.208426398910254	0.228173815300313	0.177747375678797	0.214430205558734	0.1686161355913	0.127567065612222	0.279253361238345	0.53650603705611	0.483302059060291	0.459448748270257	0.289612331653777	0.232692238773653	0.0669107272913015	0.23598694183712	0.318797178298418	0.39763913769514	0.118528517728888	0.358998888493608	0.0621309600471392	0.041443536136864	-0.127517082966568	-0.170647568041872	0.392537121136455	0.403614004307591	0.3447285337463	0.200535147227959	0.314471936474377	0.39478924426765	0.354504386094335	0.276697192509467	0.337094238089185	0.356006981162883	0.279814442944363	0.0352767920026342	0.0448954700458661	-0.0935520526444277	0.178678726562484	0.109702612330552	0.407542887037393	0.283095986975336	0.0215346609723449	0.0877449034035979	0.439412275735538
0.412905625734007	0.414381004626236	0.561774251436019	0.596531528247663	0.451420925724324	0.578582965527603	0.592160931916774	0.477168218716516	0.55589907123297	0.400571220094423	0.357378026934079	0.343405165693384	0.334521769118418	0.774339690519646	0.668622858320751	1	0.560850385868056	0.597167630281021	0.651348049144213	0.403574495196351	0.596003708327998	0.344152162895663	0.384683744504637	0.56772312225299	0.260378007666738	0.47889123766588	0.377293126981826	-0.0968869496899268	0.138757943285582	0.615279520354558	0.881168820798692	0.592784317038743	0.520387136019782	0.562898113698497	0.711204071853436	0.791199986334085	0.585463381533383	0.450007016733138	0.36112362818021	0.00590827720501646	0.110393902717763	0.497866044056808	0.666165280588719	0.0772440304016752	0.588716863522535	0.11926960725584	0.27636237376576	0.257837698024262	0.296023836888961	0.569182808144915	0.623556266411582	0.599930238832986	0.553880765577996	0.640394781142372	0.564743971704982	0.550703149334872	0.312498306139697	0.385487709969918	0.406117638707362	0.409563818634355	0.308388923252284	0.217837731553674	0.172265162699795	0.24148726074184	0.72403354649775	0.452522616361419	0.862741229217934	0.511172592694578	0.567030224817107	0.2111383462583	0.322901903310538	0.414993449884615	0.537192117209396	0.310498010815167	0.566308468874938	0.373465914689938	0.308966928536563	-0.0165331074518615	-0.0739706147913264	0.712695410959346	0.565860466072198	0.504189653330472	0.411667446149637	0.609897657103407	0.66822655674667	0.578808213521323	0.530953638898354	0.769165095551237	0.501188192577326	0.545896505048599	0.256775579748672	-0.0146242744297977	0.0981038841745277	0.0663711907826944	0.0627347147842766	0.369557699283192	0.327747166013687	0.111855807515321	0.185751592075396	0.474256395763369
0.342642214192123	0.249632671166769	0.423231901880705	0.311806547250763	0.51297792491926	0.49445447578411	0.473376657414336	0.785547808360805	0.620786097983206	0.552666718334134	0.562390002660206	0.634479695484989	0.605447662957661	0.59618205045137	0.396210913110141	0.560850385868056	1	0.748774224329216	0.761982326437975	0.597568017355737	0.725539028088733	0.531038631832956	0.525393776904985	0.443843774020487	0.533902878846018	0.337014806632259	0.598701014606725	-0.133959067008574	0.195721494873742	0.314718994981157	0.575616754662534	0.375619804716916	0.582994295743941	0.203754160738382	0.373702422801807	0.549545086344478	0.341049517260591	0.105478968209883	0.00536292847012948	-0.106396233530618	0.0499504870734395	0.343698338452393	0.273598548650375	0.0217271197337616	0.285072985464942	0.251422624342114	0.247233748377066	0.117834937334741	0.279001933553303	0.442513267788058	0.556237527601319	0.346872984999452	0.423497111365202	0.598105097900169	0.532632721319807	0.443217117514837	0.604581905254542	0.695747048962193	0.783036071972288	0.523063570465751	0.496182003580117	0.404740900860105	0.567968193329588	0.523637476141731	0.504958499589402	0.280422606679999	0.497942900902506	0.752376172795286	0.709057796538667	0.517328663928803	0.705361245758608	0.717849615349056	0.55286422451857	0.540234888330726	0.65699393022703	0.533816696785162	0.484798243190638	-0.0452903675064965	-0.0367218384027866	0.64381296549773	0.476144198953924	0.468988223888075	0.182803347844255	0.35881091105642	0.539938600043208	0.363969564122957	0.281478469637877	0.449775536005549	0.476279864003552	0.52110162689409	0.0232213653048173	-0.0221881758287065	0.166697470087034	0.193151491591042	0.346789713622895	0.292776704678609	0.261573967456554	0.275290485881303	0.262879990307517	0.468267890736843
0.242862440832764	0.17201249296063	0.324748002142233	0.287174290852807	0.571931478162239	0.470918380078896	0.431669807264288	0.724665175190506	0.511540859019769	0.360181555630304	0.378597687596018	0.442641487468016	0.352086818762769	0.576705405257518	0.395061032935162	0.597167630281021	0.748774224329216	1	0.694986393117387	0.436214650630671	0.590437943407366	0.311530595882875	0.379875922658655	0.501022225577886	0.351717857284674	0.276582749005749	0.383768967380417	-0.191948634840356	0.0131730350384475	0.33232991939823	0.640847017242579	0.301730733254873	0.388174125390186	0.223833661212151	0.302775284680646	0.544676417057233	0.322919610689669	0.0798686089980078	0.0764592896448757	-0.0322278780044353	-0.169742188246956	0.372806429092365	0.359886943181266	-0.0731174901151703	0.230845531669833	0.120024283859948	0.21323217692131	0.203538155616957	0.165941533785529	0.399223633632092	0.595624744526555	0.284022662709395	0.399597605033446	0.523159895099118	0.45764483729126	0.36855065990844	0.42158215227447	0.502939880838094	0.633361538505219	0.362993795641531	0.293072513067644	0.363806938300603	0.407548486028775	0.444516194937256	0.478046961563216	0.294842403411549	0.475292916106509	0.703759072917028	0.605732852610657	0.330642081810788	0.548268731607959	0.499190227370475	0.468805128575307	0.40117431888959	0.547878923229412	0.413571682028994	0.34312864535867	-0.162066708695919	-0.228374840731463	0.60494605801623	0.394238418852029	0.454834181985619	0.108257855762761	0.339812492572945	0.476626781040016	0.347143312052443	0.288525822211954	0.437648330660989	0.397105386421639	0.472898704788376	0.0805457018825337	-0.0555951808266564	0.102673800862468	0.048987926969069	0.193599143378813	0.189852405029624	0.263191362312435	0.117743970477784	0.0567003659194831	0.363367536965591
0.367438312722339	0.220352379714038	0.40941205978677	0.342203359322758	0.437369684728645	0.496733534969306	0.485020643299962	0.753699713727153	0.752528703290072	0.416086556777075	0.47607369026495	0.491457877023061	0.447818732676755	0.526266667566343	0.37921411760765	0.651348049144213	0.761982326437975	0.694986393117387	1	0.546311986699317	0.622833954144705	0.350425801154132	0.481910624170889	0.512682185371134	0.479526207877918	0.421208290832254	0.473552896192185	-0.133688033262152	0.0455282797430419	0.359166230249658	0.603108619861202	0.383075542231331	0.444947647293231	0.296926269860584	0.424297063988096	0.690453633715592	0.350618010999569	0.20737933765227	0.0699999690332636	-0.0780351920594679	-0.131703364179838	0.32395227167953	0.361863649898666	-0.0334153396469754	0.312753948199284	0.178432370386086	0.24103632856583	0.158228278716876	0.0876112517486382	0.348828347488687	0.538715107330658	0.46369631985007	0.350290223982572	0.601855875323184	0.44796952246662	0.491257670759782	0.474021852220696	0.626595676066249	0.748129891398858	0.627602772463207	0.406815661103435	0.38097613361571	0.418775356020266	0.432962166861173	0.520031677971024	0.333510598385927	0.584952544789129	0.701440738723348	0.84767522968852	0.482375132520845	0.62935816889674	0.594660750325909	0.619263099308791	0.494748441785869	0.700152786962678	0.520941373312484	0.417037055729505	-0.122405088074706	-0.16278270157141	0.649729832920864	0.455871241107122	0.42172951637141	0.272047108414821	0.433177988673025	0.513331645623337	0.34121679783617	0.35296290096014	0.481189681571282	0.461561614659269	0.531299664946022	0.0536798655317879	-0.0612269479421676	0.119686668423381	0.0514638075760321	0.205638715222243	0.224427273429509	0.258473187164743	0.113897424501177	0.207175607629015	0.379986349203119
0.208685296165973	0.203854665225362	0.26061209242249	0.0840759924230969	0.244729549208583	0.329679245723069	0.33176781152122	0.686768648338161	0.547084284187876	0.44125449089694	0.44037892752303	0.542037473192067	0.491766675362686	0.326169731292845	0.17257868769799	0.403574495196351	0.597568017355737	0.436214650630671	0.546311986699317	1	0.414012278264651	0.456493749368723	0.647127157124217	0.367810089789877	0.748574295718328	0.442927027289679	0.738047433095604	0.169418432598468	0.269182064615029	0.249444513392054	0.342726561575418	0.426791035236123	0.495705190016031	0.282899608890329	0.299485605775757	0.49529607122762	0.198755127815774	0.355681645156727	0.102161354929194	0.179595008609778	0.0811085287992825	0.214747784139335	0.100432125787902	0.346484605129271	0.353442362851723	0.29815824364076	0.204364884820271	0.0191651919813994	0.102069827465647	0.173940804256597	0.262202013852802	0.30717496299628	0.247507065978461	0.453324894295919	0.348982511414563	0.353732075647525	0.599735675047371	0.648694827656282	0.615570864807244	0.560542405834892	0.479559077697683	0.283263014698144	0.412995515333898	0.443318058258488	0.27854262822238	0.32086689874408	0.373213325924502	0.599160500798448	0.565850479872287	0.729406944963378	0.518316983127732	0.544964132416996	0.426249897184767	0.730703685795135	0.432289777194112	0.460032737680483	0.65206319694326	0.153770085085751	0.200414109949978	0.456167100610673	0.335484996783204	0.278194445291859	0.313154843518709	0.35533470688581	0.484651872349331	0.20348423520723	0.147242704810869	0.366053505709193	0.350313394404903	0.554119927661751	0.0350903268514057	0.158533784197456	0.34862309687665	0.138180749335257	0.227314632427623	0.173537788676878	0.136051794430865	0.453399880291098	0.408054952709294	0.471051326621205
0.406164443791159	0.3223406227373	0.540671496333722	0.516545128776939	0.541394512677283	0.519097417577247	0.532068385621634	0.596723141364788	0.534523529395065	0.618981355328476	0.421790366012671	0.566915349246502	0.441827784764316	0.603895294245879	0.542270573880499	0.596003708327998	0.725539028088733	0.590437943407366	0.622833954144705	0.414012278264651	1	0.567020428425732	0.466086986236663	0.442924977193324	0.355093916265701	0.317679774550192	0.50031629929091	-0.0705944539979107	0.253892699501674	0.316139067446719	0.481518452010733	0.330363997158696	0.450505329445398	0.279063702155881	0.422322207217568	0.46180581142254	0.234403922821784	0.145957795890678	-0.0348790975421397	0.0308553726178482	0.257559566163039	0.483272885764389	0.403968494184183	0.0994372154780079	0.201519183066526	0.366268635661694	0.466976905931979	0.152974842883248	0.30181927834678	0.577018603752766	0.566844352905171	0.438901447409963	0.545769700229175	0.683863655795673	0.553236833049542	0.563759441887665	0.490896842532975	0.524335751482045	0.663253182852756	0.428124916810779	0.45806156554642	0.348791811284999	0.424296541566074	0.483889620120322	0.556481562925311	0.361466507033954	0.437649102707769	0.648745294394759	0.573882723509802	0.288928038061303	0.666341583763753	0.651065118868532	0.48549697066244	0.393518761306197	0.655420822049949	0.45969509079204	0.339331346514902	-0.0556141488503633	0.0477796338873257	0.507842364189452	0.453702052336119	0.484795826535343	0.201059004444301	0.310546395605896	0.458914395711641	0.352583352150108	0.227148207565709	0.396831189514187	0.563016064299747	0.365395431218658	-0.0328365289526858	0.102009586432627	0.190678612256084	0.378833176543357	0.458067687119213	0.170553696477179	0.355290199918376	0.350648370353553	0.271801294317348	0.507366756525112
0.243361147676533	0.160694511532446	0.333408883188893	0.199420625976998	0.161870029867628	0.301122513750937	0.289360070464724	0.478960589924965	0.477069378064968	0.648205315999935	0.520322699689468	0.650652452387821	0.572330044541662	0.307456706254127	0.268125091805248	0.344152162895663	0.531038631832956	0.311530595882875	0.350425801154132	0.456493749368723	0.567020428425732	1	0.476577648457506	0.168563307613006	0.473875386060727	0.38364443158988	0.662207619330967	0.143678251904198	0.357343938064376	0.207238580604162	0.296817557153283	0.300750529973826	0.509126568120476	0.176043300885609	0.3055880266599	0.193699232417674	0.165415738064429	0.096521964385831	0.123270468715772	0.134421860142968	0.522497921063668	0.323207182325419	0.212995857864646	0.230328575059796	0.241286974093205	0.472797676358004	0.419676457828341	0.180014595617176	0.442174052587115	0.319886715199675	0.246795556182461	0.199663878456108	0.401523178509365	0.39439845540506	0.422079116026688	0.335105804364046	0.600023323781283	0.501988577335097	0.495232782425591	0.373239789793113	0.595483679650027	0.424272593556149	0.407195204286057	0.462953041400641	0.30439123278088	0.319394108267353	0.280482817990087	0.442944329631274	0.321618061274447	0.445891055577699	0.581252222896653	0.565705540452846	0.301413202595684	0.449412201217862	0.330175627690942	0.269938612569415	0.404028759086066	0.09002703400617	0.43341013221156	0.288171774935425	0.385677993898774	0.303891861519689	0.334701302281042	0.225590757254783	0.374034367515225	0.258995663623605	0.156685596622324	0.32679844864758	0.251576931096923	0.212863306376062	0.130663090839912	0.282217159303465	0.187736711346464	0.459225518660252	0.448444026567288	0.280750135963524	0.384444316794143	0.518323449828518	0.484274185246283	0.435414563752878
