1	0.656073627079374	0.698503903618597	0.646216446288886	0.571398735640103	0.507153647688669	0.546096929650431	0.128805784209168	0.126755061135388	0.430594703897501	0.194725192909532	0.456268884756753	0.163186449875298	0.630741730016433	0.492093240058026	0.175616869472562	-0.177593589186043	-0.126974107000997	0.126986006486413	0.0678499185957563	0.153280448858622	0.264080470882791	0.0968114226560858	0.0847769290502718	0.0823849844995787	0.170822247091248	0.221651272369174	0.246854777456929	0.258034358217233	0.327495429802321	0.012352032594389	0.102555743464098	0.149173502489562	0.1360788141354	0.313054204109228	0.277826185289534	0.0430139868623912	-0.0203376421348253	0.208536730479445	0.446321783456429	0.417091560903807	0.33484480474044	0.231465007120739	0.222537295461607	0.0523467084935447	0.156254594046727	0.210046395448866	0.389529523153273	0.347431404773421	0.317648882194378	0.432137044699373	0.481286233451054	0.451924688483614	0.46354181507243	0.447009745469194	0.572241096027119	0.318915981122529	0.290394045057753	0.348768743221185	0.19372102379221	0.38443399317788	0.309929763783677	0.365934935523549	0.181957943087114	0.342157017911756	0.280057539356624	0.346405879604273	0.166622487654327	0.325658211796086	0.212798487452425	0.184847642688115	0.318551069516748	0.242908667616044	-0.00332062401148599	0.155231669119376	0.158342111446092	0.114561519528034	0.44223226852199	0.182074262279318	0.319474847498663	0.242908386236246	0.215575336316399	0.28807449972962	0.302982332605717	0.225732787968867	0.332996468125852	-0.00492923996846108	0.457299564747343	0.303320288529281	0.0104522645145738	0.151553097771038	0.316206952742539	0.235767428556498	0.329848864808206	0.218323152320978	0.334675070815472	0.294894832083243	0.325776844032903	0.526655972901281	0.247148535229349
0.656073627079374	1	0.614851855281753	0.616025080580099	0.363607070416684	0.324178945404262	0.448644367567714	-0.00995556632480967	-0.0260422894406399	0.347228447416143	0.142531609437923	0.366338308623933	0.0808680666605206	0.395044659371947	0.381045125177447	0.000795917331991677	-0.346572241090879	-0.287151471164349	-0.0800638891890643	-0.106482628911689	-0.122436199237478	0.190626899777826	0.00844756743479572	-0.144639652893643	0.0356077883832674	0.00657510102400813	0.147281085980992	0.0282353306731758	0.244654772627731	0.125729639863045	-0.258432391133185	-0.0464285566244041	0.0148374024636694	0.150876764998637	0.164007152400564	0.0523774838124728	-0.0556110982361248	-0.0414511130772529	-0.0480073995636532	0.255240284172032	0.258462317562988	0.0724741863773028	-0.0985440727879624	0.0701571088469502	-0.0479799465444284	-0.0200417357822727	0.116558550212216	0.252556328490469	0.216319494532883	0.115489398922967	0.380550444236778	0.334381644388089	0.429270408814812	0.247348470316262	0.336397613185495	0.459233215791291	0.187298577605654	0.126045990823149	0.093763938183081	-0.0475226752014025	0.349225373529652	0.156574803529451	0.40948076443403	0.103988966150966	0.400640111534256	0.234546781754065	0.252935827630549	-0.00406329084740884	0.137668769312857	0.0436566629947263	0.0827788269442715	0.286214505439421	0.0836447195908707	-0.161341460294741	-0.00414057591631409	0.120286015849578	-0.0515872310416504	0.270108867173893	0.101764732727689	0.121917832958515	0.292414244074456	0.170633822585128	0.153789570932294	0.119057799287732	0.251137772633475	0.229899938871884	-0.0630887210694977	0.296685677506754	0.098166103502952	0.0164943594782104	-0.0243609568070251	0.154256748061303	0.14382011823922	0.316400981376786	0.136004004499166	0.206338127207624	0.210006519115257	0.274230535170138	0.378450535695824	0.103122908139953
0.698503903618597	0.614851855281753	1	0.564965930378973	0.567374017537472	0.530341472853367	0.545425878027886	0.142002631243422	0.181459604422113	0.396007723869999	0.235106816599616	0.527898766897068	0.138660989046578	0.387242652993224	0.391567539558567	-0.119727801226513	-0.173707865765639	-0.175385372536879	0.0586983874178962	0.0239754331091227	0.172846274032849	0.400611014730224	0.17877382309227	0.0454665257599578	0.0450759961551179	0.0278662322272869	0.164777068663677	0.116180740237142	0.311150402332107	0.122868869755286	-0.225081934412143	-0.0404817584186139	0.257273839260541	-0.103991618737412	0.227851763725305	-0.00433716700744031	-0.0449703163054276	-0.200525580881775	0.0499374344678866	0.361102271908684	0.266375742336119	0.0536825926484903	0.0193371459214406	0.0978297607743651	-0.0308069352569601	0.123380277949623	0.131571336335986	0.298469982739295	0.401174216311098	0.264842466700452	0.319917968224557	0.303576801715222	0.418490192804956	0.620403121382257	0.442143223105878	0.604008095604929	0.282152357030915	0.343712266936493	0.369065663172396	0.239569647484276	0.48329295776485	0.39035042898094	0.499724047705382	0.222491215204335	0.208249214090643	0.351133620492181	0.124320519360414	0.203310269782473	0.2309405977643	0.191242194213955	0.398805991963893	0.405508852037927	0.344755198528806	0.0312630944191912	0.265544996122183	0.178552143419834	-0.0114392060613635	0.317459462699698	0.237290412583886	0.14863104767789	0.185490869106191	0.241579423437269	0.209964436103438	0.168241184127875	0.138380930644807	0.170082748813021	-0.00856960951739945	0.24509300064194	0.341949892955121	-0.106277608730254	0.011182666423586	0.202871173710177	0.188619478424707	0.379003737429021	0.356267198715047	0.318328409967092	0.344080229322028	0.355286068108365	0.482625792153655	0.318300091351427
0.646216446288886	0.616025080580099	0.564965930378973	1	0.456904794407116	0.56421549761861	0.678959976119486	0.0530665763136982	0.318858944098367	0.414117206924886	0.289670763317843	0.420704926824237	0.315067927834392	0.471535639134714	0.560323566105604	0.267544141584862	0.0124239050929315	0.0546385817654689	0.277271776271021	0.211084554802065	0.259942877367692	0.285387035248072	0.183457924464319	0.11787330960275	0.220345689495943	0.222607590236399	0.239816709455653	0.201491401292851	0.150952136410588	0.237770275165602	0.104950796041402	0.216973286219533	0.214698730175911	0.220048365862246	0.520814809149701	0.298849416712041	0.0255092515239758	0.0710774374127974	0.306960866817618	0.352340163378455	0.236121150684333	0.256918806614913	0.277452798973916	0.184861066086155	0.168369883954442	0.157274511344023	0.246965456665322	0.47143368866612	0.325113900488913	0.334556421431068	0.242396230189489	0.05541465023577	0.573770361171338	0.363409375665719	0.444560328965551	0.562418413827989	0.275179508561151	0.212596748799089	0.286455928981929	0.262595342888704	0.462792816144583	0.337501337141901	0.40108422015612	0.222733710377701	0.28571476276288	0.360035962589059	0.41523527223722	0.235879133504585	0.356816819143168	0.237356400545462	0.322580505700859	0.467691509313937	0.242225312528592	0.0291265857886369	0.287906780998235	0.209238721360145	0.110644982653113	0.483242913094915	0.192427190448058	0.339621013223967	0.18175752397686	0.291112155389006	0.33319555397342	0.31354116525024	0.269087782948038	0.270053881588036	0.00969157923848429	0.515501078447317	0.416569091966288	0.147240074565661	0.326623262657631	0.270733084812317	0.245938335658692	0.416926194408091	0.364044841544877	0.431932410918015	0.271829823239721	0.273516383420219	0.507487775948531	0.290795455772701
0.571398735640103	0.363607070416684	0.567374017537472	0.456904794407116	1	0.638517815213932	0.465396080373796	0.121908889107013	0.177332378406348	0.371890404694437	0.162166820645844	0.454288110243323	-0.0276071953259564	0.405071117525526	0.51727330649827	0.0441029049011798	-0.0921636828733089	-0.152338430412252	0.0564720207006993	0.082089809065316	0.191598983953259	0.391705816798426	0.229781254961076	0.0934011824179655	0.138066260362773	0.157250330968074	0.164345781132057	0.187457080733433	0.300240650764917	0.101406504329861	0.00519000519714814	-0.0206730659737502	0.133361594148486	0.0881989766805727	0.234308034333172	0.169970733501968	0.0168601031923751	-0.00767304322109685	0.0719546027518604	0.275948351170271	0.350240034408246	0.185641698807815	0.214709181875047	0.144235784285475	-0.0461374192935262	0.264807844395284	0.22895185248867	0.39648468351335	0.560696834127874	0.327202992649742	0.217958513426346	0.183434855552183	0.354850282697352	0.445373182277625	0.316022069089889	0.578993191918262	0.203223532018468	0.264020473011807	0.341492712511054	0.172931288410009	0.354521641884694	0.230035229217639	0.340916208434803	0.0750464581771521	0.1405311920726	0.338368566773931	0.190428290804936	0.129022113947992	0.254169078173404	0.167468321452663	0.216647488343208	0.301609414798074	0.153830767028324	0.061054511447756	0.200259294123466	0.218960649223007	-0.00111832183036855	0.325775980835845	0.22507000087189	0.256612858625209	0.136059039474028	0.16918041572563	0.144182278661137	0.252187008821133	0.12337939914477	0.238065134788191	-0.0406625249845848	0.25858117932485	0.298086054564746	0.0465476700372233	0.0335951868544703	0.193779585906522	0.166769229925263	0.320725713957971	0.263684081616736	0.392232100532969	0.188556678742657	0.267050042411453	0.461468135856023	0.262513041924409
0.507153647688669	0.324178945404262	0.530341472853367	0.56421549761861	0.638517815213932	1	0.743372394945949	0.117112591583163	0.235275049015461	0.446572660127868	0.251531459950447	0.50296893557228	0.221690713299122	0.514652548519759	0.60404486599593	0.307126434935518	0.113884877818453	0.0127385943067086	0.268132829860391	0.117015654312233	0.360213569302265	0.42309106671798	0.310046958409399	0.169831723277917	0.19748291945082	0.303444528419785	0.335116908809083	0.217727457770836	0.210000557399077	0.323651081715927	0.156754041960463	0.224856808759023	0.283340853336703	0.240964402689295	0.648924405117898	0.367481606280531	0.153766460489632	0.121433146849585	0.412384757377163	0.384286521034908	0.327469407994291	0.344065503257327	0.385060981705433	0.226524139309047	0.207599638885777	0.30988972203806	0.405225097423613	0.701782576536536	0.54669986088916	0.437755596965887	0.363481253636653	0.204399529392569	0.531930841657942	0.697515834529486	0.571001812440261	0.706724526391796	0.334712421618766	0.366264182793748	0.440359793705118	0.35925469526431	0.505733093213436	0.422286881493915	0.538521925866835	0.348293800262343	0.294994758369275	0.493623899400843	0.419239983442073	0.248855977156847	0.42099750527519	0.295517150249639	0.37781297939206	0.508926509135094	0.342432711481746	0.225025103367329	0.262224904665105	0.332276446385628	0.118740718592309	0.407378344673219	0.188421873048368	0.299633465880952	0.162938975056797	0.408395686948195	0.176993418806109	0.301547836740103	0.232576565255619	0.346608126606962	0.122314857824586	0.602984792629694	0.466971797930419	0.168708412644007	0.420691888442986	0.294995613024506	0.260920801197778	0.38610169207064	0.437762596265224	0.60190938084526	0.380135185801003	0.291420726431576	0.473334298253654	0.498179194454665
0.546096929650431	0.448644367567714	0.545425878027886	0.678959976119486	0.465396080373796	0.743372394945949	1	0.0618433596778316	0.298564168802471	0.480040563364157	0.284414411926575	0.484053938840102	0.363783170596377	0.429691473480324	0.524802810311708	0.176484062256988	0.0672569214247465	0.0158038728866328	0.187217318499416	0.0845750546011799	0.354796299895224	0.304607422459075	0.240180147813068	0.197169512778238	0.233003985627885	0.232150039838451	0.285940860798831	0.151711151129964	0.136692037571402	0.383593537623723	0.0598728315499598	0.112722468658225	0.256142763215515	0.184969010720454	0.722989880478446	0.199961369635494	-0.011227483292046	0.055416519219462	0.423979857078222	0.400491355064127	0.176541077828135	0.208300143263728	0.309534019621762	0.230910644019367	0.161003100143785	0.125318314296163	0.286333879741227	0.60907798962231	0.430996056131853	0.369343066045178	0.358960843010375	0.193678811470025	0.602471932773449	0.563270552915956	0.53653754344857	0.751219954436465	0.37928090520003	0.250376906057911	0.358076288674077	0.334946845194493	0.578397882414574	0.421614147289391	0.60029558993309	0.440018352530264	0.285901957643213	0.495392755109506	0.380160338183048	0.313362455195372	0.326968568784938	0.213976276817143	0.454982296258158	0.510155781377283	0.309842328020286	0.0918270904356947	0.178750559024347	0.253334905636892	0.0950990070863784	0.410762282737465	0.187585168157975	0.236335664319801	0.130708631633131	0.47720437097535	0.2518333741689	0.217817870660359	0.232995292751291	0.223413137083358	0.00840217313889393	0.649216372185316	0.439741796043123	0.125777418798269	0.443771911344974	0.314817493557268	0.249720894723919	0.313982883770079	0.422306945337499	0.587475081433398	0.349347962751888	0.370949195560272	0.46404860117704	0.490714607125534
0.128805784209168	-0.00995556632480967	0.142002631243422	0.0530665763136982	0.121908889107013	0.117112591583163	0.0618433596778316	1	0.552828792246254	0.0652817091673471	-0.0333025926607393	0.33029586536644	0.217452759145541	0.19213978442113	0.238584772227281	0.113021254003208	0.220972895036386	0.452208685674618	0.396084367987064	0.534225370228517	0.0958886730788873	0.048151057661535	0.181487569513711	0.137782948528834	0.385839612226755	0.212519612680577	0.15045420327587	0.119331066147581	-0.279793819217045	0.175679354203136	0.0644704860164569	0.12742113582792	0.246752041229057	-0.122483360805111	-0.0186759984742257	0.0378556578480792	-0.0561143921331106	-0.200121252089623	-0.0768552672991032	-0.0517918197913559	-0.00704922789184599	-0.0511641247162473	0.0191765926178591	-0.187913223762061	0.0638158720367102	0.0773782148452199	0.060948962251482	0.0135840611361759	0.137511319431714	0.19897378825224	0.174223252767905	0.161358099940002	0.184802871425353	0.212526390278908	-0.0142764791077968	0.0351848701850473	0.335248181204579	0.564931720887862	0.508307148186949	0.499634398387098	0.0176678536803222	0.201311058004054	0.0461530348018453	0.328339785651816	0.0417862333517299	0.0908220972661111	-0.123194363936353	0.59147004529852	0.152866864335816	0.552955865470725	0.282088327673766	0.111706325124793	0.133537575734261	0.263262660896602	0.333138018206045	0.222712471577415	0.105332574697809	0.0881554018791886	-0.16325506719797	0.195864675584145	0.070224299741767	0.233131967123868	-0.0329782724413905	0.0325685299621779	-0.0752538630965046	0.119780695773667	-0.0950316027790342	-0.105259704994471	-0.0414187822085829	-0.0175600434655338	-0.0967538815836675	0.0378501991346723	-0.0843993346930791	0.0267617804544631	-0.0634115137415471	-0.0374569250628829	-0.0214956235675089	-0.199820981160966	0.00950231328742823	-0.0352961878026396
0.126755061135388	-0.0260422894406399	0.181459604422113	0.318858944098367	0.177332378406348	0.235275049015461	0.298564168802471	0.552828792246254	1	0.160282018302757	0.0680751536778669	0.247063373568755	0.256018245729299	0.176243954172483	0.254433260345416	0.329746277952856	0.340803132797074	0.410662980678362	0.608076624788553	0.598202628761699	0.301480775556999	0.119837370340608	0.266194669716408	0.491855895718392	0.660439876975629	0.411584761937567	0.201962164761784	0.148804562265475	-0.138791892459258	0.164430892844298	0.313726203988532	0.187840916307331	0.210814229111544	0.0803626396887723	0.331885736832349	0.325118890281477	0.0934799029834433	0.12009388432334	0.309081831679183	0.136880913452478	0.0399867782406435	0.0945237116202914	0.309312834143482	0.151052737650284	0.254952988244507	0.160778373960574	0.155725862098395	0.24534546354943	0.092441914936486	0.352392366749748	0.0596907440412752	-0.128674557635257	0.286557347720034	0.237988727184304	0.0740945002448857	0.161006449416084	0.236900052470358	0.436911566593371	0.532563936995254	0.77384710267619	0.299641901805059	0.344366986354184	0.116229189333467	0.379842637295309	-0.0295432717855755	0.333606424056869	0.0960857322080877	0.503406738347664	0.481570971948535	0.599032706847903	0.486155796758175	0.24111223143373	0.384278011073082	0.465725446670484	0.396810316717617	0.305446627168008	0.141312081224248	0.205215335061016	-0.0150288523926076	0.260409776157272	-0.0231715752457514	0.18924060509483	0.0647792335854249	0.146739383529972	0.100773419510211	0.159847266769258	0.0541197646204667	0.22501781025196	0.253030511526745	0.292772327304878	0.242348219334116	0.207112512759534	0.189290977227734	0.11635632209611	0.217602881428745	0.202981552435949	0.141862020721866	0.0450000678555202	0.173159208342081	0.261134187412071
0.430594703897501	0.347228447416143	0.396007723869999	0.414117206924886	0.371890404694437	0.446572660127868	0.480040563364157	0.0652817091673471	0.160282018302757	1	0.448857967495622	0.718765854287928	0.33331906226792	0.326011612005691	0.54211044130562	0.234392368420618	0.150112072022752	-0.00310490599039525	0.149834164582101	0.091457205352827	0.532032027528879	0.366515916259767	0.384137346697629	0.0864709798398602	0.215647239114477	0.321607956159879	0.311301647433319	0.219986919459238	0.233422850300476	0.377942013191783	0.165276451293277	0.232111786989467	0.389206040005184	0.288207037179765	0.392537752235498	0.202324857913227	-0.0448831672291538	0.184752820768846	0.246057540795794	0.422211927570255	0.317363094962068	0.292310363777542	0.398216967544388	0.308202375312637	0.160242816484665	0.343072911805472	0.413646317866689	0.483531246488881	0.357569086388575	0.53914811730355	0.172039443504511	0.301973111935124	0.459339002570192	0.405899047943577	0.262767986983588	0.416472999679074	0.254182197258744	0.244541016703215	0.325607827803783	0.269399427280754	0.488914146028972	0.384757446696495	0.522745794453301	0.331375561646323	0.237449878112847	0.437121731328994	0.324096924617891	0.124039151695563	0.257039160998038	0.311662189503386	0.381743596583138	0.477255554789509	0.00856672738989718	0.167207985685325	0.0358702265450742	0.31893284359725	0.137024982177605	0.300384017215185	0.212179734029592	0.135242156722496	0.178974779656159	0.502006063271504	0.102463197510305	0.201933170102171	0.375211667800299	0.2014452593048	-0.110965345902979	0.401720772752659	0.3083049114327	0.11595067112072	0.191594961076596	0.205102424509828	0.241836691715721	0.336469977978101	0.31323342248114	0.275221579608636	0.190112403833679	0.311652711619352	0.525951205420073	0.505317521435809
0.194725192909532	0.142531609437923	0.235106816599617	0.289670763317843	0.162166820645844	0.251531459950447	0.284414411926575	-0.0333025926607393	0.0680751536778669	0.448857967495622	1	0.48113730504076	0.151267472008809	0.166175564366727	0.32704797198792	0.0715059758334528	0.190042997434611	0.00228969068482706	0.171991586679723	0.0811692299394323	0.414733820168115	0.231580342131077	0.480376275686829	-0.202655017091716	0.286284514064246	0.283082904326771	0.305705219263483	0.0555086232430402	0.173607792366673	0.112497046635472	0.00106092442216038	0.175755979666509	0.381919978430458	-0.0188985564819229	0.121118441058923	0.149421450057473	-0.215854827546843	0.000476275761147525	0.0179143912090945	0.13364213346788	0.0283278737122995	0.0376194187005919	0.206622759551175	0.179119306983388	-0.0763521944445757	0.343106740227779	0.146847933627278	0.183503321382318	0.233630988920034	0.349420010419183	0.0925500850009463	0.120946638328478	0.187332017333004	0.213223832648897	0.0978703052263866	0.249455658447804	0.33231254329984	0.336033110594802	0.259944312353878	0.276216804662342	0.331654507465431	0.363936824757125	0.397188311900059	0.192990517514953	0.161894344389551	0.196312693305502	-0.0053608926607613	0.104588635139001	0.169531460230828	0.276284884005278	0.231198767052343	0.467963762201598	-0.0650797287308097	0.226065189228253	0.0657728334866489	0.277133110267088	0.0902112093009219	0.139693637532331	0.114666470034501	-0.148183871920883	0.0241071652563159	0.253654061439686	-0.138412316364285	-0.105213408657782	0.157218495175516	-0.0332156267250669	-0.205824896220553	0.112229680751539	0.208724142030175	0.0268574850202138	-0.0546807291137122	0.01267800765798	0.113472246503702	0.207411581011035	0.179955762120714	0.168648476145952	0.0680884498996989	0.137733442627326	0.197080455013143	0.32591165114288
0.456268884756753	0.366338308623933	0.527898766897068	0.420704926824237	0.454288110243323	0.50296893557228	0.484053938840102	0.33029586536644	0.247063373568755	0.718765854287928	0.481137305040759	1	0.405372163859662	0.344170449363134	0.685101046913206	0.0861729411689369	0.218161685431521	-0.0037188122266767	0.225303934358534	0.186936394910588	0.546740813052255	0.55983214615692	0.510734644218838	-0.0257538854833637	0.302641988847925	0.342645384504271	0.459773083470283	0.174359654278527	0.216737864674437	0.311857079287432	0.045296546896168	0.126238586044404	0.525843972654226	0.110716369194868	0.302252503400524	0.113990002493426	-0.179847084915421	0.0328770180559665	0.154642511810582	0.417060200696607	0.285701971732401	0.114757079615805	0.352117680483754	0.226360972294958	-0.0136924220951855	0.396774346975886	0.343132119355918	0.381628083921292	0.549418337437627	0.557777999977464	0.21197098844923	0.230861639231534	0.347707623713388	0.451902001156169	0.243109254199476	0.438805886466132	0.360445662972517	0.46341316391263	0.393572243662047	0.288459075954391	0.466090589522677	0.462704843901663	0.575369035430401	0.385310547229019	0.324743662674932	0.515360464751606	0.11957609795962	0.328034515605498	0.198952180401356	0.403042622187537	0.486043546713245	0.548166839447507	0.0220166554603996	0.350946607875962	0.207810228732003	0.417048645052483	0.237702211961689	0.288756380780092	0.264060406315379	0.0352240939371057	0.13785581704595	0.462012039063079	0.208130840851851	0.155341550130758	0.208675578991917	0.144352371007488	-0.208779030930918	0.267285663192357	0.400274426611683	0.052120953592696	0.0754777388556462	0.27814229000481	0.177372626670834	0.39693402431522	0.359482831680455	0.345018588131972	0.222918602450867	0.340876790360658	0.525698986018468	0.566484882093972
0.163186449875298	0.0808680666605206	0.138660989046578	0.315067927834392	-0.0276071953259564	0.221690713299122	0.363783170596377	0.217452759145541	0.256018245729299	0.33331906226792	0.151267472008809	0.405372163859662	1	0.0922670699458147	0.328243511774872	0.193682887882542	0.616611056304225	0.463812552345256	0.2103495761872	0.17993130073542	0.431616328905453	0.178650666597605	0.13961170491713	0.179587674381012	0.233600056947702	0.277195238019153	0.18998246632296	0.150917577627317	-0.0851255347359448	0.280651666851996	0.360766918186824	0.350477647079142	0.481061246601624	0.126103068763612	0.375413405650327	0.0407012546447505	0.0145028515214038	0.136897624302161	0.423017695052856	0.174534184148625	-0.0181278964143944	0.167817374726922	0.421947616578636	0.108366164002191	0.362718394486331	0.197975703546914	0.282130428720451	0.291527739049019	0.132888110800592	0.339618921936618	0.136754846915992	-0.0769994215588311	0.330953459401326	0.261009364308218	0.215865556398565	0.158329996627207	0.379191737324536	0.205963924106152	0.263146842855248	0.320701951022671	0.259821929089837	0.289689194218863	0.420935359740629	0.709448350263926	0.169752830220352	0.364565583431292	0.198552001170718	0.470949122953885	0.0478041786997929	0.166931771303965	0.483045062611411	0.285894506328701	0.0897707753099161	0.09318855898776	0.161757777677336	0.140561856258527	0.0621103978008153	0.174118436160438	0.0577583402992089	0.198178247457453	-0.00943796442893372	0.577757611437184	0.241123256872478	0.26380339287849	0.139045875646374	-0.0482954342329045	-0.041559917735302	0.35304002034021	0.331297805627064	-0.055653694652806	0.344467579258415	0.0822056247028177	-0.011109728362629	0.137902935282299	0.376621400384266	0.180436399172726	0.19460214401024	0.179386156520494	0.237244074497794	0.34222480184811
0.630741730016432	0.395044659371947	0.387242652993224	0.471535639134714	0.405071117525526	0.514652548519759	0.429691473480324	0.19213978442113	0.176243954172483	0.326011612005691	0.166175564366727	0.344170449363134	0.0922670699458147	1	0.502981580488827	0.458115677962486	0.0350940666792439	0.0942593788733586	0.308792427452708	0.214780331284004	0.0857793911907682	0.152190681772416	0.0839480538610342	0.142590025149294	0.0740526667291376	0.320835765073529	0.248062106360585	0.309692434127387	0.0844688273444808	0.609120680155549	0.232019582154384	0.355849787820325	0.1920468839961	0.325213854445469	0.451763492858963	0.505884444056619	0.188952962644031	0.1486861135237	0.327062332440455	0.41841498920469	0.469879264396393	0.420571317956509	0.292766262969893	0.203661757974944	0.249257663804232	0.042761033286931	0.305209448024052	0.333131338200927	0.374110443908176	0.322100401896256	0.516942041305478	0.367726086761882	0.498106511509687	0.347581133057444	0.284298896673247	0.50942234091388	0.245773069698994	0.276821918844091	0.334656207805647	0.151371108934637	0.138032092578535	0.0315983363358051	0.22070367068555	0.139579228858625	0.531300831364007	0.323792120573189	0.52832243214038	0.225585109228217	0.461697885319367	0.314820459402415	0.0516088581302806	0.178334342213388	0.202057732827298	0.14636469284245	0.113694685885254	0.275768736707172	0.238826817604656	0.459709156038197	0.0552419616660641	0.444529155714873	0.213101231027958	0.262777017102089	0.264187901082763	0.31645420857439	0.249507695148307	0.46487483161083	0.0505999111188658	0.52730509547509	0.219982052939201	0.13925338728361	0.314178619706866	0.421198285467213	0.24810151387481	0.238462746002417	0.201581819962968	0.268829958669663	0.476056094833543	0.136650317929624	0.394459599651715	0.203054488060186
0.492093240058026	0.381045125177447	0.391567539558567	0.560323566105604	0.51727330649827	0.60404486599593	0.524802810311708	0.238584772227281	0.254433260345416	0.54211044130562	0.32704797198792	0.685101046913206	0.328243511774872	0.502981580488827	1	0.367298387967165	0.222001338599941	0.0533320007790588	0.353895745556071	0.219486635868704	0.410716260520938	0.397048082097025	0.324565494936494	0.0322167059819207	0.252851887554176	0.459749320740657	0.449074311468488	0.197150054951276	0.22482982485645	0.452720594236021	0.251651380477122	0.300620823263198	0.429789924518666	0.250275803698973	0.455010331703856	0.335730866771619	0.0126796263624931	0.240251312236496	0.310833177793087	0.302409418476575	0.342610380201757	0.336752092460369	0.436518306209464	0.253127335685769	0.305480903471953	0.305406856971687	0.315917468465615	0.512270909439834	0.520585341974366	0.627136328736882	0.332272521610402	0.0990984363606572	0.446960538019412	0.44237031076443	0.313283276869429	0.452981837046908	0.405598305591256	0.417064610822037	0.398881958589862	0.257897138434705	0.307915864529772	0.342907930759962	0.426713580000692	0.33393565310597	0.411458191612864	0.653963229517646	0.42433870058675	0.349500569070668	0.366136144407017	0.374130928984324	0.382590405027986	0.414143986067715	0.0873138850832669	0.276737611376276	0.287963227769382	0.442947811184073	0.200358606736658	0.349362933436422	0.188728065053095	0.319902024412956	0.139631956299857	0.407433939733114	0.165947683223983	0.343277105949679	0.267411471202073	0.265443313706402	-0.0555318736828932	0.471732954620157	0.44664692569942	0.254985451553694	0.260207929430738	0.199952024677802	0.212537264779466	0.29837645161608	0.256099554824443	0.356989843503943	0.358200915762393	0.15455518605149	0.444429113657424	0.455342839354541
0.175616869472562	0.000795917331991677	-0.119727801226513	0.267544141584862	0.0441029049011798	0.307126434935518	0.176484062256988	0.113021254003208	0.329746277952856	0.234392368420618	0.0715059758334528	0.0861729411689369	0.193682887882542	0.458115677962486	0.367298387967165	1	0.364402491008438	0.499596984370543	0.60002746675275	0.410027010090713	0.311708936515914	-0.0879628599672336	0.17381340362627	0.184774151177547	0.346562684940448	0.612917598920186	0.34716019800499	0.324588638174329	-0.112394016095446	0.54450769804111	0.815643114549114	0.745291498431587	0.276403419947308	0.670150941495296	0.555613026027325	0.790539656824692	0.165279409938882	0.656514353320193	0.43648109786033	0.106990277756897	0.223315852463906	0.683569722750932	0.586307693430366	0.355091075722978	0.697783324863594	0.111335570259459	0.463605696619441	0.349081425286276	-0.0751024285008539	0.477581737391954	0.14511536888309	0.0548753791654261	0.305263604412676	0.177094391780762	-0.00761994816646468	0.281782178810716	0.148525182757708	0.209276546115917	0.338670699538799	0.331246415228126	-0.0163452535861223	-0.0310343364072138	-0.0481630078930947	0.204524829592094	0.342182641162053	0.304747726464317	0.757524077270295	0.253403986213525	0.626107011612998	0.444000751774927	0.0188085024259758	0.0790826484296185	0.0179070174721165	0.387250682593628	0.0669410555720379	0.344859168228426	0.421517491676634	0.276345917853859	-0.068569972038053	0.57405298176847	0.336457583372334	0.22136344181395	0.0222465927242304	0.296532240230218	0.550145540730016	0.576691544146448	0.0189585892916634	0.569921054549658	0.167931890864095	0.531390729398461	0.399956679666561	0.190765704963849	0.32019015826229	0.113059563200173	0.0448411984608456	0.210983891013398	0.124233931925097	-0.217164774482997	0.23955950832997	0.160377955004973
-0.177593589186043	-0.346572241090879	-0.173707865765639	0.0124239050929314	-0.0921636828733089	0.113884877818453	0.0672569214247465	0.220972895036386	0.340803132797074	0.150112072022752	0.190042997434611	0.218161685431521	0.616611056304225	0.0350940666792439	0.222001338599941	0.364402491008438	1	0.66296721203778	0.411521080435724	0.385013218679952	0.606153279069834	0.0726078607746885	0.344897933027786	0.167496558384772	0.353318309200908	0.493513050056528	0.206731259595365	0.132107118918277	-0.196316623188782	0.211781757636603	0.574904058570992	0.545788581581289	0.571788692631634	0.101959096170496	0.309871424412115	0.182495380190366	0.0852769739334004	0.290559011401058	0.309321427182495	-0.0329251303539438	-0.153466252365388	0.105739676078696	0.452640631246412	0.0937938493883264	0.416011455219073	0.18915937069055	0.259696133152328	0.0384337754166937	-0.0565074572024362	0.376530515200625	-0.0178922318062517	-0.234641566632167	0.0772011281366848	0.115790431852756	0.0107753080689365	-0.0305764451629642	0.103041380799418	0.167643226717688	0.26122689363851	0.447311183108646	-0.0235811102383086	0.188595309259034	0.129289359795187	0.558386681498891	-0.00685067592502671	0.28764383886773	0.138245169113461	0.501668013366413	0.233390078271388	0.3111243298338	0.446579948719304	0.206581904041369	0.0397446458016926	0.391887980764603	0.274241394660242	0.297785711230422	0.218265905500192	-0.048028498412569	-0.0134722932347963	0.169970866315819	-0.123504364346066	0.479693153601018	-0.00291639619036195	0.168323979994708	0.170128278161232	-0.0873959664236181	0.0136427636375641	0.225693839366413	0.309966312213816	0.20365282665721	0.225201329758969	0.0399354628220911	0.0234193351263029	0.000389352222942129	0.26292035694759	0.051223709452314	-0.0337092314060152	-0.20423506627784	0.0228326222453308	0.291302032623588
-0.126974107000997	-0.287151471164349	-0.175385372536879	0.0546385817654689	-0.152338430412252	0.0127385943067086	0.0158038728866328	0.452208685674618	0.410662980678363	-0.00310490599039525	0.00228969068482706	-0.0037188122266767	0.463812552345256	0.0942593788733586	0.0533320007790588	0.499596984370543	0.66296721203778	1	0.449298533730096	0.511753018101204	0.284102706296649	-0.179457486135322	0.044781799787598	0.283461991995429	0.378831628161109	0.350353375607354	0.130535498352191	0.195951323583963	-0.486622045453708	0.216706878116279	0.653585419718636	0.563060490812262	0.400722199683742	0.136280169908637	0.242177809683516	0.209996092213926	0.0684652376110194	0.179029111178574	0.242449737605547	-0.175363084552255	-0.195154533069226	0.191447526188529	0.26016018409316	-0.0798080155443707	0.425348289716589	-0.0275756684510478	0.152063936418218	0.0147058634487577	-0.271469131602154	0.240158540504378	-0.0963288206654455	-0.171544285767316	0.136469923908538	0.0567670206346212	-0.101771273306762	0.0208823168961253	0.171360398472377	0.214157035447539	0.289014765918804	0.447359725551332	-0.0874543192179834	-0.0010004251539604	-0.0373898162663105	0.458003387448906	-0.0899079076770866	0.100511942533946	0.218698645935226	0.560818469662476	0.235080243438224	0.333447148011838	0.239856506402837	0.0460945298486026	0.107781238600646	0.258196034809693	0.249554288076466	0.18884663437945	0.187773951506915	0.083004325912955	-0.255287488883332	0.366351947173455	0.0041445987587824	0.359514613683472	-0.12681160370875	0.093134412947304	0.220315019134808	0.0338624226857536	0.0400091745350568	0.157264995469975	0.0375342430531008	0.203906528200574	0.148525548548493	-0.0227529741796223	-0.0760345378625122	-0.0780872723680179	0.00973529802824585	-0.0583372036184986	-0.144712807342139	-0.364818227171957	-0.0199120839876506	-0.0842266026669207
0.126986006486413	-0.0800638891890643	0.0586983874178962	0.277271776271021	0.0564720207006993	0.268132829860391	0.187217318499416	0.396084367987064	0.608076624788553	0.149834164582101	0.171991586679723	0.225303934358534	0.2103495761872	0.308792427452708	0.353895745556071	0.60002746675275	0.411521080435724	0.449298533730096	1	0.593309973134132	0.354645536166375	0.123433498111891	0.401370327786573	0.247650714056917	0.59090021873961	0.59497924344418	0.411154261656925	0.323199697783126	0.096104928639095	0.221775590048997	0.448714556096619	0.46624868496253	0.41675968365886	0.211824546848246	0.355828225939855	0.677145216993823	0.188708700180758	0.454594987298837	0.320044339371872	0.148889418009074	0.162088586211441	0.234638575245203	0.457744724794085	0.352070164321524	0.428669535153326	0.215245062107787	0.354737655889777	0.163393536184837	0.190265836342412	0.383035337425142	0.0135868950118056	-0.0747651264478998	0.24371673508182	0.21052664281292	0.109344265356314	0.212747322698916	0.253875486047401	0.440999554918082	0.591033315070638	0.553264939178776	0.131254325529943	0.202480794830791	0.0695396855682087	0.38269868246588	0.113105901965343	0.353119380228246	0.349927256091649	0.524483313708424	0.72187888624227	0.543893674727031	0.352564852113228	0.225948062839932	0.135981227397641	0.614356600558955	0.289975594223635	0.436701074387435	0.426036864562123	0.252946163292198	0.165672010008688	0.330012213770253	0.230366139423336	0.304077280840931	-0.00678875476010586	0.196528639946117	0.286643375308111	0.378787603321123	0.0681409972831678	0.35902029764359	0.245177510643119	0.468998163009833	0.306203066976133	0.283336084110314	0.393873795969992	0.176851848437793	0.186355198813662	0.290496031593341	0.168061372903893	-0.0450175862223214	0.13520190290712	0.301575609944634
0.0678499185957563	-0.106482628911689	0.0239754331091227	0.211084554802065	0.082089809065316	0.117015654312233	0.0845750546011799	0.534225370228517	0.598202628761699	0.091457205352827	0.0811692299394323	0.186936394910588	0.17993130073542	0.214780331284004	0.219486635868704	0.410027010090713	0.385013218679952	0.511753018101204	0.593309973134132	1	0.307789850444784	0.0348325324629362	0.4260457667887	0.10588845538378	0.591741623971699	0.476637670497938	0.228204133330056	0.179892090844824	-0.272087957564182	0.209003262338469	0.375984595957785	0.379398891023674	0.413981107729918	0.122362875213926	0.172029113629835	0.377225437262132	0.125009395926712	0.110973899601907	0.0698150278300045	-0.017650152373872	-0.0517797019737975	0.131549024658017	0.271358155239097	0.0563264484404685	0.237664235994759	0.155854888933732	0.169666871084265	0.0482014152452018	-0.0920508884705906	0.349827773195219	-0.196739278841565	-0.142284415125491	0.13891698513337	0.130598936381809	-0.0953819513246279	0.048114804289418	0.126837658160747	0.31252658419153	0.412887475921483	0.508695007338346	-0.0351659388194299	0.108313925248139	-0.0946980485939663	0.183365381472608	-0.0664407934749117	0.136874593727146	0.119308974320845	0.480141257515706	0.392830663243773	0.610871374707161	0.187893734270454	0.135744371881555	0.0939833880058598	0.545907961720098	0.419655275193141	0.39882971424664	0.348853434032817	0.179165318658887	-0.0886609513831853	0.251702420650852	0.165954133201129	0.245790974927282	-0.0458987863249178	0.10683338004684	0.166291317569828	0.247769893418776	0.0850700428317604	0.0897761776306174	0.155393982842589	0.369171707150598	0.0764065725909008	0.081773810510372	0.216731805301307	0.0454871763942403	0.150112484146273	0.0573332107462622	-0.0561881358458608	-0.188184780772473	-0.0407154903520109	0.0845056956962039
0.153280448858622	-0.122436199237478	0.172846274032849	0.259942877367692	0.191598983953258	0.360213569302265	0.354796299895224	0.0958886730788873	0.301480775556999	0.532032027528879	0.414733820168115	0.546740813052255	0.431616328905453	0.0857793911907682	0.410716260520938	0.311708936515914	0.606153279069834	0.284102706296649	0.354645536166375	0.307789850444784	1	0.248442271022914	0.490458665529573	0.177224104834783	0.374121511250483	0.464211239798979	0.320148932191037	0.158658486786263	-0.0155399121448687	0.344551642600499	0.424473428390264	0.436744266252496	0.559290463661351	0.137937499704873	0.444846238246937	0.231282645424334	-0.0714957389445665	0.171146684794132	0.312387453753507	0.210144087076714	-0.0691903328625328	0.218450256152683	0.541554758813174	0.170536372572643	0.192059620722133	0.329088297659808	0.33522543710952	0.31290342786889	0.0660773316667462	0.583301126165563	-0.0553882138946083	-0.025974910534909	0.166612852216807	0.429680082596108	0.25150823435138	0.25667858661695	0.17282677626465	0.261765386566085	0.342083401667877	0.486651343105744	0.323541197918819	0.467132757781834	0.336856873034002	0.424078002752884	-0.0505867879855618	0.40515907855317	0.209037872845586	0.412476961476636	0.324486280528829	0.468120140039482	0.583965609695895	0.525575938781599	0.0901213632675344	0.397713275865679	0.255938322867581	0.366439350858139	0.275754630639323	0.133391457950081	0.0984736513802187	0.104439352951692	0.026017640391242	0.522505431008587	0.0628377304058815	0.133599235889091	0.281860061421242	0.020669197801777	-0.0338871861990348	0.343269796516896	0.454790837045665	0.174860008419348	0.244896147126197	0.0370314481159648	0.183694596843619	0.146208135144755	0.40735517727626	0.261593259562177	-0.022453691264105	0.0712678093157074	0.314442869337884	0.587262964868693
0.264080470882791	0.190626899777826	0.400611014730224	0.285387035248072	0.391705816798426	0.42309106671798	0.304607422459075	0.048151057661535	0.119837370340608	0.366515916259767	0.231580342131077	0.55983214615692	0.178650666597605	0.152190681772416	0.397048082097025	-0.0879628599672336	0.0726078607746885	-0.179457486135322	0.123433498111891	0.0348325324629362	0.248442271022914	1	0.449695452798369	-0.0516970593433115	0.105225614721071	0.214010415828201	0.266998888502521	0.121311735663381	0.372789162692776	0.136687664689794	-0.125762329535364	0.00121701959730027	0.201479044059288	0.0758059686510568	0.231746520441293	0.0738323837082526	0.0140117306155401	0.0542593069484936	0.115674787666235	0.249988195619273	0.316763609816937	0.127737248733528	0.244000909339364	0.235098680024946	-0.0921210857071046	0.417590329500436	0.349245000148368	0.281720341230407	0.4808845853777	0.280219197255549	0.0476403679584324	0.0792376472941528	0.191547357508292	0.317741531739297	0.289379936764571	0.321826619224816	0.234833351178443	0.237196648628411	0.136347555952356	0.16186576411957	0.341016366759494	0.416750692301401	0.362822102497098	0.134079116320723	0.132001859095416	0.360898741428222	0.103098537796475	0.102800404596356	0.225391444803808	0.213169221271218	0.300116465703438	0.488608589308554	0.0893340066422533	0.307635534762594	0.14713473225066	0.300145382534757	0.14946531378079	0.193766340336668	0.335558567104327	-0.08456697767712	0.0495479224391331	0.291896743467961	0.0681769842863685	0.0597130182390269	-0.0222981054932036	0.00862052636898803	0.000375404116102141	0.250158717459513	0.266709112213588	-0.0291284176958896	0.149240476120247	0.171182429355525	0.240158976075691	0.261610223662741	0.394538934073882	0.38762833479907	0.308899870278087	0.34582469750552	0.304865269563504	0.416892999832648
