1	0.67998526181019	0.683084504268755	0.749320601617022	0.66871927180162	0.646463969820511	0.783348036639879	0.325485253411256	0.53331019577457	0.524051092679085	0.305536867197391	0.399906220774345	0.356049487791241	0.671010561275575	0.728688831343345	0.615620143080193	0.492670036421666	0.513172796157018	0.404257680727791	0.164396522170688	0.57382275538019	0.321827227198665	0.373213093004867	0.385372436593959	0.464382929396562	0.206540632936897	0.442828739547658	0.55841916564397	0.0504147587559324	0.530337113538465	0.566184924602464	0.371081404005923	0.315486111811083	0.333144697515367	0.54712320331904	0.509794471986766	0.369976235811184	0.0406704851271624	0.560592219992673	0.51794679158082	0.345078785278076	0.50631198616926	0.488851990190305	0.209312738066177	0.152082246203582	0.323227968793741	0.449803324983322	0.618800635520186	0.520346036162448	0.635443655304108	0.840338583964494	0.674142311748199	0.67992921155736	0.732099797435766	0.735237353026911	0.712935321738476	0.422929995701075	0.469346783198481	0.412166914992227	0.499822832047023	0.682975631232129	0.415080817285133	0.629986163292066	0.532553227685964	0.754774926136699	0.665699172907738	0.503029248948532	0.463122205975036	0.434348375696106	0.330762870065058	0.500849297017385	0.490961267026998	0.303531603938609	0.39547066018897	0.242009848388236	0.42385245427975	0.148203308178264	0.587497179535928	-0.0732091190441016	0.285132782415892	0.505303421605516	0.481035714760121	0.562066020513217	0.383945312538091	0.461747883431652	0.477667634672663	0.339685014891325	0.578713829141647	0.438732531795753	0.0874201514787818	0.498671791182867	0.536465272456903	0.200574549389388	0.359848029165715	0.189933322673096	0.721277791208937	0.486103533065082	0.265653055984218	0.592747853822318	0.668027900883065
0.67998526181019	1	0.856049515512959	0.858083666532632	0.277215104169071	0.439430722515299	0.679962468521595	0.0374529478728358	0.268397137787707	0.242784861757375	0.170230200040482	0.196870845999772	0.123348328139178	0.325839485731584	0.756340008547065	0.460634803259079	0.42637008921139	0.277595956264779	0.121992166941541	-0.224823672934089	0.412799641203237	-0.0158423273341272	0.0755874237023366	0.111894952093651	0.14128410457567	-0.228079426019746	0.0416107057378209	0.680027107722446	-0.153139418461558	0.540198572994401	0.429391871916845	-0.052918094278371	-0.0192444937790165	-0.0252191679156694	0.369708411896514	0.17481721235552	-0.00483594920146928	-0.354126915616287	0.414551395477699	0.201957539262273	-0.00264683577388207	0.308694346277422	0.314604224870347	-0.228158913856006	-0.296050615412268	0.00561233201621063	0.120618939305976	0.510829731018188	0.154979471863329	0.611327226881792	0.483308370087928	0.865923770057272	0.652083336381405	0.712203061782307	0.537528370553738	0.742992431132948	0.339953183543304	0.27901691619653	0.271190000646662	0.227795585353035	0.370873906018098	0.127537058263361	0.539699383744271	0.545673051770972	0.581748865891555	0.431731487555095	0.318022553321329	0.393439441542392	0.244204921097442	0.202603798661655	0.524999598712928	0.267234187732206	-0.0405195285914404	0.0957890905726741	0.256778174194649	0.0790538998028406	-0.264359359677056	0.494151801361154	-0.370157999114403	0.199065399783937	0.189027697190142	0.257955057558176	0.403222225959557	0.0691906987672498	0.237196976009308	0.0976126012501064	0.0095264145054826	0.488044596961017	0.203158048638363	-0.107382054819569	0.395894385927597	0.258072222791323	-0.194381498421204	-0.046809138978722	0.0180241961377611	0.635420725249046	0.253470277421966	0.129996894621138	0.50696858587526	0.516055033896831
0.683084504268755	0.856049515512959	1	0.805746803907825	0.462846097298997	0.467358197820525	0.739912534449949	0.0598176762535955	0.293536400524608	0.207694397240499	0.0827186557481316	0.0640236552018544	0.174835835682393	0.332298638406966	0.72805092066183	0.501349430732685	0.443726466333055	0.241032087474234	0.127861798221679	-0.173080324436231	0.386498729388913	-0.0399595993188312	-0.0956573131557468	0.0718773416869092	0.160571477825584	-0.22113527077948	0.00262526218374759	0.661564712334966	-0.0492893083025886	0.511456200626705	0.441984686631797	-0.136349828192295	-0.0626523951639076	0.0735100155956822	0.439505786265937	0.301038769332277	-0.0244906408983643	-0.36599569852002	0.402389140713253	0.145451460877894	0.108919838550326	0.239666537260779	0.358525447897386	-0.228944247926797	-0.267172610051088	0.0036685861744459	0.0744078288865986	0.458159223198085	0.24474144088962	0.50775544110084	0.596726310756966	0.89177878977188	0.584561962392506	0.74799525875597	0.558730514780621	0.74044124763678	0.382813203593734	0.277201560636035	0.196984086162478	0.253063760645565	0.311793072497788	0.0513911424745669	0.425770557196598	0.487137627868919	0.564057964047874	0.348744381216093	0.326785691274683	0.268962220884316	0.210947808750642	0.16886796614443	0.368935474639594	0.148085301277318	-0.0561310481412025	0.0703539521667722	0.171816572300661	0.0538614601081809	-0.258033932992409	0.581329079635563	-0.231080148771573	0.156836819499099	0.0946666274233367	0.175542896334594	0.43442572019017	0.128033330860064	0.190761312815917	0.00135069875110752	-0.022615470786282	0.486345151826069	0.194635415078843	-0.114767335826227	0.327776228458663	0.199838195107297	-0.198124933401264	-0.0335361848322603	-0.130074671365476	0.564728957820285	0.204402960702371	0.0898975768191395	0.448557392899017	0.435668842969634
0.749320601617022	0.858083666532632	0.805746803907825	1	0.493090952270661	0.636664350688417	0.825239019538179	0.172004486082821	0.417749997805812	0.381301975641591	0.153006978773078	0.278612674895659	0.212437933381463	0.385661397866618	0.839685991673439	0.513419251708457	0.484244667320603	0.35044588008731	0.214888699701305	-0.0841593082256667	0.455616762852519	0.0766083962575655	0.124317074554512	0.324406371255579	0.260381434234859	-0.0849235206019113	0.169263372131435	0.599802927425725	-0.142338200025447	0.459090958497093	0.519038298718382	0.042881955725511	0.0306087000659043	0.124079322787952	0.512074015421313	0.272372321627175	0.202341480124728	-0.262310315282048	0.577292425954377	0.287656540318621	0.109340727766	0.404914281897336	0.411714401202813	-0.0485840131429034	-0.174825294587437	0.134910424114166	0.223184107980744	0.594023174299873	0.230650893428053	0.644509471152913	0.60770065837224	0.798365922783036	0.741772131942577	0.82172196284466	0.713947905237411	0.884023090399902	0.450278037110323	0.369909431861942	0.290234118523854	0.366744530289178	0.49174713952639	0.246986269615997	0.60325784838058	0.616549274481063	0.62432799004389	0.512696493284582	0.373527622907707	0.434866824241713	0.298127575559942	0.263229334608649	0.537431244681106	0.301342213048831	0.166885407578372	0.206049585452106	0.238060351318893	0.275547992699444	-0.129929060286837	0.419142098056175	-0.297301451976189	0.225156808800222	0.242703262667748	0.346063828067563	0.423984969222935	0.211077206208617	0.335505335237636	0.11651704721689	0.200767964503224	0.587545212792728	0.272416286146675	0.00153581995990091	0.545450197795901	0.355610029465079	-0.0106926101766298	0.0309269451237662	0.0190865919083983	0.720085661858304	0.264218590106577	0.153569786066574	0.633070757990232	0.570398022845229
0.66871927180162	0.277215104169071	0.462846097298997	0.493090952270661	1	0.710893900542746	0.587331932438904	0.278590492116443	0.395938043837564	0.426561806987283	0.159859532983471	0.238498441097139	0.206922723148846	0.527141176537722	0.420251195553047	0.348586208389689	0.28609389273109	0.324426832812786	0.227951830691638	0.207880616688632	0.3815797951752	0.403269284759088	0.151582630886012	0.402223716548315	0.361022423657996	0.222945786633556	0.321557242374443	0.239042471225829	0.0587475136390491	0.167562416908439	0.302222453670417	0.214914422709951	0.184108003464246	0.311991254352399	0.498999671549384	0.416202532680653	0.413858808140459	0.0433002874178431	0.422153242560719	0.418743055332998	0.387169407492308	0.402322969546508	0.342238248250525	0.240258738981309	0.194899542601028	0.361637372505647	0.353206869441349	0.49977021042164	0.604661497983671	0.310419923450631	0.779580756925874	0.336108980910784	0.461588130560083	0.628210570222383	0.667798076251204	0.468962980202593	0.242951019812468	0.285742182069828	0.129934300754306	0.392117180712204	0.502252901568245	0.321647176811839	0.363259261694197	0.252910651918307	0.498641025370345	0.469751868665997	0.272428371204949	0.198290906810569	0.150183793242008	0.180467213552931	0.291796971623619	0.32568784951577	0.365995088370168	0.313475800816509	0.0464751372173538	0.370637568282349	0.136586810849441	0.389055838203765	0.206044336977192	0.0688851656967107	0.319085255628578	0.355567977939624	0.410838147147575	0.327264752858861	0.326990534277106	0.341571546093573	0.359059772530452	0.364749952642756	0.334274517358388	0.0769024006394571	0.31466650229949	0.391797648892228	0.220214269909252	0.407245788939722	0.156183592995509	0.445673226594379	0.412718948150341	0.206077791253965	0.486149919778123	0.444093017443001
0.646463969820511	0.439430722515299	0.467358197820525	0.636664350688417	0.710893900542746	1	0.717359476343141	0.398917319476741	0.537283838200294	0.584383949241256	0.257003556131996	0.433003825190431	0.214335019158649	0.451109334855384	0.64600157425198	0.495564049293849	0.396982606252679	0.480069874317483	0.307359396348482	0.293610852233985	0.50934994426014	0.392465472521521	0.351114499440391	0.46096600751081	0.436335930254453	0.200220202082851	0.419576430745172	0.277318675426787	-0.031810511839742	0.243855021871964	0.502376051970092	0.244503144115776	0.256137839509034	0.296472645080268	0.566102167342386	0.435071105408955	0.388685933856754	0.0761286089609114	0.549028302775565	0.386242157733388	0.278085677677405	0.485377671420028	0.491045706783016	0.261351764280466	0.15917367804444	0.40093354331171	0.491636358921233	0.778251107510468	0.404950025568704	0.49057403808463	0.62358528365591	0.363605648723451	0.521445675067767	0.82601488806772	0.856263441153775	0.568616077026199	0.34548107980257	0.387661815695933	0.242859747783719	0.448521417085094	0.50836571791276	0.358041967836368	0.556675979322851	0.388632858000132	0.503219731540653	0.513399700430775	0.396809721312644	0.411186844915305	0.270308339543484	0.263174096839091	0.478012049250212	0.471589963019374	0.39520651496023	0.407580796643702	0.213234627501961	0.380339621728656	0.217386780075131	0.261803876413487	0.0807472963275317	0.26101007899499	0.304493858797284	0.357463945984108	0.324486661967082	0.395688780194922	0.435793309600031	0.435104089927291	0.350768003418194	0.498908371226359	0.384570991055937	0.186603211317475	0.505412124802001	0.436280000459952	0.271348123430225	0.294017812467364	0.289745213210416	0.7250128567839	0.35955802001386	0.212907057031003	0.588178697738121	0.567323621000561
0.783348036639879	0.679962468521595	0.739912534449949	0.825239019538179	0.587331932438904	0.717359476343141	1	0.300813963689061	0.515278064266948	0.47402841131638	0.180223444617015	0.344002072060463	0.272664407795145	0.492904533698199	0.743631274903314	0.594439084447343	0.461070579579777	0.388922284603717	0.348034858323451	0.122962160389211	0.502584014557649	0.169810174867142	0.225906867272677	0.347859979990372	0.435977846955453	0.0755686778333316	0.294994122300189	0.482057636353658	-0.020718173909548	0.381320385334183	0.501866077742531	0.213978781686031	0.210181584350287	0.275189551409403	0.73317672326352	0.513287898337797	0.294943939014349	-0.11180916145393	0.632131322482333	0.37719246382571	0.237716771696008	0.433185951026742	0.520954208916287	0.131428891777963	-0.0177948817654621	0.216533993361469	0.387713416553491	0.743407945894141	0.349440552607245	0.552674206592713	0.644743597733809	0.696993258940854	0.628176472771798	0.763139929605844	0.769536763159946	0.875870786594818	0.376431477765697	0.459929100637735	0.346697903021121	0.464938045490183	0.518565073238169	0.307934755581569	0.583912031890833	0.463069535896725	0.641989281969986	0.574398593225687	0.430210192807268	0.354135454337924	0.378195295802296	0.326302721852064	0.441434510272596	0.367275036256669	0.245193210727673	0.308860253379233	0.209619433482168	0.32401091513425	0.032085389727186	0.428919806878865	-0.0666116962004382	0.25773332929538	0.334346653869592	0.354897948720614	0.468267884142868	0.361742407058386	0.352177695233054	0.263671644259789	0.236494383143562	0.605346172353284	0.352919916712143	0.0655360928894229	0.593477971895363	0.416584097213275	0.134057624009445	0.134336423667227	0.0823015948697285	0.775126423746409	0.324170905262865	0.205128141799442	0.579355125724013	0.559695750758765
0.325485253411256	0.0374529478728358	0.0598176762535955	0.172004486082821	0.278590492116443	0.398917319476741	0.300813963689061	1	0.821314449379301	0.56741030093674	0.268895975522797	0.498406164655577	0.651185412704226	0.4790031000182	0.29571595576529	0.506935099805038	0.540794772621568	0.726275915931255	0.785709226494748	0.827377341862438	0.432385319231562	0.373167623141689	0.359749462962429	0.61245849653538	0.848410447445814	0.441201001238	0.591113767732803	0.0433263885433263	0.357565649887224	0.160258815849449	0.434509963087953	0.501098597103805	0.634076591509449	0.566152926244069	0.331473880872311	0.551176356670361	0.448254401500008	0.53962897127406	0.270064227443378	0.379476143465329	0.427939657351462	0.465954205398054	0.364144714472717	0.508712144010625	0.576357989320778	0.35310589716041	0.511428181455813	0.269978427986002	0.401544587770211	0.288700327792844	0.280359226297956	0.12566545601025	0.236450023325479	0.265650338491362	0.331419810841384	0.280019254641754	0.563795436308246	0.733668969357807	0.615164965544877	0.684641455300317	0.494545699758183	0.40053644652028	0.37754028975025	0.470003873786186	0.420577995019984	0.410887124372695	0.506123780758902	0.61176077230267	0.679348530692637	0.708800021957554	0.387094149521972	0.428056784948845	0.592022105242881	0.722712646826245	0.331324979241784	0.53854320978998	0.453854304211406	0.203800698738463	0.169754598560441	0.473360356432532	0.355887468363732	0.445924409539666	0.301631985077133	0.508092130603583	0.530133970952911	0.396792746843778	0.374848283447302	0.392403777936339	0.414100346674092	0.595129305193781	0.2660962752891	0.405777999728832	0.461712314525115	0.382561338328018	0.377778032495998	0.269914699440888	0.361593962312948	0.21235423426487	0.428294675263611	0.402962881530999
0.53331019577457	0.268397137787707	0.293536400524608	0.417749997805812	0.395938043837564	0.537283838200294	0.515278064266948	0.821314449379301	1	0.537535057134669	0.208358211031494	0.49700339881932	0.561998634388408	0.56895105846598	0.501168299023967	0.623133434165742	0.606746033757224	0.687623670841059	0.817473648426118	0.741556785517363	0.545491921729215	0.314742413966359	0.374484498390165	0.69280114942862	0.864002016485805	0.425978092812139	0.597320042890909	0.213998177758849	0.199991536708591	0.29769268980445	0.598994185105904	0.506817464828324	0.591698070740156	0.543568959927055	0.526464467605643	0.601878460797097	0.559993099102938	0.509060787899646	0.478580732556696	0.420517809166602	0.392654202232784	0.495797519873974	0.579329964615537	0.507408316414718	0.543502230283042	0.480114265075694	0.593056888494848	0.441885489898203	0.466165550284215	0.477389880945278	0.502370794313831	0.297247619837407	0.437405417364279	0.473413176701901	0.551998494467926	0.500071575269992	0.627451202953047	0.860110539249358	0.770826037764578	0.911098494419422	0.538071981037428	0.409980324105652	0.429882825096591	0.546748769909498	0.595631021473286	0.560507502916321	0.650196547272899	0.704377076902432	0.785359893390152	0.812062050980823	0.463948712852552	0.432814832492759	0.653227455030368	0.792945099075103	0.519146835027072	0.597163905767371	0.414015811345319	0.295462394023907	0.0778285059911301	0.62721899212017	0.466906217549124	0.575568528561717	0.378099844955786	0.634357134985949	0.68786839075448	0.416105687210492	0.498143024777047	0.623003419169118	0.572297898393165	0.644003744239029	0.46178021556728	0.476504887205673	0.487912816997121	0.411315113601519	0.429724607577942	0.464709173468108	0.383226987888938	0.215273424640321	0.603209775970719	0.56296017432868
0.524051092679085	0.242784861757375	0.207694397240499	0.381301975641591	0.426561806987283	0.584383949241256	0.47402841131638	0.56741030093674	0.537535057134669	1	0.585300362207588	0.790229428229843	0.589296156049573	0.564700722340464	0.499633904340391	0.517296869592446	0.560188265015269	0.477523418836233	0.470363053215802	0.482100516740422	0.649425975499611	0.707043437854808	0.495025500158533	0.5328225000641	0.600092285188625	0.452968877604048	0.680178178038677	0.199123423728116	0.199078786361363	0.289164327337808	0.423859494697929	0.535009244317469	0.555211372211619	0.473805801416736	0.495325370484807	0.54016729236674	0.480179353783435	0.348984562315905	0.402741786346324	0.560930823345044	0.489848103416451	0.606793106081705	0.544377291912008	0.496982898466056	0.394705926363578	0.543682125169962	0.620616901707092	0.506335339871588	0.417663298432095	0.535177001216083	0.510458680068925	0.220549739832583	0.507233015319597	0.434463673202166	0.583407267537465	0.352720098996921	0.4148582431292	0.497664416535764	0.38670217928618	0.447771230623448	0.769717037323727	0.675532694624182	0.64948774887949	0.471216628622258	0.551499470168625	0.66559379043558	0.504503297357076	0.429716538479074	0.444653809690592	0.364852531572724	0.571477401060906	0.674752119450847	0.390161263567152	0.550814793264316	0.24362221763835	0.566104663991076	0.497025044996897	0.337742662348583	0.157998245513097	0.284802319267251	0.529220094740323	0.543649355289991	0.43569682510999	0.504864230611474	0.525308611093641	0.638237749026	0.38013637372603	0.43642299025057	0.507044014833141	0.270044424050242	0.386185581668868	0.574638411739911	0.521194790266565	0.535484224992587	0.465052960740801	0.556812135867434	0.486493662546432	0.474754232870358	0.567322831363254	0.579365078213491
0.305536867197391	0.170230200040482	0.0827186557481316	0.153006978773078	0.159859532983471	0.257003556131996	0.180223444617015	0.268895975522797	0.208358211031494	0.585300362207588	1	0.597173524584009	0.27765050780975	0.247470274542328	0.244652223690319	0.228276275631434	0.370304405347296	0.332117328390436	0.104437252549307	0.158303061065547	0.435885382948919	0.431352680563635	0.380884883516257	0.250218985308294	0.262245560424864	0.162220526547304	0.388920726860975	0.20381806068614	0.0923870610227086	0.174773128244475	0.243857536114823	0.337533819528404	0.200227829331131	0.0511644619027358	0.212698113013125	0.191359641089996	0.260998237976725	0.0885467270986197	0.267609298046256	0.300092985272679	0.16973187884171	0.187744402933533	0.400946807644002	0.306332699581965	0.127441916679551	0.33994211861053	0.288509923345474	0.33447975755178	0.132918652009214	0.327283175271728	0.2333747507269	0.136013744867213	0.19558096144505	0.161276586365619	0.295874683676612	0.0674893339762627	0.254636312503327	0.241673750936936	0.156251496598722	0.10483782002452	0.504466632504263	0.499316460025009	0.502304610288338	0.280103190772589	0.266130093230375	0.319019372580816	0.230914697263169	0.337137038304412	0.106757291941185	0.0727036941311161	0.539476170529663	0.441752077790246	0.210737743088937	0.271602090349194	0.174190743105243	0.275703118361664	0.332418786481496	0.233855999844697	0.0851528117186801	0.264003062123883	0.315341836533332	0.316302674444126	0.289580789148611	0.3083722209315	0.341766063901062	0.379150950329336	0.249311616008247	0.193570979826827	0.292687086616938	0.176155398456502	0.304144719217311	0.326747459641053	0.390823915947309	0.247470372456955	0.226303679631816	0.383992082038349	0.254976085701577	0.399289178351076	0.3479441570924	0.333078605521856
0.399906220774345	0.196870845999772	0.0640236552018544	0.278612674895659	0.238498441097139	0.433003825190431	0.344002072060463	0.498406164655577	0.49700339881932	0.790229428229843	0.597173524584009	1	0.558579795349813	0.36980846769146	0.370878168921616	0.29610417832762	0.484611100260307	0.397368193143764	0.420039596337846	0.367178035525756	0.522488657718864	0.724053814371938	0.625812075187292	0.420826457652961	0.514174361825115	0.339076427298838	0.586472946388211	0.137440402413203	-0.0215167306360426	0.191041224343588	0.209451996978094	0.479121800752815	0.462936924665354	0.162445866491853	0.361479335998439	0.308514082749121	0.422159989533698	0.222779587080294	0.376933511683946	0.484446708845053	0.258438394627655	0.458071481111667	0.450561131509856	0.4415887471793	0.247327837167326	0.546324557273448	0.559744365363439	0.461066820215196	0.221881689316825	0.458482273319075	0.294406922092348	0.119071860548626	0.342011667585854	0.306636749934875	0.408605030182001	0.270502692591576	0.408934870767546	0.498885320078287	0.379332991768483	0.465525670516218	0.652601587775441	0.645539605760056	0.696509156350987	0.483497426130864	0.352464447940081	0.54723574644815	0.316536752884262	0.397813211220191	0.371754764022744	0.359710395263714	0.54205367921328	0.70441592372839	0.297971278651293	0.432202461303007	0.205975304830517	0.451230456826627	0.377288465244342	0.226519030926063	0.00922209605548911	0.235375011145258	0.519610182661719	0.489719065130192	0.260335186635279	0.363193250512437	0.411691480138063	0.519978943986106	0.29397263466194	0.268032959339332	0.397437619006949	0.218877801336533	0.404590953370016	0.528075233423463	0.470723824708535	0.397496243640306	0.48709369363791	0.492587123973518	0.330854801280321	0.389559171001268	0.487993761127044	0.429681880884567
0.356049487791241	0.123348328139178	0.174835835682393	0.212437933381463	0.206922723148846	0.214335019158649	0.272664407795145	0.651185412704226	0.561998634388408	0.589296156049573	0.27765050780975	0.558579795349813	1	0.336518008589236	0.304499868511906	0.485182667649754	0.673580078137617	0.495395203078989	0.593272248246923	0.568735374357035	0.451212777700057	0.438982740673618	0.36698930640439	0.468494812024119	0.643133012145946	0.435088718004125	0.549295889911648	0.0104783726630187	0.265272403897338	0.219322095635036	0.365239964924174	0.526612141669638	0.650235534394575	0.510303990330624	0.240912357199605	0.538526912708952	0.317158442085263	0.380594735657374	0.17545258120552	0.316994545189214	0.378827038996288	0.401727944260874	0.342973209715944	0.335988541158806	0.51888136760974	0.376208748234608	0.51719848247391	0.140978030313716	0.220995715743862	0.238901331668361	0.24776540785254	0.167374823722285	0.443931734035015	0.200173248487141	0.230289881279202	0.282630366533956	0.659671251967939	0.596296555670459	0.448273622511492	0.569582143979221	0.517477830033945	0.507148272797295	0.492241780507514	0.676041915772804	0.4419412691096	0.48251080936261	0.49237619898079	0.459863999985447	0.589595817686845	0.516597624386694	0.356977556036875	0.442876933638349	0.388506407514284	0.499145646575022	0.241799383406032	0.538669932028293	0.389133391133431	0.229756815830354	0.101613704288144	0.292340978563238	0.403164718152477	0.474003047811872	0.287687471923029	0.400443060853056	0.489421586935091	0.418433345325835	0.276195190941491	0.350931634787497	0.446515996342824	0.382897932989593	0.132782720035483	0.326050115187656	0.328638621552824	0.312383732395649	0.191581881997296	0.216517109540902	0.269143005034069	0.199652689156995	0.37815754250119	0.408680632340859
0.671010561275575	0.325839485731584	0.332298638406966	0.385661397866618	0.527141176537722	0.451109334855384	0.492904533698199	0.4790031000182	0.56895105846598	0.564700722340464	0.247470274542328	0.36980846769146	0.336518008589235	1	0.528467801502406	0.596277993712758	0.443625098484596	0.50720722991512	0.579548377804333	0.423281642071043	0.593229449468288	0.359826397859534	0.35683730740898	0.533588491969456	0.568441298360673	0.471575733918149	0.554145675118559	0.362037466909427	0.289156223829371	0.49109558229936	0.483659664746438	0.471729960299115	0.463329913374101	0.500494344954839	0.435044381698632	0.622405418261564	0.412845750963639	0.388310377651657	0.39498078019901	0.591164689463385	0.49882703778154	0.617013673460292	0.475399396986414	0.432100939722605	0.389043016721157	0.455255597288077	0.542108262618914	0.405119137339712	0.745510965071459	0.539776861913209	0.710579017780999	0.395153920118618	0.526548089411151	0.430237347190295	0.499271110308117	0.410578073294798	0.34425069090777	0.516556990539616	0.572654555569596	0.542080608246087	0.639209328732022	0.401468805014779	0.380147047836149	0.311539932100965	0.704424893914516	0.709328308019785	0.584333756261066	0.433034075012545	0.569308621030609	0.484991756228168	0.406559811353032	0.445711087899743	0.47681828503071	0.592627815817841	0.330320187997523	0.473118570547615	0.380424426345417	0.540012075719822	0.131526018073418	0.398824799506597	0.505960192039411	0.486955531522984	0.556076261651863	0.515374284142308	0.555452131541275	0.48972369834199	0.351053602245152	0.465355705761113	0.537361865717643	0.252460920757937	0.29358306721731	0.561653155798546	0.400791514946854	0.570143351540944	0.371190740115475	0.464544091415871	0.650760603709305	0.362621959493875	0.539096987613511	0.633989391820514
0.728688831343345	0.756340008547065	0.728050920661831	0.839685991673439	0.420251195553047	0.64600157425198	0.743631274903314	0.29571595576529	0.501168299023967	0.499633904340391	0.244652223690319	0.370878168921616	0.304499868511906	0.528467801502406	1	0.596014505972424	0.594482246250879	0.435121546324509	0.345297109696951	0.0750120081048364	0.664791746494454	0.170916157914158	0.274349478695539	0.343601763081723	0.393335874336109	0.0520453160222119	0.329276495102063	0.603479491988922	-0.0286188303855336	0.550089453832235	0.559864713549364	0.162456986596652	0.204378525624699	0.238979194150973	0.493914577225003	0.365260267710054	0.241182582877349	-0.0507261028271408	0.565332087818485	0.37934114489024	0.221936937633479	0.535866203271888	0.609529616938469	0.123556589218717	0.00978624833672891	0.312056820837971	0.392721513060863	0.623444907150452	0.327252001188667	0.797879270278927	0.631145470535704	0.723780850182923	0.705401181544503	0.801011030424093	0.719715261854006	0.736457957291811	0.526834000121348	0.485487624915807	0.418430301314846	0.462467717152373	0.52925654085991	0.324795985609914	0.594459011617074	0.577882170694134	0.686035764462568	0.612710038241168	0.502999262126704	0.500873770677628	0.426542287268385	0.344437965503112	0.550538107905611	0.421046052736162	0.204383357729926	0.347390900192581	0.366611371308068	0.329570010296843	0.100236694615995	0.495627544768727	-0.255225783505161	0.320754707494667	0.319573682037029	0.389240888793045	0.449676912703465	0.397982883726926	0.407507230472631	0.231889150218094	0.208684646365878	0.547930603347284	0.393359020210131	0.0753898229238691	0.487067477082147	0.467461766586001	0.134911587547907	0.205444791685295	0.181853058468914	0.692636805182738	0.341502635012407	0.124434144743638	0.674642566076687	0.684813816337054
0.615620143080193	0.460634803259079	0.501349430732685	0.513419251708457	0.348586208389689	0.495564049293849	0.594439084447343	0.506935099805038	0.623133434165743	0.517296869592446	0.228276275631434	0.29610417832762	0.485182667649754	0.596277993712759	0.596014505972424	1	0.666313606584154	0.683137183344311	0.607566386259949	0.405682053309264	0.716296554467704	0.23461720878753	0.345112785822363	0.48703276314646	0.662723419590775	0.461726497156947	0.609266268619196	0.380212019020284	0.265975870326115	0.586318146785042	0.872732498746897	0.49933573159691	0.56392859422473	0.551040814047732	0.57448506146617	0.813436708643564	0.284413065155105	0.376591599353005	0.347029269973141	0.329640781751597	0.378779291144875	0.497093870706994	0.63378200936805	0.307546054249487	0.426161697029625	0.423865972663966	0.568885475885827	0.441279538277443	0.364470829586152	0.470245211097699	0.577367048914164	0.528139676797906	0.576757071098142	0.536405933877113	0.578837732456137	0.545771398448636	0.55448197901068	0.657511253404914	0.594553148240004	0.554849537487281	0.505389154076119	0.339481950778363	0.396992935086064	0.41331282608188	0.732181817384627	0.643856935965973	0.893774835361141	0.593112326342791	0.692231770229351	0.506449602148674	0.458443680700576	0.377105540443581	0.387071169670901	0.606652608174701	0.582147134263623	0.556438205912275	0.462997856207661	0.474200033080795	0.0850227588854963	0.61855516466449	0.477443094272821	0.460029107557758	0.541573300337887	0.596390819199881	0.662111770862822	0.48293603935588	0.267139362821029	0.780276851666371	0.63715618618176	0.398148119862516	0.364031609124601	0.361850598320086	0.336903095204489	0.285663216424792	0.271201183900356	0.575660080531257	0.490582267997118	0.22641735787336	0.565062159355521	0.668155805803228
0.492670036421666	0.42637008921139	0.443726466333055	0.484244667320603	0.28609389273109	0.396982606252679	0.461070579579777	0.540794772621568	0.606746033757224	0.560188265015269	0.370304405347296	0.484611100260307	0.673580078137617	0.443625098484596	0.594482246250879	0.666313606584154	1	0.665842791341973	0.535606859090914	0.375446599018267	0.775757293616106	0.324459456447942	0.353339968423868	0.442762249203877	0.620319018902505	0.326777286231137	0.509281124236641	0.36302303069137	0.117253418328784	0.442661204532545	0.649539420265508	0.336345570056626	0.511351382931794	0.328748984526192	0.441791568549511	0.514909629302638	0.244969484510119	0.21035272354153	0.350564897735481	0.282815980198482	0.304386768476231	0.447704268251212	0.616191549347158	0.270626274330671	0.302303429096146	0.441526972237859	0.531503021162269	0.362232294437072	0.261968856877727	0.526313963376511	0.388913075487522	0.431838032375642	0.505350020445678	0.47243725005864	0.482469829154008	0.46358998005491	0.638372398183651	0.646895823402994	0.560169844731902	0.600373819314547	0.42315958216607	0.380884874200742	0.523241845545441	0.621239374213855	0.539814384981942	0.555532915874177	0.647456711765072	0.630317823052945	0.622099694327027	0.53559459999408	0.616173462526525	0.41276185113421	0.306516088192269	0.542692486282446	0.534475963827089	0.551080938360896	0.315417425737217	0.41640868150664	-0.0189318904390875	0.518409757726961	0.360946879788603	0.413581356655753	0.508086443963322	0.470575674440842	0.578909194566063	0.269424335168893	0.230047164329474	0.588764686751486	0.510069070563815	0.400146847467953	0.315044098614102	0.337325842193582	0.331991385489646	0.315612840542016	0.294681879896296	0.463014463092191	0.317007214534574	0.237867270283572	0.587476501097448	0.531197593732765
0.513172796157018	0.277595956264779	0.241032087474234	0.35044588008731	0.324426832812786	0.480069874317483	0.388922284603717	0.726275915931255	0.687623670841059	0.477523418836233	0.332117328390436	0.397368193143764	0.495395203078989	0.50720722991512	0.435121546324509	0.683137183344311	0.665842791341973	1	0.633107323573868	0.573238174151692	0.623998647894419	0.277504554103456	0.421903269129883	0.596066874160605	0.695228254167305	0.46334096502418	0.586350813935143	0.291635130713771	0.196682208107644	0.347602662457511	0.755616939477515	0.494645238740718	0.579528869650022	0.518590767487412	0.392608469877444	0.595789878096351	0.390641383090766	0.415024083327756	0.392853604884768	0.362318985247892	0.286163115590305	0.43541667429359	0.465532255000806	0.388957008772685	0.511783454743659	0.401845632195382	0.552272161946198	0.386726340342618	0.389640175792545	0.44356798454082	0.41145799696647	0.334965200042165	0.354273048520289	0.422899324457183	0.497431691338306	0.344232459935157	0.547774507455564	0.673579061159249	0.599720166667553	0.567816372533078	0.498030741516777	0.379996747072418	0.385825229895923	0.454937566337597	0.564912618089276	0.519395604058411	0.673400475057164	0.716061210294671	0.646993077750341	0.608604555710809	0.529925003810379	0.400005738162872	0.548518667420514	0.686519553554532	0.495946701196576	0.547848818626484	0.400858753999194	0.334620322361304	0.105886284925582	0.639646724679794	0.413219897084979	0.465168755272945	0.449905208041123	0.467267465502334	0.627331459861802	0.408482533033073	0.397372533217679	0.609837158838596	0.465478997010312	0.519072988082362	0.365076080489453	0.417988843142367	0.379569412844251	0.450527816936445	0.378487485427032	0.461703025975471	0.415730095548357	0.216451650284177	0.538652393534725	0.550229397328107
0.404257680727791	0.121992166941541	0.127861798221679	0.214888699701305	0.227951830691638	0.307359396348482	0.348034858323451	0.785709226494748	0.817473648426118	0.470363053215802	0.104437252549307	0.420039596337846	0.593272248246923	0.579548377804333	0.345297109696951	0.607566386259949	0.535606859090914	0.633107323573868	1	0.747295640981222	0.486743352085249	0.320065603143437	0.438832862875155	0.628866901665258	0.828332643876794	0.521888494608543	0.617502446995473	0.0857536939911254	0.337977991246579	0.328109461885501	0.464376377377444	0.583083620044043	0.660152632380319	0.572323880482827	0.367309113642772	0.651247792171354	0.500296579816451	0.601639820774464	0.279197493664546	0.42682834429032	0.492211719487929	0.477220896334119	0.415587487543474	0.523149145365036	0.60178511132439	0.413975128368951	0.633891563843772	0.277264035218383	0.487490975662925	0.319267710484181	0.400763564400381	0.209657651067669	0.329369530998218	0.256327904526783	0.305725199103517	0.332502102259069	0.483334013674897	0.769490479497087	0.813154108821741	0.754497465552801	0.44857261110189	0.420306445324864	0.305039675386613	0.429082259139394	0.539287811036249	0.540655691531833	0.630469959514627	0.590503008967252	0.846788484688248	0.775894771500425	0.312572393435181	0.47735294731568	0.579586984221474	0.755013743917972	0.440271636205009	0.613611081461135	0.496267904802684	0.312389643917703	0.175763010195309	0.552765716772847	0.509498825985928	0.579132855782758	0.348484951163023	0.533570315981742	0.642625078553889	0.453889475278108	0.419928321242896	0.480081598945783	0.522720617018226	0.604307479075089	0.281244930772827	0.412230031710217	0.491087272697455	0.440414029167622	0.474369137184027	0.316859406421387	0.430561906144356	0.221542024456026	0.488676737246566	0.519177793713139
0.164396522170688	-0.224823672934089	-0.173080324436231	-0.0841593082256667	0.207880616688632	0.293610852233985	0.122962160389211	0.827377341862438	0.741556785517363	0.482100516740423	0.158303061065547	0.367178035525756	0.568735374357035	0.423281642071043	0.0750120081048364	0.405682053309264	0.375446599018267	0.573238174151692	0.747295640981222	1	0.33325269217144	0.334022915050598	0.351113070326942	0.621952605038876	0.786802491343932	0.622878521278124	0.622464211321473	-0.19861971679453	0.420866968563954	0.00726181783616821	0.343701264358897	0.548894734197055	0.684298912443178	0.680737626248287	0.295115214518691	0.525771595200887	0.518009697340617	0.796380697511938	0.177872344167344	0.370027007306831	0.4954375320886	0.368814598818629	0.323389829290154	0.601584669005256	0.763918160996257	0.450775705076056	0.564369126250833	0.148032747794503	0.410388421727229	0.121031172209146	0.208490459435601	-0.16078223796288	0.174859412500458	0.0721485708806783	0.214098526255177	0.073329739287304	0.434543467553346	0.67492773042901	0.622442843194884	0.662972301112549	0.424590772068834	0.436381768607723	0.192085361775249	0.299446048921673	0.307414274900151	0.3845894633371	0.488535838086436	0.546001173763512	0.635066065673514	0.689257511500906	0.25103199270107	0.369749874225388	0.657021239087325	0.761302462968414	0.3292938437086	0.533954630260112	0.576361720996814	0.0381782599332248	0.446791044729179	0.527857714292998	0.332764762121008	0.460278126730974	0.187218099085653	0.538475787386712	0.581878128772913	0.484442941231373	0.44461449318288	0.340052860703227	0.480390847614878	0.672090772662558	0.172767800106548	0.347928847754696	0.567307472331059	0.473752371717255	0.431363113986168	0.106178863006822	0.351059020251288	0.282316828192822	0.302183219326725	0.305907703669774
0.57382275538019	0.412799641203237	0.386498729388913	0.455616762852519	0.3815797951752	0.50934994426014	0.50258401455765	0.432385319231562	0.545491921729216	0.649425975499611	0.435885382948919	0.522488657718864	0.451212777700057	0.593229449468288	0.664791746494454	0.716296554467703	0.775757293616106	0.623998647894419	0.486743352085249	0.333252692171441	1	0.416043318056657	0.4667576972807	0.436328308940213	0.608906706994743	0.427665506069638	0.624001810436064	0.380806804098511	0.0817050711645852	0.50064645501565	0.678116572345839	0.447844958218917	0.513557967904931	0.368806804068697	0.502189515715052	0.538173720630312	0.30430781878809	0.306940225996632	0.330315853548093	0.387377402610613	0.364735469846644	0.59597006640481	0.763128839285996	0.376651273661575	0.392583660187313	0.607259512345274	0.657451262557157	0.45515176845143	0.397118399953451	0.681231526998495	0.537652050356263	0.383587235739137	0.498673158607431	0.526885213573707	0.590478250146342	0.405195597778956	0.478576684904872	0.551479659278962	0.505043527450881	0.509132781377732	0.526717254802744	0.46893929802866	0.493292074224582	0.422976088862334	0.612094889038377	0.696369839990883	0.716583589792562	0.577479252655211	0.538268667308113	0.433165556141726	0.649695854929669	0.482033890194184	0.317361631619085	0.557028300514411	0.610348224168652	0.469093860442922	0.487752441236932	0.445569189748767	-0.0311200519441791	0.523817097900603	0.498391749575609	0.480214449208025	0.493347793734364	0.598228932560911	0.603065404111687	0.501468336721391	0.291397351412486	0.579722350006246	0.666129316763084	0.312711920975332	0.333436881930078	0.407811649086292	0.410593044471689	0.429358293301255	0.451049271653841	0.543530526241244	0.460012976837491	0.211248010309082	0.629255354025709	0.675983059847936
0.321827227198665	-0.0158423273341272	-0.0399595993188312	0.0766083962575655	0.403269284759088	0.392465472521521	0.169810174867142	0.373167623141689	0.314742413966359	0.707043437854808	0.431352680563635	0.724053814371938	0.438982740673618	0.359826397859534	0.170916157914158	0.23461720878753	0.324459456447942	0.277504554103456	0.320065603143437	0.334022915050598	0.416043318056657	1	0.548162804601762	0.398055408367122	0.386641634975072	0.448819327911183	0.604481606975882	0.0499983811306718	0.0351481653070205	0.126920796551061	0.149211486079075	0.422474179372971	0.440831161627348	0.146436134701118	0.338610554777949	0.326412918960271	0.54920621711456	0.340752185511189	0.304056382416193	0.543181952942245	0.440736586700614	0.45110482053147	0.342381844855056	0.519454970777592	0.330030317421306	0.578444219486279	0.514968531579811	0.380562544889633	0.385655524632561	0.25117543284597	0.358285823783714	-0.0545600672051595	0.245555926073331	0.191087832183757	0.379722643370546	0.0634229602327268	0.201982597977845	0.306216893990144	0.160819594325868	0.268713654074589	0.555171017564441	0.553674831828242	0.486879703077444	0.225886667918654	0.223048241914517	0.454813066386237	0.278513765136443	0.192465910807448	0.17050808754228	0.145098527326472	0.32243514423413	0.675044715247471	0.297710046140745	0.386229836496879	0.0894467177200723	0.44859512473889	0.487581890774867	0.218075363793027	0.117337497771231	0.0851887963979283	0.548111460623784	0.41381102190684	0.258352032934578	0.361853550996253	0.288972124805692	0.596462043831884	0.43214343700556	0.196081283424112	0.360936383245379	0.242524563541133	0.258714178633475	0.520050028295064	0.507984469360899	0.507950693253982	0.444430269141902	0.3575527917764	0.376591098257328	0.311737863256339	0.367590079729524	0.295769976447295
