1	0.388376652232479	0.757652295423538	0.778057464620934	0.676791036693422	0.532031086812217	0.655662735552673	0.463666223362303	0.638915357289321	0.249675133786247	0.474369788427069	0.345503009926778	0.462243366281278	0.711434744523384	0.671933671104617	0.635576619768506	0.33360291993264	0.224618211001856	0.632875690705842	0.569462339391477	0.393926877739353	0.269593622752673	0.127604119172915	0.3862945042232	0.516607195226704	0.172145025670607	0.35682211191835	0.269581225231235	0.560014893903331	0.607346681701487	0.0797681307936248	0.147876775335329	0.273926710708968	0.4642865623548	0.566178906347701	0.575504093287929	0.187471120062319	0.00569138487622523	0.236590367643337	0.29306253608873	0.576687641804523	0.470428709377343	0.229888437155192	0.358753424102304	0.139509840332395	0.0831476486779777	0.408081961643112	0.413650936617387	0.517127769479343	0.432022870121925	0.778521918806671	0.342009252693447	0.782136131725743	0.684750498529976	0.573938531603659	0.716001344353817	0.561866908032302	0.654198978281372	0.638495846424736	0.653530371443434	0.506318599733796	0.470006286446345	0.451220337174969	0.399581427325529	0.610120133228814	0.618807071865325	0.543256031321416	0.542995527330999	0.62790532114959	0.56844190030934	0.515737947757446	0.284191298791749	0.436172822446598	0.5353883512297	0.0737831299006388	-0.130345042311351	0.111986968488343	0.276162239413144	0.34020155154791	-0.0854409748051506	-0.112266015303038	0.226827306724721	0.264718111124281	-0.310950351139407	-0.0899165904504469	-0.160542143213558	0.12149920471411	0.416945489049094	0.0516311675441991	-0.0561842854101539	0.248786641149372	0.251338650476247	0.182731094197282	0.15520612383004	0.103183890472507	0.451437441980155	0.400381577600453	0.405257438623476	0.565306925540499	0.537657262559083
0.388376652232479	1	0.681037086280499	0.159291371309188	-0.099764446543631	-0.116938623409117	0.0676248561696632	0.230369418545211	0.0729838605682343	-0.216265330290893	0.116145823703333	-0.0485205605620299	-0.113244915972324	-0.0240185379854154	-0.0700361980276759	0.285820989214363	0.346035897516758	0.385163406517958	0.266872433243665	0.0684087798935001	0.220909199698553	-0.00319341720451789	0.0906318697025127	0.0322279806539582	0.169414503616068	0.411439453292398	0.246852973924052	-0.0767506352503411	-0.0974647886059626	0.181795051512014	0.25414207056037	0.393922498979905	0.120838503353824	0.245776065334383	0.148687050632664	0.340590766518411	0.358050032581572	0.134953592687885	-0.0769991400307933	-0.0715442421528178	-0.0956391326873478	-0.214147514708468	-0.248023952281607	-0.0323518667383502	0.21086375987024	0.108699971467449	0.134151624598545	-0.164917066293351	-0.188285356103701	-0.323057158464644	-0.0134378688180862	0.882734564175458	0.187917951186269	0.0852726855040578	-0.0649947215472475	0.122613736991265	-0.0654032490796378	0.0717050715456551	0.149021424335675	-0.0302586933962378	-0.0951997228590045	0.0635842802191011	-0.0188249208129748	-0.187941012103805	-0.0513536560698781	-0.163419703346783	0.0491316076022646	0.214191650321423	0.144792555679118	0.131198426978765	0.126263001669646	0.0881648097997486	0.298550887062917	0.122060186489065	0.519993446354391	0.377830834594436	0.384160589878137	0.0170787088001513	-0.164073069168569	0.445587733841665	0.421887364763958	0.163531529317356	-0.0565641033168243	0.238159524945896	0.366976362754085	0.353992212301368	0.387173076374849	0.315623159827778	0.240695081055533	0.131012977001682	0.0305618192588915	-0.0228261066824596	0.168138873172433	0.119207271052023	0.142638829996367	-0.159493438725021	-0.30335156714436	-0.325154035080095	-0.127619374513149	-0.163671847391471
0.757652295423538	0.681037086280499	1	0.663853422759192	0.504319000905817	0.498235468233212	0.635601591909619	0.465960596458315	0.452442740713469	0.232221423397888	0.433602815409338	0.324263587202186	0.289479140829934	0.472551186672306	0.476684519913658	0.609402752459086	0.401335625557176	0.318411462539376	0.492446670243962	0.395800962254525	0.437164147558995	0.302579899993666	0.198340042970295	0.337095095411844	0.515155554753871	0.207561500740143	0.3528824274705	0.22497650991541	0.356740456875476	0.501631316457149	0.212315504084578	0.212393312941739	0.246129791999015	0.36310626782857	0.604889724661784	0.597519381184919	0.264518911288415	0.0942676788269542	0.186492747315542	0.129191725612071	0.416414083306427	0.261606325347674	0.0774506854479164	0.151071157359177	0.204942666509958	0.110209714524765	0.300721390093338	0.341813698551432	0.330583066746469	0.183452438347008	0.545815981019044	0.648570440268076	0.649854447712266	0.695142664500038	0.51426514081605	0.676494767198822	0.352113251730824	0.470180410953649	0.471310564849775	0.448776534568291	0.39818803602491	0.411754634368595	0.39905018417825	0.21274861965016	0.435300177793824	0.383385061868262	0.471968070551542	0.413705279331241	0.475523985474216	0.409507370372884	0.399200260733647	0.270191546323503	0.502140156659307	0.504469463358336	0.25704289717848	0.0272889653654194	0.225752695378849	0.23312493888711	0.184097413288491	0.199175654357744	0.0689020552967934	0.228932833972251	0.155054048180558	-0.00864678570191696	0.10264821247158	-0.0139030339321365	0.241955783699205	0.580285097665528	0.165559255954494	0.041348023562901	0.298930801262464	0.124395916362656	0.14948481161634	0.168794957409898	0.0834170111789305	0.352276141664321	0.186527164255342	0.182332884078638	0.346942485422617	0.303931788892637
0.778057464620934	0.159291371309188	0.663853422759192	1	0.817069844193363	0.755852165418789	0.903849290391385	0.512434699961908	0.749486526612501	0.541346732798949	0.566311626283209	0.552532826152862	0.607127255860836	0.822851674573782	0.864523056030686	0.630584923805871	0.135985545396749	0.0210119447071661	0.516789179643177	0.534886291359368	0.385624570139848	0.412426228365604	0.22145952424433	0.510114782535849	0.555885061030824	-0.126120202845959	0.19627708660185	0.46189892720565	0.690932707121408	0.648683335177308	-0.0905330675127202	-0.0497712092298641	0.300424843085536	0.354925838386953	0.707454284637906	0.526010054939382	0.0340504541086295	-0.0626862589871934	0.348350652423443	0.365889786361888	0.683357318310821	0.602756169184231	0.377291341410541	0.239979680409793	-0.026546631151687	-0.0465548526046631	0.344351193363667	0.618699614824737	0.733203044533644	0.691485666314771	0.842663636872843	0.0827420320523074	0.914904822252119	0.843533929162746	0.721533542402639	0.919982268611958	0.732616497859676	0.747183686351291	0.668642339974575	0.792054797282526	0.744603435238525	0.624330463092201	0.687391960053652	0.609159332645876	0.810338607446791	0.82339369899579	0.689368556198683	0.505940201439831	0.661897514438712	0.523452273801675	0.556797028834682	0.264085900868026	0.431043080826748	0.546199629641739	-0.251021487365686	-0.408093999923965	-0.166176601602928	0.33032570108329	0.536683414897176	-0.266682188932365	-0.330420769494478	0.189402215412642	0.302277154678036	-0.425905025316626	-0.305807537507975	-0.422364469912578	-0.0189974708588396	0.430548294755368	-0.112078586993743	-0.199971261392957	0.37914849946047	0.313672820726301	-0.0348800715607856	0.0828737185128521	-0.0360227862283266	0.64628733692129	0.624971229471141	0.595788777686577	0.690259689673572	0.699367038795712
0.676791036693422	-0.099764446543631	0.504319000905817	0.817069844193363	1	0.885398338600461	0.844203320341918	0.544705512489876	0.713890583594663	0.666666384626198	0.552730273347659	0.605714025367723	0.657268413669412	0.770534920600853	0.81117974605906	0.589638206097002	0.252015698370753	0.0724463768446638	0.488115497873958	0.560325182821709	0.488115583679737	0.547947195939095	0.309135515272285	0.639756266230214	0.653691471877852	-0.0122994013383721	0.429911562619062	0.57890109233708	0.635129379777109	0.532463004865195	0.0796386860370446	-0.0282917711613023	0.29994230596701	0.324450175895529	0.74744545824514	0.531810864485166	0.157639418529894	0.0249284749997471	0.545258038235345	0.476186612565125	0.743508917143943	0.647372992885758	0.581746808947883	0.406156143361941	0.0854400456194462	0.139533672681486	0.37782444378445	0.791330643402093	0.79956272137859	0.759883154437643	0.866961107290891	-0.121752412464941	0.74872562319066	0.885915030252956	0.883298406412701	0.852193040863791	0.726592620967948	0.682557578093084	0.64624486551675	0.744719667156192	0.807922158594227	0.593683670084414	0.644377012495812	0.644200219140953	0.756514047892098	0.819119113291765	0.698333426899999	0.547626222927886	0.642216637848906	0.542276250996851	0.619734168563147	0.422229472281254	0.508578603929983	0.684122216840583	-0.165206798913206	-0.277193882038038	0.0553787809802627	0.442428423540864	0.553539555467106	-0.158174354284569	-0.251997450632681	0.311619805905977	0.462048153419255	-0.226273258190889	-0.184238135914472	-0.342739173795102	0.0842049048230064	0.548331913898104	0.0925979715747675	-0.00893086553588422	0.53632365515261	0.403511649781293	0.167283663158142	0.261737863875931	0.0983067483088527	0.808136543789132	0.699471842721118	0.729943171032359	0.778905437225985	0.79943623106912
0.532031086812217	-0.116938623409117	0.498235468233212	0.755852165418789	0.885398338600461	1	0.883956117054175	0.542664355432137	0.613843958683781	0.754935181335994	0.554467640642923	0.696651569308618	0.626437530663348	0.766768465584192	0.788612557802955	0.580865444182113	0.199070242192756	0.0768154702016676	0.41925895740573	0.504873246292886	0.434857023665102	0.626351019593323	0.375467934643147	0.611490368042681	0.648541792959378	-0.0365527905711037	0.430262941313983	0.616117088609941	0.618848756940532	0.539889565400064	0.11393216305722	-0.0662443747891512	0.364187056076279	0.273923934258468	0.798324075613175	0.534427012332242	0.177448009365096	0.0925072040050444	0.55741551868837	0.446199932979833	0.69286461808953	0.595001758011377	0.551568543558321	0.308546369075772	0.121284657099108	0.120148840054929	0.308448358255399	0.860998977467009	0.736282984851655	0.72092639465171	0.774445058288137	-0.145370382487923	0.654317397904837	0.928822736885207	0.938883171799758	0.848775397606202	0.681181264959551	0.607047019896204	0.585968011919248	0.662570669058756	0.818736850360634	0.620886402570191	0.683087087831495	0.630694388125669	0.738810215984723	0.751379371016362	0.718034594333143	0.493416778739554	0.597942570059531	0.475030474931387	0.565851632679077	0.428488931996522	0.549395311538052	0.673191419312533	-0.175449327061844	-0.295481061613747	0.0476402134381491	0.486255363355369	0.583220827374515	-0.111558622171682	-0.288328583935249	0.250859672382634	0.502251820677607	-0.120638389958712	-0.138498322150618	-0.308024371528805	0.105075950799855	0.603433139490557	0.127793670813627	0.0172322006528391	0.585370934611228	0.411114282130615	0.143482721128371	0.304764996448855	0.0885246898801528	0.84208986192332	0.743722492692817	0.721384593995615	0.693199952899307	0.71993127111913
0.655662735552673	0.0676248561696632	0.635601591909619	0.903849290391385	0.844203320341918	0.883956117054175	1	0.523713916447942	0.682831777360318	0.728687468150196	0.593152276258508	0.687225121236831	0.615575211411936	0.811446280875242	0.875057778200403	0.643047445079534	0.118784423607552	0.0221574001190088	0.495969935984264	0.528407708773706	0.42879504730405	0.542467059479653	0.356093829500416	0.552484988357662	0.644103327507241	-0.111456945746956	0.3125031279582	0.635811505984645	0.685507180398611	0.663113799519616	0.0124183499022677	-0.0832255945220368	0.332376834755322	0.313273739457164	0.831460541050227	0.597965466167473	0.105928790757143	0.0711086802752763	0.471933243387746	0.418430322977501	0.721671340078976	0.627454163270626	0.511300835780076	0.310148126308498	0.0620006910131127	0.0268911261222634	0.356540569583688	0.772649330790718	0.772772048873416	0.751219836059756	0.783556026466617	-0.00028605482055461	0.756376226084827	0.910950270999891	0.831177846196814	0.968800410334528	0.752406506084003	0.712697340043409	0.633590394759578	0.734990677834397	0.852046990592052	0.687745371161443	0.763129259042895	0.663126859110694	0.81975045360894	0.762467639039707	0.757089790142039	0.47311578053588	0.650072352803732	0.504527446876371	0.537837161555317	0.332433835494628	0.440573111739133	0.620675198722735	-0.295706350280405	-0.389585346447385	-0.074745754583373	0.486283377370556	0.597847438371731	-0.185410945837006	-0.326028973343104	0.207515752974972	0.464988157629882	-0.242904740619595	-0.254706752134416	-0.378782199510849	0.0409611909100549	0.552733901691436	-0.00795091285323127	-0.129354240459128	0.478759210207756	0.359175562180678	0.0488311170890523	0.208631002994335	-0.0302706181722032	0.74976874685876	0.676908197321053	0.698266445570309	0.691532698506236	0.706764374495775
0.463666223362303	0.230369418545211	0.465960596458315	0.512434699961908	0.544705512489876	0.542664355432137	0.523713916447942	1	0.744455965867913	0.40910321095317	0.569699602523937	0.630306415857801	0.644715216423057	0.505780699138328	0.500477009106921	0.43474504387325	0.661360567863408	0.503945672143637	0.549380319065307	0.757655977949098	0.365990231928414	0.654270620815618	0.52212028095283	0.600983065046333	0.761946167726733	0.319565922195563	0.512327396289397	0.318443425907626	0.37132860076391	0.440661091780986	0.239038129571544	0.225748595630806	0.487696874943188	0.426035717989543	0.498010149121453	0.523154021299478	0.384863630749841	0.1932562201368	0.401050411204382	0.37512530441303	0.425426306014632	0.315335161401219	0.327726028025843	0.314592171017992	0.162371367431896	0.171388683453092	0.268105627959614	0.528031856973538	0.339896170917601	0.445385445084056	0.464760356401509	0.144036296672859	0.470973264525801	0.568652942447872	0.553103230028734	0.557249381226206	0.614476138119487	0.650039274469531	0.693458621710196	0.674986932027949	0.592121077564483	0.612236988296661	0.564414075545477	0.527509583379669	0.54402342969061	0.483238373751995	0.460257022587054	0.7765870249236	0.655420832172959	0.629143298210094	0.751101938112806	0.431724190066816	0.63499567098334	0.726200811462196	0.239157732311344	0.117022206328966	0.365408579938397	0.38803745648248	0.253308591341699	0.138791485731147	0.101638537876204	0.497217522102288	0.454855695609165	-0.00558366693142497	0.143992168883803	0.0223373617604675	0.398173052752188	0.446057314628481	0.171374966983963	0.209908177601563	0.433608895971088	0.339743243768739	0.323088630529338	0.265465811271428	0.204291292003149	0.513223144799112	0.376462126036393	0.375844928292537	0.480045802562558	0.506960268457921
0.638915357289321	0.0729838605682343	0.452442740713469	0.749486526612501	0.713890583594662	0.613843958683781	0.682831777360318	0.744455965867913	1	0.521320971043219	0.625043824643519	0.646506958893406	0.771761641544847	0.617952783863044	0.724750583617313	0.442552783154904	0.448183111292169	0.248876305227609	0.635963274346519	0.782655162415179	0.456883379761882	0.583485076030253	0.407007313006577	0.647255624855553	0.737912355695286	0.15196686217084	0.401684925987608	0.41072045456304	0.640172010977806	0.525232705915726	0.0439360811934362	0.145218506368032	0.503772417714186	0.360255978151015	0.474159900312047	0.472354441716375	0.104869058025802	0.139142125526058	0.341462615340041	0.41603477841105	0.632169768472067	0.585123562181825	0.455783588862781	0.441947286795644	0.150023857231467	0.155782218162557	0.441453299901992	0.593209389418204	0.590212372931875	0.656803111479406	0.714180630170319	-0.0152931418778398	0.699712431444725	0.661380070871682	0.607650586807167	0.707541998208902	0.809753734366464	0.840168281528954	0.798997604691809	0.916882318695799	0.73975026427157	0.706516058071842	0.717318324102589	0.716373364230914	0.631187880711274	0.748350064187134	0.602062213414074	0.716204561759241	0.753375113349478	0.707179906802341	0.709098883418459	0.374614484917384	0.499719251716885	0.740259934733784	-0.0981829442267925	-0.140079171899036	0.104434364251013	0.333737235739615	0.504529290156367	-0.159439881528262	-0.135109129063977	0.442271904660346	0.386849371882799	-0.307265440140971	-0.0876087386864946	-0.314075099475921	0.0860909618398017	0.315993741709282	0.00930584266904268	0.0413142650754977	0.355342308055834	0.306564670409296	0.191605357102881	0.146041211649679	0.136959714061821	0.602157353092268	0.566123470941727	0.617319373026193	0.704547396397899	0.697185162938317
0.249675133786247	-0.216265330290893	0.232221423397888	0.541346732798949	0.666666384626198	0.754935181335994	0.728687468150196	0.40910321095317	0.521320971043218	1	0.518570923541993	0.784370984011666	0.64734311842091	0.53120599876987	0.627193363443017	0.255139291710678	0.0725598945875502	-0.165254195924739	0.203872879101279	0.427469660157905	0.436734284961457	0.706954553780454	0.484808729690412	0.579134112407456	0.537013333188515	-0.0921421958355871	0.304146670273857	0.769125084592101	0.59023685185073	0.456085246181356	-0.079810040431656	-0.18489260908559	0.322342141429582	0.167263927805069	0.616780205256838	0.37923709322904	0.0968390820540573	0.107343062777838	0.62698102141602	0.588275584080654	0.717930448003612	0.601076151553212	0.638650757016844	0.388414918437446	0.012622700237867	0.129146944625682	0.325348620996408	0.813869326718995	0.723834285969508	0.774081305494864	0.544274183015659	-0.291050513381854	0.386400736588216	0.651529180455994	0.690817919679757	0.680348508756538	0.705320038032789	0.550165667624637	0.472551586010292	0.572488626344325	0.842140497847215	0.608375019818247	0.722065056020827	0.72528631186857	0.587865418933565	0.650638844209762	0.579622195583761	0.365240296127459	0.507684456584359	0.392003264715925	0.524048384827711	0.34630133047409	0.268544811017127	0.521877114304834	-0.378362342196995	-0.302436098822314	-0.049985285929228	0.581210532119235	0.666906243064629	-0.215875234212739	-0.311996382761585	0.277037830568394	0.595122361680786	-0.103683402652644	-0.192629745541187	-0.313342261475099	0.0573537946373691	0.408577260350313	0.160264747844392	-0.0384185128017864	0.55466602067294	0.494535607839743	0.198819861623429	0.377729753817935	0.0294662163944431	0.723810498862167	0.703754277789805	0.765599732266315	0.665033709706407	0.698063822498372
0.474369788427069	0.116145823703333	0.433602815409338	0.566311626283209	0.552730273347659	0.554467640642922	0.593152276258508	0.569699602523937	0.625043824643519	0.518570923541993	1	0.625106526550936	0.513809833585256	0.547778940038533	0.608909270227069	0.418855094534033	0.350817161762299	0.136894164792744	0.488996431319285	0.577321807823976	0.329295171852182	0.537138619922404	0.328521244615631	0.442251395991049	0.56881099097876	0.0789238633451599	0.308915910120083	0.381888975416097	0.463074840440061	0.422854334279388	0.0103031468069572	0.0215112889615087	0.332406434409812	0.209995122019604	0.459536209897226	0.461541510661664	0.110350924606378	0.0597481399098249	0.314640294723114	0.357066570635749	0.463980590930852	0.313965840874024	0.340750063044121	0.283984868160372	0.0425527654211289	0.101318657534276	0.322653077538004	0.565957564181326	0.518287152039532	0.494997709358264	0.548397993805295	0.0170554158589171	0.525413202720509	0.569011320802191	0.563937938082408	0.581053513210743	0.564781440964261	0.566279547863369	0.56459166080861	0.619531616614415	0.595290628758927	0.588995977379316	0.647505149942423	0.514020573636398	0.501519734865642	0.59308816311142	0.456930137292426	0.45923523067067	0.573882584338011	0.554748215504851	0.630295427885122	0.350173070197553	0.365990364909781	0.574650328556938	0.0365021221133058	-0.144539493746206	0.0884395774049859	0.349369623545236	0.301047514273011	-0.112682486328038	-0.092673729670154	0.414229368360735	0.319339903697967	-0.127032523031088	-0.0684259829760922	-0.186053706191016	0.14573667970392	0.349395656006021	0.179924520827154	-0.0152817503926835	0.398854555144121	0.301544566240576	0.187928484434967	0.197518108533721	0.224576567539951	0.577370583802328	0.408955595408356	0.402201811690834	0.522968172727283	0.548638977813073
0.345503009926778	-0.0485205605620299	0.324263587202186	0.552532826152862	0.605714025367723	0.696651569308618	0.687225121236831	0.630306415857801	0.646506958893406	0.784370984011666	0.625106526550936	1	0.79723371333145	0.527198913822701	0.603179380784961	0.344995639245292	0.348868866395099	0.0857746573934484	0.422662933841414	0.590848900828001	0.378553441955889	0.729939634454908	0.662411461806803	0.630605067521191	0.664202003131531	0.111645733414781	0.411148148178885	0.616177977412348	0.527544676354197	0.458371520718289	-0.00863079184234351	0.00805878852185649	0.515541390575413	0.248611896062276	0.562617382079535	0.431819489798849	0.182366098903422	0.144042361307023	0.539726817706775	0.488375595359337	0.582335682584676	0.433588734460892	0.524654420756451	0.370932287386715	0.0484624270770636	0.159807604139139	0.334715461696165	0.740097829579257	0.618098284895871	0.660745630789886	0.570085515591501	-0.163335876232448	0.443403159550619	0.623196566464199	0.628187728836869	0.638611238489312	0.730304670087859	0.631360133190974	0.571047953705501	0.634053867812546	0.785618552190224	0.729054476374139	0.774245924089272	0.765763572519706	0.613291849642714	0.652578968083436	0.574683412857342	0.53343472194229	0.632740675567658	0.492461783049605	0.664625209583355	0.4996496025127	0.41233475142762	0.644981252254282	-0.164258569745019	-0.163539882569033	0.118307394924381	0.471293358999076	0.586665390128996	-0.123792019049401	-0.12524099279524	0.422356520456111	0.559903299639461	-0.0753932832955845	-0.0750753288955392	-0.191359005519055	0.14184724464013	0.369971516650216	0.206965045317754	0.0103162157618167	0.5290727908047	0.398999262585674	0.20187098390376	0.371087266074701	0.155124785944574	0.664010574412636	0.631898521184442	0.635959690909761	0.56381255600176	0.635362507861394
0.462243366281278	-0.113244915972324	0.289479140829934	0.607127255860836	0.657268413669412	0.626437530663348	0.615575211411936	0.644715216423057	0.771761641544847	0.64734311842091	0.513809833585256	0.79723371333145	1	0.561694426184008	0.620340933863383	0.267599446134588	0.389589616907239	0.130100016681105	0.484501722504657	0.685554030318751	0.352971553431587	0.717959723510588	0.617980495389424	0.612768858314349	0.61877501744921	0.112795889511415	0.336040631371423	0.465178981317841	0.574798246931003	0.476609085379246	-5.57426116874607e-05	0.0574853260658413	0.578195705124659	0.302416553024555	0.402243174151987	0.302118297831744	0.0289334740869382	0.175789414249105	0.398108302693532	0.472861400824856	0.634824434529285	0.558316980488819	0.521710298889998	0.397952395326403	0.107665397513077	0.180574512669791	0.372962927498508	0.680070286822957	0.654773489935352	0.72684982702507	0.664199381208035	-0.219215360484448	0.549075044621272	0.613301169158189	0.576090037338497	0.615284517930523	0.818091190015301	0.771780027425204	0.7109481164714	0.761416195542171	0.760784444286751	0.73841307346078	0.756413995667597	0.85345757982736	0.630609723737158	0.719929704718146	0.578199952455722	0.665978420488126	0.695325926812826	0.575588104817347	0.670161864366684	0.311832593486513	0.376068715158984	0.614862307114849	-0.247551492220847	-0.156009950890914	0.0144159925596751	0.30253339126463	0.513043291263339	-0.187595212347827	-0.15602682487988	0.471413076022059	0.479207125293937	-0.236700502732934	-0.142851472771735	-0.299904789754621	-0.0207739700748866	0.189870789439099	0.0416281813780279	0.0790642697331213	0.380993951808182	0.359490793404218	0.130516316176216	0.113454240214958	-0.000923220619611846	0.603038312380002	0.646174451718475	0.639654891776662	0.644578361492774	0.685339881457159
0.711434744523384	-0.0240185379854154	0.472551186672306	0.822851674573782	0.770534920600853	0.766768465584192	0.811446280875242	0.505780699138328	0.617952783863044	0.53120599876987	0.547778940038533	0.527198913822701	0.561694426184008	1	0.881443308731309	0.60104606526356	0.166208100151814	0.0150001718630769	0.524950197523074	0.544784605376984	0.345163324777063	0.442956070004396	0.271368927808669	0.351273306382726	0.527578777337306	-0.0446943063898189	0.337727297592316	0.452593353607723	0.671798378004379	0.731369804557693	-0.112160145868426	-0.0323339610549251	0.338791854128347	0.461817091588697	0.70353822852666	0.574419781861098	0.0859291978773462	0.0396545779698127	0.342261674879846	0.430443194846704	0.667840653327647	0.583210631188183	0.354112428737714	0.346930215821328	0.118505457287694	-0.0470356345902975	0.287800658436878	0.648563580646826	0.741799473065961	0.711770173646727	0.803801487920161	-0.0302523476670116	0.736411835797541	0.770094609416452	0.741721557564706	0.830679411988193	0.679674153867928	0.686195796646166	0.613599905732562	0.716346251337694	0.722259671537035	0.600353676317415	0.622972522290441	0.563753666801973	0.8536909616455	0.768878349509982	0.668266951082396	0.530953517556802	0.67073170195966	0.569644738355524	0.595613465504869	0.271386602524976	0.448162916759732	0.560419881197841	-0.19404134230912	-0.326446842936937	-0.0295028380824394	0.395618321472362	0.583667312224345	-0.270378469430377	-0.334949725413197	0.169663737374814	0.433931835518984	-0.353263897635409	-0.267454444980201	-0.316177957925942	0.0273602397405526	0.414471809798973	0.00869871244042438	-0.130890148362622	0.347010206642111	0.388803669294196	0.108011398773898	0.189453471431707	0.000738627507263372	0.64621450029058	0.678900663680727	0.621196144959254	0.671082300344967	0.692129510037344
0.671933671104617	-0.0700361980276759	0.476684519913658	0.864523056030686	0.81117974605906	0.788612557802955	0.875057778200403	0.500477009106921	0.724750583617313	0.627193363443017	0.608909270227069	0.603179380784961	0.620340933863383	0.881443308731309	1	0.54387735624646	0.1046862173272	-0.0121565659826317	0.510154315025047	0.580503019045523	0.333974449323763	0.481368199623348	0.272156558768205	0.487209499677946	0.573835536798578	-0.105679941342531	0.2653338114954	0.526427591362007	0.724798500172223	0.630752210153164	-0.0786553602486533	-0.0898724022812312	0.26952679954085	0.315020781547175	0.689088329086022	0.521836408398071	0.0193656682079934	0.0437135397374587	0.348080746597746	0.434938149621527	0.68361612581433	0.611713878406089	0.479488493360088	0.377411921479539	0.0447317892428953	-0.0341248690755945	0.355567176249658	0.712401583530711	0.803507122769994	0.764380564463791	0.809345270248511	-0.118600021981868	0.772579616576483	0.811124437372556	0.752508382109887	0.865386328980502	0.743705525303729	0.709290397825021	0.626592681318107	0.793704417695963	0.795707281044176	0.647883455664016	0.713568271466045	0.637724618635303	0.821928318493721	0.832440621555045	0.702135334689175	0.47439605495897	0.62646190106183	0.509753793300912	0.536870553844824	0.253520269258222	0.400311717471443	0.589976634857682	-0.307801181757959	-0.380682274449957	-0.0903922806424621	0.355189867221924	0.572548752443053	-0.274829430442904	-0.366025170182242	0.20720460365484	0.444495479565551	-0.347873535877276	-0.293899609268643	-0.422317482126805	-0.0485850456644415	0.377468936844819	-0.0395950026214915	-0.113682617001163	0.346337694217478	0.330800845234908	0.0778986958926773	0.118128007946583	-0.0602536541110546	0.707273599038029	0.697805344980597	0.664662107766109	0.694425611278535	0.723838297465568
0.635576619768506	0.285820989214363	0.609402752459086	0.630584923805871	0.589638206097002	0.580865444182113	0.643047445079534	0.43474504387325	0.442552783154904	0.255139291710678	0.418855094534033	0.344995639245292	0.267599446134588	0.60104606526356	0.54387735624646	1	0.243903494060519	0.28426182375339	0.689564289797399	0.473848859002079	0.475420805456132	0.285773727696353	0.199940682566639	0.348148298999461	0.52704072026992	0.265819506255397	0.489609716256665	0.355529633427517	0.35186796031258	0.591675476409977	0.372752291676284	0.440785884376544	0.330917650989097	0.438197964902569	0.691762470782507	0.80029517856723	0.327746969301535	0.211998023794719	0.238381647388379	0.27547417032396	0.386352840110255	0.389892381148976	0.335279944023212	0.307787707657534	0.381968341701232	0.222850020930347	0.466483125891767	0.435553010027786	0.424005300851847	0.326711003354955	0.580390500777325	0.272605084932827	0.596320203992577	0.633116838976593	0.569479450565128	0.642267426612123	0.397244666687154	0.509828308615738	0.507419402587419	0.452253913850341	0.451890464540206	0.353268258337503	0.333101755445267	0.252879142459652	0.629129289512738	0.453709748667376	0.656088026343975	0.388750831036672	0.539497492420847	0.476177032754327	0.364642583149209	0.367832742226778	0.412098045317739	0.536747999715083	0.136197980777864	0.0746843979403223	0.331339597083856	0.402636723624934	0.353498136917002	0.165109954677769	0.108693750074735	0.267948844991792	0.33428479055408	0.0341467883511912	0.151429244895106	0.12751585104352	0.230576690784986	0.580755203872594	0.121179478913087	0.0852339254541782	0.270768414079306	0.344042540534259	0.200082323383749	0.27487991381943	0.269189574736043	0.41582439010292	0.392479635224353	0.386594654257579	0.460668673988647	0.454767303582094
0.33360291993264	0.346035897516758	0.401335625557176	0.135985545396749	0.252015698370753	0.199070242192756	0.118784423607552	0.661360567863407	0.448183111292169	0.0725598945875502	0.350817161762299	0.348868866395099	0.389589616907239	0.166208100151814	0.1046862173272	0.243903494060519	1	0.66654212270138	0.426789585060515	0.539407075386889	0.445462179117269	0.432342104775393	0.401067203876768	0.376929877833292	0.556619341865046	0.534651024995244	0.550320314740055	0.0907382005348904	0.11568425731461	0.254178939319995	0.445744999922574	0.392904528452354	0.373483438416533	0.35049853967931	0.176346154104274	0.337813252817915	0.443619060084846	0.271553548625209	0.238675127157465	0.107497383712718	0.192110888062548	0.0808667707168149	0.108499311374251	0.263366500673682	0.256727932306682	0.336785772068534	0.258675080149495	0.216635996966767	0.0370126783679383	0.084323079032094	0.23335776003285	0.32569653093663	0.181001362744468	0.276881075845128	0.292131958493405	0.159388161471167	0.238274794037872	0.342572271482542	0.403664149633469	0.327009172889912	0.179909127030684	0.291987574578442	0.181883404344859	0.136610087926339	0.124301601397998	0.180356861206482	0.17272647272737	0.608715381457072	0.414508799256957	0.491532502854251	0.544396773581026	0.390345707820657	0.651901646219349	0.558672216284671	0.567929630200235	0.416423527995399	0.559677040137672	0.172877022398985	0.0225501985168825	0.384643790527253	0.340659369558449	0.477729284142418	0.212626901473985	0.222186911648824	0.371866145421893	0.239684947036321	0.493303642030659	0.369082215438354	0.396398031974455	0.28538010203614	0.323990648523057	0.127867786099293	0.367448582954369	0.245421648278634	0.37678349055732	0.230830287348604	0.000878223565985028	0.0963514861589272	0.18292837559493	0.218077842063697
0.224618211001856	0.385163406517958	0.318411462539376	0.0210119447071661	0.0724463768446638	0.0768154702016676	0.0221574001190088	0.503945672143637	0.248876305227609	-0.165254195924739	0.136894164792744	0.0857746573934484	0.130100016681105	0.0150001718630769	-0.0121565659826317	0.28426182375339	0.66654212270138	1	0.469640011720993	0.322492361470117	0.265408846332999	0.272423749396727	0.209848061833551	0.256789059969678	0.351882158530168	0.541967038152778	0.448086849539444	-0.0940429166822155	-0.0419206510103457	0.159906405888471	0.730622416551416	0.562516755573584	0.338753194528776	0.2156159134713	0.0683067733345353	0.312612788786973	0.325520750666935	0.362779569997326	0.0557452404607599	-0.193294767963866	-0.0132368286339833	-0.0307958461395243	0.0392998372758464	0.117117464806134	0.364986586910684	0.381200571523724	0.302473222719937	0.050542376494796	-0.141964255047909	-0.137081547914142	0.0468048587180668	0.370057708828378	0.0828266931663962	0.151378910543758	0.152704213877806	0.0111783257341276	0.0278145832156742	0.159689250409384	0.310251234305491	0.157900352613639	-0.00319930197137254	0.0972327779456758	0.0271689211055243	-0.0354733261994272	0.00022676911604206	-0.0647311803645198	0.110367690985709	0.450819495993562	0.237627947065417	0.222269140570229	0.194654338062956	0.342884114443451	0.560756581241973	0.357125852275752	0.601646843439168	0.444588431945213	0.551323902567079	0.155725951220031	-0.172625500824147	0.600387137255854	0.410536936107731	0.308683886210723	0.0678249200634997	0.306102720233552	0.457656413517454	0.337664486976659	0.346509232895482	0.294709127581565	0.245219343994767	0.36117356406747	0.182920427750719	-0.124512036937379	0.212955687803765	0.181605733559975	0.320132139788712	0.0563605151605748	-0.124654656629716	-0.0594216778831467	0.00143016254896588	-0.106731945429028
0.632875690705842	0.266872433243665	0.492446670243962	0.516789179643177	0.488115497873957	0.41925895740573	0.495969935984264	0.549380319065307	0.635963274346519	0.203872879101279	0.488996431319285	0.422662933841414	0.484501722504657	0.524950197523074	0.510154315025047	0.689564289797399	0.426789585060515	0.469640011720993	1	0.63607785230562	0.499807378023579	0.399180123622129	0.236836163547126	0.29973511451903	0.591450846523003	0.331054658611187	0.492546409727888	0.248396418214771	0.494892331478043	0.623709632276714	0.300773751280479	0.520984648528229	0.443625558681813	0.489091699131413	0.361742878956641	0.692833794695211	0.0780869631926597	0.339608403813415	0.0945179773131627	0.22262914870599	0.485166229514548	0.494443023285807	0.262625792222284	0.439551338039692	0.485298520083256	0.296163289505343	0.548121662240764	0.401770476531864	0.308690812677082	0.337122562141555	0.533361177508864	0.256129433336905	0.506022973388554	0.502065352771053	0.452067153046084	0.52275282426846	0.604229597334692	0.735739561031197	0.716498785357151	0.643470712841538	0.508529039782279	0.508452026467283	0.497908096487142	0.419545530169647	0.554869356041231	0.483159283516797	0.608745063144412	0.653886078436744	0.770794035360064	0.702044893285794	0.475998609736491	0.388718555397717	0.393890086818656	0.643294007606178	0.156205425855729	0.137424153717734	0.340937855294482	0.359942320272784	0.334611376304257	0.118263780362572	0.106116228979597	0.425769294413658	0.360733143125349	-0.111734082971691	0.178393169447952	0.0980126257938279	0.0235412782802897	0.300556467845624	0.0908489537084465	0.160712825941639	0.152351279410653	0.196358100762606	0.245674357106141	0.230046330937564	0.262542081038643	0.349536956020124	0.321913405647253	0.438507534007867	0.536453488770365	0.414558513094158
0.569462339391477	0.0684087798935001	0.395800962254525	0.534886291359368	0.560325182821709	0.504873246292886	0.528407708773706	0.757655977949098	0.782655162415179	0.427469660157905	0.577321807823976	0.590848900828001	0.685554030318751	0.544784605376984	0.580503019045523	0.473848859002079	0.539407075386889	0.322492361470117	0.63607785230562	1	0.38274188413872	0.578530050452293	0.429177247611508	0.466658238505432	0.780912972458502	0.332133626211089	0.484336026246756	0.406579517259498	0.493340099677293	0.540595010843654	0.137766834174455	0.233439304516403	0.510758760368564	0.461597572992122	0.425687795562437	0.541926714857329	0.246015944749229	0.287902896661135	0.344722478525675	0.485628663492481	0.549882294812521	0.55454236594337	0.390199901059869	0.583431484815885	0.296687548088216	0.235813941830387	0.413792645301896	0.515101937064995	0.406138469918501	0.50687086845494	0.571357950952994	0.0300247486224604	0.487294557154492	0.53120908680659	0.516170674026946	0.565766107514599	0.681240400548761	0.741978923733607	0.710556258534664	0.762112349074096	0.622481429463115	0.55576477554392	0.595464325295154	0.552365585430074	0.566895395839584	0.57146103052853	0.483112450003844	0.638069522511073	0.701736384198624	0.760482813053877	0.651135742104898	0.341423435687998	0.406380861254904	0.741857249987045	-0.0280938711525504	0.0524583381685491	0.263617007084104	0.350875499085206	0.346105222961574	-0.066352324413338	-0.0220908952598233	0.459327099857969	0.464930235369068	-0.154760130344867	0.0390572645363348	-0.122273973629555	0.203556947829567	0.290803066560414	0.0448417343831651	0.187061078062159	0.30550332800254	0.406832949586449	0.411989201289013	0.175881366297702	0.200906150417615	0.498211480119836	0.428886100951003	0.534284230624701	0.647335511920067	0.578033356094906
0.393926877739353	0.220909199698553	0.437164147558995	0.385624570139848	0.488115583679737	0.434857023665102	0.42879504730405	0.365990231928413	0.456883379761882	0.436734284961457	0.329295171852182	0.378553441955889	0.352971553431587	0.345163324777063	0.333974449323763	0.475420805456132	0.445462179117269	0.265408846332999	0.499807378023579	0.38274188413872	1	0.377939149999699	0.268443405633432	0.351867888581159	0.558394806783448	0.267990184282598	0.44455334016577	0.455130492978144	0.487669668241908	0.549359229727925	0.372363397081508	0.40257330124298	0.433765501785429	0.294217791044559	0.364520204489024	0.52154736498117	0.179832579063563	0.307652655067155	0.317516648172713	0.217300818869255	0.593497075532056	0.577471336550342	0.383382358503017	0.410103346867858	0.420696340462194	0.264352889104745	0.606219198262834	0.383221625755243	0.310496782653431	0.373963370682929	0.450673388597801	0.195028098322084	0.355901193962982	0.467190400109286	0.482400883352749	0.428433806206755	0.451257768674512	0.466250822964916	0.412226290948419	0.449940254013132	0.492386258873406	0.363773616837396	0.302247509648329	0.282214204589104	0.311549778929439	0.387210976986065	0.4202874797474	0.410801798771952	0.47702042992485	0.469510692376003	0.421219040865248	0.272410440693704	0.414879039985252	0.52479960397994	0.0668953993285652	0.105396842901617	0.29859749625757	0.489942212086	0.521897599395334	0.133115458052621	0.0633341541641126	0.335345537680896	0.323143048088312	0.014704569583654	0.145371236632368	0.0171020545405826	0.212610764037037	0.447004693406465	0.315428236773153	0.0953879038832328	0.414482180162357	0.213179829257882	0.274165788554006	0.316394404520075	0.215974800592896	0.389490241518583	0.357919606185379	0.517052759294289	0.551448027349208	0.542473081984178
0.269593622752673	-0.00319341720451789	0.302579899993666	0.412426228365604	0.547947195939095	0.626351019593323	0.542467059479653	0.654270620815618	0.583485076030253	0.706954553780454	0.537138619922404	0.729939634454908	0.717959723510588	0.442956070004396	0.481368199623348	0.285773727696353	0.432342104775393	0.272423749396727	0.399180123622129	0.578530050452293	0.377939149999699	1	0.647976847269349	0.542653886527189	0.605909054922357	0.25035779342678	0.537641699553506	0.555274087301061	0.480233264302672	0.413681261692376	0.150826518932766	0.152703932174564	0.532310397510942	0.297786720189875	0.530097452848309	0.380769095651527	0.251676912379732	0.295877921628778	0.509791827481817	0.454476824563013	0.563848158647222	0.413172678364093	0.541453143453102	0.40442364280979	0.231653819045119	0.321908736317716	0.342965556902079	0.682904153316379	0.525257664892313	0.557417732033139	0.469259940983529	-0.0644490213780406	0.320920917476511	0.601342517584815	0.601491725377435	0.542160481276823	0.619269473029916	0.599234164407938	0.620759236099128	0.575161662137529	0.709585410899887	0.640976395323291	0.642529666805685	0.63737287242321	0.49700243490392	0.531390250209159	0.531196508915356	0.589804149261661	0.614830463456266	0.541081510720239	0.651949403393395	0.494059890377606	0.465637483518057	0.652169736835479	0.0358366336414817	0.0612083955333795	0.278166680346655	0.558432732893271	0.400934165168126	0.108372159098822	0.0364075715271202	0.57211377207052	0.569171039309126	0.130151324728441	0.152370928391741	-0.0183449556399961	0.242675014196408	0.375574934399199	0.323449700225987	0.261947426892528	0.521063936964977	0.419875854797649	0.364570457376659	0.416595689857728	0.248023576277784	0.584400287558239	0.544979862039626	0.548515860159393	0.549801804394961	0.538707514876503
