1	0.491691990377304	0.657243886728552	0.569717607717242	0.587560171665639	0.606689487341576	0.634903951807473	0.116842483366148	0.112556469701223	0.331004549798712	-0.096739249417039	0.282674750288879	-0.00577384001955133	0.615034467545875	0.408735234944363	0.316616123338205	0.0320515458711942	0.0263463911742145	-0.0367270630184757	-0.0379175094891157	0.0723078257165864	0.0773015894156394	0.116402416949859	0.100623299820222	0.188173880145319	0.0660515501374281	0.2176885888358	0.227257165629141	-0.232665365069837	0.170233302194227	0.105304679086324	0.0523995006868092	-0.0598844903109205	-0.0137937340507927	0.426402665370691	0.106843583660461	0.249477074349279	-0.0107416443492166	0.361190059306842	0.190889217446791	0.220976407542073	0.513930067442146	0.110578769468249	-0.0523595974769233	-0.183448699649975	0.00278204924221104	-0.276963892610882	0.392282850068575	0.157699795643733	0.347322567087895	0.612869219456162	0.537796402087137	0.246099577170928	0.712244860058339	0.555527596893958	0.501896092923782	0.0587761559649907	0.106608343655382	0.13118962682678	0.170463957676323	0.110722291878771	-0.199823664802713	-0.0347300571916001	0.0145128213602693	0.129267719516284	0.272588694660966	0.129326563706726	0.00563316502600634	0.131766645916079	0.042731456040111	0.146630463720994	-0.0447129572154853	0.216130315087669	0.21099397563686	-0.0410062489734136	-0.289981060856207	0.149077591342652	-0.0746241839832175	-0.0919058694271138	-0.0762899023761024	-0.313887145784039	-0.260545829253102	0.145684490465204	-0.0239599259048736	-0.146623988952379	-0.166265721595246	0.380010447864152	0.314085294817119	-0.00357814337027814	-0.188858610992158	0.302667315572112	-0.0100203544761592	-0.217888173845793	0.00083685477117221	-0.152996010855654	0.370234702719983	0.101435419117758	0.116602997348991	0.246122410617823	-0.0575946620442548
0.491691990377304	1	0.603245881201161	0.652464744404329	0.294624229565326	0.317614731157495	0.491193576825683	0.249407550368753	0.157977519011763	0.172918584685164	-0.167880215207942	0.240178900094256	0.113599842055933	0.439030165724004	0.530117706959744	0.297243479904991	0.162392463916837	0.131570058219091	0.0946964539158542	0.11789594149535	0.0910012675940734	0.0233645745938319	-0.0166683116896906	0.264265794150906	-0.0576290697478053	0.13551317727291	0.0916845505343575	0.336461816815767	-0.0580335863832363	0.357061109858584	0.0995053297341155	-0.0179448440451611	-0.138222583850086	0.106806508768153	0.459717118648315	0.146275270546803	0.195269417705118	0.0723282835974073	0.288855467534784	0.128749610516439	0.363316278902138	0.439688152939828	0.108292621717414	0.0887735471613516	-0.0157973559941005	0.0515193997376303	-0.00583744055229458	0.170766333322396	0.213427328105979	0.20872688317656	0.350267751994456	0.533623568660118	0.148405900293927	0.416493811726554	0.258953850242899	0.374107419741037	0.176929053898646	0.181982489053769	0.245128354467079	0.11422605480694	-0.0589690551659745	-0.242425527817022	-0.212163200336274	0.0639045571977463	0.0112167963110485	0.0339842631135239	0.158879757439851	0.0517170229942676	0.172742609199332	0.102790084526225	-0.0790667397075483	-0.237885847764543	0.342997797688165	0.0463505903909939	-0.108667761382407	-0.0981349998979993	0.0357932970088291	0.039425370397882	0.108413933109468	-0.102593377774554	-0.234129621255515	-0.217652369740747	0.0634879439272771	0.0355879056656116	-0.118921496958835	0.0105974347352897	0.358026742793341	0.311854458821381	-0.11392797409629	-0.0701463424199088	0.292824543764988	0.0600615819961305	-0.0392814622996553	-0.0272884402334715	-0.081310251557865	0.213504055583368	-0.0820979117594127	0.210175047560151	0.193486598216642	-0.260490527020329
0.657243886728552	0.603245881201161	1	0.622213724647831	0.518069326748973	0.636429548460729	0.671971113183561	0.309429633098379	0.160462472702338	0.431057425370618	0.0267651772084814	0.41459705979565	0.206755537792017	0.484582594616948	0.527652992500625	0.379666792161401	0.277995132514966	0.162685881463412	0.0711860253916343	0.121252035075065	0.301541368621976	0.144059358926112	0.193853507035045	0.334860454619821	0.0821462782748746	0.275406855310021	0.3131612885272	0.349403453036198	-0.140456004100378	0.172308585268826	0.151748358469861	0.074014271287826	0.131094636460998	0.0551395529378724	0.55704918013979	0.185154561830771	0.38501354396696	0.176163785257297	0.45742804107632	0.0803454093051532	0.397685580391655	0.551164937437795	0.247309952267881	0.165619108924971	0.0311446724623315	0.203889965791213	0.0458073425839445	0.466683361931634	0.247239260338781	0.384257005112974	0.553089872398432	0.655865086476658	0.18149269115744	0.663850783480154	0.446733487063918	0.545855339256933	0.195215207545801	0.220938526138123	0.248932327785516	0.130372103768604	0.105411197406119	-0.140275690014292	0.0329973345419825	0.121925382343737	0.138530832364541	0.222344495718165	0.190246650698054	0.00628183347882899	0.171169901717141	0.071531070701065	0.192084977000696	0.0376760390696701	0.345549786024122	0.189230143183832	-0.101574642950994	-0.171882195685412	0.198039008221982	0.00303378628326614	0.0395440354887536	-0.101645928749964	-0.29795831034677	-0.241732188160342	0.22033049330339	-0.0288389591300841	-0.192912322363402	-0.0116092423282909	0.431968487782714	0.424275795786809	-0.0570976229943582	-0.228374414849917	0.350502367938628	0.0663190846766363	0.0222325512271052	0.179061050789796	0.108167412098631	0.356743962358615	0.130044705771489	0.271471349559031	0.278696051002724	-0.0507217473089522
0.569717607717242	0.652464744404329	0.622213724647831	1	0.470385143437143	0.514930283614117	0.830370095674845	0.236676827661551	0.198462561658027	0.222124392495942	-0.208545139268723	0.153061291287779	0.0964721430917544	0.516660331383825	0.667705952785781	0.521361116297222	0.196130156887629	0.0414874268383605	0.131598734537929	0.0654445581310793	0.0865722026831057	0.0745422931991205	0.0876816151963362	0.367373019175216	0.164884608780739	0.140360852082574	0.207118120132425	0.26664996667471	-0.130349283860249	0.360379162558794	0.14703589774444	0.0930810614165933	-0.133307470543302	0.0459556510348971	0.655176353749474	0.255187705548635	0.388526696476232	-0.00837982778940209	0.525691650649632	0.0546434330091549	0.262903620929681	0.540910478542323	0.236814931436545	0.0141428079730664	-0.0956221816154882	0.0588219181215055	-0.185811436477874	0.403906817657461	0.138900745239671	0.257022498856341	0.31161117620663	0.460206095741	0.36677860994124	0.649880030196168	0.504877954335353	0.612883384731206	0.272791780744071	0.265009990088239	0.228598230641808	0.194415732236071	-0.0573531245532215	-0.375148524485811	-0.195939179218738	0.0897743444933145	-0.0440649002483617	0.326334477083269	0.231009623863907	0.0603717987825224	0.248141101107045	0.141309587102189	0.0180473226379313	-0.105520795038886	0.507537053723751	0.243390533053753	-0.0127626864617949	-0.0953709592292699	0.140924445960957	-0.0695558769816709	0.0144033937868606	-0.0716501431336346	-0.317746133173342	-0.191785944203496	-0.0133973247063343	0.0200573011292852	-0.0707772862992587	-0.0355468490674218	0.558502325048726	0.495465501336564	-0.0160871881418049	-0.123521474512779	0.483301525967916	-0.110472124315244	-0.119980726313686	0.0187386522418767	-0.218500778017827	0.447683757080917	-0.0848745823808335	0.0781350293708186	0.071447906253411	-0.212560250133161
0.587560171665639	0.294624229565326	0.518069326748973	0.470385143437143	1	0.660186790735455	0.437265835098233	0.26458006434112	0.108745569617974	0.364961621246831	0.0839078046671991	0.223160706871941	0.22420841973989	0.48677575462472	0.41230371806505	0.155455008431678	0.0372125618714043	0.14006549904082	-0.0655405926696062	0.066070021167576	0.127596076561357	0.0339616389744751	0.230772379049527	0.167162209764335	0.202657790113644	0.219799946600026	0.350753301988448	0.179355384027104	-0.0599351676133912	0.0208363823062394	-0.0829001795673768	0.276413740636238	0.0911845642058075	0.0650744238147652	0.296867970367748	0.0397352698390145	0.271457411992726	-0.102725905610662	0.235242004258843	-0.125897623598365	-0.0275430799163665	0.589407729333321	0.0311984765757388	-0.0118038794036186	-0.0352459608265782	0.210759527553668	-0.0479392766967632	0.476738525374377	0.196256134399797	0.438509766194098	0.68919216490051	0.380321759423639	0.303805093537417	0.685469601010438	0.717271408126334	0.319277094458985	0.0736395050332935	0.0328177980084775	-0.129884238219254	0.129653260631827	-0.0168343751193888	-0.286466847330298	-0.0756810242956923	-0.0747296974102484	0.272062843535494	0.480323464076421	0.0479839489292523	-0.189146428033679	-0.031950399524257	-0.0163435016521657	0.0340578384364306	0.238867438414173	0.187167636100598	0.28875926755667	-0.292472371273261	-0.12046291362927	0.308701453922336	-0.312210232457037	0.0382918468081647	-0.258051484717882	-0.155537580344934	-0.219968701574924	-0.0327946624674491	-0.267452559046195	-0.301537129900113	-0.162913574638015	0.312455310150254	0.200276974421013	-0.125850805870889	-0.375580432971496	0.171267393772934	-0.0662355744814527	-0.142520064201298	0.120130426666728	-0.146764523938572	0.505893731917662	0.106246794617306	0.0276432918992631	0.0628020414767585	-0.0562038461961308
0.606689487341576	0.317614731157495	0.636429548460729	0.514930283614117	0.660186790735455	1	0.632165298619226	0.115204229276126	0.0323642426864097	0.27250333841426	0.0488307971267275	0.271426138320659	0.205588654014191	0.425963301182858	0.37759306828527	0.170420043741431	0.0350122731525587	-0.0326667705174994	-0.20898737208883	0.0517356922804795	0.171863564647683	-0.0132849444847426	0.212061109133153	0.274410178889329	0.148031687770575	0.0968841479476861	0.263229510935687	0.214895086517842	-0.0481305927424679	0.0796514428728999	-0.0450732761945006	0.0582025306861118	0.0921690405587115	-0.0793726141372622	0.365941055795996	0.038680002470266	0.418548610591837	-0.0257705816057052	0.508905370056775	0.0206820320260993	0.170414205162384	0.579858257303532	0.131737212758721	0.00419005917641882	-0.0510160440599759	0.0531803828081481	-0.115235466206468	0.74605443840048	0.0387874384401045	0.391951693096706	0.478836782480731	0.38455195670572	0.214093651136432	0.832584909413217	0.618738812805767	0.451563070290531	0.0601974761380299	-0.0182604145576813	-0.0998036943606469	0.0467383561763608	0.0990477167290398	-0.0120919801523883	0.051053972248833	0.0899508587451947	0.129713498639639	0.328476892852807	-0.0142444164573091	-0.172451054826176	-0.00402484548902972	-0.142577766521805	0.147152746664645	0.199516871877679	0.244919193703833	0.188586516534101	-0.0821577172757466	-0.247364684892331	0.214145993269458	-0.176480643827266	0.0163396809372871	-0.20638095478155	-0.238447763035129	-0.178058003434206	0.174255681278198	-0.21187066502155	-0.286125897466891	-0.153046918978801	0.384722167215561	0.349444067804221	0.0223551640453226	-0.285562391899931	0.411564873950613	-0.0456810406176554	-0.138241968753494	0.131380886840253	0.071785540310742	0.602023526491826	0.107734652896108	0.071093781257507	0.189147247986052	0.0362710833153656
0.634903951807473	0.491193576825683	0.671971113183561	0.830370095674845	0.437265835098233	0.632165298619226	1	0.153826404319249	0.237082244753554	0.261631782678468	-0.14082701788938	0.157395137964917	0.0976033743323569	0.53591890867496	0.58143544999007	0.621110648239294	0.109483787321252	-0.0818468564663119	0.185783576460488	0.0414634034951046	0.0144658522201911	0.100295643982429	0.204273708956439	0.362215728230909	0.193905262477183	0.16665717075803	0.307369500446665	0.266324903395356	-0.113590708860581	0.373029699303012	0.232109188001213	0.171375462160976	-0.051577492574408	0.139266509940887	0.774308110441691	0.356304515333044	0.452389274825091	0.073794004283378	0.652777182220412	0.166486742322259	0.330938749964506	0.500447336223935	0.284690245535916	0.139273583543772	-0.115074425212114	0.0678812585183764	-0.133809704990977	0.609596306208756	0.205585866335715	0.229647564316101	0.33174041006603	0.486738428547788	0.401659482014327	0.692581802533543	0.545204160919355	0.742713472358247	0.342999026226488	0.373929853862494	0.351311969843229	0.269153583905904	0.0465046533745142	-0.202394392246461	-0.0298534401913157	0.169425718199395	0.0210281633741817	0.390307759968201	0.276178164875888	0.175037296745803	0.346286189180119	0.22755331676624	0.19263398478695	0.0277087595697224	0.499854135269139	0.289432872076195	0.139656710031337	-0.156373795666876	0.227492785567456	0.0603243957868916	0.00500925031813786	0.0602990287623282	-0.299995010284202	-0.184101226705056	0.136231888469071	0.135927532058047	0.00697855249278123	-0.00235258349180816	0.53414537031968	0.650308620746709	0.0821334151388891	-0.00484160408371309	0.586835001440706	0.0704862092909934	0.00316348799324666	0.0529949661397831	-0.0543531686964207	0.607460949350022	0.0477598813974313	0.14451482018564	0.209219506015316	-0.0922254975520822
0.116842483366148	0.249407550368753	0.309429633098379	0.236676827661551	0.26458006434112	0.115204229276126	0.153826404319249	1	0.212145020630357	0.409713778170861	0.278940897251781	0.193380050514241	0.454710906576488	0.165759694835156	0.204735711892918	0.245021533274762	0.595724619034379	0.700007872383601	0.404386846350699	0.586596673408749	0.403347814377485	0.19602316789937	0.331626333810837	0.286617984539614	0.240891132442911	0.416527305536382	0.268402626365458	0.154098462042317	0.115874873663505	0.030864087907716	0.467404785801313	0.194917603227083	0.37940810466261	0.159271683132031	0.124174976455281	0.128272222246422	0.220502750461712	0.492680707178503	0.147354146563182	-0.208023107974784	0.0749538980746301	0.151277505485067	0.319889730289774	0.416340103106483	0.502250888798421	0.250221409407904	0.155340627440285	-0.0659814286337747	0.141341493971057	0.307499523911004	0.229553752732952	0.302122628472433	0.139653839061556	0.120273718909941	0.174944950032644	0.0904710736787524	0.294489064343822	0.482052583197691	0.253817162294057	0.18922587411295	-0.0372801133871905	-0.119803321080402	-0.158312248317007	0.137732733488212	0.0840559963170601	0.0573041480443936	0.201467596398514	0.270307935686221	0.19190269016942	0.533721174560707	0.12040287095149	0.0742458104699689	0.362681279983074	0.194746472267831	-0.0745659128801428	0.192839374113204	0.122009094499514	-0.237129331112694	0.11988301559805	0.136117014429479	0.048888050980499	0.0217501910253917	-0.151525426979177	0.0642141026739177	0.252187835141096	0.0819554950236427	0.242006708417273	0.0682251913915201	-0.0750924480617302	0.215292182023697	0.126434212845552	-0.108213797289809	0.268584073611947	0.226817874310217	0.0432568606796335	-0.0190413160032386	-0.155970163813448	0.248649562188228	-0.0147052940576648	-0.0779356530093193
0.112556469701223	0.157977519011763	0.160462472702338	0.198462561658027	0.108745569617974	0.0323642426864097	0.237082244753554	0.212145020630357	1	0.144715863253985	-0.119814558852424	-0.0445476961997462	0.0544472502858117	0.151036921700478	0.241465764003168	0.415331484964266	-0.0159521564739325	-0.0912755588981607	0.518078299614817	0.252188937142692	-0.0563231184715128	-0.0202521459843245	0.0353087943940241	0.55854639533604	0.663353191161716	0.248213281261658	0.583059010771933	0.267497695143349	-0.121129188875682	0.168112494112157	0.00539852302675155	0.132839327888637	0.00624391160338051	0.035488058042566	0.368182556454321	0.509074394355161	0.258753353984358	0.192290215140709	0.363435861757162	0.168378670711411	0.0306319240362327	0.173331564599314	0.0449937912812928	0.538428561526797	-0.0316534898309528	0.18209290812226	-0.159630702977402	0.0404928470236492	0.0936846225940471	0.0310585380100439	0.186651463165842	0.0929795437204651	0.130553660586385	0.0682828372477956	0.117880656082754	0.199080884074053	0.120939157078012	0.37117984223181	0.512707635156285	0.861358151858716	0.0675944151937984	-0.177307881351864	-0.0981978315618374	0.0482436285424992	0.0551241386406516	0.0487150781438779	0.31330186476608	0.242598017260602	0.732700164009201	0.266694652369857	0.157491514147163	0.183613173940421	0.522274875259399	0.653889539808468	0.00136464136314314	-0.0198439834535169	0.587030417507774	0.0602136443071186	0.0547352098005969	0.054590096793312	-0.166801904509325	-0.107630666432263	0.0661391140409181	-0.118868602487962	0.00940172959154562	0.179674728166039	0.379164564341254	0.329213471468892	-0.127943741774982	-0.0350824735966176	0.248277498191634	-0.00729088563934048	0.311652476997639	0.350848217400286	0.0796910717457399	0.156147240596939	0.155281093161566	0.217132003385902	0.274256054666646	0.105753439273883
0.331004549798712	0.172918584685164	0.431057425370618	0.222124392495942	0.364961621246831	0.27250333841426	0.261631782678468	0.409713778170861	0.144715863253985	1	0.536741668321895	0.63122735964401	0.398861219322352	0.291410840502673	0.141519993177684	0.19821218205286	0.421882125757312	0.386823382636221	0.137503212203082	0.201033389083379	0.470326106912487	0.576323191325539	0.473771411957535	0.190955493031407	0.216973521274486	0.349893925008059	0.319156887799817	0.149762188728042	0.210934337596368	0.0675470216687263	0.128424530005306	0.286334731745511	0.307591511195975	0.0663480162590947	0.256732808782745	0.11577533378423	0.331499282775804	0.26312469589899	0.262112233138384	-0.0911983496030928	0.32977413127927	0.402641944343336	0.300566406025991	0.201700384671892	0.155927958695655	0.331796668973763	0.26209604442812	0.138915314864592	0.416840478018092	0.542947116935315	0.371768033987907	0.25784950078819	-0.0205350539111361	0.282191817513061	0.421032606495531	0.0328030180962642	0.156871163675537	0.129803973146164	0.00274238944752998	0.10176380788013	0.410099038751013	0.180172072798759	0.16034470823524	0.185633462394422	-0.0281577712122318	0.072907188805024	0.0409812188492142	0.0518738146123682	0.0366376897213845	0.145776301107999	0.326282767935049	0.359150469110078	0.050212729448687	0.223351374053475	-0.282606214141856	-0.00530793682640413	0.258981305964054	-0.281736305861934	0.0208207604397078	-0.154354657907318	0.0461550772750125	0.0415720995691911	-0.138779145355276	-0.171079371994884	-0.150734160298644	0.0403118829139783	0.256671105158279	0.0918630550276362	-0.0977237006235225	-0.167983142386786	0.171866121373225	-0.0757758749328996	0.0855794002272339	0.321240036298288	0.141022816201428	0.113417144188419	0.0524931414299071	0.171413540802209	0.256433850525052	0.171894534978366
-0.096739249417039	-0.167880215207942	0.0267651772084814	-0.208545139268723	0.0839078046671991	0.0488307971267275	-0.14082701788938	0.278940897251781	-0.119814558852424	0.536741668321894	1	0.477015852353852	0.354115858285337	-0.0997333817828543	-0.193683852330405	-0.204626651827	0.23581264830583	0.371419470582401	-0.0755079820081986	0.270537278936684	0.389242166423148	0.30826683567708	0.310776766741391	0.101160933200114	0.0351354242354453	0.228088253800309	-0.0166918335849948	-0.178276311281672	0.137071191367175	-0.188258956176247	0.0368377546345444	0.118899079019527	0.291638019700801	-0.0957217642773898	-0.152822157038005	-0.138719496884954	0.052068926908836	0.229915296970031	-0.0540241160546197	-0.296466565520678	-0.011726329876178	-0.0515551408135411	0.22172887830715	0.0871563498981375	0.288421363189639	0.138455959767106	0.25335693390989	-0.0458123888130681	0.0710766216415013	0.337678196845733	0.0299482427212001	-0.133141919467873	-0.184761918115292	-0.0301507056335272	0.166739455417816	-0.289929752908352	0.0831339857411582	-0.0195501240398917	-0.135844540341709	-0.0285111298849251	0.324701860810707	0.403821990349762	0.310474404590108	0.232842821524353	-0.0465759258042517	-0.0272363379372905	-0.194861683674685	-0.0480687120925607	-0.233560888505304	0.0605531026621727	0.286245299870736	0.283832565766006	-0.084012473664553	0.0618919015615086	-0.198506083110844	0.158771062794839	0.0452011322502406	-0.289494710434739	-0.160025277332721	-0.0629947778982449	0.300356880186326	0.150588971286915	-0.280456314197232	-0.14185486203586	-0.0934765687108926	-0.134591334124959	-0.156308229436556	-0.176413252135493	0.00963794820100328	-0.00812008122839434	-0.150210874217943	-0.234156001593376	0.201538804884897	0.112983750032132	0.121387349872842	-0.0965999365699192	-0.128719208826571	-0.0498199580289154	-0.0134977871137626	0.297557885637598
0.282674750288879	0.240178900094256	0.41459705979565	0.153061291287779	0.223160706871941	0.271426138320659	0.157395137964917	0.193380050514241	-0.0445476961997462	0.63122735964401	0.477015852353852	1	0.43273879420324	0.189915651957408	0.123306762476724	-0.114036614880472	0.399958980718429	0.236392648182701	-0.174803627037433	0.0892937244442382	0.5655956187099	0.408889920730203	0.353519650655793	0.231816269515805	-0.0632260241750753	0.133663728202	0.060420611650912	0.118571767858411	-0.00233538748748525	-0.0383278853810283	-0.086954243571643	0.0161598729544895	0.284857464864676	-0.133664190999751	0.0713775757534599	-0.0611998411586118	0.270303770492102	0.0993949170100343	0.17882035898716	0.0242670699663611	0.495831258457212	0.321958576459939	0.280045445625314	-0.0662264992090266	0.0113126772490595	0.19663031339597	0.147641342664451	0.0757325762679936	0.312036125889334	0.554472480098012	0.1960221429531	0.173820451531053	-0.236920604930729	0.251178866449509	0.254462143164319	0.0622410257106922	0.0916634638910936	-0.0116973300866285	-0.021224684012269	0.0101379880437845	0.443059885813646	0.283941819563057	0.350738975719396	0.294458430131964	-0.125418136502155	-0.196135732738618	-0.065475605154047	-0.100183793428222	-0.0417374372091343	-0.106807221204245	0.311923056490305	0.258639416863847	0.0286894536246746	-0.00718654994023066	-0.301919486130385	-0.134657491522498	0.123763074321898	-0.233387155272117	-0.0576040929863775	-0.243844294583523	0.0679211346264793	0.0431991529993399	-0.0383325802295246	-0.316730603651328	-0.328599094442988	-0.184311847325412	0.238611516459571	0.108284142294541	-0.0762696274487114	-0.364290654944892	0.130431148872201	-0.0784545359821605	-0.116795397566431	0.0683051527928349	0.190288022347688	0.08231013172705	0.119299989756814	0.244180376343829	0.231970668662488	0.11701093335288
-0.00577384001955133	0.113599842055933	0.206755537792017	0.0964721430917544	0.22420841973989	0.205588654014191	0.0976033743323569	0.454710906576488	0.0544472502858117	0.398861219322352	0.354115858285337	0.43273879420324	1	0.0287653787981973	0.00106280037311908	-0.0293238634685872	0.55966800638738	0.408717665883526	0.18045481048811	0.398041529520501	0.507523995399814	0.317568831516443	0.440558688732547	0.208239640152251	0.144611767056125	0.340766742028695	0.143556891547252	0.0471947524898909	0.145233871136714	-0.132306075537031	0.152289824158325	0.244447979104743	0.530273492953859	0.0318786419023969	0.0163761408400545	0.0857032897957643	0.129654628952627	0.335561149521351	-7.8508563122686e-05	-0.19669372822989	0.250012322888663	0.153021606972705	0.31905724043444	0.254235098713327	0.443756550616543	0.313213182401665	0.297601161507894	0.027130695423449	0.287987278346848	0.318053280124047	0.0580699820454903	0.12586409324197	0.0553604369857292	0.105773666937044	0.196537820468187	0.114022726807382	0.280448412754038	0.185529846770127	0.00697737915372324	0.0996568055131508	0.172627524772777	0.114283208991143	0.218670806431187	0.319449950806322	0.0648893309331442	0.0289312270717848	0.0295941540902915	-0.0171857434336712	-0.00948764639310858	0.189806334446426	0.239974019746422	0.284067579874774	0.0542160518999863	0.124498083247275	-0.171767745987174	0.0909526569081109	0.140312762029892	-0.171627947578317	0.208462359452563	-0.0524455587289956	0.257323840742074	0.214795449243679	-0.156919072452243	-0.135055614828983	-0.0113613543056831	-0.129041135715167	0.0153814390349137	0.0329943433592993	-0.0700593564587175	-0.10022036253573	-0.03920279445341	-0.0724633355071301	0.268187670820268	0.109225827701829	0.236387668262088	0.114685595104808	0.113995947210571	0.19890895363016	0.0475048945176388	0.0925717435761114
0.615034467545875	0.439030165724003	0.484582594616948	0.516660331383825	0.48677575462472	0.425963301182858	0.53591890867496	0.165759694835156	0.151036921700478	0.291410840502673	-0.0997333817828543	0.189915651957408	0.0287653787981973	1	0.517149008730709	0.309173286929294	0.0405876819042797	0.00278258368081384	9.59952255117146e-05	0.0590874108835028	0.15403988581357	-0.0433567619971919	0.0746661375752613	0.119199488494588	0.164511822054377	-0.0136651726128435	0.0420929027940777	0.0580515809141786	-0.116944950555805	0.337121240401235	0.109928004091918	-0.0268092982823573	-0.0924812859629049	0.0574867924569554	0.363552277285377	0.137966480612387	0.20460254828756	0.0503728011023926	0.36616279364735	0.0843462857002563	0.106462295665947	0.530422147748565	0.158928212313568	-0.0538562474210491	-0.187435408832795	-0.00406506837418361	-0.16088897839881	0.336522745265264	0.131743020139862	0.328466167611736	0.322963272857398	0.254386808607395	0.112715490414184	0.545631528345601	0.431761652330653	0.2903232631076	0.237399139714062	0.168001660582493	0.112365709150826	0.169890016248625	-0.0340529342186583	-0.0978688661488035	-0.0232386204388302	0.0930773913054064	0.068774702516187	0.166141420062606	0.0861844939461787	0.0463519760157765	0.158441406927638	0.184615372024372	0.188190257249331	0.00520084861063268	0.235703208434575	0.224908414214979	0.0410439442365264	-0.25166637763394	0.0202984066074905	-0.0716204253622027	-0.230492521651194	-0.0517199238976712	-0.216077778758838	-0.209345507155502	-0.00352586359271593	-0.0915063620548683	-0.141211140420388	-0.237549196754517	0.367478469163334	0.23568046550382	0.142077091579533	-0.0702727920400666	0.331255078108895	-0.027207028443213	-0.148009179422148	-0.110528234922176	-0.169943263155458	0.383703034183206	-0.201271650389288	-0.0757973320185026	-0.00217341895458919	-0.0846600860866309
0.408735234944363	0.530117706959744	0.527652992500625	0.667705952785781	0.41230371806505	0.37759306828527	0.58143544999007	0.204735711892918	0.241465764003168	0.141519993177684	-0.193683852330406	0.123306762476724	0.00106280037311908	0.517149008730709	1	0.366836065793521	0.131761696555658	-0.0504467559879941	0.0559713126629579	0.117964611556588	0.176313973422442	0.0076563139930348	0.238512477043955	0.246735216504009	0.198288040688402	0.0602537601924562	0.212186797503597	0.313092299190951	0.0163089102403483	0.43282478778446	0.0752099698803721	0.0172661561737596	-0.121525739967437	0.114779331963045	0.499631251797609	0.1460030932569	0.347564403729246	0.115645424942036	0.469401048059529	0.0714230004455982	0.285957493840106	0.506132436053281	0.379564592786673	0.135643327899403	-0.0293394553511737	0.195502201762337	-0.067400748623479	0.451808276183259	0.183662960471275	0.321877200848645	0.284451923307875	0.317652915058257	0.171469815059184	0.422036694720758	0.435668536717398	0.355351412478944	0.23765195605412	0.286033599047974	0.317876709520309	0.263741167154936	0.0104856871722341	-0.174584145518944	-0.054418165258849	0.126269955705841	0.0392895237009298	0.204318384629433	0.0422491865921349	0.175922724483154	0.256807685553004	0.160614911376065	0.127381330607231	0.173979641144518	0.418485595015147	0.179534202094899	0.104041244180198	-0.143178805764774	0.221274660476636	0.074778120024571	0.142146724977896	-0.0409796415073011	-0.311742144661259	-0.166640570176185	0.179577762774739	0.0665965158873871	-0.142568657856282	0.037238372317222	0.347694742226679	0.262958914852308	0.142612139547982	-0.096847772441608	0.400937717517947	0.0794153575845889	-0.0184228010222304	0.209609208484818	0.0805701718087927	0.432640921106836	0.114284657645075	0.199050350933846	0.189122733955071	-0.0777725739970641
0.316616123338205	0.297243479904991	0.379666792161401	0.521361116297221	0.155455008431678	0.170420043741431	0.621110648239294	0.245021533274762	0.415331484964266	0.19821218205286	-0.204626651827	-0.114036614880472	-0.0293238634685872	0.309173286929294	0.366836065793521	1	0.136482731786971	-0.00116391123737597	0.549150248652032	0.122497210029785	-0.0645719941713726	0.101029790332309	0.094202035192235	0.415002828405921	0.169161823002582	0.29123629066034	0.470401859373882	0.321148351638854	0.0677451873422139	0.341531679791503	0.566198992939733	0.396096846184513	0.163421609943174	0.429550804143553	0.752100381402679	0.784260291576211	0.324663824532376	0.256133131520111	0.59189976819575	0.155653621535942	0.215910277421686	0.124474670172797	0.256779084729168	0.357135467108132	0.13346301380287	0.149583919483074	0.0463231399987937	0.242232069006456	0.201714293017959	0.0720938816764324	0.304940428325835	0.529086210461802	0.468565562996814	0.245507383493279	0.274626734497447	0.609747338362119	0.318179687987566	0.466533191142237	0.506548423067148	0.31584341289118	-0.0599974245694841	-0.260748901097965	-0.125180059787817	-0.0170534124778762	0.26343685687715	0.430799181129504	0.701226761272126	0.34633228424995	0.628507080902912	0.422028536783592	0.214920674858651	-0.0652466599852208	0.525803433453098	0.242374529800634	0.20351249179105	0.134186735005208	0.298308693468264	0.297675859818564	0.157648781134204	0.411866789179452	0.05030108140595	0.0510470722438031	0.0784843846339617	0.376664284504171	0.39156579338559	0.388307425135064	0.420953945128646	0.677247296527299	0.0551550289379813	0.246217771120686	0.493788478607235	0.243450464011575	0.168179617220418	0.219363586767494	0.0677006086202674	0.323706252307154	0.0616514827534103	0.157846030992717	0.16394997306591	0.0986250685119662
0.0320515458711942	0.162392463916837	0.277995132514966	0.196130156887629	0.0372125618714043	0.0350122731525587	0.109483787321252	0.595724619034379	-0.0159521564739325	0.421882125757312	0.23581264830583	0.399958980718429	0.55966800638738	0.0405876819042797	0.131761696555658	0.136482731786971	1	0.657991636376672	0.231156168210473	0.474499930229403	0.623287130547352	0.362701305844452	0.37568569103853	0.179410008995316	0.0796171992385896	0.438366928130093	0.162384421047114	0.203805022599134	0.104473344333073	0.0123957306625893	0.435668683017003	0.192113227523536	0.455175153628953	0.190557955389617	0.0491931187351918	0.0696124940422015	0.26820502391581	0.498446231530633	-0.0204834675377879	0.0255098828927109	0.337220918186661	0.0888901610125863	0.435181171204956	0.331060894184333	0.482692643924058	0.221788002975814	0.270114774018807	-0.1939444158558	0.215186149964149	0.271957015196195	0.12171191165792	0.302918634747606	-0.021312805421627	-0.0135644200630957	-0.0316391253528789	0.140737354569466	0.245176087388267	0.312052312323804	0.161683759663834	-0.0131976849696047	0.0548238955141642	-0.00997863149221211	0.0351129414150714	0.238305742128133	0.0647820352407972	-0.21697345486159	0.15048592644003	0.233224594930208	0.0518736858028832	0.333903169452495	0.240842805932487	0.0638710673592396	0.0776549970911674	0.0324182814291232	-0.0751960663329398	0.155495995467557	0.0524444127003949	-0.0591560410209163	0.182444504778377	0.141448666650633	0.0777598653798604	0.187548893935595	-0.0576469734504692	0.0878347027401818	0.120098600149766	0.159896695764102	0.155905620943587	-0.00186271582054857	-0.139757021670932	0.118317007488728	0.00115358281100841	0.126735286192851	0.167876783450095	0.191744821142848	0.170426585901504	-0.179431284910228	0.125995924507836	0.314808924452794	-0.0754351675224735	-0.217781130984689
0.0263463911742145	0.131570058219091	0.162685881463412	0.0414874268383605	0.14006549904082	-0.0326667705174994	-0.0818468564663119	0.700007872383601	-0.0912755588981607	0.386823382636221	0.371419470582401	0.236392648182701	0.408717665883526	0.00278258368081384	-0.0504467559879941	-0.00116391123737597	0.657991636376672	1	0.226264095151875	0.508125454368491	0.461935843494621	0.167881598127696	0.202318455035318	0.0979040786518248	0.0343827030732784	0.409290158922443	0.0449563384870226	0.0993858486068193	0.111307512434661	-0.129197241257548	0.518178346052292	0.193537242137033	0.413127361690095	0.187137393893599	-0.0759440546179515	-0.0444100737572218	0.175359145864434	0.433130065835266	-0.125013426177603	-0.163037100679289	0.0270943341942671	0.00249938522768509	0.33099114018134	0.221836336592993	0.569507525260696	0.19089655971772	0.236768182275956	-0.234915089037742	0.0603574767128738	0.243532427767592	0.184610784725153	0.296306062741913	-0.0295613565833871	-0.0927617674381229	0.0188659407233503	-0.0521149016586087	0.184528345017491	0.284480172770466	0.0898453862005276	-0.0534806208113374	0.0142216634836627	-0.0354849012116998	-0.120839611941746	0.171394450593388	0.102925921215673	-0.10932824575874	0.147535380976584	0.29819260158213	-0.119083257422087	0.440903479370896	0.154142181465885	-0.0187313459064118	0.0622496831042655	-0.0113453802785778	-0.0652192106982923	0.295276565187095	-0.00279421631642181	-0.229808900622927	0.070872094549946	0.254498266649004	0.197596188250333	0.227575172133594	-0.153571932573277	0.151432131123115	0.301688218191666	0.102987243826212	0.000870843561786203	-0.16966130257165	-0.0932929537833283	0.296959353400395	-0.112106433228105	-0.049231771899053	0.152184199272485	0.122433655721223	0.0106146590136074	-0.272423481901194	-0.0868287366429923	0.199571757692611	-0.0391201690749126	-0.158167417580179
-0.0367270630184757	0.0946964539158542	0.0711860253916343	0.131598734537929	-0.0655405926696062	-0.20898737208883	0.185783576460488	0.404386846350699	0.518078299614817	0.137503212203082	-0.0755079820081986	-0.174803627037433	0.18045481048811	9.59952255117146e-05	0.0559713126629579	0.549150248652032	0.231156168210473	0.226264095151875	1	0.369587438287869	0.0800618840877122	0.167598191115757	0.167493327740206	0.381452511146247	0.299486952908387	0.249766643266518	0.301569662914572	0.239781312325832	-0.00689135934508416	0.173290027703494	0.497123663908605	0.267270752569861	0.167043353392254	0.232543200923828	0.283143571699813	0.508017588195246	0.187937070356957	0.347141788245824	0.227934649505714	-0.0688199695792611	0.102492563076713	-0.204083716212991	0.297407433301689	0.466196332427526	0.310592869678935	0.331259236285839	0.134362077115692	-0.0908560103281458	0.208950964470926	-0.0951179884782919	0.090853468162879	0.280847900128736	0.170302229668404	-0.156867537643776	-0.0851501909060475	0.13412555443711	0.2721517402354	0.522721465943997	0.487219362095944	0.442314452097759	0.0315243504178351	-0.0573375948447294	-0.0364022570529647	0.0496607684369045	0.0945414434764034	0.13378285136961	0.423063338820961	0.460734519202152	0.588226937267598	0.531208631935945	0.286962328661547	0.00199082314234761	0.374799925675652	0.36278737753909	0.300733343750733	0.102814983504843	0.169382485266207	0.298122379172742	0.109906052046463	0.392932862785056	0.122054975336922	0.144436633346739	-0.0792570598835654	0.381368833135494	0.431709833139945	0.226466303518133	0.225031780641512	0.168936461584157	0.161494500303122	0.360111947554047	0.176971627781504	0.0628379900843095	0.310871040849839	0.275181318289362	0.0783362962546288	-0.0393033954230363	0.0638081574994994	0.17831198957555	0.133512383081089	0.132770871209816
-0.0379175094891157	0.11789594149535	0.121252035075065	0.0654445581310792	0.066070021167576	0.0517356922804794	0.0414634034951046	0.586596673408749	0.252188937142692	0.201033389083379	0.270537278936684	0.0892937244442382	0.398041529520501	0.0590874108835028	0.117964611556588	0.122497210029785	0.474499930229403	0.508125454368491	0.369587438287869	1	0.396743387083031	0.0289120932991124	0.230819221666098	0.372734791968926	0.408172945804914	0.363069325680917	0.122215737444246	0.0410534309279678	0.0609072120689312	0.0124944440922238	0.423918908428249	-0.0177281890159923	0.376554878061464	0.0585372063182956	-0.0399996955310693	0.110316443090981	0.129521055739277	0.699021465786832	0.143014487353973	-0.0307969269085992	-0.00417336239471746	-0.030493294055494	0.350974617483119	0.514911184439605	0.539904536952699	0.10116266512298	-0.00483982875713296	-0.142698010046688	-0.0492807590018469	0.201311731096753	0.0540104170575294	0.124780755941011	-0.0145470161017013	-0.0238663635209035	-0.00918007153827891	0.0320494309908935	0.29622057618334	0.360331949436617	0.384710775917439	0.367358673337352	0.0700197566489989	0.0259088066585952	-0.0203116736311322	0.345206054883185	-0.0888329082578142	-0.141677479138474	0.196820709447962	0.439493830514969	0.203748606970505	0.630624199574614	0.256910081006487	0.0677615616027916	0.28027002434819	0.344767745206443	0.18158669303736	0.0957706329668237	0.149669682754166	-0.154762515471931	0.00319738174668645	0.339512362017387	0.0830801211314615	0.19800180516774	-0.106933559131219	0.197761014598312	0.34369959303492	0.0387960242502104	0.0537838244827851	-0.0388110877255975	0.131024043949561	0.503433070959465	0.096231135765709	-0.08569419434949	0.445343856019926	0.122551167094741	0.137518378609812	-0.00980400060369473	-0.0805655809450842	0.192441235566839	0.122016998206893	0.0539678798072543
0.0723078257165864	0.0910012675940734	0.301541368621976	0.0865722026831057	0.127596076561357	0.171863564647683	0.0144658522201911	0.403347814377485	-0.0563231184715128	0.470326106912487	0.389242166423148	0.5655956187099	0.507523995399814	0.15403988581357	0.176313973422442	-0.0645719941713726	0.623287130547352	0.46193584349462	0.0800618840877122	0.396743387083031	1	0.357772693930169	0.486182907658365	0.208553855774168	0.0812865457139939	0.165224200866274	0.0640640909221634	0.213449710497408	0.166618312752335	-0.00877080264984532	0.245066026990006	-0.0488849515261811	0.416063704885288	-0.0284184263477975	-0.0566750941132547	-0.051909270529146	0.365571430053136	0.332547522826595	0.157277209384305	-0.106092005220162	0.380967889249858	0.159652200793992	0.624927164501082	0.108388364235104	0.3572966436239	0.307647858511872	0.249015886387099	0.0300330642986046	0.257399228734378	0.459367394328388	0.0372200448212765	0.127584459845176	-0.246179839500065	0.0748218808978677	0.0891458960901484	-0.11498584787467	0.16461362236705	0.184869595345873	-0.00533928930402351	-0.0175503708848513	0.34237100542695	0.297822499609256	0.301940262224284	0.330474267075063	0.0678477787127349	-0.198375166274941	-0.0997649266903209	0.193879242449701	-0.0664917363202848	0.14850797196636	0.488850826701547	0.335366594567492	-0.0216333404400239	0.00465288203690819	-0.0231578337001792	-0.0660744889231782	0.0939629687541857	-0.00031924348413432	0.132575179963605	-0.0149359307637993	0.129473598195895	0.255157276619921	0.00895115812052939	0.0212252798822523	-0.0792840950817539	-0.117898507440733	0.101766569350501	-0.106564488017926	0.25497871148392	-0.0687513482503666	0.057498426431902	-0.0503359397052482	0.00696677317672886	0.215236840029854	0.340006039881051	-0.0302076352413829	0.0629340329105209	0.240378674105554	0.12933152286376	0.16985613590243
