1	0.702502220679059	0.677217902725444	0.497446321921309	0.692981056304376	0.425361739497495	0.28272648917524	0.35486205130371	0.265303479335029	0.185769265942836	0.00594952131924214	0.31120606865889	0.205621423471462	0.673531481900008	0.369182708686404	0.479024146605725	0.140104543882514	0.155034428321226	0.404349967579781	0.20279885240184	0.280308349151989	0.13311128639827	0.0102761554081324	0.349013357588893	0.119671614259096	-0.0332030133778944	0.0132997814869375	-0.0513790392873717	-0.26105775789893	0.4784799423387	0.320891625974747	0.232704686974654	0.245153649673275	-0.0317333105814312	0.360610576198961	0.414765732280111	0.373537660675309	0.208441913769511	0.298002867971211	-0.0097543638888257	0.127645034907074	0.105928208826783	0.327153979996169	0.0806925283308938	0.268134443283612	-0.0740378182712794	0.200676683872142	0.0327424388970769	0.477971131847478	0.436876674517454	0.722742627732581	0.635871946655614	0.301907740832551	0.497405691769903	0.385944698706041	0.462209500995029	0.0377944183531303	0.124964938573265	-0.0128586512488016	0.158382060547	-0.013171073995032	-0.0319260291062711	0.0527124320177732	-0.00161004953110387	0.433649724385864	0.173479984797526	0.310520164677334	0.138815355478549	0.379941228645902	0.202397230181123	0.191130769689914	-0.0011186661452761	0.0699749559854662	0.049165311744731	0.253703227879208	0.049538392046852	-0.0238878147748011	-0.0079041028580639	-0.0884978606116725	0.297157308397559	0.151751256997782	0.139624385054375	0.435108483151659	0.221414032769672	0.185382127810272	0.0968558108573562	0.29552945955434	0.380069054686092	0.362538557683523	0.0998516863787109	0.295800867432133	-0.00898416578415554	0.0589154334236792	0.166803412515999	0.228214128053724	0.354495581164506	0.23302104308569	0.31570455363013	0.305905838643605	0.129951683084015
0.702502220679059	1	0.555554833767622	0.580451896723874	0.61198042107161	0.492245224676592	0.421381338740398	0.305950935168176	0.255973234850304	0.0855331998334588	0.087554334771319	0.19246708526974	0.158613573383553	0.704809633507958	0.445483295865184	0.595018694957822	0.14399812229679	0.136394750661232	0.408713213984782	0.245624523494499	0.314403293596571	0.0747519126039157	-0.154735447376293	0.336784386833468	0.23963556724744	-0.133969236733943	0.0664097155155901	0.0655939776049445	-0.0383637906733779	0.479227608499466	0.358247035009216	0.133374269362105	0.247281715564043	-0.154363813162971	0.476113315512701	0.509397529150755	0.461883377431856	0.252657847142929	0.258157226930442	-0.141559992576389	0.170002529355401	0.0715059317282907	0.39448990486151	0.0781205878162383	0.285658446959289	-0.138205411228839	0.0477768584437453	0.145266835704946	0.365851017913814	0.52622237492984	0.567391414166377	0.66978108547473	0.403531821765891	0.480500215429218	0.395564903858266	0.471094234790009	0.0921371424014327	0.172290443167932	-0.00624556612596036	0.182490462861559	-0.00220108951351294	-0.142335618678129	-0.00243457102234429	-0.109659941222151	0.602269208969709	0.319738190525003	0.417826768126812	0.185729420148791	0.399944797192895	0.189523803915001	0.213715290457548	0.0088739645254058	0.0996442068568672	0.121288707265468	0.360281736564368	0.15110514311701	0.0742876255816376	0.0534647501895949	-0.0867859681180299	0.359370572992608	0.141733845040315	0.143499954156631	0.318948407837003	0.297983825897091	0.302194484046531	0.0491413039029696	0.32176644968291	0.46089438610413	0.329226600742145	0.13887503840454	0.215293961879588	-0.16632825204978	0.0689189565963598	0.112114086143415	0.141373527049641	0.406511258711239	0.196748976622056	0.0980132022154865	0.314633532790136	0.176102995929195
0.677217902725444	0.555554833767622	1	0.434411270508958	0.589158346309172	0.379504650206739	0.403181226568498	0.228178196376535	0.286198750556753	0.184210976321537	-0.0482396764200878	0.348858228873301	0.118719903707203	0.422327444439959	0.268438708261905	0.464002980056369	0.0628931633018159	-0.00825842906106843	0.4451546040686	0.152660360410556	0.289029435486492	0.158538962535946	0.165806993288327	0.265517750644508	0.115805144965043	0.0830241594316509	0.0939745966716946	0.0888254010582278	-0.322471661528508	0.354139825293533	0.157415483509962	0.299880528239678	0.128336959150887	0.168353958084752	0.393963755769618	0.408531730350746	0.329551121253751	0.21299594535391	0.209229013971044	0.123610271361497	0.0279815773866318	0.11092081763147	0.212348135486553	0.0628989817398515	0.179630079265327	-0.0909812115305423	0.214550309484206	0.0436020181255067	0.438496484466741	0.393632893596737	0.730683480360283	0.718228896776548	0.150155537547586	0.572184961472611	0.320573152975885	0.424738844634663	-0.0473859187352097	0.0167161225819288	-0.0922805966072818	0.144914356470588	0.0911142505984806	-0.0317494132548354	0.0517123929458306	-0.164353820095691	0.297936071547172	0.112649356287811	0.365332241513774	0.0185371114010934	0.4090882304741	0.0363579196712027	0.207813219109651	-0.0418685586028681	0.111985708123725	0.0276488117371947	0.164165865078933	0.0186484756457493	0.00221794964951719	0.185032278609838	-0.105098501110654	0.270119939760978	0.196830384598409	0.0610034615506614	0.505689341515893	0.317053327734057	0.00961869579007064	0.313810826464484	0.208585238300248	0.327182879743709	0.216668290430429	0.00837813752530177	0.256563402311693	0.175702810900354	0.0405522248461443	0.178397756378644	0.17328954222469	0.309823257505641	0.272152501585365	0.409849282780103	0.270544852297264	0.122757030693291
0.497446321921309	0.580451896723874	0.434411270508958	1	0.601591172454372	0.726794489999261	0.694137486879812	0.348726789776609	0.307691847086148	0.359108412699891	0.315405387979909	0.405125353589242	0.350154388775867	0.488904977597808	0.696831360081623	0.504703127258849	0.252611837011362	0.206878361203498	0.384637741077608	0.25343721748919	0.412342008729196	0.174763552184717	-0.000379521840071649	0.410673885340117	0.174879710777349	-0.134277472431953	0.00368478187585816	-0.0732407955429094	-0.219942836396353	0.285423551008724	0.469442868302251	0.117000666325851	0.208452959852497	-0.239517075359446	0.438713714572098	0.356724197863361	0.416343450492642	0.0612217363624194	0.311458006151885	-0.170756860112061	0.126208351664531	0.362633144318231	0.387120828122522	-0.0306229066347421	0.252418678246466	-0.111989725188367	0.0235129509493617	0.435095611055414	0.411090757924991	0.65320779875391	0.450761802156365	0.389902167597728	0.666449170584402	0.613743056009365	0.619783869229049	0.768205066238958	0.00245194058503172	0.137354137808625	0.0994522584650026	0.253719189714404	0.180478810948243	0.189006212093487	0.179815820536987	-0.145967917437262	0.150970602767007	0.59275975824755	0.293984062672345	0.141149106535049	0.232331562561535	0.168260270851506	0.171389863575541	0.182962761468851	0.19621655942207	0.0455716838601975	0.301953930644016	0.0873664742258078	0.0574009182804265	-0.0828541612053173	-0.169172594175688	0.28117506946369	0.232435104815241	0.209401110547741	0.23237385234388	0.257107750844962	0.198410071249524	-0.0134469103249364	0.257992696882661	0.440407819871152	0.437024177824921	0.0657956506832251	0.321338244376173	-0.205344551371004	-0.0124092838110119	0.0791252010061589	0.112130557760778	0.571940808606609	-0.012631646746886	0.190837224569234	0.35453786643297	0.358881938032257
0.692981056304376	0.61198042107161	0.589158346309172	0.601591172454372	1	0.675141087671864	0.399371638166841	0.390849407048668	0.289214505141699	0.318399694594866	0.0468583239397401	0.367735475061344	0.301574625754419	0.533312586436661	0.458864181700277	0.421772735469219	0.240733211578213	0.0638698102611039	0.306427570188972	0.388369416325495	0.372493877406502	0.254222703487814	0.160071567862315	0.233301217698991	0.276225475118057	0.0527770666344133	0.161764324089085	-0.0963043590608301	-0.251884921669911	0.406220114770911	0.261105398738184	0.329553585830005	0.338952534840064	-0.000779356234203546	0.318157894046281	0.244414841084625	0.393178103063229	0.256765883574203	0.161936749866124	0.131001840474335	0.254962602682016	0.271485527018389	0.289332218146474	0.167748370036295	0.338637357874425	0.025447245093456	0.295256977591371	0.142190395659135	0.641523838231157	0.520370556144741	0.755434711943743	0.531817226740583	0.397644386365612	0.578248166638402	0.537281702524671	0.507776509108986	0.203075661590879	0.300136431974662	0.042452900034956	0.224424106206834	0.202997464331977	0.169923997188748	0.213746935915468	-0.0313529740438147	0.301804100125262	0.235874372921987	0.321525898174115	0.264715377101066	0.320532561687078	0.293512550509424	0.320917186983849	0.192839495182735	0.115781967014101	0.159472088077351	0.229732735247074	0.0543240017730979	0.0170681525446155	-0.058612518717634	-0.0380833415938625	0.244748126670317	0.2520302666837	0.244707550395435	0.372907285733512	0.254740563226557	0.268216960776577	0.157742664504476	0.288162299227187	0.36686114220008	0.361846779174656	0.126112392897733	0.212749466635865	0.0841504798981405	0.0838949717505949	0.292742570741329	0.224502965685093	0.39220818524639	0.289030334112983	0.399699431884925	0.338553135900957	0.371727078124737
0.425361739497495	0.492245224676592	0.379504650206739	0.726794489999261	0.675141087671864	1	0.661334475452598	0.508418204152798	0.383684477045542	0.435282618114119	0.336559016672562	0.457964121980133	0.512339430698517	0.407469707260761	0.689231096367474	0.418496865414284	0.201189129123029	0.215116942728857	0.346206514983575	0.490224618573444	0.440300753022408	0.415700172008067	0.112535692584673	0.363957266379018	0.363873911381173	-0.0937621561594291	0.0233734958585101	-0.144238716414174	-0.160938168206601	0.189775795727745	0.405072551886451	0.180875137061937	0.455201741209163	-0.253967086249663	0.413549132201877	0.282086977992551	0.31715682711383	0.243344019000221	0.274087424137903	-0.195359184913209	0.23979457693035	0.301370405906506	0.440803117847039	0.0346018494920011	0.452772871884376	0.0794123036315563	0.222144286788481	0.602559832871248	0.52365703998267	0.636233626094143	0.50968336845938	0.36379924947262	0.542867301872799	0.721014024383734	0.804624412480073	0.67624308302744	0.276163536046223	0.307436074701936	0.167223524771239	0.343857012728074	0.364295316961824	0.410281420479321	0.355790556151417	0.00182237065814909	0.225247249507913	0.499013427417699	0.211769769166246	0.281812979685276	0.213964688066074	0.353350350025529	0.325707657157391	0.374262614208187	0.185015827644053	0.142766406246328	0.316106353910047	0.0934315915071015	0.040191231489107	-0.175309950324537	-0.00935086917314473	0.23437717154042	0.204030526737716	0.327149020857852	0.244758646625876	0.178991506991756	0.310226750631472	-0.0939051586277618	0.157152525476393	0.419211418414657	0.30831124947348	0.142544379336169	0.29575608322106	-0.215367940817479	-0.022090602776666	0.198319934099215	0.221266072795476	0.618496597342459	0.152726242979002	0.370009506652218	0.315088432486217	0.390332750527251
0.28272648917524	0.421381338740398	0.403181226568498	0.694137486879812	0.399371638166841	0.661334475452598	1	0.242438111054361	0.226868305149197	0.267742419120114	0.261631711968723	0.358373733894639	0.301636865166399	0.279064411849476	0.539081530188255	0.353848481664871	0.248863684239355	0.167168338461231	0.206664162962519	0.217634482725374	0.46369095194792	0.132383697437743	0.107120245909641	0.24973829037405	0.112325017243403	-0.0375063347054686	0.061396199079044	0.0413930134863592	-0.218047860720606	0.142270837583158	0.358957896192459	0.0238423190221393	0.136395379213242	-0.0761379853184426	0.649975572838681	0.256866675719231	0.364593542633518	0.0825603648097225	0.488974787846412	-0.029311821790973	0.0567699597822536	0.30591276574681	0.508021639069444	-0.00142084108301213	0.253712744288916	0.00656249692267707	0.0155471433243905	0.608703035007896	0.207269660700217	0.537711561047888	0.279926254588631	0.365183267034817	0.576259531160451	0.533479330960872	0.503240662020773	0.764036264833656	-0.00680898119965711	0.0273307613249365	-0.0350596311929018	0.131756282885808	0.25055800884507	0.255610531847515	0.285666938397893	-0.0608653469794861	0.110606309008152	0.594493317015165	0.222057448963942	0.100886140199774	0.0673617990642465	0.0625281613442195	0.298276324011158	0.105306683272266	0.18022023762459	-0.0293770358981725	0.317219658984471	0.119216383654487	0.130809912841677	0.0533572941159582	-0.103054885880703	0.18763666996391	0.189087914483146	0.132270612126586	0.193127562285131	0.248371383982344	0.116150487486928	0.109167959158882	0.165675896906742	0.408438688802821	0.364038928693332	0.026140043521142	0.392587406087656	-0.0316393725152321	-0.0223758408843093	0.0813788815343539	0.163010560328564	0.562567035595937	-0.0246155966675584	0.138298969884962	0.335082143528595	0.426145332145219
0.35486205130371	0.305950935168176	0.228178196376535	0.348726789776609	0.390849407048668	0.508418204152798	0.242438111054361	1	0.673812724782207	0.414698085380795	0.170246446308249	0.445189636838071	0.499870468854009	0.361997061294678	0.40883148743902	0.357635229249798	0.430840461853315	0.701569355344042	0.323502398284677	0.849155774903471	0.433373032703483	0.44179529579043	0.232071379969189	0.517578147495843	0.708714553576118	0.148869924663199	0.3155868748878	-0.105989548003636	0.0303594383356716	0.10091807044898	0.509288289049673	0.280143202607736	0.502045560312703	-0.105316304152126	0.267253860785123	0.254143763506396	0.31513125558227	0.625392381205862	0.212868238228231	-0.0697504051188635	0.306147952959624	0.163986271658175	0.403898264269283	0.382503404151476	0.661066190968023	0.258049733389995	0.322981721881044	0.301087553374571	0.531681654349553	0.560426848441831	0.347906814802138	0.316726621286124	0.213358988138644	0.301191884760038	0.390034026008248	0.254144443613528	0.49067209552918	0.70201635847277	0.502897813257084	0.679615505716757	0.258640947366797	0.361225681349539	0.220151007565648	0.221624047939092	0.242172538341655	0.243675601968845	0.118283328594574	0.543999676017485	0.216663696222512	0.729633548378996	0.24210345839862	0.293198795109508	0.411648527799321	0.596386620973077	0.303563969285523	0.259521502771027	0.286321284731172	-0.173527894673605	0.0102257280186105	0.350489578018386	0.128524424181938	0.312553407416917	0.098085196043144	0.135537718875524	0.544358685140193	-0.0346378142533097	0.237454792769521	0.310090035016036	0.148603843755495	0.554568720217908	0.152458718041044	-0.140094823014701	0.355575595308292	0.184668868115237	0.14513576971327	0.361740550116817	0.0851749454590058	0.254943742409448	0.177858208481975	0.178558168050741
0.265303479335029	0.255973234850304	0.286198750556753	0.307691847086148	0.289214505141699	0.383684477045542	0.226868305149197	0.673812724782207	1	0.343286148665603	0.138492225929637	0.414191496690551	0.294931090744843	0.210265117756787	0.177820676155255	0.490524884631908	0.178779884622409	0.536887003272114	0.639669404841	0.643297331796807	0.207241424180652	0.381517377056304	0.152737283306645	0.472140495610826	0.820340154108277	0.075651439971684	0.290351094621393	-0.0259473387533412	-0.00896036901236843	0.203697892035302	0.457026736418886	0.316053717399451	0.371186520721111	0.00222894942696058	0.203333150958665	0.442176009991417	0.197026664763396	0.462722491820627	0.107548838570317	0.0540392369384049	0.235479702440834	0.168098796412784	0.192139632970541	0.310056916127016	0.406984692151648	0.156295565747558	0.304708125474923	0.161949960336641	0.437396811392165	0.345686666969761	0.26324519449754	0.280823207065343	0.146004897647797	0.283010539556646	0.292765521075733	0.244792179570594	0.203996776295484	0.64642963261369	0.660898712700402	0.867786256191339	0.301758239421112	0.342072607273097	0.131214802928105	0.121035821695449	0.181493288052853	0.180940682934229	0.308081155696008	0.368806507870349	0.540309425678954	0.614956046637574	0.157261123269264	0.199935174279891	0.302560452534248	0.639941197090234	0.196283507063701	0.178392943572139	0.261275240388185	0.00702333056641009	-0.101234495494486	0.437600656962574	0.1534774611697	0.279560937408144	0.201014665533683	0.279079280128463	0.401249568957339	0.118941074915593	0.146722792565764	0.300625885398668	0.053144478964789	0.479398134342259	0.138388214568256	0.0187205101795755	0.262853235638606	0.235104164520482	0.179645025147356	0.294122047271721	0.10287185893465	0.126823334127206	0.137340787005379	0.230953002482941
0.185769265942836	0.0855331998334587	0.184210976321537	0.35910841269989	0.318399694594866	0.435282618114119	0.267742419120114	0.414698085380795	0.343286148665603	1	0.377627805744065	0.851225027703484	0.40075615110117	0.219500192186889	0.420374466500495	0.193103002490136	0.197802613695121	0.250547569317612	0.283777179850294	0.340681486308235	0.513115730610837	0.565324168156151	0.643924091482731	0.281854354767769	0.302026889755395	0.198232239978969	0.139668343665687	0.00104453511256083	-0.0432672000411195	0.11418132583627	0.227978601934444	0.404926161832933	0.303916480899956	0.272942832536073	0.0349216949122768	0.181523661547904	0.0566426150770405	0.233944478380813	0.13771295353055	0.161821779972661	0.313369829138793	0.548189676453582	0.268520641774953	0.136909148933603	0.247161847610804	0.384379497248872	0.553391023551518	0.288006351754381	0.452931247276697	0.622712243786301	0.270029223242336	0.116867414665864	0.214636751036026	0.289034866960783	0.471368034553857	0.266250494898295	0.215141314108814	0.345261207314862	0.262074963340919	0.322885227769836	0.512084229186915	0.358925234242821	0.331830928839786	0.19969394442238	0.0045779392810167	0.187965807361094	0.0872663491268822	0.124641348260781	0.171807521714989	0.335200352904998	0.126705407993476	0.463531003778387	0.0373391185836539	0.189887829096001	0.0470130167123618	-0.144915250639302	0.104039159540504	-0.0980487990591951	0.1847681633798	0.0909361532559893	0.106459848293905	0.295225153114256	0.298025044444426	0.0749239894134543	0.185264141252411	0.131588649400557	-0.115022110260017	0.201849143381915	0.11762948359536	0.0628936873603453	0.122338942695358	0.141355934501889	0.0143999348393624	0.2812973959242	0.463029930175188	0.253503587604518	0.308870840002471	0.331579459433539	0.274515604960235	0.272513218638273
0.00594952131924214	0.087554334771319	-0.0482396764200878	0.315405387979909	0.0468583239397401	0.336559016672562	0.261631711968723	0.170246446308249	0.138492225929637	0.377627805744065	1	0.389614733519623	0.345054226616493	0.1119543538469	0.407979395720904	0.00931564131362661	0.143639451390006	0.153287691500701	0.0767313220275996	0.236478335431491	0.264132507784555	0.431391645429369	-0.0333794221626387	0.190004736505333	0.140242983905289	-0.12799564171665	0.0578865561604981	-0.0120310494281976	0.133375652074951	0.0367854190837747	0.160833987027842	-0.0136506942971513	0.321956011062943	-0.316801367979202	0.00559395640958535	-0.0198200404814609	0.0302307076978327	0.0814286759459099	0.0409732356739592	-0.311566781452346	0.217222849129475	0.0750415095413304	0.211055175392868	0.0091778387381456	0.168853524254668	0.157242718603317	0.00994792439295723	0.27454876350623	0.145329207258898	0.335980415324314	-0.109621741139663	-0.084187519448937	0.279602197913625	0.229265504694963	0.307864224277612	0.277910074635543	0.0632404151516305	0.106823044933484	0.0991076309043178	0.134317169879862	0.301522833627324	0.374756030106139	0.0752198928289177	0.00287574519160037	-0.0323483727782214	0.308234955030909	-0.12261356406453	0.098373008768783	-0.0270940232388632	0.236804385855423	0.0911439736491541	0.251030290828487	0.0615422349949765	0.0692832312813423	-0.0390913286537528	0.149101259613889	0.112517848827067	-0.18507929287631	0.0093663847987284	-0.0419289264207305	0.0567395821065302	0.152725686636078	-0.0264688179575133	-0.128532496837136	0.184215371947365	-0.291678906059382	-0.0534398121527234	0.0295042918386202	0.0238477507257992	0.079313995685112	-0.0642082308752581	-0.319828081792128	0.00365412631921776	-0.0555560403395952	-0.000333639156855204	0.247865859559534	-0.000127110888988182	0.0310266365419059	0.203082086842711	0.0653996605172978
0.31120606865889	0.19246708526974	0.348858228873301	0.405125353589242	0.367735475061344	0.457964121980133	0.358373733894639	0.445189636838071	0.414191496690551	0.851225027703484	0.389614733519623	1	0.468588701339631	0.248859033837683	0.359486010890708	0.269716026457267	0.238117227802842	0.267715360328657	0.392242437210745	0.373611079505749	0.551235449824186	0.509527931450216	0.550947236798855	0.258459421189613	0.318394599092481	0.225111927036898	0.152476643298622	0.0861025293139585	-0.121340820167693	0.214587349962611	0.266765382530352	0.467013514702648	0.415925754687635	0.212900761565048	0.0607181733551979	0.254190742723557	0.114015765918873	0.308304742082432	0.186729051031252	0.173291037303076	0.15327034267728	0.443834908445428	0.278044517512872	0.193188030730112	0.329055973196019	0.353107730094797	0.561576712551231	0.276421904321221	0.474725847497878	0.619976577455483	0.342447860358232	0.335164779428138	0.246375794416128	0.391647163355553	0.424222546695028	0.330422137052884	0.0480516667289794	0.279557067366414	0.230355233583506	0.33745836121542	0.450454883453257	0.420124151971898	0.349905550608784	0.0989386779147704	0.158103224955186	0.252098830214576	0.192149446351936	0.130459254912017	0.287927032406678	0.286815384813179	0.199530835781657	0.410622237075693	0.0455603626550699	0.198672714022872	0.0694643886675911	-0.0439223566282843	0.130478137131939	0.0174468872674594	0.107025479860768	0.217862376266027	0.247172641487323	0.319721545040502	0.378879471830674	0.165735566836544	0.224321227348381	0.213835360529855	-0.0488876781652545	0.274711256667271	0.180901675098576	0.169909624501228	0.18330511499388	0.15155639151806	0.0827541278390845	0.351832162332978	0.51435439336326	0.298411486372316	0.299448336892522	0.371735865575423	0.275213350902743	0.293754920356034
0.205621423471462	0.158613573383553	0.118719903707203	0.350154388775867	0.301574625754419	0.512339430698517	0.301636865166399	0.499870468854009	0.294931090744843	0.40075615110117	0.345054226616493	0.468588701339631	1	0.203819716368466	0.406089338518706	0.0451709662642247	0.486740594669943	0.283949420511043	0.0679368848830769	0.506074970409023	0.32755872604088	0.280686911305097	0.218622918465125	0.303995826259194	0.305425237754389	0.0517142161388316	0.084705658639172	-0.115137645991703	-0.143826863479598	-0.117034177788842	0.225042704206822	0.159730401521602	0.652845843471063	-0.1242723707721	0.18815631081045	-0.0437136280721114	0.149794224073823	0.300712006014036	0.195284483373503	-0.094718740987562	0.0988568440779093	0.109532085420217	0.298522442017412	0.24070961892473	0.540132028586348	0.193791659530622	0.15756615643467	0.284633475617226	0.306721742223238	0.425493366852305	0.189238818723442	0.0789047282492811	0.186886788832899	0.254400625911053	0.389658604362964	0.331113603097876	0.29754928698768	0.336142311542594	0.325903782026556	0.44264153883071	0.152978804759526	0.33328416499149	0.368618587650439	0.332052481163857	0.0391781109997753	0.220357092210544	-0.0516464784380166	0.275963291603764	-0.00768123059008053	0.496081294664146	0.0803509226198027	0.213626990426846	0.0945917734205014	0.290724201817132	0.107936925189359	0.144554982110162	0.168869922681501	-0.160964978266449	-0.0620385166266851	0.0911489205969735	0.0830491206324281	0.466687194863111	-0.0214428039682831	-0.0846315947707816	0.327425839515189	-0.0688345790196634	0.0883561814869649	0.161736364891978	0.102410905874303	0.302393608091752	0.193781871776937	-0.171633095264499	0.211612382846905	-0.0234625279079449	0.0534412128946293	0.346613037846439	0.0264289808148687	0.15975675458284	0.128930276415492	0.110000182473291
0.673531481900008	0.704809633507958	0.422327444439959	0.488904977597808	0.533312586436661	0.407469707260761	0.279064411849476	0.361997061294678	0.210265117756787	0.219500192186889	0.1119543538469	0.248859033837683	0.203819716368466	1	0.501102917470786	0.529718552008623	0.151020681319613	0.181715420661902	0.332721778926143	0.243129428274247	0.342233024891364	0.118878195690515	-0.106395478947102	0.387897807718323	0.215017893965351	-0.105011532061231	0.106630989532463	-0.0208957280942069	-0.0724596843631744	0.436834547639042	0.416077814152181	0.117793362545218	0.214272433262654	-0.107118402300383	0.418517965821766	0.44212947864139	0.538226690319631	0.171940124600523	0.337943268585224	-0.111593684601639	0.123778382760592	0.160337834968841	0.406919120836412	0.055080847996677	0.243041532011522	-0.0822670021786924	0.0717821472672106	0.0543246737104466	0.56316741631832	0.567409538350076	0.471998688124575	0.543442034811029	0.472674857608224	0.334813324561344	0.351051655973355	0.368274025513209	0.133078468843744	0.261476494859353	0.0993818065382375	0.193366404356646	0.119976083741913	-0.0248965371548365	0.102328893675535	0.0596561112394858	0.544495214793914	0.331378951423124	0.379800007377027	0.190605114118188	0.377092401065866	0.239796172527369	0.316041545421966	0.123094973961661	0.0982271716779376	0.128788146060279	0.382249998225829	0.162454122597054	0.10502694317778	0.0410958021289034	-0.0586990452411534	0.319602632882177	0.109639754075456	0.261522747009949	0.298686261270163	0.268675438410031	0.277807194252151	0.0282213202022658	0.444620273049015	0.46024722680503	0.37297054219703	0.137867398146145	0.286315768033092	-0.0610242778477737	0.0604705530640448	0.101264791606281	0.191704264408053	0.348254267386991	0.344205622388955	0.114514022240153	0.295194422537442	0.232950123978981
0.369182708686404	0.445483295865184	0.268438708261905	0.696831360081623	0.458864181700277	0.689231096367474	0.539081530188255	0.408831487439021	0.177820676155255	0.420374466500495	0.407979395720904	0.359486010890708	0.406089338518706	0.501102917470786	1	0.355244352069285	0.251286588044353	0.282016387146717	0.266955098258987	0.295122089764303	0.44723241178884	0.350802661604205	0.0162926992034172	0.390634787946533	0.148008882051707	-0.246786666735518	-0.154557143754684	-0.0852184006523023	-0.110308866371017	0.13417992378487	0.428610274855395	-0.0636210298786655	0.167666930080029	-0.285091108862674	0.332943960119708	0.267408707234056	0.322336093877402	0.0456444819896567	0.297774218412212	-0.357526667206545	0.212747715069369	0.256454283240228	0.528276974847385	-0.140842437205548	0.228578134487867	-0.10745756088576	-0.0243390093959532	0.448301434614105	0.384752047146907	0.673832382729319	0.341219678004291	0.265207479897798	0.495211694518662	0.421778414706718	0.581045913250648	0.471157027239327	0.107940856698314	0.143485672418395	0.129617875241882	0.167681286351367	0.178722849914718	0.22804968475904	0.135739513807701	0.0562417374846117	0.120248728659117	0.451477607115613	0.0919765382450407	0.135917884024336	0.10881671402199	0.209229376747549	0.0699194525981737	0.195453333016152	0.16726945778721	-0.0444539426490081	0.149004918559231	-0.0816543902629324	-0.0620335639367268	-0.225063630986563	-0.116103001730167	0.0999169275601125	-0.0593002716240779	0.0719828779157977	0.088289851715031	0.117349130657814	0.110730579652658	-0.243281900384084	0.161306294084771	0.346773766387859	0.132250652346591	-0.0253708655666912	0.175140739444665	-0.353841935117049	-0.120497444152216	-0.134556792837791	-0.0350801309244169	0.480752656882247	0.0132682550123465	0.116176393410746	0.227222059911448	0.135801658111614
0.479024146605725	0.595018694957821	0.464002980056369	0.50470312725885	0.421772735469219	0.418496865414284	0.353848481664871	0.357635229249798	0.490524884631908	0.193103002490136	0.00931564131362661	0.269716026457267	0.0451709662642247	0.529718552008623	0.355244352069285	1	0.158352787882988	0.384432043767789	0.713532509901572	0.252917447809082	0.312561645175525	0.204060789693146	-0.00282661188887175	0.427232915823386	0.482804872130135	0.0511906816822098	0.314618337376064	-0.0174926256744842	-0.049625217423637	0.472587395272608	0.764943304390612	0.410533495627474	0.272895137754113	-0.0161110171856073	0.507590745427044	0.8442092672982	0.35574494636361	0.335236628249124	0.320129327460548	-0.0475667152816978	0.180695350519686	0.0790629828775566	0.469310581155195	0.265114229648227	0.291549340578686	-0.0428347479634062	0.32145239056382	0.109619316616201	0.394176240901419	0.47998460972694	0.595911454654762	0.569001961437223	0.302786897154884	0.460696217406903	0.452877744811655	0.344874579315424	0.111594214529887	0.304542043499331	0.149178946414679	0.357538703579334	0.296343536276009	0.0676336009573015	0.0618225547891519	-0.165293671170594	0.590245268295343	0.278673271548183	0.756127654782431	0.286697705886596	0.649140663334186	0.28793117036705	0.290889887841377	0.145517827399777	0.139463161153654	0.369937168872417	0.451160242969895	0.267536535477701	0.340885502414172	0.0758481167835711	0.0580732071873956	0.552555810914099	0.245563274110063	0.251908685306312	0.528941370071627	0.681794184142713	0.439449825020714	0.265210012667083	0.229306572571862	0.714444552738395	0.367004609544645	0.252554435088611	0.240932601907685	0.0193234085823826	0.25127181015702	0.298404648496309	0.325350952352705	0.404614949476053	0.318071437921335	0.321946138613996	0.323212043617744	0.246075029944846
0.140104543882514	0.14399812229679	0.0628931633018159	0.252611837011362	0.240733211578213	0.201189129123029	0.248863684239355	0.430840461853316	0.178779884622409	0.197802613695121	0.143639451390006	0.238117227802842	0.486740594669943	0.151020681319613	0.251286588044353	0.158352787882988	1	0.473369775794962	0.104963442903394	0.338222833632214	0.446329005282858	0.0723301399525065	0.112331403327525	0.354885240885931	0.240562905471226	0.217288944695632	0.313550975881693	0.068587793070411	-0.10018028986769	-0.00399193763083404	0.434548916277005	0.137233735841518	0.437697156017499	-0.018645837759092	0.153085726216876	-0.00139753731696734	0.376025123658496	0.284373304617002	0.259635270655493	0.121801144633343	0.11089489107627	0.13271403696029	0.389240143894371	0.249275614153875	0.364634264886778	0.0290493960599403	0.0903756207428763	0.227875065417405	0.109933373960293	0.386135831057308	0.196617240059978	0.185396662278236	0.150422908829196	0.120761381963779	0.205579476739671	0.200128951904643	0.328514729807881	0.216830900411104	0.120870644666049	0.212284949058406	0.14601721435857	0.24560669606184	0.154849386942051	0.124352313064514	0.156718695600539	0.21553324554102	-0.0321070847253402	0.385610279803197	0.000187516371521188	0.257989894047727	0.177029342232747	0.0357543837968358	0.251744942796143	0.217847830720017	0.112201433521715	0.212470439823199	0.286023318240485	0.0236806433723609	0.0340331900325384	0.218651727615514	0.0177560794464056	0.263096160370388	-0.00511048220021362	-0.030154605757261	0.2458022687735	0.0823331960727946	0.312760963483238	0.217619466282745	0.145325979186802	0.192072060985618	0.186201789182055	0.0181243298246544	0.178542210855176	0.0962165956574348	0.0942394379324028	0.25647470403782	0.0299029392096019	0.0718113516669057	0.209482141432234	0.168226694603426
0.155034428321226	0.136394750661232	-0.00825842906106843	0.206878361203498	0.0638698102611039	0.215116942728857	0.167168338461231	0.701569355344042	0.536887003272114	0.250547569317612	0.153287691500701	0.267715360328657	0.283949420511043	0.181715420661902	0.282016387146717	0.384432043767789	0.473369775794962	1	0.344187959833027	0.541196993781803	0.35177469061259	0.18870731467672	0.0899488673298942	0.500088203862801	0.568232620738422	0.138876060374491	0.31133690645342	-0.0457965936978804	0.0356240646877086	0.0563698353305549	0.635574716385313	0.0978004879124644	0.284308817219516	-0.0507243209027258	0.162357620594617	0.335848084797137	0.184861895529967	0.479649202944961	0.212228649851671	-0.0926861096309557	0.156528892504305	0.0646158201637066	0.393117633439155	0.31682778778651	0.388846204615414	0.0957519498670139	0.120465650971911	0.22190425349955	0.145724544162457	0.34176678055748	0.083803897297094	0.192073300275188	0.0691026067603035	0.106062593439161	0.229103146513383	0.10706503849294	0.314853545309368	0.448524625626667	0.352151922065739	0.455737964290888	0.113791298326685	0.230915389491384	-0.00824729864619393	0.3048727573274	0.244898006795612	0.168076329249571	0.169298941426962	0.512668074415074	0.227264243021601	0.456193293504433	0.193148059628934	0.047210109438555	0.388505727939576	0.48228883959332	0.241086990229799	0.270707009544221	0.366674228732803	-0.122765692260794	-0.0636496054131567	0.347175620532906	-0.0519154816160479	0.138777670224192	-0.0677988094595518	0.154566323265206	0.404331333796692	-0.0686557605949469	0.15453900538065	0.292196015571957	0.0750111275248447	0.417140355388975	0.095391632014976	-0.153211749155224	0.318869097017112	-0.018015282645449	0.0308015939819657	0.309236977730459	-0.0780705974086229	-0.0199054318492735	0.0978457239677971	-0.0328806359860156
0.404349967579781	0.408713213984782	0.4451546040686	0.384637741077608	0.306427570188972	0.346206514983575	0.206664162962519	0.323502398284677	0.639669404840999	0.283777179850294	0.0767313220275996	0.392242437210745	0.0679368848830769	0.332721778926143	0.266955098258987	0.713532509901572	0.104963442903394	0.344187959833027	1	0.203460950311825	0.330603978690824	0.241321795243167	0.0631168861335874	0.364682668671896	0.492076383487026	0.055373467915558	0.202060732446595	0.00557537799230256	-0.0643015627082158	0.441118817455074	0.478886189934223	0.407284880408091	0.276214718244961	0.0479575218662508	0.160029405147368	0.764381504467254	0.159910365517145	0.358045149981364	0.17100788108428	0.0197037571003911	0.174382282365956	0.114973325332649	0.175464868286498	0.134199652240069	0.19697433047797	-0.0107161357565202	0.340765267228626	0.110207148820739	0.346388791106649	0.391519443401529	0.476108163546451	0.503622621149625	0.186271329203084	0.449729733231206	0.405314682774455	0.228553556639774	-0.0518164095789435	0.276782244144984	0.337642370874221	0.449397512664366	0.287046580047128	0.158193120812978	0.000219884565904149	-0.111300654283398	0.414882002582696	0.264678405368002	0.535039819778679	0.144261251494336	0.83807027812469	0.210277517048003	0.207046795311272	0.15532842219742	0.121761351136388	0.287914452766093	0.240064913884078	0.066938466585464	0.178529186667715	0.102606043721363	0.00906550301033425	0.566807268471749	0.158020290415295	0.213692515582446	0.501800512154954	0.471120615756119	0.172212478469073	0.232785143085526	0.0464250486120094	0.463860620099672	0.190687798089225	0.143133410332698	0.28342754047705	0.0870549333059557	0.080287468564642	0.265678516009174	0.331293071370295	0.352426808221252	0.276452842124548	0.233523357580749	0.19224613960203	0.190264058805193
0.20279885240184	0.245624523494499	0.152660360410556	0.25343721748919	0.388369416325495	0.490224618573444	0.217634482725374	0.849155774903471	0.643297331796807	0.340681486308235	0.236478335431491	0.373611079505749	0.506074970409023	0.243129428274247	0.295122089764303	0.252917447809082	0.338222833632214	0.541196993781803	0.203460950311825	1	0.334794904377214	0.407890710377284	0.196151409459493	0.354263812139636	0.759953831792614	0.245936476689633	0.363257151848725	-0.15747874121211	0.0294271479738212	0.0935699380729002	0.394565659334611	0.353062380711357	0.583047827073665	-0.0796317410992823	0.194633659880766	0.105870552024863	0.276229013378442	0.692538478653297	0.159209630336997	-0.00550230227160087	0.305138443890797	0.0971053648731156	0.278956587816808	0.494866415738269	0.733892287163206	0.293985244739786	0.296171228377692	0.271827274363556	0.460348447885578	0.420177475032222	0.248083517958844	0.184855967796471	0.18756839818098	0.180152056543882	0.361267083676937	0.209887684451898	0.45576875534423	0.692730620187355	0.451600589131912	0.701005569491665	0.293186060531506	0.346248879751169	0.167932670052652	0.148417498601431	0.170282645438348	0.190965813100774	0.0995151599461357	0.471715798884176	0.147809522498123	0.795232287895636	0.266156976497863	0.293850283959373	0.293687074311168	0.689732095704727	0.205504621489877	0.338727929752361	0.380680939885531	-0.240764159717238	-0.014245100243564	0.215575049072918	0.195185443498933	0.354455209110954	0.0343041322036969	0.138586888956238	0.599463307173567	0.0090228227818342	0.155833113094949	0.203142962610124	0.0823549212584973	0.612203477609593	0.140927038330593	-0.109448345207691	0.428955896961124	0.186922711067629	0.0933873617249953	0.336525148922721	0.0516566319771743	0.189549355309286	0.176029761310545	0.229440003993075
0.280308349151989	0.314403293596571	0.289029435486492	0.412342008729196	0.372493877406502	0.440300753022408	0.46369095194792	0.433373032703483	0.207241424180652	0.513115730610837	0.264132507784555	0.551235449824186	0.32755872604088	0.342233024891364	0.44723241178884	0.312561645175525	0.446329005282858	0.35177469061259	0.330603978690824	0.334794904377214	1	0.265060694404163	0.227285656312386	0.325902565095088	0.234918865547157	0.170048790191649	0.167230381484695	0.0586522304351019	-0.00551826880944787	0.232718635535534	0.42303140661266	0.321972098885886	0.388326118543352	0.0845061755583383	0.218005836744418	0.266235611955685	0.411521007129627	0.357681312823076	0.385414698709883	0.0879041927204045	0.223706950992483	0.325411006289898	0.472366005458665	0.0598748224479575	0.393526801325505	0.148376664211877	0.359195722668881	0.351327612491396	0.283541594940088	0.638218288700678	0.329798725472759	0.320180819626705	0.378738428938814	0.423509698877741	0.40202015578864	0.356002702777863	0.207869033265586	0.216530512148742	0.106520196246256	0.172736278484911	0.333321644995793	0.212706417409228	0.0814478351443563	0.0776360305503492	0.182932309085324	0.455795283487586	0.106040211110974	0.212209192613228	0.195873346832469	0.224471848708308	0.334028952531002	0.199373789586098	0.212622040473122	0.058210195124757	0.308478764867751	-0.0280856100507936	0.142816327554598	0.00720956971523269	0.127732303157476	0.255063968818095	0.243157085722715	0.202754808702019	0.23804387213859	0.172102789626889	0.169116423098469	0.13435421228905	0.228563992292587	0.304272700495288	0.347169806827845	-0.0037070561602801	0.261093634254023	0.0704881618842091	-0.0351398417310383	0.239124988236876	0.355901653985028	0.386352092579082	0.147651665117465	0.23943321421956	0.237496094259852	0.304763984018344
0.13311128639827	0.0747519126039157	0.158538962535946	0.174763552184717	0.254222703487814	0.415700172008067	0.132383697437743	0.44179529579043	0.381517377056304	0.565324168156151	0.431391645429369	0.509527931450216	0.280686911305097	0.118878195690515	0.350802661604205	0.204060789693146	0.0723301399525065	0.18870731467672	0.241321795243167	0.407890710377284	0.265060694404163	1	0.305022260419077	0.247023005655307	0.415347342652661	-0.0646602211868896	0.0912687924979031	0.171915665672838	0.339909988254776	0.0236038185466674	0.210041584567795	0.240553160533961	0.31591528302071	-0.0529704324739116	0.0619932422932411	0.195504936801058	-0.0596203014619607	0.2201768172811	0.065632099812962	-0.010163587958636	0.617300213752582	0.224600210503779	0.384801567916903	0.111750625606395	0.279165832612912	0.499033820415062	0.454177365084502	0.188674856997333	0.492721703672869	0.466884051933664	0.239579823638415	0.0652390331635261	0.169574488145746	0.194483597232578	0.350675166954428	0.172070432810516	0.192727649311401	0.3472928107464	0.338758296372753	0.328701490445183	0.433842796192229	0.463424436789043	0.22544264820604	0.123920161514356	0.0810417020487704	0.010320027044818	-0.014707811235496	0.206005141697345	0.160002440905633	0.322962057084139	0.0869532845199719	0.503769182442328	0.108501972887752	0.181430883340965	0.0936860128840713	0.00529945522975144	0.0513106310111127	-0.0230120899096983	0.442186672234479	-0.0172499920172224	0.0922104937117152	0.124473855877123	0.342153037948268	0.0434062070298585	0.198124132166012	-0.0468841037765503	-0.164382898324491	0.156100110900459	-0.0309643158502436	0.103795662710921	-0.0874727578891548	-0.0372727837613259	0.130495444981661	0.273514422987859	0.25877192921983	0.014628873954573	0.349140072965828	0.563718149241795	0.142191932934404	0.11893785782109
