1	0.65293838957493	0.600081832392907	0.520096925619941	0.232999409675468	0.268299418676028	0.352934688496731	0.16091660267106	0.325048252817615	0.0850432603035238	0.0794870023007704	0.0790113478864294	0.213244904073718	0.488202353705435	0.236454729585869	0.439226119845508	0.0536079772205459	0.190396916425735	0.302197011174573	0.238580797589962	0.121321139295416	0.0742759880643979	0.0179516026934793	0.141956403311356	0.114605949418785	0.18625454188243	0.155767427985577	0.192140536739404	0.188768519781522	0.320919532461133	0.241561156615423	0.000644667379009023	0.118752797129077	0.0848071608776468	0.257097852384134	0.450720915183097	0.286112657470018	0.103728031442607	0.293708738584419	0.1283520310709	0.223596823476229	0.128543041303493	0.286054462046936	0.237092946365141	0.179187175529052	0.0637172131974635	0.117286118811797	0.0644452463477881	0.0411234457660607	0.00211259869881638	0.57672440268943	0.634347025210158	0.109441486173108	0.268036488655704	0.103644571433041	0.377433952506621	0.317597703460576	0.282499418832305	0.391310683722898	0.429993862577638	0.141900486378973	-0.00178490257266552	0.134251807391033	0.143697636518425	0.229601162135765	0.139140459232451	0.364262777663042	0.337535377029976	0.423206236028308	0.379747192117994	0.0921409969685598	0.0963825217102081	0.247157017301106	0.18204630517841	0.312498811313167	0.340440940740609	0.143297021566544	0.295956425927977	0.244082821117729	0.375529430259236	0.40146908480566	0.103241571631201	0.18809404154241	0.415475542738337	0.312080445620156	0.449862167385952	0.179945767188566	0.395311966154544	0.2014243446221	0.407824354556862	0.148933795494548	0.126155980238439	0.348101672282244	0.153467486805222	0.0834666387751962	0.064767340570483	0.0622339356945472	0.173224662818126	0.149150680280556	0.194896972577388
0.65293838957493	1	0.619149836718735	0.62264658427777	-0.0740073037321086	0.0132452635583778	0.397542553252017	0.343470272917694	0.127034151825006	-0.0828435163827026	-0.109856957228837	-0.147028739265334	-0.00654897744880985	0.373802035476938	0.0444205521593578	0.370879659280819	-0.00280376330451745	0.295195312013109	0.418453155765117	0.245813951066935	0.0698947646379617	-0.180987337543125	-0.156452638032768	-0.0914041346598743	0.0312030148807919	0.107556087486769	-0.040516045102054	0.16457387781182	0.0604506847453843	0.345110789390016	0.279397582127374	-0.10808472340552	0.0119661829183756	0.127659904873027	0.368086183963111	0.577684092220876	0.167490509452808	0.110628605231074	0.358242853773264	0.0193874550107775	0.131950974398084	0.159791202353513	0.342664652867869	0.0575874981594336	0.214081061820079	-0.125883841281017	0.0116824206953342	0.0400316832642906	-0.0828749632590031	-0.0341894798417458	0.486681089790767	0.707064731390177	-0.0391135531118882	0.111252387171588	-0.0360553557149169	0.400507449968138	0.260181263331118	0.326420757861977	0.463008479353427	0.176163429787636	-0.177777401820818	-0.299930965064744	-0.121102781645288	0.032693934818191	0.287856175646565	0.134346805817004	0.505071314483811	0.327842856264428	0.436955184690409	0.535510786531055	-0.0828012261607892	-0.0880767599685865	0.109785528766937	-0.036316807049684	0.24060900616815	0.205482463250795	-0.0668563486225455	0.251631414099244	0.0686518064116529	0.427351670752888	0.253444819217776	0.0199939964820229	0.213283429995237	0.518579266194036	0.501824893993734	0.378025275353595	0.0842274624661301	0.310393398732282	0.308962493523778	0.517519363069823	0.121020527790763	-0.00976599150616552	0.278500848016978	-0.0211208682503396	0.0836266871440772	-0.0576666932466226	0.127059513317646	-0.0520810767920779	-0.136666780447126	0.0158872285088688
0.600081832392907	0.619149836718735	1	0.688969851243138	0.182401770661452	0.378790534854107	0.621588336698861	0.0486669266689662	0.265978133273336	0.127823576507126	0.0397891523530783	0.0698012514575257	0.130257242029443	0.19470238752915	0.142865089465775	0.258929592147037	0.0244019512009461	0.117524404324713	0.120099931600129	-0.0175302240644982	0.154689342171063	0.040922380160867	-0.090393629777405	0.185194146532628	0.0354182352340944	0.00707178866296199	-0.0385474216967587	0.27193358548236	0.0296419595042317	0.21946669960259	0.0481249756274567	-0.154022136938822	0.139243652566501	-0.00560174924228733	0.404261498248225	0.334711550565773	0.363831123311735	0.0254901418075039	0.402630105586948	0.216047252409438	0.274695899045256	0.166754047461402	0.425279029984917	0.117680220531594	0.149408233524469	-0.162611306400637	0.0289035339050658	0.250204650193263	-0.0466630906308649	0.163657310116997	0.376123630038767	0.535475731634072	0.173020098103287	0.404517328358758	0.192356164810915	0.57187225456008	0.361681169998211	0.374590102805177	0.272885984411597	0.323244899332179	-0.0354353593796956	-0.010083290893988	-0.0131818866558435	0.273221630603361	0.0700376193401923	0.189735955510968	0.185697000369804	0.233104417198985	0.176675583552121	0.380447116725022	-0.0449005987037199	-0.00199626101021208	0.337042983769382	0.00895753917329849	0.23031766903016	0.0726237259249087	-0.0406740285223408	0.301197097431032	0.0553715014001541	0.217350544205054	0.291501161566628	0.145331684373126	0.17181172855032	0.274582796818102	0.328114432572758	0.182316410454893	0.355082241984174	0.254036153575542	0.19793700791634	0.304515735793191	0.268194172142952	0.201563196182826	0.223953366419814	-0.0190188250185546	0.0105848347634966	0.141008339810001	0.0804156758648087	0.101091279603107	-0.0864970925672732	0.0350423461170379
0.520096925619941	0.62264658427777	0.688969851243138	1	0.369505375483064	0.441667465502543	0.70003349287654	-0.0113648665201911	0.24703128729978	0.180065507085074	0.180802342706062	0.232902574360734	0.317778784943971	-0.0290939996201654	0.201046979617459	0.19245102031383	0.0607124807021496	0.0433795166572984	0.018198090145126	0.0717884999012586	0.171061463554084	0.0366447855387343	0.0695931118230598	0.0667130491676313	0.121030415869353	-0.000297821586384254	-0.0738089436445175	0.466858966833525	-0.122760886881361	-0.107904042740971	-0.0319609162401635	-0.283481787718555	0.248565447252941	-0.106884165154938	0.422989173704191	0.262799096973585	0.243880680846374	-0.202858240897744	0.42643407179668	0.289340396953498	0.175367033705689	0.0860512289556455	0.316694009197962	0.0677523609326411	0.13435749979727	-0.158323204433215	0.0525463494735878	0.27139525200651	0.0697595231135638	0.191138042051472	0.16735158301981	0.42769818121219	-0.103286696068276	0.29946426842448	0.144390133265707	0.507903313422592	0.441900197288654	0.325273753246612	0.202369561389575	0.3065357160851	0.0841772982620534	0.0166089419502061	0.176470915451765	0.425138577496438	-0.206344347020497	0.141193141142085	0.0173499775095119	0.19371126492407	0.199688211635549	0.335007061546885	0.0966739912107245	0.172737181550532	0.241555947199138	0.00511987340473107	0.125782072039669	0.00959918264892693	-0.143034366419214	0.435433485830897	-0.0797054850778999	0.0483438062042842	0.183124203005508	0.147975699510232	0.0161962736759174	0.0998695560233086	0.200725956375121	0.0296109214836934	0.282828001893205	0.264487721857579	0.228432553258834	0.15223781380587	0.316140214946116	0.191366480580379	0.204001203775811	0.00741709346371883	-0.0112181786088887	0.19250170645982	-0.0309655814129178	0.0340104390466479	-0.167641754826884	0.00329966784202119
0.232999409675468	-0.0740073037321086	0.182401770661452	0.369505375483064	1	0.624367260149593	0.325468192320855	-0.229146570309711	0.359918857709863	0.42742857817254	0.359560003074128	0.483652901815814	0.329401181166883	0.0712937589869706	0.378576521143492	0.251660491196667	0.134514096073448	-0.139918113048255	-0.010411165879437	0.0114039836621976	0.223391710941665	0.427988334842983	0.276839449214716	0.278972640883608	0.217182135586188	0.00412481503515624	0.303000631926052	0.369411102163516	0.128425274101794	-0.146603837358797	-0.0450955749839643	0.0767650536308673	0.293100253096185	0.0389401215685752	0.0968072237370163	-0.0365321826442127	0.221737951610042	-0.0680609819813018	0.0958521220997028	0.307096449976158	0.395839382088173	0.165557392526562	0.16194126086891	0.152524796043777	0.169285064140447	0.302142589303645	0.184806349101508	0.287895071531043	0.517721417240457	0.294325679306427	0.158256819798637	0.0913362958679526	0.242155309127295	0.387871153029781	0.366660093510672	0.316834208070766	0.39548667183388	0.194965039571357	-0.0893921918630444	0.342516789085651	0.422416827705897	0.270847038544915	0.217020258031677	0.320937034949531	-0.196149736676142	0.207892084248554	-0.174757607314517	0.0511418670140662	0.107826454602448	0.139227762242252	0.302827443095079	0.475341595426331	0.172973169596003	0.355721741668843	-0.0240014486953734	0.189095153536478	0.289769790560339	0.251625305109812	0.190377607607339	-0.122642910400766	0.108159938492829	0.363192340411933	0.0671093849300114	-0.162120834112711	-0.0414449233409103	-0.000168153102122933	0.309535673824894	0.200568332171236	0.0609516020509181	-0.0679743620773598	0.168435370909734	0.22875085768109	0.161969028852774	0.216322694420087	0.0946837283662005	0.265755700510022	-0.0444137987720455	0.39865054637856	0.337047449093058	0.355642472244837
0.268299418676028	0.0132452635583778	0.378790534854107	0.441667465502543	0.624367260149593	1	0.521685704773703	0.0140935958858382	0.343809653842195	0.332996513168403	0.350639000052286	0.473079441766119	0.421274664777966	0.084505993626951	0.253811028168902	0.179680131170742	0.285160433573574	-0.0173404229128192	0.0423628508063857	0.193831843553786	0.218108495607749	0.417398151131609	0.328334215729596	0.168357904774448	0.335559741456521	0.0212918540001831	0.161535860449427	0.143454704534663	-0.0190995683961255	-0.0836702676932667	-0.0785899991808127	0.0615289003822221	0.482094504166736	-0.0874370203260269	0.118885770447095	0.0484419472440235	0.111494689845266	-0.0701218683835664	0.0905182138855715	0.224918367538542	0.261356157205364	0.118572112301895	0.105073796556306	-0.00287264140902339	0.157388609397184	0.221708798308943	0.234944349228646	0.324617582999118	0.223749907927362	0.31607798297757	0.123391763292414	0.164830230384721	0.236571994643233	0.600360039813124	0.251412283055274	0.474257314657428	0.365966304507398	0.333263834479622	0.105788258604415	0.346069585672849	0.39435775424486	0.320147572460997	0.342155574308524	0.468256649702598	-0.122949688253118	0.228693890157145	-0.139831560822285	0.145298854251899	0.0208102653013407	0.27272041414585	0.228947749549151	0.392825143019315	0.152139955161588	0.368598613216328	-0.00943253914682493	0.0863600562349506	0.0937216915743884	0.199724554488317	0.143905107608441	-0.0665233447091729	0.123762747496588	0.402835539958324	0.0800874586630151	-0.177894335675953	0.0483073693722135	0.00248495140335346	0.257213388172545	0.148978371517671	0.117380220600787	-0.0782494404014058	0.172105089534856	0.14226674734504	-0.028033485834941	0.134678484624535	-0.0298555426216982	0.248649672455858	-0.0364585067802777	0.349750907379153	0.262398283125924	0.311037453824116
0.352934688496731	0.397542553252016	0.621588336698861	0.70003349287654	0.325468192320855	0.521685704773703	1	-0.111929586871319	0.405900308622344	0.192058572941145	0.127965500372906	0.246232465757503	0.238703528613225	-0.137600968366505	0.00786259470130708	-0.011952031049176	-0.0137931587990248	-0.189355904052715	-0.037478478348023	-0.064956603162586	0.0833412996392619	0.122378975218477	0.00865829584298496	0.101755310387686	0.147651470201206	-0.0609006823893205	0.0393752361979238	0.332678495922375	-0.0516369088206585	-0.0657612654916114	-0.275648904185756	-0.389221843057485	0.179909542800605	0.00826616458557538	0.756950463717488	0.29303021208951	0.322981501449904	-0.119635011322028	0.680598316976544	0.477488946161603	0.171644580929406	0.077492474319783	0.210759110391534	0.22304510628536	-0.0147774015105365	-0.146340456995758	-0.03797565452277	0.619126576152523	0.040752627248845	0.0738448564399597	0.103042081463513	0.189189511661884	0.026611478673926	0.40554992006158	0.329811589205825	0.622319256628591	0.256243501545478	0.202243056534522	0.227929784710176	0.407058523613984	0.163006342736203	0.136964862173584	0.184361661599107	0.337767777167849	-0.22572001129723	0.211039991858844	0.0516293505936827	0.0225575673415933	0.184752394016701	0.261841740547651	0.0318886278654607	0.183357368703691	0.27954606989602	0.0706757603762719	-0.019779117570849	-0.0366077803403905	-0.0411910968829637	0.40445919494151	0.0762621590039795	-0.133585199411249	0.0127094229807976	0.0735488790819014	0.25209206069036	0.037883998945618	-0.0195890959428876	0.0810976108883367	0.423349440189255	0.342362948238085	0.158669245515293	0.154372943097087	0.606502181365991	0.461285698959085	0.275811724057353	-0.00961302546501826	-0.0988234828918131	0.474984623228232	0.118346579781676	0.256718550849488	0.0392027340715622	0.129522400674912
0.16091660267106	0.343470272917694	0.0486669266689662	-0.0113648665201911	-0.229146570309711	0.0140935958858382	-0.111929586871319	1	0.0573669646401929	-0.130819451881593	-0.189961876905754	-0.123913858079424	0.258637021692539	0.391708491871757	0.0225707541716253	0.4496375495862	0.293114515122705	0.614789096648671	0.668240021528642	0.666290946987234	0.0123565789407832	-0.0740219214629643	-0.142381076856541	-0.157414274096738	0.211831818298	0.381675442594391	0.191479971002272	-0.313402272262562	0.145449713710035	0.350450076633718	0.43504872399582	0.246028798216695	0.143595493403443	0.11234775155971	-0.148300957689038	0.282147291395522	-0.205066357427931	0.364275848984292	-0.167078700506026	-0.235034703571452	-0.0329419502785427	0.132504867491454	-0.0455572708470166	-0.0473866949717645	0.345188531744553	-0.0202184695257477	0.0230591321054967	-0.157652184279154	-0.169510643994523	0.0290466157182906	0.30716798391409	0.303115678416004	0.0945107047579267	-0.0154378401621646	-0.20413387326669	0.118775990341558	-0.00831447197679027	0.44750974940638	0.674140510948339	0.0756372376259183	-0.0300563215213898	-0.241593943635746	-0.0572736700552171	-0.154449129174852	0.467999111590521	0.033364135354633	0.411825674843889	0.38887851714386	0.456227959850103	0.550852927317126	-0.0485634204813714	-0.142203887841547	-0.111440359051809	0.272327513054925	0.139426694974427	0.164264464506198	0.00276545864744462	-0.149254606537203	0.0421102649458609	0.404776257241483	0.193896014293987	0.0625990082136321	0.0925713832499505	0.197951614566222	0.491921914856561	0.139506960301902	-0.24102944511686	0.11280933225454	-0.0373049411212468	0.20873218156879	-0.195850229505171	-0.287690884726764	-0.186270902354331	0.00140894372448691	-0.0907411038250789	-0.18683613489913	0.143994011716854	0.0103680432240933	-0.0628011849493211	0.0855950422738607
0.325048252817615	0.127034151825006	0.265978133273336	0.24703128729978	0.359918857709863	0.343809653842195	0.405900308622344	0.0573669646401929	1	0.447035734416714	0.307379431509319	0.436685290750776	0.241308293245927	0.149035013623602	0.283259326914259	0.284299141941255	0.210746695603379	-0.0186356406942939	0.228126747910893	0.126420697574114	0.320799699371325	0.418148492563089	0.252153168219868	0.413829969394425	0.460034164206791	0.229037264648529	0.454441769323275	0.220903477594139	0.280757273376083	0.132528927072474	-0.0424664263590262	0.0176045431797269	0.328803709506453	0.0994945520842046	0.359354069213947	0.407297077639298	0.34593112887124	0.15233960793693	0.345019060701537	0.312275396730793	0.330319171510542	0.278909594956264	0.234981087964621	0.372316934976725	0.212827315808538	0.248443501939396	0.285160652171006	0.317229934899438	0.252607505841513	0.336631160721815	0.25985969583732	0.173708166182905	0.378932384236731	0.270568052112667	0.235061473901723	0.405411742353095	0.390055540144976	0.298395494712952	0.34437326315784	0.749010676647019	0.567143073171258	0.385065216244345	0.292745642358424	0.312634374656011	0.164864813867366	0.448759591498221	0.124523501033872	0.234491959246839	0.394452855700617	0.260629598282077	0.363616954115076	0.472405597061005	0.383818031106575	0.508990930738899	0.211941118693454	0.483759285221587	0.350093445853849	0.374893432872236	0.371361235924082	0.0759244634442625	0.344332779776352	0.269558984317137	0.329907992847175	0.149384539014039	0.0729286472986399	0.240284197219857	0.315356095715556	0.306188869145773	0.215273261084306	0.133940487824494	0.245085357777582	0.35241130603648	0.378809702919873	0.429859184456244	0.22700696444673	0.160076908783514	0.155243542063736	0.583203258998816	0.312598466795516	0.346503305228661
0.0850432603035238	-0.0828435163827026	0.127823576507126	0.180065507085074	0.42742857817254	0.332996513168403	0.192058572941145	-0.130819451881593	0.447035734416714	1	0.571855187108971	0.744967946424444	0.424186120734136	-0.00229658323398847	0.340281080881292	0.123622225517131	0.231976481720683	-0.0432834109865747	-0.00343250774261481	-0.0178169291768308	0.351016137213953	0.632504602292068	0.416286797025708	0.262878425195317	0.294467321588458	0.0104742532154889	0.334666957996808	0.156897998490474	0.340792699982701	-0.130308857681833	-0.0396628799196726	0.170331883189107	0.414766085938757	0.0419368953358727	0.017133930493647	-0.0423523228659729	0.0627809476450706	-0.0758560811926025	0.012046812672986	0.250240576261428	0.412083083932562	0.392743184157974	0.0729150829791029	0.197141339110719	0.240414066020996	0.398153693388256	0.371434668582263	0.241870473483998	0.339288389440941	0.418552612977049	0.124527152298292	-0.00385260326599397	0.322756419048192	0.11950966007294	0.123671839159726	0.200042892050637	0.601885888626589	0.177160911903509	0.00159954595227035	0.307649971465916	0.688221230120602	0.463086362613377	0.369353224246935	0.340267280743483	-0.0264235923841253	0.495986557583658	-0.1784940793698	0.179467181486889	0.179686406307821	0.104739946425141	0.55933093334481	0.595987943001921	0.190988348371224	0.285696770136895	0.12574149523461	0.300735671158651	0.294873606245745	0.162789015889259	0.167776082953951	-0.0382671818285725	0.277861428420429	0.361863793908514	0.129803654224824	-0.199646204242351	-0.0399581380295378	0.0180430913845666	0.142171138364012	0.0774441983465355	0.17269280364489	-0.105015407068285	-0.00848596599282731	0.197400135535727	0.143332236798332	0.31044894080942	0.305215745006513	0.0863073296972594	0.124426475948613	0.573755916329453	0.443912073323584	0.321657319889934
0.0794870023007704	-0.109856957228837	0.0397891523530783	0.180802342706062	0.359560003074128	0.350639000052286	0.127965500372906	-0.189961876905754	0.307379431509319	0.571855187108971	1	0.658746576220118	0.352175365845508	-0.0720765104397317	0.35346082144001	0.00245729265273621	0.140185288254418	-0.137190399040019	-0.109779451250584	0.0919804951006004	0.217957285364989	0.519349198874251	0.511639824800187	0.00895802942559259	0.37603312121052	-0.107711166225463	0.243172225876732	0.209055746863892	0.198700147606352	-0.151106379887014	-0.145290679984825	0.0127651988628179	0.469131123409599	-0.0929598480032171	-0.0730702278324882	-0.166010645218644	-0.0210633597777696	-0.0792277864835932	-0.0788956567850467	0.214309059144709	0.172430438699723	0.139068959864829	-0.126980279279805	-0.034019188250848	0.0784566289833275	0.329383005370189	0.228478328288333	0.153518079184296	0.322376507643507	0.297100962288812	-0.0845853586171969	-0.0865331458340721	0.121448253839048	0.220954695686742	0.189004061576753	0.205356154485253	0.317001667253495	0.279633068010788	-0.0613804668688631	0.251120844221044	0.610851139002483	0.614141248032809	0.59126096069541	0.42999094278913	-0.0203565731416191	0.246280281240718	-0.362757993649308	0.224374815058994	-0.0592202439496824	0.0510834683237958	0.457013557497202	0.660465394804793	0.0409652054644551	0.385098451637557	0.0431254490155026	0.198210904075987	0.159455458301352	0.18078575909808	0.123801166714787	-0.192157966667086	0.156231508411833	0.385395775283009	-0.103146926650885	-0.324949714863768	-0.09822566022973	0.0369207912386205	0.115100975043998	-0.13720501410362	-0.0225137345236714	-0.202374428249017	-0.0783213566849735	0.162342207189044	-0.0794119439173469	0.267661131803947	0.140466700678063	0.00832512896792232	-0.0961563061603941	0.355367271816953	0.299219151132978	0.205713911056699
0.0790113478864294	-0.147028739265334	0.0698012514575257	0.232902574360734	0.483652901815814	0.473079441766119	0.246232465757503	-0.123913858079424	0.436685290750776	0.744967946424444	0.658746576220118	1	0.621834804467048	-0.1453883293431	0.350872679428955	0.0446065587354875	0.331478770312201	-0.108427707393591	-0.0757264880870246	0.0489371027795487	0.330441320890172	0.796545211391461	0.645888299477494	0.174430351491789	0.470815066627246	0.0613384612991062	0.420936271431208	0.0349057146529697	0.205415545600438	-0.217451688814755	-0.156576219932668	0.0703489947165643	0.546138137521608	-0.0650235784089438	0.00664350572424571	-0.0966886367056578	-0.030838935548119	-0.0959094093451779	-0.0435919713371304	0.211416708289542	0.139210168104816	0.123296402478986	-0.090675734788328	0.0484533947065804	0.14179439489553	0.383609450773479	0.265346819959842	0.286687993832809	0.225161732317026	0.390884743612308	-0.0108682858594477	-0.064962488592861	0.315477105241782	0.187513784026834	0.21305950328438	0.30837659732662	0.462125262104029	0.247292950707738	0.0353661244189736	0.370732130778543	0.7973997449631	0.671522620883268	0.633248335357609	0.520083392462922	-0.0278892397889065	0.406289958890917	-0.203182723206269	0.191335886951297	0.14737335245753	0.0695125810467571	0.54852995612347	0.748979308595901	0.261354360339926	0.42251591006337	0.0608638901982526	0.258194548842045	0.259966939118968	0.0956298782460264	0.147042881502859	-0.123943431671816	0.277665146168879	0.390489027626581	-0.0350014418814998	-0.2917142533865	-0.128873622075753	-0.0800412855867484	0.0719984941905236	0.035427320796328	-0.108571133572359	-0.253711118663928	0.0331870171843025	0.15841985231942	-0.0809624464174353	0.373040084634808	0.0540248254003842	0.13431424106687	0.133449589548386	0.46698348369761	0.35073234368145	0.339181923792641
0.213244904073718	-0.00654897744880985	0.130257242029443	0.317778784943971	0.329401181166883	0.421274664777966	0.238703528613225	0.258637021692539	0.241308293245927	0.424186120734136	0.352175365845508	0.621834804467048	1	-0.10448628285175	0.285455391718201	0.122244082973218	0.363269777350272	0.149555101717082	0.11452839952051	0.236361598858124	0.128475836151853	0.459299165413425	0.374705909457972	0.00658207244726566	0.328900172709693	0.0971348473743655	0.314866432157263	-0.00210453356735063	0.105923130419853	-0.168395769838439	-0.0725909928628244	0.0785743528808557	0.617492429344322	-0.14034507480962	-0.0311005383547663	-0.0691977470702799	-0.137380818798581	-0.110230336445895	-0.0744006643236957	0.170838208610942	-0.0245010989497166	0.130790022477932	-0.224556960295959	0.0374986134030785	0.16619482294952	0.25020287773282	0.106947199126807	0.168909648319871	0.0194713529359717	0.283003651189594	-0.0305450286466773	-0.0238601782417243	0.0506879978717643	0.166462736114377	-0.0121609984792074	0.0804691607568875	0.492123391797977	0.360731571555494	0.20807498892584	0.295677156600495	0.533968036710842	0.343965397513573	0.5674102470368	0.54615121353078	-0.103955364616486	0.152181769687989	-0.173713768725694	0.310770225369185	0.179984013021604	0.209812783424875	0.408937777925668	0.392017704931797	0.170204783923531	0.350448732729798	0.0932444663825482	0.0938847357706761	0.133922407676748	0.0627934652358477	0.049491770699233	-0.0637085542858885	0.292668432847783	0.365609061837234	-0.237662406169206	-0.337387157362994	-0.00764414594631354	-0.193867749766594	-0.0938827009970389	-0.00037475851472269	-0.237450708509694	-0.215318141126056	-0.0456013573226819	0.0473894966383978	-0.236697546705907	0.199439789652064	-0.104779729511125	0.0955920912960592	0.0704619459597001	0.268559673915692	0.0740844821368999	0.303918471233607
0.488202353705435	0.373802035476938	0.19470238752915	-0.0290939996201654	0.0712937589869706	0.084505993626951	-0.137600968366505	0.391708491871757	0.149035013623602	-0.00229658323398847	-0.0720765104397317	-0.1453883293431	-0.10448628285175	1	0.337625887126188	0.624974990553007	0.0960963310517774	0.380474744597232	0.567034487459166	0.295131195501829	0.0138987377440735	-0.0230779705291603	-0.109906077089763	0.0429901932806467	0.101504861117198	0.398838182694797	0.339750081752569	-0.0253338477136109	0.37970705763335	0.667489447223874	0.501332313170806	0.432992831223002	-0.0866814204725187	0.321880824119372	-0.154602820268016	0.320237989250043	0.195495985749161	0.436199202551254	-0.0637506741037367	0.0380765167229036	0.33068579752031	0.312237007160415	0.237208008838477	0.218802930206149	0.28458527833149	0.240738958972019	0.22750347663556	-0.0859527215820842	0.245839389071082	0.147389015893651	0.733221998653563	0.579496675797238	0.350398739357958	0.0903240451910149	0.0166757942210727	0.104620328700466	0.0818517350302299	0.283043541534787	0.496605144769875	0.180879230258313	0.00987913269996392	-0.160564683357541	-0.185059570060946	-0.273097326077207	0.565878171402008	0.2284987490363	0.513115184786173	0.317839253315161	0.403929250322742	0.578046229465809	0.0446910077024803	-0.0466667105135761	-0.119544881133048	0.245340984423573	0.196511949712858	0.362937420906076	0.319618230478954	0.092919201467023	0.371304825545668	0.550782240338468	0.336417659531631	0.0695236343640966	0.302427997201237	0.40047235116134	0.435099497667762	0.482846189355846	0.0554266004875186	0.176782739178978	0.217306206255937	0.342017485556096	-0.14310207572341	0.0240014501042869	0.256709031239947	0.133167666038639	0.227792502635856	-0.0976078747097073	0.191103222608906	0.165179042156516	0.356800062068167	0.359806796745393
0.236454729585869	0.0444205521593578	0.142865089465775	0.201046979617459	0.378576521143492	0.253811028168902	0.00786259470130708	0.0225707541716253	0.283259326914259	0.340281080881292	0.35346082144001	0.350872679428955	0.285455391718201	0.337625887126188	1	0.321557937779537	0.257676117154997	0.11941136953966	0.175403645925084	0.0800838182138341	0.271854044379892	0.273569179244129	0.267684940200094	0.164520883003818	0.224982626678215	0.263987261012723	0.456923273607661	0.192731771033364	0.26229202684481	0.112197654006668	0.158414708847768	0.228348292864314	0.210694174713795	-0.049942683558945	-0.242762594235917	-0.115931757666799	0.165051960660432	0.0772733547715685	-0.176690330941088	0.263057756588275	0.376334425667316	0.297570324406867	0.2161462787364	0.292736978078776	0.318482519717037	0.272022224996655	0.285060768210943	0.0450031896511058	0.316071371243236	0.514216843604718	0.221438232008586	0.326365487662852	0.270736653610845	0.0621535363626003	-0.00583792597718299	0.0689776111860769	0.49436062977189	0.446535222437354	0.179350884827679	0.253687597540995	0.358311424811335	0.178293434258754	0.18186277782633	0.17682216956482	0.0974312502282543	0.367348969972851	-0.101211762558741	0.249728948479538	0.12328853073182	0.312521695975494	0.278672317078236	0.304379708074972	0.0460875580367011	0.364283796256597	0.153281869160127	0.195514892680211	0.396161152604417	0.255512969033712	0.401971287854572	0.0574519434653291	0.389374687122424	0.444614715392849	0.187969807024774	-0.201465525401507	0.129645743563434	-0.0415408936403285	0.126515962040653	-0.155793522058518	0.0803380335229121	-0.141723098003841	-0.138901780780321	0.158703249857174	0.140387668289696	0.390919394017658	0.25375169869593	-0.124275036056417	-0.0452974911906901	0.312606053807022	0.168148659293693	0.375332670408018
0.439226119845508	0.370879659280819	0.258929592147037	0.19245102031383	0.251660491196667	0.179680131170742	-0.011952031049176	0.4496375495862	0.284299141941255	0.123622225517131	0.00245729265273621	0.0446065587354875	0.122244082973218	0.624974990553007	0.321557937779537	1	0.419062312981714	0.592944528809841	0.693441906727543	0.369277143478553	0.326366915376439	0.11171989199175	-0.0950785029662227	0.290454140843866	0.218084767409461	0.495708783798127	0.354037118784974	0.0520190204975657	0.220722800425507	0.471719985905174	0.729256492347682	0.531656232458626	0.0559127109500747	0.213484063132172	-0.0265658619505591	0.463275847485695	0.276896608423868	0.55767719380386	-0.0401405347654856	-0.122279097309765	0.338580181749233	0.346185834646744	0.526038418588283	0.206306362913947	0.507578842274456	0.291388327178744	0.452754749057889	-0.0696960700157575	0.288184264468535	0.309851314842271	0.570086994314546	0.397753258117253	0.308135726626029	0.0938360963797169	0.12808991505459	0.29601052237697	0.216499093555956	0.38638262236252	0.460552358224053	0.258156175808312	0.126975575725111	-0.0967318241400393	-0.113757229892576	-0.115405926256822	0.573614641586773	0.363126532626975	0.57994514365101	0.396276202298013	0.486528284022572	0.599030394938116	0.166255909157162	0.107328244802516	0.164872869386362	0.356913312509608	0.391317382441416	0.510229437537378	0.277145011403026	0.131433703760102	0.266672246869151	0.702109120235497	0.393795717449996	0.143791857634655	0.317425896332488	0.512743454349706	0.644591307383001	0.465648037653715	0.132019512776235	0.369556999496522	0.341524119395892	0.467487223945777	-0.14586871234396	-0.0757226076960092	0.277159437702586	0.187941648936462	0.194352052424237	-0.0325674442822834	0.0931822823309353	0.18043229493142	0.212220211010448	0.273452762686782
0.0536079772205459	-0.00280376330451745	0.0244019512009461	0.0607124807021496	0.134514096073448	0.285160433573574	-0.0137931587990248	0.293114515122705	0.210746695603379	0.231976481720683	0.140185288254418	0.331478770312201	0.363269777350272	0.0960963310517774	0.257676117154997	0.419062312981714	1	0.568498420542075	0.248484989182362	0.166583619583828	0.628457948453407	0.359576622564178	0.220867321928146	0.297615607309497	0.363541279901107	0.294332087242769	0.404871206686738	-0.163191086973606	0.0934819910508165	0.0949883978312989	0.495520111818405	0.467057985862824	0.375682036574811	-0.151849367308832	-0.199010287403393	0.14180045093826	0.177187789808422	0.114575247041556	-0.250183162749885	-0.181392953257484	0.0533860497130825	0.186181060946958	0.257610685894832	0.0729683095380846	0.181253610170792	0.352094682923096	0.550830571165476	-0.104581432790828	-0.0639538444632393	0.462324580307664	0.0386858343101896	-0.0296277054018084	0.143626806987733	0.15113119994641	0.0340543035717052	-0.0199219305566396	0.287827843504734	0.337828197572181	0.184673088961766	0.0934106904589044	0.346389521483348	0.299584256476207	0.275497439504081	0.256175259436668	0.304468111198347	0.481383387141258	0.0890890265364557	0.487043734354758	0.0374791124150182	0.3922247556519	0.457013272912185	0.3485762930061	0.192551798910455	0.439835306921815	0.378608425956232	0.382841954614111	0.386907514173008	0.0226070266981113	0.257722187775055	0.287161461224144	0.424960658000752	0.449550381637507	0.0869184684148173	0.080887827013523	0.38343400941386	0.0986440422477141	0.10957612319681	0.125136313718646	0.305826245999435	0.108010457898492	-0.174679591455587	-0.208020704890017	-0.00784200864412871	0.359378714884453	0.138620135076262	-0.0451985426075092	0.0212064647886797	0.277036951464699	0.01026492222595	0.329921367762042
0.190396916425735	0.295195312013109	0.117524404324713	0.0433795166572984	-0.139918113048255	-0.0173404229128192	-0.189355904052715	0.614789096648671	-0.0186356406942939	-0.0432834109865747	-0.137190399040019	-0.108427707393591	0.149555101717082	0.380474744597232	0.11941136953966	0.592944528809841	0.568498420542075	1	0.532235778541773	0.380525225377734	0.256404013429847	0.000695126827891264	-0.0722944667420806	0.140845051401691	0.0999435478790241	0.366696913904443	0.175242610352804	-0.207157742135556	0.0329020290176614	0.315800448551635	0.720902857847797	0.438792849839573	0.126191514223783	0.0998920550109532	-0.275051323046416	0.359787495007087	-0.0226003166975283	0.286890000446823	-0.26009497954874	-0.34283213146728	-0.00481090368947616	0.197601935377111	0.22307505007376	-0.0549238689961584	0.322893156145547	0.146157067873567	0.294187135762453	-0.271526848381832	-0.191572437204457	0.184684717857085	0.194577161236253	0.265400225375342	0.0915108932040661	-0.0892252705361383	-0.250565468920076	-0.0372788076708528	0.129050165057857	0.386625770007472	0.429612661864406	0.02439511445015	-0.0549507877722818	-0.287481784043505	-0.0767428730062735	-0.0348019789102267	0.477845645340854	0.209290116134829	0.394098241876568	0.408738879104072	0.301735331621872	0.539001276931006	0.133754976087492	-0.153255615126844	0.141682891017214	0.172083700920768	0.304332079235388	0.343940389417583	0.128298018486469	-0.0771626374778116	0.0185270414238764	0.548139137521781	0.266033053067332	0.149544711371441	0.107381803861307	0.291369881681074	0.624029603803697	0.25841907991139	-0.0781690698096952	0.207625338134627	0.223828533390972	0.438285691151659	-0.276789238874783	-0.359634074419887	-0.0730650023923757	-0.00602651962082213	-0.0378713770257008	-0.234303663798209	0.0107265839536108	-0.002425157962033	-0.0779878139561785	0.0922523755097723
0.302197011174573	0.418453155765117	0.120099931600129	0.018198090145126	-0.010411165879437	0.0423628508063857	-0.037478478348023	0.668240021528642	0.228126747910893	-0.00343250774261481	-0.109779451250584	-0.0757264880870246	0.11452839952051	0.567034487459166	0.175403645925084	0.693441906727543	0.248484989182362	0.532235778541773	1	0.39996733948131	0.0747059989460605	0.0190226680727856	-0.178907297046063	0.0630950237647598	0.210950346428638	0.438467040374624	0.259671663375781	-0.184660544824435	0.131972272265084	0.525758931255201	0.582626825786065	0.325066949586359	-0.00124297568839474	0.368353954396139	-0.0071706787794403	0.583618787865339	0.0525334500690154	0.447440785532759	-0.00316811931488802	-0.205721012156881	0.199267105236409	0.215597423031216	0.20521500294811	0.0409940208555244	0.299439618085413	0.13302594008815	0.0770203173539297	-0.0610556694483628	0.082413547607213	0.136786191669174	0.465090797922461	0.387084091012888	0.209436521242726	-0.00571036876750876	-0.0789152135283074	0.255830862739323	0.0796152231258837	0.341852936270327	0.630393956190599	0.143191102469977	0.082511649138856	-0.172767104475885	-0.0993236073728295	-0.188942001580597	0.578344285000848	0.119060003251009	0.677533102179613	0.31362990441341	0.64140307676636	0.593108656083965	0.0397620391311364	-0.00563459306211282	-0.0461241848994788	0.225792528409554	0.19181946864476	0.473789855354085	0.117858672817233	-0.0918836549394804	0.118789031030268	0.625845418186243	0.236042899038879	-0.0898423323503788	0.244613897845391	0.469598328039033	0.518841132319332	0.443818093300753	-0.10529355467492	0.340501583150433	0.0866257502998662	0.443504929574888	-0.086596804417197	-0.157676642374616	0.0907174341171994	0.0264137599073806	0.0363958557931143	-0.124555384866028	0.112222240307977	0.0963115885282704	0.101788993407706	0.161589385466949
0.238580797589962	0.245813951066934	-0.0175302240644982	0.0717884999012586	0.0114039836621976	0.193831843553786	-0.064956603162586	0.666290946987234	0.126420697574114	-0.0178169291768308	0.0919804951006004	0.0489371027795487	0.236361598858124	0.295131195501829	0.0800838182138342	0.369277143478553	0.166583619583829	0.380525225377734	0.39996733948131	1	-0.0642109804505391	0.0608519261124492	0.072487483983001	-0.19191444120505	0.438513161200134	0.30069676139883	0.156040616357328	-0.180121940334199	0.155682466978108	0.168049032448198	0.242915375378565	0.253336327299112	0.288502347086443	0.0694462514219257	-0.0729534697631491	0.167642174602288	-0.133565897113915	0.341670938133602	-0.122215957694807	-0.155689691077373	0.0604660870133401	-0.00157512341562791	-0.105605764133744	-0.068217059123828	0.485092994585753	0.168752520132336	0.110647535379849	-0.130152992294554	0.00123463098703326	-0.0139696308511883	0.262039168266005	0.249649218915283	0.106865305890429	0.193654301944782	-0.0525887700163718	0.217224815756482	0.0985757132878826	0.336774633139123	0.428634136162045	0.221221334353071	0.0858928016832439	-0.0152891028095834	0.12274079275622	-0.0287033807369799	0.36990517055918	0.0542921769785365	0.198408772363512	0.373025760598314	0.270451867961825	0.455855514216185	0.0681428604467557	0.123800518826878	-0.119284572307571	0.421751535278175	0.115583558449277	0.218356761247772	0.0175194460759633	-0.0812265692497923	0.0529850419207452	0.194424590566636	0.149039033483088	0.222128748380324	0.0495602740688136	0.0655905749020169	0.377015850216284	0.280219003978568	-0.0630799265453307	0.100960164118459	-0.0378482519831168	0.215380432268342	-0.226062243050208	-0.215682749152879	-0.109576640630193	0.0506684129727456	5.88701306914131e-05	-0.116853932591701	0.112071369516208	0.111368329036945	0.076270053005168	0.0824679303871635
0.121321139295416	0.0698947646379617	0.154689342171063	0.171061463554084	0.223391710941665	0.218108495607749	0.0833412996392619	0.0123565789407832	0.320799699371325	0.351016137213952	0.217957285364989	0.330441320890172	0.128475836151853	0.0138987377440735	0.271854044379892	0.326366915376439	0.628457948453407	0.256404013429847	0.0747059989460605	-0.0642109804505391	1	0.279157277726117	0.19532074032152	0.409643985259876	0.140704335059386	0.191000855882619	0.305638644352637	0.0610335462371427	0.0803937301781909	0.119251273915249	0.365638949963094	0.396527871164093	0.242615437598331	-0.132884599324171	-0.0787003079685828	0.163267316943454	0.376266351350864	0.115149971496695	-0.123900529081448	-0.121518384432476	0.270300218958551	0.331378876284272	0.497593131419515	0.173351891794072	0.320187886587627	0.28996388579424	0.656939156648074	-0.116811130694007	0.124970601601031	0.599140785289634	0.106850969501901	-0.0296069595858233	0.198485613443787	0.114562901567832	0.148114763718979	0.165246732227027	0.310234505499852	0.18100615545321	0.0815919863377753	0.114808334949905	0.287109277631921	0.277233866718037	0.142031680141892	0.191905881404189	0.193577055102198	0.439119450517707	0.0285741076566514	0.294824002402248	-0.0126094540743574	0.161131004447034	0.409324684048597	0.383328293456117	0.231119191048786	0.264841597146069	0.424064835409207	0.486917551925692	0.272812310401565	0.106897683774042	0.300906216582624	0.239745184340331	0.564890197590264	0.414410956869197	0.184154721857936	0.15785127790835	0.318364273469747	0.148415864731473	0.325873247931156	0.186744953193888	0.40327144773659	0.143431560118958	-0.0792781056326767	-0.113814901427039	0.224969170827286	0.386714205748449	0.26612194240259	-0.0432200876726954	-0.0511744970106522	0.287162687618103	0.0857945367983171	0.339826893317941
