1	0.65691012887013	0.581641050461298	0.3262706775201	0.663785265767283	0.333262637126288	0.249696444238822	0.0481130497295467	0.0189378597694315	0.122780105731585	-0.0796767433992714	0.115669220811384	0.0435638456811801	0.531096279838693	0.176325078636438	0.238359643725002	0.12677853264929	0.0712700769666031	0.228334234786979	-0.145734204661318	0.232705447584943	0.105407870355955	0.0634903468348149	-0.0407796757313564	-0.0689581225148234	-0.0315331075603562	-0.343269695258479	-0.110340042296745	0.40253522771191	0.491325224942329	0.266623193592611	-0.000917553713977797	0.127585350780271	-0.0619157715793757	0.1455698399687	0.0732460179147914	0.0516014388088213	-0.0366452234485835	-0.024669596682033	0.0706996497932905	0.253521974414446	0.0855813176680378	0.31946127031655	-0.193616281483771	0.0405531807074112	0.141823659217204	-0.043071543186999	-0.0117745860213549	0.39943979196076	0.104914353278585	0.369109143781563	0.419729514945586	0.346728134691632	0.354698352153442	0.209017278312015	0.364976779244429	-0.00126979933439678	0.138722661572757	0.142426419349151	-0.0564104761956058	0.31198076704376	0.211600771176337	0.219812530803548	0.0926097784146137	0.40432978533441	0.473537709424666	0.0719120399918515	0.208297737755442	-0.0263196548351135	-0.0151672867812715	0.0193942676306358	0.0766464728593701	-0.0674100889759654	0.0792602194913588	0.353013724493883	-0.159965422413354	-0.392819647773359	-0.0775622413664502	0.306071609025228	0.206278831304642	-0.046435593278325	0.336169381661133	0.249979961162555	0.0533251174920079	0.098497398430377	-0.0212489931859482	0.216787255861412	0.0909534361915595	0.203165751853659	-0.0220739237834567	0.0347641187058341	0.0115440888954321	-0.275785934265212	0.18428500827094	0.329760277420405	0.0941630848222577	0.295000292810598	0.226901212360084	0.362175215394687	0.335767889142005
0.65691012887013	1	0.679411711907841	0.593253543831531	0.406582393110229	0.284197679792616	0.324908206276457	0.0449418533049739	0.0473226084805233	0.352174284072498	-0.133338460495048	0.207467146591991	0.253109022667783	0.345719755110064	0.312240818162125	0.39430766206091	0.156030088313653	0.0750511035260553	0.337910307127905	-0.0637453108431571	0.235862017354954	0.0431388761116569	0.0673048996816726	0.00752098141860497	0.137473396909054	-0.0177326947321822	-0.176188746634357	-0.024068975989194	0.293192742622597	0.41110923247754	0.240464107064144	-0.00499882374554043	0.267690184717354	-0.143552213383111	0.242823184190844	0.170138609077568	0.153364020774901	-0.0467647052326679	0.0133731816771029	0.0879962325317408	0.226864376230969	0.180999771860894	0.27019498631919	-0.164891781535676	0.0829596867887071	0.129592059944538	0.0126363346475099	-0.0251418274814252	0.255717321513435	0.25259917699153	0.41766124762104	0.60960393161487	0.631442556871021	0.446393030495279	0.261108529965489	0.51416903374903	0.118348565978869	0.235107442051361	0.151991945341044	0.0931505987074154	0.375243254049729	0.339834961151501	0.505843605628297	0.26481104396098	0.504664351690608	0.512788941065458	0.220386042649635	0.288399150735923	0.0470364113265088	0.067306964775357	0.219261843892398	0.210941953860176	0.0501176588794971	0.230453807611595	0.335827811385536	-0.116530542814603	-0.237656590945309	0.0661071816939547	0.302188328733119	0.103634539654166	-0.0205237680653011	0.388724560093674	0.137835726963134	0.0708922179392884	0.197286316349806	0.034649426170731	0.217284321382352	0.179000657181036	0.0924093094677292	-0.0196175588852609	0.0495799018658432	0.206269526978685	-0.244986114967813	0.208495345096805	0.475219172934978	0.173575040846975	0.259166814060981	0.103453066761891	0.307168115299173	0.276976833998184
0.581641050461298	0.679411711907841	1	0.575048203632216	0.561902681448564	0.483702507926236	0.557901291531624	0.0248915973515847	0.19995172464597	0.361451301414661	-0.00878920472119874	0.174506110781647	0.25171595383484	0.325517718655335	0.349903711231421	0.300884060383487	0.0722351784869068	0.0238417257288926	0.299240092567044	-0.129156133032757	0.119070507936841	-0.0473156487515037	-0.0553068188599289	0.240768616293941	0.0873790978155188	0.0455934891772775	-0.0333560707969128	0.0642249374516873	0.286818779612773	0.36721928143465	0.160103196684324	-0.00768817027879481	0.143953945518381	-0.0163995634894151	0.351608658428889	0.287823169738283	0.336087435956879	-0.0367280163179791	0.179247359709363	0.150575020031197	0.242771670246881	0.265913294837654	0.27848896544013	-0.101624669343288	0.145243184522636	0.0276863263419686	-0.096844370693153	0.196440591023803	0.3507750883203	0.101600182726581	0.539181217128626	0.788289408081534	0.600215698737359	0.750710620996436	0.511661712813928	0.758926466759384	0.012661837578365	0.161860517626282	0.0722060565930339	0.12560058572743	0.293610656873112	0.253875184963297	0.444038306399455	0.135763490611687	0.530536876026312	0.53642317404067	0.218848992021947	0.0916786877883739	0.0912235476857952	0.0200817844754711	0.166497237955327	0.16631295492313	0.113277532910684	0.148719606084292	0.178610165436059	-0.0683988308554007	-0.184042573408233	0.147993609814574	0.316471526318188	0.149992135798881	-0.0895772061607627	0.361678708127288	0.0834927656009771	0.0909284920843371	0.0781300149561909	-0.0117511298902587	0.314075524862975	0.252819671069862	0.135463400095952	-0.0147004108458348	0.145736596727872	0.231477284074883	-0.238010051434861	0.136856874587239	0.328396423394245	0.339925591067997	0.328605589108993	0.205674094019525	0.29133723043214	0.29443647956018
0.3262706775201	0.593253543831531	0.575048203632216	1	0.417490861760198	0.56164860577066	0.737523205005741	0.321640055850839	0.427112711963713	0.433681415421954	-0.026128169928523	0.185359655647042	0.280425563348172	0.184151504457563	0.683512705105567	0.563907698323827	0.170715210369912	0.263317125325934	0.552168158119776	0.131914738542651	0.183974928975952	-0.0763670430072074	0.0204009041290983	0.524434047398606	0.347333527378711	0.259668198854324	0.143611269698993	0.272034802723172	0.14245911898881	0.355977945995556	0.28855448520004	0.0575101863682442	0.189447527055946	0.0485495693343843	0.577475456670864	0.50680484671333	0.457712519652054	0.15291429616854	0.4888494312078	0.354703402369736	0.268574607330075	0.295004956031842	0.517947338493413	0.140991719297519	0.361256241258116	0.0890815044998942	0.121295273485167	0.431145141551667	0.333593510769787	0.34281946608968	0.377033753172016	0.452707216298879	0.69867431712374	0.609472489741982	0.564487673594301	0.740323597478906	0.242615483030852	0.27027817113489	0.249112273062072	0.329413914109744	0.411024221186079	0.32790160556131	0.580478780678356	0.338513389344127	0.379296799327091	0.594429215503146	0.270796071542195	0.229326287734993	0.290978841139292	0.211706389984449	0.415150584529835	0.258166408783866	0.264784946393348	0.372526174516666	0.328072175593621	-0.00992954542940458	0.00490370513331302	0.265438103100484	0.0695022804892936	0.142077714279969	0.0562911891136506	0.351968059558816	-0.0102818482415113	0.197386527431988	0.374538089189075	0.0159095844098072	0.425044736593524	0.443082184434482	0.153632767757273	0.106376410612758	0.536753364396054	0.367791344680607	-0.0160694391526463	0.187184786067653	0.435340184145753	0.544264269280178	0.266050191714369	0.11307998334332	0.246828672295024	0.383864852302269
0.663785265767283	0.406582393110229	0.561902681448564	0.417490861760198	1	0.655203982607687	0.472622051339142	0.16225994908365	0.261789574857701	0.180275635391117	0.209292245374558	0.159840754577337	0.029599240978066	0.392366611884006	0.267897074470549	0.139504017408261	0.0641492436116323	0.109157852061335	0.239737359366435	0.0145050349268535	0.172691365915206	0.100241978660346	0.0396236497296713	0.243258673661014	0.0889096000186453	0.103422831685317	-0.182921073948329	0.0684359119383183	0.336251515090987	0.39768377379587	0.151284834827811	0.0984352597488013	0.0267075263770647	0.0987889387069553	0.217704539417915	0.104063416678177	0.196889660078491	0.0485412361786589	0.147758133287924	0.178051096054443	0.322174708248965	0.187926125595071	0.312373254302882	-0.00342107629810961	0.181658656283753	0.0921418170114202	0.0184252223801091	0.237941868874702	0.485830314664358	0.142278281688284	0.447489304517782	0.256177625702328	0.258140878714688	0.540118821427313	0.454044649375277	0.504849702163994	0.00838261251929146	0.0445130964426197	0.182214740321742	0.116229898370758	0.38451837561878	0.302025620150546	0.323555348991597	0.0904426684561612	0.231642506054023	0.383227632658116	-0.0333790891105608	0.0171343867697852	0.0503981012771196	0.104106742895019	0.14312668765295	0.227076280085166	0.032922185695651	0.117936847225383	0.161242702074506	-0.200274146584873	-0.365565303204269	0.0172062766566218	0.226762990722113	0.057559912458956	-0.0871010931923184	0.250580888279314	0.165389731031843	-0.0111336213990028	0.0569726100576208	-0.117519748441083	0.231778715651163	0.109026209919409	0.136227606070355	-0.0524060573734797	0.193367032541502	0.0771615245233159	-0.202517106334895	0.228995581194805	0.262012817808571	0.340886271521853	0.257561071678993	0.362651718748316	0.288278189459212	0.325614795832877
0.333262637126288	0.284197679792616	0.483702507926236	0.56164860577066	0.655203982607687	1	0.747861819356765	0.309844173426284	0.378464412272508	0.188175119004353	0.252305750591421	-0.0483902603917167	0.0471919699081921	0.189711483769776	0.448902326534231	0.130027234078793	-0.0564956909717444	0.0947791758754808	0.232972719277873	0.061957524861753	-0.102648857499658	0.0124879572270869	-0.157331173358333	0.487722610614951	0.144276073145261	0.186597390001931	-0.086696652475089	0.398495008844695	0.21610821257761	0.355734017841704	0.0252478157797241	0.0903863122694673	-0.0345329757316573	0.136455500299107	0.38308938446965	0.323358011240706	0.329917086425633	0.103427461562633	0.505284294647125	0.440552114761118	0.383069286313447	0.326122275035687	0.350388185306944	0.112538436261907	0.226428812260156	-0.0702579729080552	0.058629586049333	0.663925117893154	0.435000521872449	0.17783666744238	0.387298661063529	0.275561819254528	0.262417180339085	0.744417762354897	0.748296627499868	0.667202608363874	-0.01057823555272	-0.0504697231600739	0.148544103688234	0.22884735352361	0.417164243082103	0.425015968793288	0.370569161692145	0.0362501582681495	0.190958272901907	0.376657730419505	0.00437629192828648	-0.193826955963826	0.157574116141283	0.0537926090925186	0.151008975879072	0.230861678738717	0.0961007568133669	0.104739997124432	-0.0549261910624161	-0.246595096620428	-0.148746383112307	0.303160660890505	0.120417596961797	-0.0625238667309161	-0.105011351984725	0.155812366139985	0.0954100671598976	0.0723965919622107	0.0605370412752693	-0.236113351482189	0.254680943940476	0.237301257216276	0.0967895072911476	-0.0598800991016872	0.501797406159378	0.312615395552328	-0.191156764136063	0.227560414347505	0.0768314184684307	0.768380976496078	0.159858795872404	0.304548130183681	0.256739046445904	0.290614111428704
0.249696444238822	0.324908206276457	0.557901291531624	0.737523205005741	0.472622051339142	0.747861819356765	1	0.176497256140794	0.473019509908431	0.231993629789933	0.108349226631496	-0.000880769362960197	0.149749214410004	0.171788184618356	0.570132860051225	0.327676195745354	-0.0557299440422998	0.00108819552087698	0.351087827034754	-0.0256541738881165	-0.0147846587259854	-0.122085946787856	-0.159348826436796	0.613186833897508	0.168464916031226	0.34385349624384	0.0759843853583169	0.458341328587715	0.216565582869565	0.372988669612103	0.122579524271598	0.0466007183766345	-0.024900117625329	0.227194622404098	0.761567040962082	0.626745799069429	0.535319380608305	0.223571709194297	0.681718777242424	0.572966063702917	0.278848489155187	0.291298127483001	0.522360927433508	0.202906981738139	0.334533816905479	0.143869338547737	0.0452507436962695	0.716951370493713	0.400802134298886	0.150069279318105	0.388206099645377	0.421057042879796	0.428166316445505	0.702640917800984	0.739111994538195	0.807259965080772	0.00836851215788023	0.0437808557115617	0.116122320072369	0.260974978873621	0.28292793362123	0.270199513280882	0.375200026129482	0.0307433993480433	0.254190217522241	0.493503902356853	0.194305727880316	-0.0411798791560942	0.193957759239632	0.0627526736351378	0.174592228544253	0.213427663414012	0.237215031966135	0.15663095477519	0.0939155681083675	0.00452831369586983	-0.0687027639087437	0.392655631092626	0.142662489593773	0.186586909977325	-0.0404837979173384	0.209737990813696	0.0502488740067002	0.304048900792233	0.160341992349348	-0.00139805669000259	0.453970409777589	0.52473809439205	0.226196706119734	0.149171965615329	0.653527813074678	0.51039621745933	-0.00601543739141329	0.232693544384027	0.186891985534267	0.801245606916966	0.294471667392235	0.179277146526461	0.240699383868999	0.338062176495304
0.0481130497295467	0.0449418533049739	0.0248915973515847	0.321640055850839	0.16225994908365	0.309844173426284	0.176497256140794	1	0.49479599426315	0.1789471172101	-0.0492742922823129	0.24624424920708	0.388973291462831	0.0288356795366893	0.289121143446706	0.4111955428592	0.632912364840674	0.765768577108294	0.539858292369465	0.740444968240005	0.232442206541284	0.00567046714950525	0.126521002991547	0.344231612195725	0.588234167936631	0.169379671139846	0.119728203352564	0.150124553730073	-0.0960784496312539	0.122431523962852	0.393632206216105	0.15531712525644	0.158362673063271	0.176000825551442	0.235814534794547	0.289616824904502	0.158233431297648	0.359156688629251	0.257536151666305	0.00358466652180633	0.170665515592025	0.0521367151533945	0.290584741935302	0.121180364960576	0.180530845776029	-0.0640126823633017	0.0495120520944036	0.145048681051055	-0.0147542414822855	0.0806122926556395	0.032868656433923	0.0167252838952351	0.304161380802759	0.203283412050171	0.275955465922105	0.195396700616915	0.39895850216898	0.452435673856245	0.558097867001489	0.486641974676633	0.184678426877263	0.0731252717075856	0.302488792335927	0.334921688969981	0.184757947642232	0.102407216165156	0.290685006142968	0.231136246235762	0.532734648066044	0.649521689254795	0.159270373331409	0.0653690831609277	0.264744437456739	0.453510979329282	0.152457167302887	0.207187849489516	0.0482284861277632	0.129894280943028	-0.124034714601847	0.185273929302979	0.178129028171162	0.135954124859153	0.130869184210512	0.258718382870276	0.456065448753087	0.10252130086487	0.211585612911252	0.365822308799834	0.0363610366946786	0.455730071062423	0.330286309586942	-0.0162439864844361	0.116546374518684	0.0456857905388655	0.161193770725192	0.170758677175853	-0.13438599087031	0.0553348243498308	0.101234676851273	0.0490080312122843
0.0189378597694315	0.0473226084805233	0.19995172464597	0.427112711963713	0.261789574857701	0.378464412272508	0.473019509908431	0.49479599426315	1	0.393028042409387	0.186906544561219	0.258093343725744	0.412101855789469	0.0778785277743492	0.326009605366594	0.343721826447019	0.310934956603059	0.33826449094246	0.468014089079673	0.457638296356398	0.362951566599341	0.0612756701587538	0.224682633978927	0.579349464890448	0.660862160236595	0.525992854592419	0.362537890411739	0.133367404303872	0.0733328677431289	0.0465205041512736	0.32877711327354	0.285251455868547	0.143353504612002	0.342470539966056	0.436862951421007	0.400102374641352	0.440899689084516	0.535486926732969	0.308148010295767	0.0893702576302164	0.191874541243974	0.376490220162536	0.346459151015401	0.336334072688659	0.38459833556101	0.209075862549491	0.24825918471358	0.315535657376895	0.229271720617484	0.339568742803628	0.181547929407787	0.0645928718002226	0.291609744408191	0.3102636451044	0.336888337764957	0.411363207234841	0.190260640359277	0.288164653966856	0.547415145011019	0.797127964494112	0.245409377111179	0.341446285745793	0.469075259925808	0.229547576593339	0.0181835963178542	0.184837908503144	0.147964444958672	0.263485094208985	0.397524577435542	0.465070456585187	0.357372089481902	0.350791169738617	0.368279565849977	0.461274815865735	0.244085313039418	0.160683585666546	0.191528550031383	-0.0211405118077866	-0.131552124361707	0.164099406346778	0.0533546833409244	0.325653038691294	-0.114464650419386	0.157605581885251	0.374059591669129	-0.0504568788322552	0.377039295873518	0.365994229973545	-0.0591206961696024	0.436995153771211	0.348056366640487	0.00697919776270714	0.190503290069479	0.107167167836742	0.277029746811341	0.304304611026976	0.0338578611913016	0.0534785785689002	-0.0604126063435704	0.0508244399205779
0.122780105731585	0.352174284072498	0.361451301414661	0.433681415421954	0.180275635391117	0.188175119004353	0.231993629789933	0.1789471172101	0.393028042409387	1	0.280936576001515	0.507625014476174	0.531155198805578	0.22831250976493	0.340276904280461	0.279539455225068	0.269946480817726	0.234570026346287	0.378998063318012	0.169135628400189	0.274719524742681	0.410061822140043	0.221703711137293	0.132182128774546	0.426616177214207	0.144124322070312	0.22220906093069	0.0763161236017605	0.229412296003587	0.0314097747260283	0.189444369643092	0.21906344126313	0.261509959049746	0.0937183832010669	0.0763108548481184	0.0305148075173492	0.11290031626352	0.116825313463128	0.0660961980844139	-0.0332273628995533	0.343252209925994	0.653575038354783	0.0996227048191702	0.116247478441147	0.0722056222295255	0.148642347438527	0.196521765704943	0.141385112822886	0.326820115791268	0.609627986165356	0.436156083026761	0.343510807023009	0.502875321084387	0.392260369062322	0.284115630994372	0.427750089216686	0.30065559117253	0.251044201196157	0.251324960491235	0.399099525697408	0.515073879623802	0.614522741949306	0.776254908809151	0.468261859041295	0.303470660315362	0.285786231507969	0.0579002107822562	0.26175549525781	0.12887314353417	0.384670980012427	0.625510089688343	0.487132970554638	-0.0388282621993926	0.247502444473873	0.0881493002984433	-0.160635657845061	0.0284800832354118	0.131570542389636	0.062323680532372	-0.114203978660369	0.0573634319111969	0.576248848532024	-0.0750585789007783	-0.0203180221801237	0.319888604534604	0.0680509230787477	0.0257532742717865	0.0413364749528873	-0.150466997877102	-0.0180665264538008	0.124456623390906	0.0355836969991069	-0.104349179822683	0.145876704770633	0.333936466563768	0.149595446281267	0.218605522155445	0.079743407054488	0.00297944752125987	0.0729381063633568
-0.0796767433992714	-0.133338460495048	-0.00878920472119874	-0.026128169928523	0.209292245374558	0.252305750591421	0.108349226631496	-0.0492742922823129	0.186906544561219	0.280936576001515	1	0.304802722991993	0.0844162586518394	-0.0633152687176087	-0.0155809155363799	-0.146625344635236	-0.0532912262338938	-0.0399831788894324	-0.126923083999523	-0.0673841176892456	0.0410019132812459	0.186186638826223	0.109933029060176	0.0145255354132027	0.15233625572307	0.0634518768130605	0.0457641247819134	0.115843804250577	-0.0507281216294432	-0.135966811878366	0.0167510834219338	0.207345451537574	0.116610126199036	0.155047394430438	-0.0367994925561296	-0.13233140461173	-0.0662519007978268	-0.0467286316165112	0.127203369316251	0.0514754284568175	0.140405912538944	0.185686726717002	0.0134506148682087	0.157865965379879	-0.061405128544465	-0.0197393219671853	0.197923011238745	0.135760741463763	0.196643312244731	0.107311210350604	0.125104935988984	-0.11970367678159	-0.133043207409696	0.172607358822837	0.131614202584952	0.118344662961643	0.0601252002992381	-0.103508472177606	0.00988952201779367	0.0616234136826584	0.176550411805735	0.244074521537115	0.112044658629928	0.0324729950967998	-0.175941240180662	0.0704529774577302	-0.17255408576798	-0.0608057889109	-0.0953050493247425	0.0615343738576104	0.201278403397687	0.278777380272011	-0.0516426741026667	-0.0157943619965844	-0.0167332220712712	-0.0603290705563215	0.082975933758598	-0.00578800582595762	-0.0113178598044126	-0.100644215117916	0.104814431772325	0.194535494693317	-0.11914903918215	-0.104256934883749	0.0135365391579975	-0.0329831853738981	-0.129500746792166	-0.0669174823194699	0.0742097371748077	-0.094398166971641	0.173086648501822	-0.0491450129313619	0.090701851575783	0.226502603828964	-0.014085376392343	0.14493925201241	-0.146497440296504	0.0763791138366424	0.0561105922837472	0.160121104846619
0.115669220811384	0.207467146591991	0.174506110781647	0.185359655647042	0.159840754577337	-0.0483902603917167	-0.000880769362960197	0.24624424920708	0.258093343725744	0.507625014476174	0.304802722991993	1	0.574236746557149	0.134265636858614	0.123751363444402	0.233447101541923	0.526412970521167	0.321655669392562	0.399723563699226	0.291943747445748	0.543343435160679	0.319752539810967	0.551366832138861	-0.0987388412666844	0.411851271584515	0.100634426808135	0.0729540158227175	-0.198906335090072	0.0312144238212192	-0.121571253212842	0.267359270977674	0.0627926471356017	0.510190844495241	0.00143428315061035	0.0155992773213276	-0.0570694619167989	-0.16546128113956	0.161152750221001	-0.183439675443497	-0.229801698304294	0.0778683526248246	0.084024844958875	0.03140701398308	0.079433482486809	0.0197011897553225	0.225480527431743	0.143840181063297	-0.245867885383812	0.157640549532245	0.130721570433041	0.202717736191226	0.151787148822692	0.358316894325004	0.110512525286393	0.0407579728282534	0.199322921900744	0.425634745580636	0.391167913727559	0.368616975174721	0.280250499202904	0.254400649607249	0.272237539724499	0.414476954653269	0.575642148726336	0.205296702801866	0.195985637555395	0.0889888708631223	0.530695902859351	0.268127506020675	0.477313781889739	0.44851599482704	0.439586809944999	-0.022796650377518	0.25908902504327	0.383467988089228	0.0842275228356338	-0.00805135858652089	-0.106892195296208	-0.00810706440365353	0.117764581432128	0.222826405489149	0.556849705959219	-0.164064973917728	-0.0552116139331271	0.433099611393781	0.251480450795003	-0.108209106214954	0.0682576838962322	-0.0509586201660594	0.140286987437837	-0.102187187149002	-0.130630212988959	0.0610917416169637	0.224993839904342	0.480445113165509	-0.203586569066072	-0.11320278453405	-0.0209562900034464	0.117689480191417	0.102725650307564
0.0435638456811801	0.253109022667783	0.25171595383484	0.280425563348172	0.029599240978066	0.0471919699081921	0.149749214410004	0.388973291462831	0.412101855789469	0.531155198805579	0.0844162586518394	0.574236746557148	1	0.104627196207291	0.1764234243366	0.400408833114725	0.482950813776862	0.380006824040614	0.34792113615484	0.329296689242065	0.383082813459273	0.147278274427526	0.341497378949206	0.154292213364974	0.52540955600007	0.359295494058273	0.363056868054481	-0.086344692548542	0.0375952137112164	-0.0597548918190942	0.441670510717115	0.313879650080859	0.58926779378591	0.176030531811512	0.24045139510571	0.200399208027221	0.173148224994215	0.36922314535555	-0.00115093943092402	-0.0871858088701749	0.0758601185185024	0.327456848278137	0.140226525254114	0.195438504965968	0.248565503323587	0.201065530035164	0.190162737255789	-0.0382744650030206	0.139027319354873	0.305466961129294	0.114844396930894	0.24877610437361	0.434475480545389	0.255300814959779	0.0939428179781252	0.284499768895712	0.425123738161878	0.48125471826842	0.318560315560545	0.509339315214801	0.197307029858858	0.187703122448524	0.367756216052523	0.376824841362877	0.306282332101397	0.174983116981931	0.424346980295356	0.454528170288077	0.390468250245626	0.470389478462048	0.4078206453222	0.301229164715948	0.252210421313548	0.373553747456539	0.326880886787377	0.341856420818927	0.239602391569991	0.144574563722181	-0.0217669201336602	0.232852235263409	0.457686781649884	0.579151429323545	-0.0459577777024862	0.274869994636207	0.502924165414403	0.320472300807665	0.147981189564677	0.312410375479433	-0.0387125438410998	0.38699015043578	0.0180944526932018	0.00632518217091693	0.177152552691053	0.161582839845843	0.363529987418161	-0.0116224400659129	-0.00946352043884496	-0.066033731382404	0.0446170085716392	0.0849001323127907
0.531096279838693	0.345719755110064	0.325517718655335	0.184151504457563	0.392366611884006	0.189711483769776	0.171788184618356	0.0288356795366893	0.0778785277743492	0.22831250976493	-0.0633152687176087	0.134265636858614	0.104627196207291	1	0.350591803700722	0.193195060824816	0.124704688918497	0.0173495716779152	0.242273215480301	-0.0627602154732251	0.111254146992348	0.341683339147822	0.325321955891914	-0.0655973648269145	0.0200100688656928	0.130349299516812	-0.113231240556522	0.03233774830816	0.575129855350375	0.505391243458134	0.178711697193643	0.289797885800743	0.12332505285778	0.0912004420232838	0.0530011248922962	-0.00977252352499914	-0.00046539029120479	0.000367089815739554	0.066911342254509	0.180777629846324	0.411738281354871	0.293022573701993	0.281754108532837	0.181167694905003	0.179021157090302	0.393834335797822	0.306999177249811	0.0624401177957147	0.400957537969167	0.264505410589395	0.371788787697519	0.272430654789605	0.319616981858263	0.266061973569816	0.176041857928905	0.251389656883806	0.0343111039623178	0.0424806462021851	0.0991102387179725	-0.0932268704641218	0.293627862149094	0.243719251710025	0.32643487083261	0.234983155138393	0.348036441095201	0.460631268826857	-0.0831876664202159	0.152684161991023	-0.126652830067766	0.170135694771981	0.065994248037163	0.246120899815208	-0.28576715926019	0.0686192346216419	0.0961120940279242	-0.239780381593846	-0.241160102341836	0.169395480541995	0.442863273808465	0.0415294517549632	0.0820653646013871	0.359222457468397	0.307009999836056	0.0152020589762814	0.122626223351148	0.0586662617029187	0.0625269748815182	-0.0499776137900607	0.177520981243537	-0.0199966582532967	0.0726398045331885	0.0937998207040862	-0.0871674994348948	0.351972288471211	0.319809086690287	0.105659228873616	0.480214347783624	0.223262460752538	0.270590488302653	0.386869443879885
0.176325078636438	0.312240818162125	0.349903711231421	0.683512705105567	0.267897074470549	0.448902326534231	0.570132860051225	0.289121143446706	0.326009605366594	0.340276904280461	-0.0155809155363799	0.123751363444402	0.1764234243366	0.350591803700722	1	0.316179277767739	0.107844932503447	0.12999203473658	0.404436517119635	0.0200650656842292	0.0849078601218151	0.0906813611074494	0.0591878853861605	0.584449325937451	0.249410703860144	0.370771840192407	0.145567458582804	0.471985708489486	0.332044867026682	0.476993072203647	0.107572678371895	0.171058028600891	0.0347855641554273	0.267206160928253	0.483937958627486	0.47100464376713	0.419481897118266	0.214554160380027	0.667472661519353	0.505869783448584	0.56590629152364	0.342173944265062	0.643688280792341	0.386975528099723	0.481099508609338	0.219666571385012	0.345832672362864	0.590410214122688	0.502829040911603	0.301763416613974	0.320521571987809	0.321959635649262	0.406534613876821	0.452067532541942	0.434250630465099	0.46200591637945	0.0447894755900668	0.0390841143429827	0.116262625438708	0.174678275493438	0.331002161422823	0.307648710393843	0.482104993812948	0.336305185829067	0.14927663734249	0.51252355599851	0.0050594997464501	0.000962400502194885	0.111053484417436	0.182973869498335	0.310548918511567	0.234684384060058	0.185901616442033	0.159237643603817	0.107316453388733	-0.0159167639149956	0.0568884359330012	0.395166666770466	0.214286124139295	0.0869939869034775	0.0976269334879701	0.295797784945117	0.147998747540174	0.246251990905816	0.340195947194998	0.0713593915782826	0.343176366310976	0.350620244990567	0.32132225653808	0.101871039257392	0.651475915075874	0.46889648817717	0.0883317611198938	0.166382070032146	0.288088036009013	0.556538083323174	0.268293723575864	0.259800679705366	0.307468863539526	0.467492370147993
0.238359643725002	0.39430766206091	0.300884060383487	0.563907698323827	0.139504017408261	0.130027234078793	0.327676195745354	0.4111955428592	0.343721826447019	0.279539455225068	-0.146625344635236	0.233447101541923	0.400408833114725	0.193195060824816	0.316179277767739	1	0.568387111356276	0.58685235956699	0.701964260805047	0.297219051428492	0.450728640163695	-0.130232381642929	0.1497649429592	0.286983672084737	0.361958620483422	0.379087162918544	0.151774545352548	-0.0354339101501187	-0.0258646812129866	0.293179339485106	0.83705074380275	0.312866407099092	0.354767409879086	0.16593957828567	0.621190134384803	0.641095332973084	0.281061383454444	0.378971619295988	0.281672361931305	0.115792660732567	0.0326919511035112	0.139263027100979	0.560659872608247	0.143554155231546	0.304100962515147	0.20798865988046	0.148702616769878	0.0701561570694085	-0.0124731664536238	0.160883355526372	0.0894683424896156	0.219277458728699	0.579690979370504	0.282976545321846	0.220199178415981	0.422293260548699	0.442574125360398	0.618452204361607	0.475478597458325	0.343564740378379	0.115589015417035	0.0972208799788574	0.330484576461461	0.38022577377044	0.406476137072929	0.471420870916717	0.677587219480296	0.53924754841324	0.63603980720577	0.442884964571654	0.204023507959355	0.121971829179166	0.240267701879193	0.327738621144577	0.577556065397765	0.381303930718239	0.0507170291096131	0.117797335899216	-0.0188517246075615	0.510446191466939	0.291324939259852	0.339608233312737	0.0747258095041284	0.405842348715797	0.473765090501912	0.350913754412558	0.356813871835576	0.673323706492992	0.207126782965228	0.498470690902325	0.309025220482014	0.182392607501305	0.212463147102098	0.103553109791389	0.512812401146142	0.0720472721641896	0.153963571778047	0.0283533407908738	0.210698881568123	0.320251702017922
0.12677853264929	0.156030088313653	0.0722351784869068	0.170715210369912	0.0641492436116322	-0.0564956909717444	-0.0557299440422998	0.632912364840674	0.310934956603059	0.269946480817726	-0.0532912262338938	0.526412970521167	0.482950813776862	0.124704688918497	0.107844932503447	0.568387111356275	1	0.811366463789104	0.637977400923287	0.620091681791227	0.622452688297224	0.0540961519879775	0.311959531345836	0.0878898982338833	0.534672500669871	0.166211554732515	0.154869285789219	-0.218025731676001	-0.0563981617473107	0.0156055565960783	0.623093104237647	0.155734744002678	0.350117178336648	0.0904944948849223	0.172559761801103	0.250731715771393	-0.00270211197430777	0.289055630053578	-0.055866177764446	-0.229623149982386	0.0972093649402712	-0.0502864020688771	0.201567958369022	0.0309326257333883	0.0478489646125207	0.11737790834662	0.00499651178699897	-0.236749739883934	-0.0170457745192913	0.0413816388782925	0.0051218018936994	0.0492386279361092	0.326333449981224	0.103889462243563	-0.00299314610297891	0.109897273127583	0.455642372776657	0.552464294029216	0.483994957390111	0.333142823702822	0.127559055624074	0.0167453192078925	0.254701824068738	0.510657473213118	0.243795172432355	0.122184685628504	0.324830765216701	0.540249633164558	0.563115306910766	0.59787447665261	0.231588576489952	0.106380244136937	0.049162373887793	0.394692525482915	0.380674724787771	0.20875808204866	0.0714400925192008	-0.115372139614603	-0.0355420257528017	0.226823138653917	0.206203938658688	0.32128896862113	0.0341089032193025	0.101252182067023	0.42718342543422	0.212874819863302	0.0902342009038085	0.326392596324708	-0.0674930641848807	0.371963650300125	-0.0144047324432371	-0.149855910488656	0.114659272713127	0.0631110128079236	0.363408838119641	-0.229848252463937	-0.194615934587485	0.0397748631248485	0.0694384830603436	0.00499598678756401
0.071270076966603	0.0750511035260553	0.0238417257288926	0.263317125325934	0.109157852061335	0.0947791758754806	0.00108819552087698	0.765768577108294	0.33826449094246	0.234570026346287	-0.0399831788894324	0.321655669392562	0.380006824040614	0.0173495716779152	0.12999203473658	0.58685235956699	0.811366463789104	1	0.661428336301924	0.615162272146336	0.45558806368505	0.0456377445998329	0.227898524098126	0.195627354783564	0.472062985925376	0.175353653795444	0.123656285570259	-0.138039199419075	-0.174157389743143	-0.0251353238842672	0.619608314373423	0.13804265715396	0.269273394659247	0.10068076835315	0.14244611133418	0.295076784763181	0.0646144960524544	0.316506043917794	0.0398826412486518	-0.161729942446758	0.0273667514105062	-0.0276148977916892	0.239651809896959	-0.0118563638595677	0.0915248126907926	0.0139831090135778	0.023375093029483	-0.0671163977914626	-0.102525199736611	0.11289694911247	-0.145146223198967	-0.100673944694406	0.254988706036095	0.110402651483089	0.0810779155760685	0.10069221449788	0.435366145062986	0.498295319749873	0.505487294084459	0.342035307134115	0.0816317024944788	-0.00457501825662723	0.235572027126527	0.418356203832035	0.135342404745713	0.0469703785931454	0.342560975166247	0.446511863256441	0.549538024678397	0.503167185550365	0.222164864156503	0.0688149845091546	0.131931347712719	0.35458050575996	0.271977912626067	0.169609137552376	0.0459184472152328	-0.103848637529499	-0.20488126212478	0.169136102541394	0.106732639180339	0.203583902479154	-0.0234871109438292	0.115484958144395	0.342160529083382	0.0420005581353669	0.158549887132892	0.297945629277849	-0.128359948619674	0.325002841739072	0.104792118096327	-0.187666723402612	0.0459303304957271	-0.0292380064746872	0.252910885036555	-0.0703276080597553	-0.259125941554755	-0.0410778661901279	-0.0990239992107487	-0.0882592311152917
0.228334234786979	0.337910307127905	0.299240092567044	0.552168158119776	0.239737359366435	0.232972719277873	0.351087827034754	0.539858292369465	0.468014089079673	0.378998063318012	-0.126923083999523	0.399723563699226	0.34792113615484	0.242273215480301	0.404436517119635	0.701964260805047	0.637977400923287	0.661428336301924	1	0.417551835942974	0.55491982561902	0.130486003614081	0.30511997322485	0.318688458651204	0.464088270128895	0.336184268854341	0.119805072814692	-0.0713764336985227	0.132693182798947	0.164407845646314	0.513605641369318	0.0576555302062247	0.186070905164361	0.119807758101615	0.429203901421743	0.50677509038048	0.210834915495028	0.398370735634765	0.193185881251636	0.00414655421506235	0.270497284771001	0.0711986265131404	0.418687051710133	0.0520916793163505	0.15083172653712	0.196741049717524	-0.00931081377885371	0.104309293599309	0.13366078036468	0.107720331716862	0.185115464065258	0.244594053628163	0.546841223802906	0.371474731296546	0.334204255002895	0.465904630541233	0.407637376575858	0.464095918276139	0.515335937510085	0.378698293438996	0.278057125305779	0.239676278481167	0.509660063387327	0.554619891949856	0.314974835205842	0.350013934869508	0.343371416463154	0.510499168586019	0.587159531982921	0.504885095698622	0.313263719317625	0.275663722889506	0.0932937567519574	0.419439910769255	0.33031747810948	0.0892366677520544	-0.0236041743036121	-0.0379577547293161	-0.00210549174212768	0.231698109264524	-0.0442582247886696	0.422426590148833	0.0134746998604062	0.110285261336702	0.365129593663219	0.0942004253300581	0.28035535551685	0.440576818267236	-0.0547056458108277	0.257904056846178	0.21709207274196	0.0134062266058477	0.0118409151014637	0.0665459445580932	0.440789468150365	0.126820354967368	0.0751714948789341	0.100293815299409	0.03509299689315	0.147425571421195
-0.145734204661318	-0.0637453108431571	-0.129156133032757	0.131914738542651	0.0145050349268535	0.061957524861753	-0.0256541738881165	0.740444968240005	0.457638296356398	0.169135628400189	-0.0673841176892456	0.291943747445748	0.329296689242065	-0.0627602154732251	0.0200650656842292	0.297219051428492	0.620091681791227	0.615162272146336	0.417551835942974	1	0.353081725584337	-0.0059262489565456	0.273614814606474	0.179694339224495	0.724782749337958	0.133777821540759	0.205420361574603	-0.0310579118945127	-0.179240820978225	-0.145230348311159	0.292369061702237	0.0624921304384246	0.153499366075429	0.0753000057562735	0.0345926238293175	0.1599534582506	0.0596946063685113	0.409449744488737	-0.0188876789233986	-0.182813555242774	-0.0603545509531309	-0.0148069204161507	0.0291977473223352	0.14094760463393	0.0487843409537851	0.0317224471482465	0.038893239554607	-0.111742606231436	-0.182177947588089	0.0977169978228413	-0.121554639261872	-0.127367865252412	0.170557862282409	-0.0067345749918333	0.107258177202356	0.0405448853873951	0.400590464472732	0.411899406959552	0.470700410567748	0.560711795315572	0.152988293571383	0.0965297466436353	0.264521298609719	0.340420115424823	0.00932374677350327	-0.0485633446376831	0.207722549179005	0.320698410874794	0.495353938699621	0.643180522695952	0.301254215598316	0.256177493969436	0.181616855226147	0.608807663869522	0.140384493295018	0.1752742313429	0.181108739108219	-0.0453635943268076	-0.226974154156819	0.0397893157308426	0.076545459827182	0.0898240805500449	-0.0057690186754159	0.0648758009700762	0.38763885446976	0.128338274534082	0.0691790264258625	0.221832674713216	-0.156415981739217	0.369324687741081	0.0377950383418135	-0.126555129978151	0.277641531564558	0.0717592400772937	0.246461919818966	-0.0565358064304879	-0.229538433261927	0.011251529698111	-0.0370726776929868	-0.157624900706175
0.232705447584943	0.235862017354954	0.119070507936841	0.183974928975952	0.172691365915206	-0.102648857499658	-0.0147846587259853	0.232442206541284	0.362951566599341	0.274719524742681	0.0410019132812459	0.543343435160679	0.383082813459273	0.111254146992348	0.0849078601218152	0.450728640163695	0.622452688297224	0.45558806368505	0.55491982561902	0.353081725584337	1	0.107009527297317	0.464311972517466	0.0470420680366515	0.397951782816284	0.313891409432404	0.0992527562734235	-0.467049683952359	-0.064882211416456	-0.136597744007452	0.502278826576722	0.165995650698063	0.383361145542555	-0.026241962661725	0.121600260757707	0.180264041554811	0.0732983707643616	0.414188911769377	-0.229845175894433	-0.368460253968885	-0.0186685471628787	-0.0934089285389014	0.245541267177665	0.0195487673683519	0.0693250783306304	0.168911671647467	0.098591133291042	-0.265805494074454	-0.0338824974779188	0.0929313789818622	0.0283522138941804	0.014552892465029	0.237795360978104	0.0697766587302979	-0.100744707899511	0.122089274418138	0.310706099202638	0.40700678405539	0.374342451008421	0.413054014187091	0.120324392866345	0.159783873557227	0.263803956363091	0.453017107027343	-0.0503962108581491	0.0954862487764348	0.193657831321588	0.622862980656466	0.441550720757146	0.336917940965653	0.3213042271758	0.324495757071492	0.0818811515050782	0.348947154337694	0.475741834283583	0.135016603370604	0.0796978874428955	-0.415909145949688	-0.14690236381464	0.201793516859314	0.0159512474207403	0.390513547779537	-0.251799297682112	-0.0914472810952769	0.360876888330694	0.0604465685279409	0.0705596500914637	0.211213851768283	-0.155017145460374	0.2082191174219	-0.166664015797201	-0.36032876977412	0.0280043777416559	0.00106041084054586	0.480423821044027	-0.303725242156417	-0.215291327603825	-0.101446361138827	-0.0922488593600928	0.0139378526067346
