1	0.715077149942167	0.594596404315822	0.363154416087106	0.404843381078482	0.366190108177857	0.334220470037923	0.362107776751143	0.253870055029737	0.223764646771181	0.0243403792676289	0.417705075854232	0.181325002699586	0.653813476192894	0.401139059327272	0.550283826888415	0.291568700557455	0.391598704440076	0.473346553952241	0.337969473502202	0.240098152111898	0.0768854123115428	0.181407454017175	0.298097213639201	0.13296466246942	0.342664743262303	0.311664153593043	0.275165736355291	0.17179976858741	0.256829649545126	0.419772734419198	0.330804550228395	0.0806912193229535	0.304636012799839	0.25305492087919	0.490291190015225	0.0205285321176871	0.240784072235314	-0.0395900507769067	0.161929664151176	0.0558539873424326	0.268650375420219	0.269955239083978	0.348236490906794	0.186578960988213	0.039543411436427	0.03428966451758	0.213976482231636	0.224529392012376	0.265804188825628	0.581187850302094	0.450199116303966	0.241413453520896	0.455461289250372	0.294433553558445	0.375009414131692	0.380494249498856	0.334074163624589	0.350637079610755	0.197101839007593	0.265805174293708	0.182851078927458	0.358235444525213	0.244107445992249	0.328107763973103	0.173539588973165	0.365554888102675	0.257713121812864	0.504374494372594	0.186789516607497	0.0366645414281517	0.237406901917977	0.0430476486977301	0.0407713732354564	0.166141025614569	0.310689887072539	0.25251333786409	0.251240610020578	0.200211705173966	0.22169264225622	0.201914399757295	0.24101176163535	0.256099489829475	0.238375428432823	0.141877255863876	0.185139871032674	0.00950285961819042	0.351507577728654	0.0578914236488109	0.29057749451763	-0.0345417335391794	0.309652185488315	0.255634754839323	0.0871953608012237	0.0235001947112969	0.0318200250008764	0.368787420383484	0.12073101430994	0.321619295621071	0.162734167987921
0.715077149942167	1	0.637624212863356	0.490249008780123	0.295563110291695	0.241454507944162	0.313215204320425	0.166273402603039	0.0122854250709008	0.228580949966365	0.0522127502338431	0.305788524884671	0.0253801247033255	0.565452615033324	0.415546551534578	0.565504235434817	0.260039865496481	0.176308967804937	0.350001210828855	0.181183982804147	0.271660358323365	0.162764825342397	0.0998908943086417	0.015740915479844	0.00829021211594224	0.241228571258773	0.142907095945016	0.216826924345309	0.189547282002948	0.214663937967638	0.442756015061654	0.339834572977663	0.0869715609472711	0.378995364188355	0.18979885472356	0.374399271019982	-0.0356570791898226	0.192248705849205	-0.108681617032685	0.119467491196315	-0.0140437595523629	0.322537152196888	0.280012336860128	0.230989571851365	0.10057996753068	0.0348836517275388	0.0986290173431556	0.0810286305267356	0.209852695576519	0.170291494078094	0.612612065909485	0.528387867340482	0.398137097749584	0.395839228103501	0.217187078625272	0.27505114922265	0.206690643221782	0.294131331972455	0.305031199128285	0.108018398711481	0.204762264755256	0.150681118493749	0.279301220018453	0.287549952254991	0.441024398602662	0.134108688069468	0.406242402217686	0.254219185576459	0.385634869111555	0.175637564909929	-0.0812549601074456	0.230003160355619	-0.00991652884779945	-0.0732978507160727	0.148931203891626	0.317011888416385	0.179848135304077	0.257081803042664	0.28960717172712	0.25443215222161	0.27213296750953	0.288819959858203	0.283372425256104	0.23433889988916	0.169058102748389	0.271853653557821	-0.0512316620138894	0.239434022143953	0.0614402885696717	0.180883768201572	-0.112960333279776	0.0775322539789327	0.179896864312498	0.0854243035908886	0.00816280945003155	0.111312088152423	0.36122461274885	0.0427157134724655	0.243369956452495	0.123560596727672
0.594596404315822	0.637624212863356	1	0.452502211056214	0.35767599746032	0.470682946166291	0.418798324192064	0.156055925723576	0.160003414046305	0.319742480195119	-0.0281935935502159	0.282604789739192	-0.0333861614109128	0.465024844163321	0.359927824250621	0.390341652266687	0.266444903856993	0.168889140048569	0.406259824241775	0.14019254231996	0.360658784799854	0.165388669012246	0.122095342991125	0.101833273820968	0.224271871699248	0.418867885249293	0.208344875197621	0.385815183827189	0.313813998986673	0.183928834369479	0.242457487955247	0.291346050691454	0.0262145415940423	0.306939659345508	0.256436707290183	0.372059797045046	-0.0404732272857391	0.129359259175451	0.0271524782314345	0.164519140185457	0.0265992245005803	0.12017807677845	0.240151187130362	0.269023602974003	0.0437428754074064	0.0701382928702431	0.114585866587242	0.180280146299149	0.164468332397521	0.195412514909748	0.424669118939438	0.484014526561895	0.24132868796889	0.599823397164876	0.378075196203694	0.52665929519466	0.240901570670115	0.185853081398841	0.3006844867573	0.107475991233257	0.150506413943695	0.167386173417864	0.294570410678948	0.238065922982615	0.408217765670526	0.152055484356032	0.291565045768552	0.21150094733143	0.424533872716341	0.01989306496019	-0.0047198298134197	0.338911048149518	-0.0406223812997839	0.107416289521069	0.233548795743517	0.268462832082012	0.0891739747042831	0.28299081968083	0.299894897793528	0.154321310213463	0.265876207420755	0.220489387423285	0.312687794150034	0.284535527374563	0.120833229261707	0.217809247546233	-0.010554443868252	0.331937262813109	0.0282430478535445	0.218479866792635	-0.0523314998724122	0.221405567432185	0.279738140034522	0.137960856070707	0.110311398517967	0.234910397745531	0.41262641233161	0.240551814780292	0.134139455502707	0.0634596001669782
0.363154416087106	0.490249008780123	0.452502211056214	1	0.384527962493645	0.525001082706414	0.653798678499639	0.145592330778718	0.215413825941194	0.278288063063171	0.349951565129535	0.234221245935635	-0.0835358284479266	0.316084127944956	0.536067511033243	0.537607256233769	0.132622470911622	0.020231547915328	0.311023844875308	0.284920963056283	0.260669949810841	0.190518119496387	0.213687064572541	0.132157886863577	0.0800043813229343	0.322032265281543	0.0943810753289524	0.09326469365152	0.112316426539567	0.180052398461766	0.290760919314091	0.297877763782928	-0.0548335992496225	0.360534905166931	0.33647836161612	0.333046124614409	0.145029882765428	0.232277019617673	0.205164324673196	0.201269715392233	0.0344796670992879	0.216315886507948	0.203913795634901	0.308119677103361	0.109931037648149	0.145395393358459	0.148149206575393	0.286083871367568	0.138635202077744	0.335206789760777	0.468320870954399	0.391788176552512	0.569075922161641	0.41337452658227	0.343468218709815	0.593472297955556	0.218325389970831	0.258726266485455	0.305953169930696	0.184645957401493	0.153930454118935	0.222065575906075	0.217496907001525	0.150603821584235	0.401269701622882	0.302466906090911	0.490576953042059	0.165052573438207	0.449664532564711	0.15984461107113	0.0374561461596546	0.276625326864039	-0.0731655121299988	-0.0151849790856615	0.194621986986355	0.38895942552702	0.115151761947735	0.0647882473834692	0.26793698773759	0.225286344914417	0.346725971078548	0.156264506457973	0.100574751625978	0.344470528515741	0.336006368395628	0.379738037566388	0.0459807304059014	0.44726574835091	0.130149658545628	0.292314485035455	0.269346990080231	0.153121083347789	0.207913954758421	0.101466900300105	0.161786200487704	0.429789971439283	0.227404740206088	0.0577582827486038	0.149801546114552	0.180037269071054
0.404843381078482	0.295563110291695	0.35767599746032	0.384527962493645	1	0.546882530502151	0.304849936663804	0.241321098598055	0.355852910617826	0.315720812143371	0.208975372987293	0.176516132619924	-0.0754326045373316	0.241098020548252	0.352024910257727	0.326179756917943	0.370538227144001	0.302780916278712	0.38979250440273	0.195803885052446	0.342575284188401	0.19979356683029	0.188807894320774	0.208041128610295	0.148983745692446	0.133507427397013	0.13631451186967	0.274776235401976	0.0441167782453312	0.23206464959528	0.236982386531852	0.158637440753938	0.00707582206370901	0.0869410510338474	0.097479577086379	0.334814875171575	0.0182036837459951	0.117539562842365	0.110327015725565	0.189840570664994	-0.259732442024392	0.0896912381586184	0.11252173613484	0.144813096863253	-0.0546683027444995	-0.0415744480861445	0.147867304115024	0.292812140486968	0.305337192957771	0.215723439472076	0.44275964103942	0.262438170602155	0.143639064175274	0.361082881183575	0.272611086927864	0.378620030769301	0.312585108888528	0.321698345986293	0.31671720568679	0.338570408356689	0.262385481188843	0.180070180011516	0.138573726891617	0.0917522093791613	0.156095651787539	0.092661647916116	0.126919809961206	0.0965464538772276	0.384874194523485	0.199331889123016	0.0669744089280647	0.221466349666827	0.0219629936554069	0.271592808311238	0.151555602393259	0.131395831798107	0.148558569958489	0.0337412982217432	-0.00772244650654869	0.0875130237784541	0.0635687028664109	0.151585820066275	0.207087926614599	0.0964809639995333	0.197440686990703	0.042120954273701	0.0141547545501884	0.250661028042611	-0.0246412940119417	0.197321487886957	0.1181224895495	0.197075606676904	0.19768571320979	0.151490537275971	0.152248357433963	0.217935808643617	0.166721235916159	0.0857996566497109	0.235459718648981	0.0907706285971178
0.366190108177857	0.241454507944162	0.470682946166291	0.525001082706414	0.546882530502151	1	0.621643500363238	0.362789769552054	0.450239909676506	0.275119454767471	0.0348047514747414	0.148722063505625	0.0756517734033055	0.194025537230109	0.433876120815587	0.304725838871586	0.227428085297022	0.217431371583818	0.357971285127153	0.346984972768484	0.33974227824314	0.0231809445407817	0.114577978578791	0.26850882718414	0.263815626948832	0.290045364598148	0.0964008210607014	0.0718598046239379	0.00991066936880652	0.0442354231490277	0.125351670402147	0.179384271724347	-0.0971203399229018	0.106411594380572	0.228105151622174	0.356319266530944	0.0833975498173796	0.135162278437089	0.191465766746835	0.0493105684077256	-0.243425533323693	0.0946270309425417	0.129944753145012	0.17832411824106	-0.0404831703007822	0.0757832327508598	0.11097860051387	0.515684855779825	0.223010250155404	0.214243380300135	0.277193701718103	0.14614024393365	0.228408397936376	0.622164026159931	0.491734858740045	0.645369754962227	0.25318540424866	0.250628041942462	0.248428603901466	0.237806427241288	0.176906406967341	0.224228670905258	0.301278587511306	0.147049074660826	0.257996558351254	0.169391705223691	0.217464576963486	0.0847177531359038	0.415488243425892	0.199846782901206	0.16583010384804	0.261525448164551	-0.133311531869484	0.255940777313642	0.233742734953168	0.2012851982074	0.0715717415579921	0.0158069578044501	0.0351435019434677	0.064567750368246	0.187738576279889	0.107601542558485	0.214574667740045	0.26482790097781	0.206709024990601	0.183626429281119	-0.00450522119907143	0.364291187330215	0.0195575084476775	0.336344538383252	0.120385811183265	0.245467070284365	0.169588290276466	0.147395100159562	0.213083747848174	0.367815971122402	0.111180458221118	0.165736262082156	0.207991528650301	0.159852186174057
0.334220470037923	0.313215204320425	0.418798324192064	0.653798678499639	0.304849936663804	0.621643500363238	1	0.126896589646378	0.283675171816729	0.255602500676086	0.0779557433219827	0.308174370947626	-0.108841371845297	0.0408476280131161	0.380766071898907	0.209403321934676	0.138106870950582	-0.0234161190260698	0.276455731248956	0.152157956114425	0.316983494889271	0.0598052918848986	0.0294996225952497	0.210709311673184	0.0320154112904746	0.356759875302871	0.0934923952725582	0.153444655203462	0.115834386155932	0.021457940896689	-0.0214676554807236	0.0932412484535549	-0.230927282731882	0.209916051666788	0.576969517973799	0.234314053792672	0.276180553887744	0.14055134320318	0.404656602733314	0.181467595984885	-0.0209253375363391	0.0265120898402196	0.27251052810384	0.363647688687875	-0.116713786042505	0.0531315792358069	0.0802335252806437	0.542266829483389	0.277062836595979	0.258695134521476	0.242222050307469	0.322006728515573	0.389660455353512	0.511431453605603	0.470420959563142	0.72687800273671	0.23564887378219	0.205617807674853	0.198387434476894	0.171186871788253	0.00547014540885254	0.252518231872235	0.259993369716476	0.122584376785097	0.233496779475945	0.373663451289413	0.220106512463928	0.0938447750626244	0.332293586514562	0.132082339079182	0.219674550491079	0.284143843851934	-0.182124098581206	-0.0274681361576515	0.271230954003554	0.204922494246484	0.0625829124965824	0.0669277178638164	0.188037235559107	0.0773171596447136	0.184663554825937	0.0526642006307177	0.0873960137648529	0.313843931385139	0.118846041934535	0.196812136947883	0.0784712268688773	0.58460790272218	0.218891933613842	0.197841860314642	0.444589488586347	0.309669651119312	0.244112236998565	0.166043006482926	0.179024138677729	0.470329695000841	0.319600467080439	0.0722869305580241	0.19012965144497	0.307791474280346
0.362107776751143	0.166273402603039	0.156055925723576	0.145592330778718	0.241321098598055	0.362789769552054	0.126896589646378	1	0.578085579013482	0.152987424543037	0.00468095421545618	0.234860899432516	0.431759032555441	0.245522139334257	0.307806270638259	0.270399702533798	0.313344979683998	0.593446600115665	0.255908784341536	0.698684448378813	0.178797389831931	-0.0688322940378553	0.167479093207266	0.276091611257161	0.570109165927923	0.132058001990812	0.0423356377797403	-0.00457568110983105	-0.130146746168796	0.0144546363444896	0.306030079979984	0.0880622278699054	0.184434165008559	0.0250122704471453	0.127740395694953	0.173224452239669	-0.0058139978334701	0.183949928481135	-0.0635030377720671	-0.0390995592866849	-0.149000842373088	0.0880840691614227	0.101390796463152	-0.108825574832582	0.198558419710117	-0.0621260657963281	0.0151068372901869	0.237188895963105	0.212387534691637	0.18756103018575	0.214999389418349	-0.114402184466844	0.0239470878940387	0.387017656058526	0.271458973929355	0.218715141055367	0.30224499213077	0.38346804910707	0.290908997713103	0.467093296510065	0.184877208671861	0.0319048427541759	0.276527215105358	0.217074209127538	0.205409983038314	0.00236254661438242	0.0973414992238411	0.219715326726399	0.232910604767365	0.413501601744848	-0.0460242413231448	0.0431212696614909	0.112000232799093	0.365350762113825	-0.096377030328227	0.0206798036661256	0.00449395578055451	-0.0904468452206289	-0.259847646662012	-0.0298618237320095	-0.120803587100698	0.172038837154548	0.135285542846244	-0.0349044297003919	0.116086894500164	-0.0914631336551064	-0.00681268463701862	0.2177865420626	-0.165337783905471	0.158497122759095	0.0409267806649269	0.089831639571248	-0.164243962752143	-0.123092543291955	-0.0797018990994602	0.082748637493234	-0.0960599372644785	-0.0512018505120292	0.093200804351479	-0.0918178118041494
0.253870055029737	0.0122854250709008	0.160003414046305	0.215413825941194	0.355852910617826	0.450239909676506	0.283675171816729	0.578085579013482	1	0.159985308850694	0.171132793967532	0.288976879120223	0.367459933512553	0.0938596764842219	0.38159391819478	0.231668267518891	0.350719216271411	0.431822108578728	0.394389001271582	0.496260672996067	0.210496876198794	0.0159348190679932	0.309858643334554	0.532600294911477	0.478993702245483	0.312855783231896	0.200787070041416	0.122601458586976	0.0767685622485859	0.00235061952434257	0.300732205511597	0.211462015858176	0.117927637032911	0.177034278658905	0.252941342542284	0.255483783653341	0.211106757250408	0.184089571742936	0.236795178215607	0.171905215266355	-0.166619501047724	0.0371941671619975	0.276249984842873	0.194649725442335	0.191549715853188	0.090623247247055	0.259793323135465	0.362937591912921	0.0855110840366332	0.343841428177863	0.125736966028237	0.0383919934907918	0.020703456483659	0.347822821162059	0.289534417132129	0.431293003457267	0.289604244311348	0.348119992546563	0.331802863871616	0.661722828580232	0.213287431724918	0.107698552026253	0.30625217532704	0.179559886273641	0.199469114861564	0.0461800796836631	0.0444832808633973	0.287157707508015	0.240642462758352	0.294481650627061	0.121030013215867	0.270948849805636	0.216766626276457	0.415310811858863	0.118497222100772	0.119320577926436	0.146565695660646	-0.0752589557438541	0.00692338752823361	0.0524240628123366	0.0114746316009853	0.151714031228608	0.136660905796574	0.154710607614456	0.234868280900121	0.120887063921753	0.106506462330485	0.379317032915834	0.129288695168809	0.289727418727143	0.209321138626945	0.172261116301546	0.187580078415617	0.0451251932351148	0.106014956694239	0.292417497188543	-0.0972244815276059	0.160698843982957	0.199703186434456	0.0473250390926445
0.223764646771181	0.228580949966366	0.319742480195119	0.278288063063171	0.315720812143371	0.275119454767471	0.255602500676086	0.152987424543037	0.159985308850694	1	0.325097156210872	0.559676171500478	-0.0861518593729623	0.0442921641746797	0.272919142563857	0.221642905288534	0.346372814913172	0.19219557695183	0.265892503577366	0.0558360113994288	0.498808322897466	0.25265693193347	0.177828244181536	0.184828849310561	0.198448400384765	0.308789222845845	0.168784458578832	-0.0621544304640179	0.076033895672321	0.208274639312416	0.0976644010086417	0.0556615740301778	-0.0687122239844933	0.109275064871788	0.201828269496824	0.336302359789203	-0.112686088316316	0.125838418319166	0.116805644967281	-0.0225978797545513	0.107149069544336	0.350064748106277	0.255948477512908	0.0835544841223775	-0.115640984336854	0.191105810463791	0.100142982088597	0.174288401232635	-0.0108440534320393	0.296510198308713	0.218718516271409	0.0992395621615489	0.202293968229247	0.297749114197325	0.150707803990176	0.395739912833828	0.294719912548273	0.337315534634691	0.231129897305479	0.0801310005014677	0.117335639870689	0.224035862153536	0.215060869316672	0.252152754444624	0.3132662273481	0.289761817523033	0.0845328197391785	0.225863084746232	0.248199956030422	0.0850765260174645	0.233432604237968	0.407568244260547	-0.0254166879280315	0.202931564344702	0.206753793214418	0.250692790672259	0.0541177328886681	0.312494792185569	0.0858075514211043	0.10792032674577	0.119733161495612	0.140501930287319	0.0811675209096519	0.216868683688982	0.194946410813328	0.157816875646918	-0.0774608008419148	0.263823133712906	0.0076352523936541	0.10885575722425	0.16843782115922	0.186712972270044	0.183443292856017	0.210445723621289	0.330934470078646	0.205170320805904	0.125723593137939	0.0211065071508012	0.141788186984194	0.0373806043656928
0.0243403792676289	0.0522127502338431	-0.0281935935502159	0.349951565129535	0.208975372987293	0.0348047514747414	0.0779557433219827	0.00468095421545618	0.171132793967532	0.325097156210872	1	0.34202924523132	0.0598190860848443	0.0251717247910738	0.293152583445724	0.0619963889609948	0.230518022063472	-0.0390378687656887	0.0243473476245236	0.0766604691815016	0.204557074818194	0.179228504890661	0.210166570878661	0.116258643173046	-0.0101982254443634	0.14578049243068	0.147395810911815	0.0793619617789986	0.0865023133978385	0.0131120754768996	0.111560209646387	0.0813068999000682	0.0269961876005816	0.197581063231671	0.0353376777011594	-0.103032408545977	0.143980266654608	-0.000837786817335181	0.22755962439873	0.182375532622516	0.0681787330074798	0.193234801644621	0.0250296558361861	0.172106262275934	-0.0619571919759094	0.232476614489679	0.195334601705008	0.00848388435238736	0.0930480860326157	0.252240098996863	0.0958824170426176	-0.195550461689583	0.160855553077035	-0.0656428444141594	0.168486728892741	0.171451944499207	0.360588246608415	0.261149545780738	0.13310309323244	0.147523962839458	0.228141321539781	0.127552397402529	0.113752766335475	0.0671792157481483	0.0249823866221246	0.0161821209793073	0.0361828727979193	0.118088625580041	0.0273516724820863	0.125316605128598	0.0561559732631618	0.263263888718755	0.195960605185824	0.0660640712043624	-0.0680000449968858	0.159223946054478	0.0363234594984604	0.0505375579685107	0.138280462850664	-0.0215599016523796	0.0105756216361825	-0.111944264297209	0.0416903396021004	-0.0242643035401309	0.140438470853953	0.0720890645006472	0.131705331952703	0.152484384133071	-0.00954770031306944	0.0159717382417529	0.23624869658187	0.0697253484744731	0.127672659735115	-0.0533010672444298	0.0828692569198887	0.234964522721153	0.0694138467193592	0.116348984663613	0.123018782600292	-0.0228394410735699
0.417705075854232	0.305788524884671	0.282604789739192	0.234221245935635	0.176516132619924	0.148722063505625	0.308174370947626	0.234860899432516	0.288976879120223	0.559676171500478	0.34202924523132	1	0.120918535501831	0.280164550416784	0.363328406540006	0.244327077965768	0.402521667578905	0.201589610030275	0.247082061775102	0.138221418407915	0.523996749672024	0.0821495943232169	0.26399200127842	0.260219779417765	0.22410790241234	0.428862734191458	0.287772166259469	0.178899205173217	0.00741970025749721	0.128897701415054	0.240672173744891	0.251595794896929	0.10154952008497	0.358218744908539	0.275965571340722	0.205649327172458	0.107923944156529	0.270192854758613	0.127616709966055	0.0353177373178953	0.0302031110888704	0.142831343463894	0.321355967540539	0.296417899644198	0.0458613316071607	0.256404237553452	0.249569396601832	0.172697854521813	0.0656053167505469	0.261759616636879	0.297048187779517	0.122314004530895	0.21953409345914	0.31814589048173	0.199684349359258	0.280318516771863	0.31063716413007	0.333921012868936	0.327461314792032	0.150641048282984	0.134006853493218	0.261065834626969	0.333130115035665	0.283946660340897	0.302691928827941	0.125222477998222	0.0746760070190277	0.291186515524018	0.251339548893888	0.197728588972647	0.0758392652048157	0.301116233163298	0.0511767529105144	0.0318698485685517	0.0654553941736201	0.181296123334219	0.186261967018265	0.17229648825972	0.239752380484236	0.0306312175075095	0.0253273314951962	0.112810906916779	0.182219345774644	0.091545209544359	0.149606545444422	0.198980731613996	-0.0804864383453989	0.298943623768019	0.0891041466587876	0.114464844464448	0.141734888874813	0.130584969626418	0.237703833749639	-0.061664115329706	0.120072353261762	0.0647737010440811	0.219110434629804	0.183151161281582	0.226962095673593	0.0137637315754751
0.181325002699586	0.0253801247033255	-0.0333861614109128	-0.0835358284479266	-0.0754326045373316	0.0756517734033055	-0.108841371845297	0.431759032555441	0.367459933512553	-0.0861518593729623	0.0598190860848443	0.120918535501831	1	0.0739891085411552	0.00830861038336577	0.221748374749231	0.397040864911872	0.37737575618259	0.071477744409709	0.357771742520869	0.0799619452309846	-0.154678843723507	0.235982498073997	0.322766436856608	0.156492621460641	0.128155698070287	0.225821807521448	-0.0986993988004283	-0.101160664176026	-0.205896855684388	0.370988866166902	0.24373401478071	0.374249121242797	0.197629529350287	0.152020145800648	0.0675495942200564	0.168114679218814	0.105266353203176	-0.0872082518112558	-0.038196060157793	-0.0797295122511845	0.110883608671216	0.147938022382423	0.0536567098568236	0.346488726500341	0.143481278819231	0.155314736264225	0.0726996470065978	0.0616617646321272	0.165362996895509	-0.025786007464246	-0.125113779770469	-0.146607890644371	0.0146725940003317	0.0245657210724486	-0.138144131694779	0.219029053986625	0.252234820022675	0.0127403093903952	0.233626379697356	0.119214698930906	0.0309951578668794	0.199569016894432	0.209399235438436	-0.00996425798299094	-0.133900892623516	0.13151618338221	0.282546132237301	0.0431688281592545	0.257235537720275	0.152803130763295	0.075890848075734	0.207677043358152	0.123705332144993	0.0257638360702271	0.135906326883768	0.252518959646939	-0.168718676285517	0.0410142638453365	0.121205935683677	0.0395065089399434	0.198879630707876	0.197604198691598	0.0690832711330685	0.250784802820702	0.0885711862925574	0.0454927469638774	0.0332550751997189	0.0803757762203336	0.230795919749216	-0.0226996112967485	-0.00941555564915029	0.0971197467838217	0.027981375760296	0.0365185570392899	0.00372865474396605	-0.0479457545523677	0.108374612739453	0.153194514766416	-0.0737342161649148
0.653813476192894	0.565452615033324	0.465024844163321	0.316084127944956	0.241098020548252	0.194025537230109	0.0408476280131161	0.245522139334257	0.0938596764842219	0.0442921641746797	0.0251717247910738	0.280164550416784	0.0739891085411552	1	0.374406923487077	0.577024178125361	0.139271051626046	0.251054905034096	0.327904973482613	0.34773096217893	0.157489989476555	0.0509987971487726	0.184230887492797	0.122960568365398	0.10399534270946	0.152105507456397	0.262646895544638	0.212298427734935	0.127207801001231	0.493979583769722	0.498592420453234	0.388706891422636	0.23438196469577	0.348096064902157	0.0405299871089542	0.406068063609536	0.0201377625298174	0.297426527798402	-0.0630635302671758	0.080742519842978	0.0650790903629922	0.313628704021105	0.256988614847407	0.286448098765773	0.284942938412616	0.0717127816243878	0.153020340210676	0.0336959733553217	0.21913179573735	0.281833511086576	0.519938459326284	0.348210370985783	0.207750524030214	0.258427757870938	0.114631734827161	0.174345014997919	0.155769399868452	0.272327048952555	0.318499280074653	0.1049213512826	0.387949565485419	0.157421285695672	0.349845834177453	0.129222951648804	0.319051399153208	0.0933121739510637	0.424215718877071	0.209466589378633	0.396439971806047	0.202129603916191	-0.125479718700631	0.141268378035912	0.0978400560458148	0.0728079231178234	0.0758883826626899	0.267461481411249	0.381123585784896	0.263060634768438	0.30932218321651	0.273595822145952	0.217491987599747	0.247683514940637	0.197808585787271	0.187680096357555	0.151749512549204	0.292028559411469	-0.0354378530983942	0.204517181656906	0.00563671548131637	0.265705041796277	-0.196604188784657	0.013519133082835	0.227010547424516	0.067122358023825	-0.0482191234677901	-0.0127854832800977	0.414008512470616	0.209405571295102	0.262295209431309	0.165908699156229
0.401139059327272	0.415546551534578	0.359927824250621	0.536067511033243	0.352024910257727	0.433876120815587	0.380766071898907	0.307806270638259	0.38159391819478	0.272919142563857	0.293152583445724	0.363328406540006	0.00830861038336577	0.374406923487077	1	0.403870227360841	0.20746887158658	0.133458046073067	0.43908943805252	0.300453348384559	0.226640344924456	-0.038868594080916	-0.00473143569611919	0.248866705809298	0.30197666465876	0.222144306301641	0.0467838441193662	0.214662884220251	0.315124347022303	0.212096171451707	0.269943422017262	0.16567913718334	-0.0189987199109348	0.382412795351378	0.385445105865159	0.323920144119774	0.0620011386866311	0.332975252055114	0.323799864866999	0.122811328443615	0.0435005756335887	0.274397677418036	0.434305209007097	0.140469665026927	0.0938961837493051	0.045634973572159	0.299448843233782	0.327259024279956	0.11330217679788	0.508148848928772	0.321554530852392	0.242584782102833	0.411730272123818	0.342221773003604	0.291385929269451	0.496424408038644	0.278511840099914	0.442406428655447	0.30300908333169	0.214250422590918	0.26277033632299	0.123690619233324	0.39527578468846	0.212340597190477	0.430536552341268	0.366424366173938	0.255667862912412	0.133262743756597	0.349308186411603	0.235580277040495	-0.0587654120923321	0.236616939014502	-0.015593734474287	0.242180894634789	0.227371561374509	0.189726741701859	0.0151492612219531	0.200785064243918	0.308587737009726	0.171132083017547	0.187612922158689	0.0843448114952934	0.22658210747976	0.311588877790182	0.128124217872631	0.274988889554963	0.0399533348205743	0.352303906223611	0.238215657328482	0.226540896066958	0.217845612090387	0.151673560402751	0.181773839437698	-0.0260970258846135	0.307054813225305	0.269084888018756	0.242586847971405	0.165572021345895	0.209705066503935	0.161378962641871
0.550283826888415	0.565504235434817	0.390341652266687	0.537607256233769	0.326179756917943	0.304725838871586	0.209403321934676	0.270399702533798	0.231668267518891	0.221642905288534	0.0619963889609948	0.244327077965768	0.221748374749231	0.577024178125361	0.403870227360841	1	0.308783674191802	0.414949993983025	0.548992786548989	0.446975154658424	0.185456539760255	0.116579336863313	0.357038471192898	0.164911643808905	0.207376256498791	0.231465882435554	0.281719689017805	-0.0400779486414291	0.100783365518242	0.313053429847175	0.793851645716087	0.565244618595356	0.315841753310146	0.305985724618613	0.201993160718483	0.601751455336729	-0.045342869740006	0.389912081222064	-0.146643627920884	-0.0502509128733585	-0.0525852280430523	0.355505425517652	0.401898184768956	0.342891271659475	0.456799230405486	0.149928789058074	0.152547220255835	-0.00486603013406745	0.158352683038174	0.341979881561435	0.476799185441971	0.451241679852642	0.398712018186735	0.268192457291023	0.136732007713505	0.182150898659857	0.17642122710206	0.394831671662273	0.537723785868731	0.33742108538088	0.20333533034919	0.272725432491062	0.238382016296721	0.21511322239309	0.441552566112933	0.284004088728146	0.708377808106058	0.35513975379331	0.611015972109501	0.367159711402456	-0.0652897193118414	0.256114820862795	0.161440733070821	0.153467370766216	0.27326444773952	0.51074612408812	0.377895629099919	0.118798773505611	0.251050650585603	0.616603155360026	0.514827733492147	0.512616240592131	0.245931426586104	0.385890035256174	0.503376583843869	0.522931519196022	0.00323861868661683	0.305340904731838	0.0999936934731869	0.566969501540683	-0.0390797616894529	0.0416962828830752	0.291068558384046	0.153081906348318	0.163918291581146	0.152115545029323	0.262738534094991	0.0982195687675724	0.333065900553674	0.131434286534817
0.291568700557455	0.260039865496481	0.266444903856993	0.132622470911622	0.370538227144001	0.227428085297022	0.138106870950582	0.313344979683998	0.350719216271411	0.346372814913172	0.230518022063472	0.402521667578905	0.397040864911872	0.139271051626047	0.20746887158658	0.308783674191802	1	0.453224032256566	0.159841846411021	0.19335376779494	0.50183971993627	0.120765264750297	0.273745764833341	0.400431887464239	0.200285194311198	0.134452215743704	0.233577133941833	0.112981673573303	-0.0411779058650045	0.0645439383472645	0.38025734755759	0.228357160004413	0.286498893976961	0.197080668669869	0.250024287760856	0.128838136447397	0.0657770751219368	0.0591331105507028	0.0507029394323111	0.0657326635097035	-0.24173371404691	0.148201104272142	0.232287453596072	0.06735007809541	0.100996700406347	0.259840049220228	0.268484664087396	0.162663417414108	0.170813522243823	0.208618058706124	0.122166899616204	0.124121756379399	0.150785977786232	0.267233124683656	0.140314439865789	0.0976837587242647	0.23029505988541	0.390749708671685	0.233296830301361	0.325397081654885	0.209692137624094	0.250768622785109	0.30751052661556	0.371793317042504	0.132961021213915	-0.00630291439548696	0.0851066794477246	0.305459253672325	0.0571023355735821	0.256543025214836	0.191759871208198	0.415278348127719	0.190632958465115	0.110167053534357	0.17521738270608	0.16387497506714	0.0968246045043222	-0.0708908544362979	0.0355668288839855	0.0218433734802692	0.179008748294575	0.339018751950949	0.255774613524989	0.122086991199518	0.257629016705567	0.169461674426901	0.00857045969497895	0.235104210500258	0.0424951007090971	0.238614514987113	0.0485992345035877	0.069626306877058	0.218791188847411	0.0846653754668661	0.233244157868602	0.111032424144278	0.087605603473017	0.0218892792150475	0.182944619253766	0.0287385422344834
0.391598704440076	0.176308967804937	0.168889140048569	0.020231547915328	0.302780916278712	0.217431371583818	-0.0234161190260698	0.593446600115665	0.431822108578728	0.19219557695183	-0.0390378687656887	0.201589610030275	0.37737575618259	0.251054905034096	0.133458046073067	0.414949993983025	0.453224032256566	1	0.327061655756418	0.384176655583936	0.288702349813692	0.0182570379035114	0.362149114436111	0.461356144206711	0.286412853196226	0.170450474711902	0.290469707305767	-0.0455530523599532	-0.200164313250448	0.157288113802241	0.534321640763712	0.273562460558338	0.310719800281378	-0.0111228108651073	0.0353698997532694	0.262049652874407	0.0542558702089568	0.0418606688561191	-0.182457793356107	-0.00238726073420287	-0.142380785505681	0.0463597726978337	0.106972530930752	0.0567965421524492	0.213883581537049	0.172202456896875	0.125339891077406	-0.0144484569832909	0.148554556233992	0.146730206084609	0.132701039740682	0.112052285314094	-0.0386367012103023	0.338255339233069	0.1302419753597	0.0770699565482335	0.277285002771569	0.409020250054891	0.355570025786067	0.435992972297624	0.138985983963554	0.12179448676622	0.0404892865936716	0.246985161813892	0.0996645038925128	-0.0524133817265034	0.126289441714557	0.278372563165936	0.290427004242518	0.293696061907315	0.059044982892863	0.0850361670291483	0.358696277340502	0.202419742155183	0.0914777480582561	0.201738428711134	0.213334605456825	-0.0891172464392437	-0.258893069300506	0.143289025333492	0.0785888809375597	0.46852608697502	0.0603950640011035	-0.00805924495248044	0.189107845397038	0.0254094838914624	0.0630106160331597	0.134614007225776	-0.128107449729303	0.137135770330577	-0.0390951327781628	0.143913500016444	0.0766055547490108	-0.0315188853725753	-0.0346161025809378	-0.0443719838653643	0.0192896365645599	-0.040468942794173	0.089262972595404	-0.0869531001946313
0.473346553952241	0.350001210828855	0.406259824241775	0.311023844875308	0.38979250440273	0.357971285127153	0.276455731248956	0.255908784341536	0.394389001271582	0.265892503577366	0.0243473476245236	0.247082061775102	0.071477744409709	0.327904973482613	0.43908943805252	0.548992786548989	0.159841846411021	0.327061655756418	1	0.194200419433288	0.354107001425929	0.277860355980863	0.307174988489537	0.307355270793461	0.266121470796356	0.375181013187256	0.243797424202595	0.211339218880205	0.297639645173988	0.24388355860167	0.375436422107026	0.284481925052668	0.00122894711854744	0.170414192959358	0.265352031699033	0.645940670446407	-0.0809040462124982	0.208502761795688	0.168839425365002	0.0915553371658277	-0.0972289464962126	0.107311697884067	0.277297440709398	0.237522966942804	-0.0251265435842595	0.0586157604036115	0.179115834879244	0.240325845359359	0.164647546398225	0.369257099797425	0.282920028232861	0.338056111463489	0.200199924436373	0.323141404770019	0.277812592574491	0.337535799958646	0.308998635190799	0.357712816825933	0.631528291427547	0.396941300330071	0.175905989837018	0.425470103171498	0.22282772070674	0.128853688553525	0.402180810646179	0.147099679661113	0.247545890370613	0.394207882527917	0.613325212180612	0.252567856062425	-0.0121081493799575	0.350771046160845	0.0428137582352833	0.373875392686434	0.322870458375531	0.199876509907133	0.24983405938189	0.265940857941596	0.112879482974143	0.263143166714922	0.273263832732454	0.361072735580954	0.240168673895109	0.171833522872362	0.209414057892805	0.177550290492294	0.174733174950113	0.29918855973292	-0.0175857703010576	0.303104512729189	0.157383937011277	0.279067719442825	0.283318365084509	0.242367125224873	0.362388577901233	0.243767326439544	0.22456070022069	0.172485978172133	0.332468334523605	0.136626356968823
0.337969473502202	0.181183982804147	0.14019254231996	0.284920963056283	0.195803885052446	0.346984972768484	0.152157956114425	0.698684448378813	0.496260672996067	0.0558360113994288	0.0766604691815016	0.138221418407915	0.357771742520869	0.34773096217893	0.300453348384559	0.446975154658424	0.19335376779494	0.384176655583936	0.194200419433288	1	0.077585823997409	0.04230113067207	0.264887060724992	0.108436973656629	0.579521882140661	0.264648205396328	0.242931959298722	-0.0388994030579135	-0.0394425384651618	0.0588414267005848	0.414607745817482	0.252248894877532	0.247421901787504	0.133521983274515	0.179581263111324	0.257006803698143	0.0890151638419901	0.489281165349639	-0.046477247403123	0.0375050285090154	0.0569323315497835	0.316633089321167	0.182879924138444	0.195418815300914	0.447638684279047	0.0670370322251408	-0.0562487550296573	0.0738411435796397	0.0409325684177438	0.286349540087744	0.288411138943894	0.00958343710452607	0.156464213064607	0.335945776470163	0.229219304440931	0.197451891942237	0.200641616444478	0.285369527713946	0.204330017725389	0.350967795256714	0.289219721832812	0.0948358866766242	0.247385968574294	0.136961137616273	0.300930121036687	0.123003095535216	0.358718201493374	0.225354078554161	0.373786437465921	0.484175506409978	0.115342282124493	0.170315027013893	0.11028733370589	0.324117558214287	0.0610901202263389	0.381133732733882	0.193367953952907	-0.0740540064034404	-0.00985925822762841	0.25213510374606	0.121384551325115	0.224346405975793	0.223335480784756	0.192016197342783	0.388980867880374	0.227003412012124	0.0391238635972709	0.306521554854115	0.0794271663225504	0.507821006070901	0.0896498371838266	0.0531099259588113	0.127388423629699	0.0623922835085507	-0.0378364429125008	0.183865471811912	-0.0517365954218524	0.156346361869933	0.141997475630659	0.126536982442512
0.240098152111898	0.271660358323365	0.360658784799854	0.260669949810841	0.342575284188401	0.33974227824314	0.316983494889271	0.178797389831931	0.210496876198794	0.498808322897466	0.204557074818193	0.523996749672024	0.0799619452309846	0.157489989476555	0.226640344924456	0.185456539760255	0.50183971993627	0.288702349813692	0.354107001425929	0.077585823997409	1	0.323032843541947	0.342032176250477	0.347701452336018	0.187144630881557	0.409907889075318	0.278740602620139	0.109501578346547	-4.09807296018446e-05	0.136923002029778	0.233286774764109	0.341018205369909	0.149908392395858	0.192018070697871	0.30297135079913	0.161349061074398	0.180458407497947	0.208581037838486	0.182327549459878	0.0293276235554791	-0.18313685471225	0.0882487231861333	0.287138967190781	0.241628417112524	-0.0210162304606914	0.302379059820721	0.390428091840274	0.252729785095487	0.121225855414306	0.309318065935014	0.269155076141557	0.178025639735651	0.25795202061783	0.445108547569448	0.278358553554159	0.289270564119365	0.383468759625579	0.491424064219161	0.36665904778108	0.233057101065857	0.244766899525592	0.37498749131069	0.22473837358293	0.301716553050824	0.26170672763148	0.0650703873520835	-0.00891793630716938	0.429729608025042	0.292442715972166	0.20571351052452	0.246858633387954	0.541273824590226	0.086471426848629	0.145983762332254	0.435979377578678	0.241123668971443	0.140571047157915	0.156399154273727	0.0288632015458319	0.0647988998292073	0.26101244652799	0.337995239237979	0.150971255586124	0.0576219167641781	0.240288731779456	0.236425692441927	0.138991674280705	0.334895150214212	0.0315144827434586	0.13229358845115	0.128248857411984	0.166544809548022	0.358692031693886	0.129297970445354	0.440742997163029	0.220275558888749	0.0738097115243687	0.0596666258902881	0.287983919365796	0.101463249537228
0.0768854123115428	0.162764825342398	0.165388669012246	0.190518119496387	0.19979356683029	0.0231809445407817	0.0598052918848985	-0.0688322940378553	0.0159348190679932	0.25265693193347	0.179228504890662	0.0821495943232169	-0.154678843723507	0.0509987971487726	-0.038868594080916	0.116579336863313	0.120765264750297	0.0182570379035114	0.277860355980863	0.04230113067207	0.323032843541947	1	0.535982682711924	-0.0328937090180256	0.0795949405574941	0.236545480103779	0.392890475641285	0.092771684612909	0.224405594362588	0.229173258691826	0.0659888912934837	0.210734076339954	0.167139761051378	-0.0153969689678935	0.0658193861931027	0.185253518419912	0.129063692567216	0.119771291121559	0.0879171483262121	0.20230933917606	-0.0157212804539077	0.0744548562681594	0.0408316384712978	0.191152751948621	-0.193805984536246	0.379197964777342	0.170747091020017	-0.00376184995675024	-0.116189458535006	0.128030874697546	0.179395421442206	-0.0227137590343301	0.199863322933116	-0.0196876715915039	0.155584489296359	0.0823369944141787	0.151613567766456	0.106918036448936	0.122104873056477	0.005393153255956	0.234393931690864	0.413645354819833	-0.0138011641762269	-0.14501661142993	0.227191572760417	0.121186260784304	-0.0404423361534283	0.274232050949918	0.0994444645673012	0.146949155653563	0.291227089957129	0.422890675334934	0.0510941191362556	0.165946314963271	0.162354822067916	0.363512849024651	0.213286047626799	0.0509337543354629	0.0153648983208448	0.0619387726291122	0.150579304709014	0.120725230336014	0.247004486710237	-0.00481104401049874	0.167803966374009	0.0454973363583319	0.184339307999286	0.0904651567414966	0.041697943580783	0.151625198542647	0.162012485750517	0.204912570774684	0.337152800752009	0.224392894524934	0.243188565578609	0.237208629711575	0.0370372670680999	0.28653158698683	0.0850863996633706	0.317340001775457
