1	0.774634761198743	0.775505563215189	0.54706673399906	0.46483606186301	0.572465151642803	0.512033102180761	0.00695651226534725	0.0770180084674518	0.221684874115156	0.181536041176571	0.193318255547879	0.0222963890781404	0.455088863921821	0.259416576935304	0.29742266835104	-0.091079319378203	-0.132632536141696	0.186856605364057	-0.0615881817029125	0.0431690830264829	0.319020724766297	0.0520189421556604	0.217052985406058	0.085403327539457	0.105823101588851	0.214965574510669	0.226446479423312	0.406288040668094	0.338987965257145	0.031657424248208	0.0320471735819781	0.10083387379886	0.452744131209436	0.551403445853058	0.26285967050134	0.428886343313981	0.00677718875689547	0.342074958395089	0.500649756286376	0.426209908630064	0.447079267747495	0.323476962344889	0.206667646481899	-0.0338937724315924	0.230427414216113	0.219394872403524	0.426622384520258	0.00958834257765438	0.467893270924607	0.586100395077613	0.667217972079447	0.363123795896901	0.539562242838232	0.377932303196419	0.45011658132215	0.363079577031871	0.174808125445485	0.147838741841468	0.0948220857707871	0.284364572943272	0.0916930999397325	-0.0424407929900635	0.0811837901073127	0.521345418184246	0.35502331830267	0.262709004385547	0.197338470255555	0.12926947069249	0.111055295691522	0.0325855064937533	0.0685103647883039	0.374525765221578	0.101781982840179	0.062542765506444	0.00888082685822624	0.146873197225296	0.240385808193097	0.180278625790672	0.225415692461209	0.0231514508578583	-0.0482670299835684	0.499132117143909	0.305939188241294	0.00995270851555559	0.332415838453802	0.292671419460357	0.267112243122357	0.392090807372429	0.0240280497849718	0.20229175702244	0.409135989031246	0.278648850643698	0.303634308143573	0.0641350509151914	0.223800490720828	0.469265261662801	0.328348423034463	0.499309901751089	0.358656566052929
0.774634761198743	1	0.80267157399641	0.713502290613438	0.346745835385732	0.568910515000398	0.622222358284466	0.0592086806773335	0.151846442320795	0.316293329738371	0.20036619256256	0.263586100451564	0.104859895472466	0.514086686232988	0.41032020954563	0.388876742859929	0.0310320725215764	-0.108872935962514	0.253942481561693	0.0611910402552891	0.222920359172117	0.389946895776357	0.168664281096944	0.2243150933616	0.15414310558602	0.252063054040988	0.313750533253773	0.223832492651043	0.383482938365077	0.454354744011109	0.120871454856763	0.142471850099917	0.0971130792865744	0.473638087113867	0.61419564187312	0.269257861079363	0.418051706969648	0.0602285490098244	0.391765684624211	0.514484330285537	0.511519401147057	0.483110000500172	0.403797858208277	0.286070069957797	-0.00193973456980965	0.332369220633743	0.356285819311571	0.415655329064449	0.0132866619535226	0.462116274113637	0.618132182128748	0.764555170180707	0.587153736763985	0.582211444429578	0.393127302688574	0.57023031703733	0.289823591181347	0.221673343527748	0.169122565579046	0.212983351949824	0.411665239775149	0.0839172567750781	0.172906084836658	0.0651376167593141	0.605110218493778	0.484399062899743	0.359621861298384	0.188188449667675	0.164512145716161	0.172660703358524	0.140722876253848	0.208786129429886	0.267353345149868	0.205453073195292	0.051106489065057	0.115428622554737	0.224887759142533	0.256021953411624	0.147183140389733	0.215311962510584	0.120517795307234	0.0561370086378631	0.568950484375435	0.331792894080334	0.075572612910663	0.332721020325849	0.208768365267447	0.328956819982761	0.504153229290985	0.0407773322694048	0.259927134034497	0.502344852475573	0.378871485848422	0.434663382627553	0.227856637048408	0.284113878378631	0.385354720152745	0.39073604963541	0.562297272781366	0.423968119954715
0.775505563215189	0.80267157399641	1	0.697001776059758	0.500277343830873	0.52211440074875	0.619383282320564	0.0255736821455906	0.14426371370519	0.105215147284429	0.158361575051854	0.164436971687601	0.0802917225092846	0.353762781328136	0.29266035453434	0.406413467789783	-0.10038667087373	-0.196855733904701	0.233232656131209	0.0117043167928256	0.0986201780902714	0.283849974126018	0.173028493143378	0.257360911378056	0.13685273086844	0.19139863669775	0.247669039922953	0.202765290977624	0.377168610265616	0.46752384409247	0.0830406877823488	0.143386920788754	0.226351263336069	0.510020923059435	0.666957652709905	0.359950211083851	0.437366504002171	0.105260859393756	0.426251950786179	0.491251230967624	0.442726354618287	0.451860485719425	0.408061104154242	0.320264480857872	0.0220084942587104	0.274488915099325	0.368377134860795	0.358774836276026	0.1173457443083	0.374728640312786	0.612169680861581	0.82885774810684	0.434681901579795	0.540712136366837	0.445834232927554	0.620327694538877	0.276066623012014	0.223779124075997	0.226384387104481	0.179587192408547	0.232718696321565	0.0842495321285409	0.127109089611506	0.0512749220653447	0.550690195128043	0.386735449671253	0.377885384490356	0.173752675058022	0.212322402219274	0.137999180793551	0.025755667343082	0.108575806370474	0.337644854399147	0.14012674895825	0.0890317059553997	0.153516050591538	0.232128638170583	0.233859962057995	0.143962814176994	0.243069604946022	0.115923671584626	0.0773005795029729	0.598027262999287	0.385972086852854	0.115914585293348	0.351938439256685	0.341816660893451	0.384131151358395	0.439944373251327	0.128083103160666	0.305855789464527	0.399747612330495	0.414018251301882	0.342461722091491	0.236758303381867	0.209703263841386	0.325583616872702	0.306470967440177	0.419977255023265	0.303822910857295
0.54706673399906	0.713502290613438	0.697001776059758	1	0.382308928767192	0.653531390950724	0.821214218045624	0.194490868480838	0.283360834383379	0.340865203883748	0.232947964331307	0.418604046700615	0.244977797042344	0.421706144168641	0.687586434004986	0.566201141004878	0.105359109237046	-0.0478252232270622	0.240441790220191	0.182528197082755	0.351771118209515	0.409686643144584	0.324646972983808	0.413076468815001	0.296792436873504	0.387356512635269	0.418856655021169	0.199546685133337	0.433260736592719	0.502438944721709	0.276125172230191	0.350760955165473	0.26534732446847	0.552989514563865	0.72641160742142	0.442696615920171	0.467398572490345	0.24983446882819	0.555477320274815	0.533510959080967	0.406258449316973	0.478362944566837	0.564610499242897	0.472937734217357	0.168217092542589	0.434575129559927	0.56404743014541	0.445472930326051	0.0752872957284927	0.561634891757633	0.532413102234366	0.662785949424349	0.743968511776104	0.684765924933214	0.516612118009429	0.785844811554739	0.323254956481174	0.23123022374517	0.230501849026844	0.275374371391496	0.391949613254632	0.176338654682	0.453915762996502	0.223885569940168	0.506824063035256	0.584840965540775	0.54966484767877	0.240955531983028	0.251253607239861	0.219320032372084	0.16700378878014	0.401954819389087	0.335187777168526	0.297522292054731	0.131168628983699	0.37914604398817	0.424153702989974	0.296943771559481	0.075431073365932	0.30351389158874	0.317048401864992	0.315089818751287	0.536044774664167	0.386573310071698	0.248774073612235	0.4029111213658	0.306010646124658	0.583662512548891	0.526543969519312	0.269974238649528	0.530785320643135	0.565342943438298	0.537557506097881	0.534710367254957	0.52307121783002	0.357539135288605	0.250163609320966	0.384240077620816	0.423087386035132	0.424011402086812
0.46483606186301	0.346745835385732	0.500277343830873	0.382308928767192	1	0.620076526552963	0.325186801568563	0.14034889413946	0.0420983007688986	0.142314654029873	0.353031955869933	0.239787580611524	0.241034379042715	0.297190740511284	0.197010731191057	0.169430485576679	0.0101964785946831	0.103073106988735	0.0756612407623175	0.0789606200595936	-0.00753115473058289	0.338442041614913	0.207871761401129	0.229721532664289	0.101944221017928	0.131535577764566	0.0888498246422592	0.282734038537576	0.39956162227607	0.220503012500266	-0.0024454572629574	0.0787393113642191	0.321171152044725	0.466330622758055	0.451367776377856	0.197994588308797	0.492150614704872	0.0634675234409373	0.403465356092191	0.371130069006816	0.398633782359741	0.41225244905581	0.294741712585938	0.186245276093285	0.124468388987245	0.2774289035071	0.284007301333621	0.460698441228404	0.512150107687824	0.125811077142739	0.531635414116899	0.400757400791224	0.162463603309028	0.343373958048392	0.644669281033363	0.332691367722408	0.270042357496475	0.218885229273354	0.0491941857909635	0.0346946792866615	0.241886276139324	0.35343698930673	0.0961468757415143	0.257080258762883	0.222711497233542	0.183709650360709	0.115664903944809	0.241478636563845	-0.0237449079972117	0.104610680783482	0.0368896931745579	0.267106160110556	0.259586346947047	0.104582322672271	0.042201258731303	0.0995976107611387	0.148047340471735	0.309952371011127	0.334786479908974	0.0967556534642291	0.00465279941634992	0.176716426429177	0.384741914552666	0.285813646367081	0.110164078804631	0.151720390557084	0.451625074499424	0.141417332532611	0.185753603279455	0.178952637679882	0.254967191847029	0.289482960820836	0.219126837222267	0.274191161381857	0.190597257730895	0.349015618062048	0.379330579922193	0.305121600907392	0.25213293161716	0.078523002389264
0.572465151642803	0.568910515000398	0.52211440074875	0.653531390950724	0.620076526552963	1	0.672171172078314	0.136892987070546	0.171750318419249	0.374432168647856	0.444857377608236	0.500219538484999	0.357548161894422	0.475158198957068	0.580029691059171	0.338389572068772	0.153573265672657	-0.00782836382070483	0.0479839607386392	0.162707253861635	0.212725451192149	0.502182114142079	0.349805495633747	0.345459855805513	0.226954122484422	0.380300733849364	0.319691865810846	0.327568615208538	0.517687124081696	0.364644782474779	0.0710595304563735	0.221088789712494	0.26353927185502	0.627576548441818	0.630801510851908	0.234708858541646	0.639639502318605	0.247089830679646	0.657919026707964	0.654797112620345	0.527882736140154	0.518512001994288	0.507160975983005	0.422053527114256	0.196959457377979	0.350198995685877	0.413359057689704	0.766282588287177	0.325505693236967	0.494832716760724	0.563451679555974	0.446934263058334	0.445256993991231	0.766257171618216	0.777079192963689	0.51702228614248	0.279266745201985	0.152449390037836	0.103508304121597	0.12272484740945	0.448354990558373	0.428421901742016	0.348356223815236	0.160861904225207	0.311592470422154	0.543577866552705	0.206906038622765	0.165278992156253	0.0169144477085929	0.157018207287788	0.128781246921462	0.389656201201303	0.397530376413601	0.221173266386801	-0.0601655138087599	0.18469968917137	0.327503062992826	0.352615484849595	0.32091491007514	0.0656896218581515	0.0313138345399655	0.175273767801644	0.440260336601616	0.275174819729086	0.12949095523867	0.256354821319454	0.533757876720507	0.363667540106551	0.355954476410909	0.229977317372965	0.528946829054469	0.545732204320054	0.385374608754529	0.434944074249547	0.368705962176559	0.622258679895251	0.4466760873848	0.375922603552812	0.47217510942698	0.304348877469978
0.512033102180761	0.622222358284466	0.619383282320564	0.821214218045624	0.325186801568563	0.672171172078314	1	0.240196256827071	0.321031779184901	0.347400460320719	0.295253531861826	0.43943742773135	0.357416634281582	0.348043118951047	0.616184232353003	0.574202662343763	0.141302867881837	0.0206428436245362	0.265712599206903	0.225629228263372	0.376093818328701	0.35207310512699	0.273631914435364	0.417772144999741	0.247207477317395	0.371831720559592	0.346381844962217	0.112518255046309	0.453417151356178	0.456026629577763	0.273988087650137	0.267001180442059	0.156634536350112	0.476319375400709	0.828660652069576	0.44317995023284	0.486607645519964	0.206899642662881	0.636559420428717	0.596100562550119	0.357805824866444	0.513097363448436	0.63804221204225	0.4179503264911	0.13703486362611	0.279408961907079	0.508587118554478	0.494829394786417	0.0348629310923368	0.503194845075604	0.448952090869727	0.59268996221792	0.651668284602901	0.680696700790571	0.544653851877019	0.862814266565893	0.357918637093395	0.253759260901028	0.307304650638395	0.300564239436708	0.416014996895204	0.237646022333893	0.512586742362246	0.190451774729728	0.462544378004914	0.514206917049064	0.506211720052526	0.297388260217477	0.244568437327704	0.247329788608445	0.221340387964985	0.316634334650272	0.30626996016344	0.172609888642714	0.142811149995696	0.32895463339324	0.349320299484944	0.136355409058952	0.147822603269838	0.324127531087023	0.233761884252082	0.202893246091565	0.507706814459231	0.405256259464317	0.242985626178026	0.26973475937479	0.275763718925752	0.607011835005843	0.555234684105236	0.179775615714005	0.603397889644467	0.521666583281283	0.494392319709486	0.410900519760659	0.494156334565221	0.407385276743989	0.218892163269425	0.312590739365761	0.47880121468058	0.463768820209226
0.00695651226534725	0.0592086806773335	0.0255736821455906	0.194490868480838	0.14034889413946	0.136892987070546	0.240196256827071	1	0.838172409508615	0.280279860572972	0.31060628748733	0.507806064419767	0.652518583989455	0.0641245200209967	0.270634839266345	0.64393448770235	0.683567965854328	0.799941269021908	0.748365628181765	0.795163718190653	0.608705930553205	0.191993365349431	0.287432156330053	0.682784299175536	0.592367081036395	0.267167096894861	0.282850160552889	0.102265519249374	0.211553906960459	0.00370455834287347	0.690669140043635	0.327702366735451	0.391810096172942	0.151618803812931	0.279107666132624	0.654126074956146	0.323033321771358	0.345676032240583	0.311912911120299	0.192626048912961	-0.00598374081526683	0.189767578323609	0.369042018745577	0.187239343429043	0.430936048312317	-0.00416243609584316	0.244112824366464	0.0555237503157544	0.0624958949290289	0.12326596038088	0.143699060349582	0.0985241891104907	0.189926531408963	0.211136060367483	0.260205236681799	0.338913091524752	0.553188159526629	0.671653485967279	0.668650176841704	0.793446826055272	0.265378844897263	0.287736686754427	0.315663491726467	0.456779138369819	0.229419248607038	0.113542023686511	0.453941926580084	0.629384260940382	0.642288178817767	0.729731543031622	0.508270779837016	0.202605963011265	0.411491086625508	0.451346730965387	0.471042398455629	0.469986786415843	0.314607956217133	0.0457724292580813	0.0506938101584212	0.590823720460634	0.322958882584748	0.42859436963731	0.145781155361572	0.296925181110092	0.50608222008847	-0.0249987285241012	0.265061866387406	0.504595426601209	0.303050325759934	0.583619376787917	0.301306129800169	0.231354155021482	0.275380377386203	0.136545103560312	0.307871245065086	0.0923359357291155	-0.110258215361161	0.19189851364399	0.00561933841928437	0.0822047822597354
0.0770180084674518	0.151846442320795	0.14426371370519	0.283360834383379	0.0420983007688986	0.171750318419249	0.321031779184901	0.838172409508615	1	0.365904546936503	0.276999348732322	0.611367019407055	0.650382386569624	0.142258965307826	0.323930009598852	0.718716927000794	0.713632273704077	0.65077303125181	0.796878290291373	0.79448000879865	0.674451106343193	0.312417729482093	0.427397623862553	0.789600178878209	0.786551922855952	0.442317541996857	0.550805070467368	0.0348670015218357	0.251223031241383	0.189395572859235	0.739267934667244	0.445045632678698	0.392654361676126	0.202769536910396	0.356161938784482	0.743834306048702	0.360952515670012	0.572326527404056	0.340621617165374	0.209366315208681	0.0618028897973855	0.181920566623578	0.488410952144688	0.375471169389047	0.455324361419887	0.0394805948010794	0.312470256868493	0.0362132726109596	0.0451091244297828	0.234654761625627	0.245480792353353	0.178856548333858	0.233160483792882	0.326540179221912	0.346616168930184	0.32170589605038	0.597523608076191	0.731034303594618	0.772986595071825	0.915882917026663	0.313785444326891	0.283226347068669	0.343173324087307	0.391182427220756	0.344809537793441	0.185645045649009	0.5859394855046	0.602856632988821	0.76192096764571	0.83835372717042	0.558316621629415	0.305019334560782	0.580175536601827	0.641978651687722	0.492857039074471	0.577305635587308	0.52957726949093	0.00638990103821502	-0.0175609723486934	0.689629234705393	0.435531896653799	0.443264410030356	0.194842013519402	0.383625554791684	0.534206034805018	0.0823344422850255	0.33448241173974	0.600851217535226	0.365636518824872	0.69856090227535	0.353912882348418	0.291903609646495	0.387850478212128	0.30557940603762	0.390376915280525	0.0362826562140649	-0.0726667029989791	0.260494631759944	0.0299151490689015	0.158929689848395
0.221684874115156	0.316293329738371	0.105215147284429	0.340865203883748	0.142314654029873	0.374432168647856	0.347400460320719	0.280279860572972	0.365904546936503	1	0.277988364057309	0.753832362878858	0.323418303689542	0.445378264356012	0.444130241203357	0.29753166222701	0.415812277385981	0.170279576526983	0.34252080121277	0.3416950924146	0.567058489798825	0.643786015455563	0.526807304845647	0.467770896563119	0.466798090582789	0.418999372682998	0.622910797852527	0.114520186723757	0.439509846314057	0.211994573809801	0.242332578858026	0.246680343224433	-0.0325091160770942	0.256957427204056	0.268033581408515	0.296602619515329	0.24801142007318	0.125530432999488	0.171030662138675	0.383068305598725	0.435273487371322	0.360651443289782	0.0796401027411074	0.161571062285535	-0.0797754897728981	0.347355298169621	0.319194382038201	0.247992071167251	0.222842988013923	0.517644149758598	0.341973054682398	0.317307442689464	0.515413012548684	0.359927674468957	0.294322219833884	0.198302448401437	0.394181247643418	0.428399014994967	0.202089054577588	0.289348647339437	0.864529179879956	0.44458550275212	0.519783566036708	0.18420871072516	0.44367974505076	0.410244629405489	0.205276652333389	0.488519478328545	0.344846992581728	0.367472276114701	0.578096366885975	0.592115951445811	0.364236761261143	0.517936525967358	0.402017796716734	0.206704188788698	0.502770013744914	0.256820982481875	0.475573146377787	0.299431227888211	0.231977791443277	0.0457827467655248	0.278343714452954	-0.102607165785178	-0.0240409994646422	0.224322464599663	0.0967379359701975	0.343295691008878	0.294150041885634	0.136429021869963	0.147973134816317	0.487684335305119	0.153370759245439	0.467517015654038	0.384669464378749	0.289735230643297	0.423422419352289	0.600032932796882	0.614773481587587	0.667301461641364
0.181536041176571	0.20036619256256	0.158361575051854	0.232947964331307	0.353031955869933	0.444857377608236	0.295253531861826	0.31060628748733	0.276999348732322	0.277988364057309	1	0.534210612303218	0.547892305054356	0.188657420515015	0.0910790691697373	0.248578363548482	0.287596576224375	0.16975745190343	0.147492685484536	0.200760359529983	0.188965791358423	0.419398500862047	0.213196595636899	0.278943527812375	0.195113776101055	0.25729769928537	0.206467451419936	0.147591911873573	0.158324143443667	-0.0370469307352958	0.164271621603764	0.192718123387798	0.31946327936719	0.318848523502148	0.307555475095666	0.149977370465798	0.438507228401074	0.279184449195663	0.463653842162374	0.267776516684833	0.31792031194425	0.161711565270753	0.33018023109084	0.272151564766247	0.277364912847475	0.202325312091259	0.271437291673741	0.443586184236139	0.138748354572576	0.0823079329439545	0.191273545010106	0.117528310669936	0.214513376248843	0.284281078731459	0.462840749939544	0.292528481607087	0.349782493672036	0.30625664434672	0.161120842309498	0.32111404956734	0.235957797946477	0.449889330620016	0.288301235381245	0.457291943041611	-0.0574568348278473	0.14944232940215	0.0858874852460426	0.283448523216754	0.085455340616732	0.22624653155996	0.292850521517906	0.255320165700939	0.145468631144432	0.0972235090620641	0.0867034781703543	0.248362889973207	0.26868047987533	0.0397299383167311	0.132032954755402	0.0423114928566286	0.0856350267347885	0.367463464435295	0.0769888511255608	0.162061411954934	0.308756172897347	-0.0524170841149714	0.314895170406716	0.23812121773045	0.227607913561942	0.306069875748197	0.428405761295291	0.271136801398735	0.275117342216733	0.154409449286862	0.312948725142033	0.348459732325491	0.137532282741527	0.150201334759819	0.110830725397294	0.0543750469555922
0.193318255547879	0.263586100451564	0.164436971687601	0.418604046700615	0.239787580611524	0.500219538484999	0.43943742773135	0.507806064419767	0.611367019407055	0.753832362878858	0.534210612303218	1	0.634560587696725	0.396961133574684	0.570675097477357	0.524360479041247	0.520157700349701	0.321579243691981	0.447961385964357	0.531427740048554	0.614144566443716	0.639980354391744	0.699122346215625	0.644953365906271	0.666899260339221	0.557368773453026	0.680180830908799	0.112292049331749	0.471589718698658	0.230429775781621	0.454389337360067	0.439245225560407	0.305488689521042	0.325776394386025	0.412129456944386	0.459776099210955	0.52368777825106	0.453498413761988	0.413839037889059	0.351456046750987	0.399732147785133	0.320705395734428	0.424018798436184	0.380715011481908	0.229740559072499	0.35052421030544	0.447739843406905	0.321808819914905	0.222047189352968	0.448671670396932	0.385436780191814	0.245041586446088	0.488764463669078	0.541563303182398	0.527227249397836	0.299905928572208	0.515906702293466	0.542509086116304	0.386248620845326	0.529169667249015	0.687426681572573	0.508511297522052	0.594013173289886	0.411246722818784	0.311683946236276	0.45699159094018	0.385138487556203	0.515762571337649	0.423974352294475	0.514477027079842	0.610487104919431	0.621522762417129	0.492037436913443	0.621845481910567	0.373163459802676	0.428755600711745	0.633655946187911	0.148792572318185	0.310869254657497	0.378916664546851	0.378728992805722	0.350061177078862	0.20380483694272	0.124430529833874	0.2697615065675	0.117305598123989	0.398699627365678	0.499046812247519	0.401250931492483	0.470149152703636	0.389490760509251	0.417529413455557	0.295288212845674	0.470980636819758	0.525624880114039	0.320005652311768	0.296440554892095	0.422427835470717	0.379938260222218	0.449656193725767
0.0222963890781404	0.104859895472466	0.0802917225092846	0.244977797042344	0.241034379042715	0.357548161894422	0.357416634281582	0.652518583989455	0.650382386569624	0.323418303689542	0.547892305054356	0.634560587696725	1	0.211541416121336	0.388702425281151	0.599206586921713	0.637605168680867	0.525129658171247	0.524211381126449	0.595875057434376	0.503735855328081	0.327447552740954	0.391442010716831	0.64175188616013	0.550554270067311	0.476925308105928	0.39761657066596	0.102229398284682	0.318565879605891	0.101756018624688	0.554955173834706	0.479285858358887	0.530546811733641	0.305451069193756	0.421532218595181	0.52992711721553	0.517306908896046	0.493168008560722	0.475670531766265	0.234676481235338	0.255344187296713	0.166717483783214	0.483040237428914	0.372190562456322	0.461727648685808	0.112989418129851	0.327756850934005	0.32066330650026	0.196111636445495	0.15075197868225	0.19740218110658	0.0902912901353022	0.183086708520198	0.320571080212142	0.448799073296602	0.33228884610522	0.488871637657872	0.54480451470436	0.485005460080082	0.577343053731015	0.321151739334405	0.470392559434821	0.512137897629614	0.564423851042572	0.0799853123169783	0.155795125251833	0.380987339250377	0.506081096725008	0.406189074911004	0.544851572306125	0.503071285369118	0.309195114055926	0.337396047230515	0.416799018139823	0.276976195153447	0.501850679125585	0.46515376440102	0.0127072901171117	0.134786997607086	0.363604324953564	0.298128760599603	0.540585299199634	0.0893781129332627	0.266140985926677	0.48620855147054	-0.0988601415843001	0.370558350009671	0.47163987586584	0.304217070257418	0.544761452394262	0.43258505755341	0.243727211149702	0.349335027568534	0.324453423310015	0.459386476543549	0.294556670529179	-0.0422514662744147	0.206389900659047	0.0289374395106118	0.0753893818107781
0.455088863921821	0.514086686232988	0.353762781328136	0.421706144168641	0.297190740511284	0.475158198957068	0.348043118951047	0.0641245200209967	0.142258965307825	0.445378264356012	0.188657420515015	0.396961133574683	0.211541416121336	1	0.409248001999562	0.370130934648578	0.214307725614341	-0.0862082285266948	0.242436148583939	0.161821710052625	0.357073421459796	0.41841952450838	0.470444749663247	0.278018137403915	0.243369212215648	0.323643429323247	0.416956961880025	0.292869501900773	0.394469110320504	0.34959682134561	0.223807591817918	0.403620421939184	0.158117007877158	0.418405562080336	0.364413501699285	0.276342367161008	0.369559374072687	0.146630930370509	0.250464826174554	0.314014444485931	0.464914501254054	0.418911800439928	0.261700331315119	0.254941009242001	0.101789180355262	0.424429330786243	0.408206617059634	0.297676177228514	0.165702434559051	0.50453463144281	0.442963553954285	0.420990002967371	0.442083595349479	0.34801036747816	0.287587523302508	0.195199030412509	0.222609490669582	0.196614827697901	0.0316489341634969	0.114895120375226	0.365037209715224	0.213874555415686	0.214374498176446	0.148504861536734	0.537868390525171	0.360531164004363	0.346839313447604	0.136680706799615	0.242507742911376	0.175344180693037	0.153494655357929	0.421006178309356	0.167860652411944	0.278691746667202	0.122533646761662	0.111153854251007	0.256930077911548	0.317098809369017	0.214689895327719	0.212507365634655	0.191979206118486	0.105053173343981	0.236235772845833	0.192669447979262	-0.0215032359838181	0.390166079649564	0.22642037651178	0.303435420045358	0.292971095854492	-0.000250343004694148	0.183922980091763	0.293535464169826	0.254219686719361	0.425435648660105	0.230513239483085	0.255788387870789	0.36971151816522	0.293550762245336	0.397472499461747	0.366079097143537
0.259416576935304	0.41032020954563	0.29266035453434	0.687586434004986	0.197010731191057	0.580029691059171	0.616184232353003	0.270634839266345	0.323930009598852	0.444130241203357	0.0910790691697373	0.570675097477357	0.388702425281151	0.409248001999562	1	0.469967750921682	0.307980067320473	0.0793394490036288	0.156761601787804	0.296263955462758	0.513033605953621	0.342950046125235	0.505822810239798	0.453891328708105	0.406868148627889	0.559117593596903	0.519922969217039	0.196774061631851	0.427341185670072	0.417997026881386	0.328628139382586	0.443636512271306	0.215034587187559	0.39107177020436	0.545966040330378	0.368534853386788	0.541924217487419	0.384323801652597	0.522356197407126	0.46709135812484	0.380587604256246	0.389217798075176	0.595917957293911	0.494996852064281	0.261934481100506	0.468971628696236	0.550169686093527	0.462955288659545	0.0574139734904755	0.558392876218477	0.238116460921902	0.276979953188567	0.54954506398931	0.667273211803126	0.444493645292717	0.490884721949532	0.172815509823329	0.201387486393866	0.225992202806177	0.241138052245725	0.490991598678382	0.279121261185117	0.643669815631517	0.16724521717923	0.357608088484986	0.610679246465908	0.45467548696596	0.159688713753458	0.216124175051851	0.216771131270308	0.276453331362197	0.456418328158746	0.234599154315743	0.415587573244924	0.112047604741573	0.415213328145397	0.487845260128079	0.272697205585474	0.19470664729162	0.230715336500935	0.352023576931622	0.31206591785795	0.363871453807312	0.268375236356941	0.175687165390903	0.230749727512529	0.323533001610864	0.453396852706047	0.489700176199788	0.327427076753366	0.480786373328079	0.49852761533778	0.464158759143316	0.591213340943283	0.593078094912816	0.403738302692122	0.162597102227011	0.354785202427233	0.331864016722109	0.423768817145323
0.29742266835104	0.388876742859929	0.406413467789783	0.566201141004878	0.169430485576679	0.338389572068772	0.574202662343763	0.64393448770235	0.718716927000793	0.29753166222701	0.248578363548482	0.524360479041247	0.599206586921713	0.370130934648578	0.469967750921682	1	0.535340434447895	0.480124640300988	0.77838091963322	0.660366944665531	0.689310900677227	0.304928096389424	0.374535797066316	0.755045008244732	0.614732833162417	0.367015623242719	0.515083024686623	0.0860852563922072	0.364662781164805	0.31693498332715	0.847534589016636	0.54699246507194	0.552752475097112	0.308116751763902	0.670117786260322	0.898130393159379	0.476211280840986	0.373428017586369	0.463025936522047	0.320111920942209	0.165476755561727	0.316670319230043	0.632997460704171	0.348859173336099	0.370750881887925	0.219227250117807	0.479401544627035	0.111656893596888	0.0868269000249522	0.398495269721397	0.332871394254468	0.495452392120712	0.512747247015327	0.397768132475885	0.33676853507319	0.586167215136652	0.595733149744627	0.602373554613255	0.590008767665589	0.683543806754227	0.260800480493328	0.158864677618915	0.442072806381334	0.508224241995802	0.524938104434542	0.368285376486606	0.833412775031707	0.600151581305918	0.723986723459501	0.65701841551126	0.524169328617919	0.288455660108426	0.483105826621915	0.532978758762504	0.592299341281985	0.566291741609456	0.518487233321623	0.147505428491888	0.0358160216505263	0.766219367056182	0.540117768833894	0.562556131213463	0.310413246308718	0.53268636137207	0.582752222809525	0.246725584069548	0.393830709183435	0.843302017785804	0.61472366263137	0.549615262692599	0.502347196395938	0.338025574411702	0.49995750927125	0.336289678662713	0.521483893495719	0.155867223747583	0.0102846548880248	0.252213330893601	0.141384554779775	0.269100345122931
-0.091079319378203	0.0310320725215764	-0.10038667087373	0.105359109237046	0.0101964785946831	0.153573265672657	0.141302867881837	0.683567965854328	0.713632273704077	0.415812277385981	0.287596576224375	0.520157700349701	0.637605168680867	0.214307725614341	0.307980067320473	0.535340434447895	1	0.651981932284116	0.635259865703435	0.621508837900079	0.752659462629524	0.350110647153426	0.3415879506565	0.624069120210537	0.598348008273732	0.517784925632529	0.511109977108533	0.0506016670024632	0.120517304812443	-0.00351029465293263	0.625832362635386	0.498917790945279	0.305237933290957	0.122499525468766	0.134725035882147	0.515932270744723	0.318663166470636	0.496775509529108	0.243748219479163	0.130719039828114	0.140935584987165	0.00498303762719186	0.308439805655532	0.292005377058737	0.316835993262356	0.00659800554403739	0.207542387492702	0.094461221791861	0.130374296535646	0.0977057443797877	0.0699680538961913	0.0269859922034652	0.22282947912506	0.174930714066942	0.297472321339168	0.106186211643813	0.485796854396435	0.610879000326115	0.460283570628134	0.593517337777066	0.336631184896301	0.307609674401436	0.446236833035599	0.461227294825057	0.237677512378447	0.0412520804166064	0.356795627278588	0.542021065179692	0.565611040468329	0.59562314670658	0.635432635145254	0.351103953580522	0.287286230983727	0.511365333076849	0.456614783167904	0.507351203349892	0.451845029838209	0.0379646170478724	0.0277204079356927	0.510618918739394	0.465494329015548	0.462327171261695	0.0168808023155182	0.133568397199443	0.392280559368994	-0.0447830586951865	0.184964355742166	0.410136451036967	0.261024555054616	0.462493746904895	0.224396344631129	0.229616527984994	0.306019354624116	0.256892347935179	0.351007190182135	0.182385881286317	-0.117823726516834	0.229418115701717	-0.0295484861761974	0.0821053404916635
-0.132632536141696	-0.108872935962514	-0.196855733904701	-0.0478252232270622	0.103073106988735	-0.00782836382070483	0.0206428436245362	0.799941269021908	0.65077303125181	0.170279576526983	0.16975745190343	0.321579243691981	0.525129658171247	-0.0862082285266948	0.0793394490036288	0.480124640300988	0.651981932284116	1	0.650113393991955	0.635016728115185	0.496414720382113	0.0774883680324964	0.123088891174851	0.532992137675415	0.432742045137311	0.100630506265232	0.171722703998584	-0.0889801674714397	0.0442883640178254	-0.175616402451043	0.659695294823456	0.151971094144753	0.2808245447944	-0.120010646130453	0.0472515240383098	0.509230855542176	0.111653846698828	0.150194058374463	0.0353298120765634	-0.0404014525095142	-0.163037618045188	-0.049355672995975	0.118616091000472	-0.0630017404562601	0.247597908944083	-0.213606156516731	-0.00458679943115725	-0.0975038570497303	0.118838874485967	-0.0879132184807053	0.0519322960016729	-0.0574715225774847	0.0599250715101365	0.0221862478615624	0.16312099776942	0.0967963490511977	0.451393259355198	0.567585656678569	0.539575524985238	0.606558348306827	0.166891760976439	0.125324439953103	0.175279401049706	0.415199111845141	0.186735966076931	-0.0725108251196226	0.303177918372891	0.590568787245473	0.520262850249866	0.615084340950459	0.51124455541173	0.0718460412048141	0.27847336826886	0.334329831372957	0.515194614970327	0.294618309152533	0.158834052875339	-0.0679106244637346	-0.043594514370584	0.541089155693883	0.263645269065461	0.310820243593731	-0.00745400900203366	0.109254069892773	0.386742549183513	-0.212834197785055	0.0240873274245204	0.363880657201488	0.130777889480174	0.39342141310869	0.043966480668934	-0.00550884041616398	0.0402605345987922	-0.028458638213522	0.158185256660278	0.0208340212737721	-0.142754758706652	0.141247137750227	-0.0733033998463	0.00761891060959302
0.186856605364057	0.253942481561693	0.233232656131209	0.240441790220191	0.0756612407623174	0.0479839607386392	0.265712599206903	0.748365628181765	0.796878290291373	0.34252080121277	0.147492685484536	0.447961385964357	0.524211381126449	0.242436148583939	0.156761601787804	0.77838091963322	0.635259865703435	0.650113393991955	1	0.671077275270293	0.685379897007743	0.243779163752141	0.3086839891507	0.713570615068476	0.604007843339056	0.263109630198426	0.451618190787176	-0.0521515663772393	0.201471833829763	0.133120648118226	0.821248008959277	0.422779146394109	0.336822066269478	0.126511191299224	0.353130786835235	0.823326666553574	0.264891813185826	0.273298125888515	0.180878726643627	0.117172795715028	0.0243662532588202	0.138368981203699	0.307981975663548	0.150007328719865	0.216917144920648	-0.0305905128011772	0.227192118245496	-0.104959830861113	0.0681438251344818	0.156204026504379	0.284752353239607	0.347232183796004	0.298767168994058	0.117018342332214	0.16996848662957	0.339452795443207	0.640863547788051	0.794489882373433	0.697113336760541	0.750300943698434	0.323296115070346	0.150834329393333	0.226532270471454	0.483956775289985	0.518790782040352	0.0370941241161903	0.63972312915473	0.754683236607667	0.853933333682423	0.797451572271139	0.59667853631024	0.188292541820203	0.497702481041796	0.525470504181729	0.674284322032267	0.477710958533712	0.389840604999919	-0.0113226552249311	0.0774195000778054	0.822886685434986	0.503287219086837	0.382407588018092	0.174137909385671	0.331191258106538	0.455091553877991	0.151268648702165	0.242012476689368	0.649658209017298	0.38710096976347	0.463093717127067	0.197058432220144	0.180416980569854	0.293647313946375	0.145537015265304	0.295885890430152	-0.0602449302770035	-0.0252547929808727	0.244124684468165	0.134925999351891	0.210007359147226
-0.0615881817029125	0.0611910402552891	0.0117043167928256	0.182528197082755	0.0789606200595936	0.162707253861635	0.225629228263372	0.795163718190653	0.79448000879865	0.3416950924146	0.200760359529983	0.531427740048554	0.595875057434376	0.161821710052625	0.296263955462758	0.660366944665531	0.621508837900079	0.635016728115185	0.671077275270293	1	0.587331104819212	0.324342346307776	0.379294857613164	0.63511009994251	0.745889101362808	0.303542144347956	0.337174750977455	0.0819500937125168	0.258250555081744	0.095252072874505	0.69144066934203	0.414984126078479	0.483129410921613	0.13904590833735	0.283875443019304	0.633330194008752	0.349814999598941	0.493572718573353	0.302575120631112	0.20793486153598	0.0471815217745326	0.216846862445398	0.396087806809894	0.20902799440817	0.48239562592484	0.16486620364905	0.322228229513537	0.00787113860616614	0.0806615506512263	0.173602475337819	0.166990099283653	0.0730298381502578	0.180188010168597	0.2305064291657	0.242612078587997	0.233036333512498	0.444547095381467	0.584491224902223	0.579942921636326	0.749981735308809	0.332766717473759	0.231287209810452	0.269472117991138	0.351295619479415	0.23415188283985	0.213342903229979	0.516638550219803	0.55334070796188	0.6010296267345	0.789812763470977	0.509155563844028	0.272503586912922	0.427929218173897	0.579259636484697	0.45752700409924	0.467677755129916	0.357720870603847	0.0773492026388495	0.0976921538072901	0.604386220639301	0.262100302762547	0.397272598634166	0.125747794506678	0.340513997411377	0.462972876501952	0.0452126334310107	0.341129262173898	0.522730498426607	0.325489269675135	0.631213256808143	0.320146056609111	0.258232218263833	0.247872852779667	0.228943760504892	0.302778935510426	0.0902557232687955	-0.0274747780633761	0.280973161155132	0.0790433281098453	0.202079649142739
0.0431690830264829	0.222920359172117	0.0986201780902714	0.351771118209515	-0.00753115473058289	0.212725451192149	0.376093818328701	0.608705930553205	0.674451106343193	0.567058489798825	0.188965791358423	0.614144566443716	0.503735855328081	0.357073421459796	0.513033605953621	0.689310900677227	0.752659462629524	0.496414720382113	0.685379897007743	0.587331104819212	1	0.396035624076897	0.474906387006372	0.678743606379814	0.604395427173551	0.513861615303417	0.642978334566952	-0.039815870155708	0.281269091771976	0.229703668331779	0.74317815619314	0.531217550411745	0.277928583962017	0.148598989854871	0.341492976058428	0.638046294597499	0.337752952010798	0.320731443850217	0.293118688914364	0.204641259263943	0.199487214750853	0.220814448969203	0.397038518382645	0.299549955059338	0.211591640706776	0.228942404717847	0.446612472232919	0.0262403781973631	0.145261401123765	0.418431623190284	0.194032864874727	0.267370316267109	0.492763119076981	0.330179592894625	0.241401825847672	0.317988812179372	0.491451091479531	0.587651107265756	0.460890688899881	0.60432268567676	0.49421556457005	0.309017912399379	0.567071191262893	0.403138587448652	0.452989679876464	0.258629632405428	0.531397014272246	0.589155519796577	0.645710843980974	0.578559495403609	0.632304522622515	0.420838372632993	0.327407818317122	0.561971037679946	0.631453566305327	0.52593439830064	0.577551401700003	0.0957725704281012	0.0880455435100156	0.624949715315343	0.583294492294101	0.475705300249856	0.198344525691562	0.185496591236634	0.38377566995751	0.117876736393562	0.21307881546815	0.63011997457591	0.442537703794794	0.416785404301703	0.320130047113782	0.33248673758324	0.375599754471434	0.364316668847156	0.531518067205119	0.131057271042464	-0.0390286275917127	0.360214632666234	0.197319510747266	0.387736214919625
0.319020724766297	0.389946895776357	0.283849974126018	0.409686643144584	0.338442041614913	0.502182114142079	0.35207310512699	0.191993365349431	0.312417729482092	0.643786015455563	0.419398500862047	0.639980354391743	0.327447552740954	0.41841952450838	0.342950046125235	0.304928096389424	0.350110647153426	0.0774883680324964	0.243779163752141	0.324342346307776	0.396035624076897	1	0.616748759489121	0.459937392600394	0.480603449103216	0.533530123859104	0.581924933198154	0.132160127483144	0.484341111579297	0.451638346780145	0.239284291758775	0.412230467000532	0.319284870186469	0.518101573440722	0.393282337842255	0.292042368888952	0.476509742788	0.351683597208242	0.45051051589904	0.440322592884584	0.604123726447741	0.450383840113445	0.271171689002455	0.445493446788919	0.236356322681954	0.481356162136624	0.538705836251193	0.362452986737743	0.266052635476523	0.442472401003101	0.455984478397936	0.383497438890429	0.416753876504735	0.402809394640424	0.496550570715261	0.26765577573432	0.450781538351102	0.40584676183053	0.129882211418754	0.306094096386488	0.597084883104056	0.443017948571928	0.403035750162846	0.33656642831949	0.403930409144641	0.466768608296036	0.305998333363742	0.390425920976887	0.246419429085936	0.364718849272219	0.401279507456143	0.6835917089074	0.423205506924839	0.547924325227526	0.301488062623614	0.393047329168237	0.54980719767948	0.178151388349873	0.322796431997793	0.296606705501449	0.300065375726544	0.338276207553551	0.348943869693338	0.206407498304909	0.23782924400846	0.386253089317704	0.345977848559495	0.397499800490683	0.396998140140254	0.340932795994395	0.38275991300801	0.533608988032336	0.451532739193185	0.575323651887944	0.471263044472384	0.367253045742628	0.41626088701386	0.486781848512588	0.517849613454433	0.468705879459403
