1	0.656496388281587	0.656460732423227	0.508379773725735	0.651483193835404	0.480916765911504	0.496637196503988	0.1476990843866	0.0733387356119554	0.205674583284705	0.173151103299488	0.305594300514885	0.120811804416672	0.537599946247507	0.117897732990721	0.214921964255732	0.0581893098462771	0.0236214603444697	0.00626945177430142	0.0231641265783861	0.251058098366308	0.103745476586377	-0.0023341922185703	0.131254818363202	-0.0141015258237521	0.0976430037528	-0.00214864646828049	0.139630838703498	0.0149608027449008	0.248275160305377	0.155664947400347	0.247067519220683	0.0540920056360028	0.0991062549414645	0.193174151937361	0.116634367091425	0.214593675476881	0.0520342070029646	0.0985193687512651	0.150325717771592	0.0719690647421737	0.162186314983205	0.315922579581185	0.039479686537263	0.122948222316049	-0.0784792390232695	0.175361592858882	0.145316539393036	0.0352106337697182	0.154192678706423	0.172482808511125	0.409153669628	0.126774688413581	0.484063595473478	0.201055015172723	0.309279419150335	0.398013993772087	0.398050671336209	0.218736317645661	0.0747102190958724	0.372336726928102	0.321004386535287	0.277987161133973	0.308963002781549	0.128733211925363	0.0769354129859157	-0.028439605961862	0.215213625598611	0.121029372382643	0.216158796925094	0.0557289273310132	0.0129513575368492	0.156919992878034	-0.106952627998499	0.221093672806703	-0.0346059467990877	0.0769530930124626	0.16679609803484	0.179284074596542	0.195927865322459	0.240847178062759	0.340031522824436	0.0960416745159844	-0.00371942857498889	0.346879582988909	0.178780534451642	0.226815862398254	0.0653677103395991	0.0753414361626505	-0.0478562847917205	-0.0411404892777296	0.229696804032616	-0.0488674958613295	-0.0520310797527844	0.117428579272995	-0.102770580072793	0.199249623394421	0.0752880946158134	0.385147835323109	0.32081146054981
0.656496388281587	1	0.610204316948527	0.376326367750952	0.236366316744778	0.248210220824033	0.349615862374642	0.072522900527348	-0.0547194240260213	0.17929950277728	0.194869940337124	0.152408113429123	0.00382916780549117	0.473493297640421	0.0517589149550824	0.258502881951441	-0.0200688966802919	0.213180980460883	-0.00605503659340683	-0.0809477677861408	0.167224779060561	-0.0210411174818076	-0.0214453309572071	0.134011267258784	-0.182104782393821	-0.0651904879344296	-0.101682316683071	0.114300521745541	0.0193516456766855	0.153424178469313	0.196223294812753	0.300820038944142	-0.0465147098557228	-0.0624996664089422	0.283759579823332	0.264701567039929	0.133080076546921	-0.104701415815772	0.0372063393981215	0.057050707098495	-0.0375356480402249	0.180339198831982	0.284080600314592	-0.0474750484432376	0.0313745549579791	-0.148881472623039	0.186505062353158	-0.035072400598347	-0.171230035525792	0.1137721480688	-0.0742640030116695	0.255349261790983	0.0679721219708362	0.330805875069844	0.117260228759064	0.205149376413607	0.283306275166114	0.187466248670079	-0.01827866629324	-0.104569542110904	0.252424077156389	0.119144512076824	0.116720013625203	0.202201998512264	0.138779218673773	-0.0170708163619541	0.0825819781021709	0.119258305559649	0.0362555501591404	-0.000804098844696696	-0.0106475760383094	-0.181841573165052	0.0571081231622437	-0.189775047448706	-0.0238982809208865	-0.237793154463393	0.0301080859750889	0.0996397630746319	0.143466901682537	0.0926605316026857	0.20887039179144	0.282314645776942	0.222351550715973	-0.0216403945928981	0.224794581052992	-0.0119895875620298	0.269120914481499	0.152561387694846	-0.127085312611021	-0.21522102072399	-0.178493655302155	0.0644227221481713	-0.20530659688954	-0.0418989112138597	0.0353572994504784	-0.153869382981531	0.277372614164972	-0.0256186060523147	0.375837052243483	0.28025184635549
0.656460732423227	0.610204316948527	1	0.651592392061965	0.54839013447346	0.652083860486367	0.504479437390089	0.0325540599121173	-0.084104204981911	0.131603539103	0.186433004288744	0.259928787364485	0.0926439923761787	0.405274839821156	0.0768707515326527	0.0171292426389819	-0.212727498581457	-0.171526575481531	-0.207710983076116	0.0701154055133871	-0.0477249659368703	0.0915689380775186	0.145859027180504	-0.197613961161934	-0.0565966893967796	0.151945559565237	0.0551682237672644	0.0108759745192339	0.0568603678710662	0.0681252641371854	-0.146231582918563	0.228380037910292	-0.026895743686074	0.159091837865511	0.137805952081135	-0.0352469631931629	-0.0445214102530919	-0.0600291944247589	0.112600336653394	0.165545901147198	0.0533698879558827	0.0923382738669289	0.0890737332023579	-0.0286649743770227	0.110492943932959	0.00705359217921536	0.142846329046428	0.166412846214735	-0.0260741338069351	0.0826529178461921	0.327629086980294	0.581996626793394	0.250586115902081	0.602980835578776	0.421715938405974	0.348644575651871	0.233313359325581	0.385352103244453	0.275430539981333	-0.0104035744852599	0.430097715083987	0.143993587724393	0.0735940452355594	0.146814726915146	0.335429893493947	0.296090404241358	-0.00528499413489438	0.250306401338758	-0.000306945314232543	-0.000477129102202693	0.0774187871700583	0.1832130152533	-0.0911067656416122	-0.094389489158842	0.239817227559576	0.0111816883878771	0.136243496593453	0.175933731131778	0.137541136972923	0.0895742605813937	0.0717751959886819	0.1840968856814	0.00104882615870084	-0.0564305717040431	0.0230922990504743	0.266830383434142	0.0178131547437229	0.0192914340546839	0.0118078975977771	-0.207795990998869	0.0800464081091316	0.209286725822958	-0.0179534599389918	-0.106667412051884	0.0217542248711903	0.130444966641563	0.366477877383645	0.247525376916512	0.237135082281772	0.156473466522031
0.508379773725735	0.376326367750952	0.651592392061965	1	0.555361210110246	0.604551655464579	0.735310867659417	0.156929184421647	-0.0612999653312565	0.312282730900488	0.224276848729885	0.373520660573417	0.233596568689322	0.589685156220741	0.202293837188999	0.358811134129702	-0.00314285522043741	-0.0127103623121047	-0.0340120127814625	0.0989249304075129	0.210443456778417	0.253254559246426	0.238347939223883	-0.0562764690954331	0.0407713124750076	0.0911109513673374	0.17287075093329	0.0363141475640916	0.177556592241846	0.136552911594437	0.0675308151843009	0.138747644852433	0.0750810248931088	0.260942453595899	0.386249793948027	0.128738109814608	0.0782514455480024	0.0949577508242065	0.281308368222716	0.184129122787991	0.167288297049869	0.0894492807011654	0.323437598340142	0.0393863776824374	0.121838189890871	0.122790037522094	0.265830182376636	0.339316343339688	0.202659467500224	0.188162679369437	0.499236184853274	0.59010155747828	0.425467668002586	0.694150165869996	0.532692045594739	0.629578262559128	0.244723599889061	0.29488885935221	0.165418969208278	-0.0150544593029416	0.333806393497958	0.170029397060396	0.227249766881236	0.303565911761389	0.410347659152565	0.283238199648983	0.145524523167314	0.165380169593559	0.0815502337838798	0.0085087427828917	0.110249841861596	0.211700164686161	-0.0677709030015512	-0.0590630980763853	0.20672981086979	0.0711095297858028	0.204857218305568	0.253195206674019	0.202057285595985	0.10736312452515	0.177177105958373	0.18164502675893	0.0019910116820038	0.0597200611876029	0.0443241998709736	0.283647455721307	0.0217594047880534	0.286017765255173	0.210794432205832	-0.0847525676258197	0.217512995217562	0.222148561570283	0.0859984233458443	0.0143560062134761	0.118009439145133	0.221217632421386	0.419138031138334	0.24080341467296	0.305615538298319	0.348702797225295
0.651483193835404	0.236366316744778	0.54839013447346	0.555361210110246	1	0.633320969863407	0.434618088984771	0.223505884939945	0.153703673857124	0.369824772241964	0.223655740181871	0.340907993951515	0.167533348128668	0.440802556953663	0.201780494913507	0.226615447743866	0.0366927540813965	0.0088033704835378	0.0477921629614729	0.186182894785868	0.25859415152095	0.364797789021946	0.147598982891056	0.0810761884717892	0.157138892663823	0.0845739376878706	0.17798703366513	0.212809462293326	0.138623886564125	0.279507533682411	0.128863051133684	0.206481437936649	0.109333305639996	0.204985422222371	0.115585054446855	0.0680491889417009	0.0173768789176835	0.223636028519286	0.111049366532094	0.195894082190766	0.386505376148198	0.257367456835171	0.302135169539307	0.0845468357347203	0.263555595089526	0.0882496544261222	0.220852322015477	0.296628636900431	0.306231655416236	0.284700860361219	0.43609379063594	0.478590753222919	0.30505707254914	0.578614888165921	0.403410490616628	0.406773991114612	0.359804433582226	0.470310850415453	0.306167824619305	0.201876111882926	0.326503323741735	0.233233207405966	0.167224316354624	0.261356727086176	0.205580698043001	0.237035677022017	0.0266929643166952	0.216234846187347	0.187225184696157	0.200675248571144	0.0479698089208171	0.186793267312703	0.18878620335623	0.0556223853696902	0.227978358205499	0.200680331389456	0.239172594992655	0.207060196259834	0.154645736864696	0.131843549370537	0.149742717437635	0.233071021709308	0.0529614812186055	-0.0164842871122112	0.217228640968521	0.231627532079246	0.0173670127128338	0.121377365044818	0.122890937542359	0.103534060405532	0.0602803267969798	0.21957038489651	0.108278090193687	0.0536608096127923	-0.0124291353772002	0.0939692862366827	0.154228021360982	0.278319455569487	0.275564079354145	0.271729863878437
0.480916765911504	0.248210220824033	0.652083860486367	0.604551655464579	0.633320969863407	1	0.624858951656898	0.0686128177763106	0.00497207101356129	0.268891358593544	0.0461809636261004	0.35655578361241	0.162542074555287	0.343213546660752	0.42181251941524	0.089193995332742	-0.107935950810682	-0.228799386554649	-0.119780610174018	0.162971104258445	0.06830525437981	0.294264499969773	0.150224997753141	-0.0759913714442946	0.11114817754263	0.15930359960274	0.275268818641982	0.0541472025485347	0.135163126933003	0.108990422069245	-0.0912330442055165	0.123440732799817	-0.0044878588058774	0.247433480439213	0.186771628840343	-0.0468103141292465	-0.0208534425786854	0.0303270604883172	0.19840765543787	0.249364693218329	0.156277847972971	0.235287322341139	0.200743768378095	0.0936322323951341	0.174605056132622	0.172457537752337	0.168829979343769	0.492724295015249	0.167648769924853	0.326340212492341	0.567187206557348	0.67382849537179	0.501233902905038	0.746077220587148	0.678876674049341	0.385488290588039	0.244666955756496	0.421049166877439	0.295457429262292	0.0726337028624845	0.446085087070129	0.154509924251744	0.172188359863185	0.225756355069802	0.429551686421145	0.378598094768971	0.0878277257762383	0.263194319177326	0.0328449498433871	0.104850285849093	0.218279267850284	0.385865200002657	0.043168540351079	0.121918585582326	0.313396501745697	0.209056785701427	0.255064852078505	0.325639880157302	0.30422871533648	0.101257371343676	0.135324032878375	0.234944951703444	0.133675402977341	0.00693927674381304	-0.0348867465832753	0.30725434712945	-0.107686378655219	0.152913997086725	0.193154268896126	-0.00412241417952156	0.117335280103024	0.301187957530436	0.18067590224131	0.149233076999101	0.0660283922936384	0.309146980920923	0.333231476911382	0.393963053709371	0.288667427422602	0.161601801241901
0.496637196503988	0.349615862374642	0.504479437390089	0.735310867659417	0.434618088984771	0.624858951656898	1	0.196968994233157	0.0447448738708764	0.180488805109924	0.0856400686010147	0.24895029496307	0.186161899229044	0.506126848097421	0.272034754103907	0.460662796913456	0.0802677345069986	0.00324062964054019	0.148518184624405	0.0947581759312001	0.294512089415191	0.203262398926908	0.0931617611178357	0.0439544515088334	0.222371539177386	0.13606208497671	0.261759669803168	0.142928783055696	0.170402721714035	0.184366461258975	0.204612241721809	0.101667089250515	-0.0867782778978955	0.303782887600787	0.632616673242008	0.340029798742811	0.139491175921322	0.179040369036908	0.511359731988176	0.146161974834576	0.0345301215593662	0.076665358987717	0.532921262718067	0.215906377902571	0.195826848536337	-0.0361526853799601	0.108363586384799	0.480641480511009	0.200579952053526	0.171328411240968	0.384773934021291	0.518803811410043	0.509768986455318	0.691085349421623	0.592418181036539	0.705515789216425	0.161913708905626	0.290119513750841	0.221596444393965	0.0986625111169249	0.168493780329795	0.0710461792903902	0.211737727876395	0.231254332654777	0.324323114117437	0.313322445779254	0.335845413053613	0.194326473931988	0.201685774062377	0.104095097492162	0.228064951560317	0.212107166544045	-0.000309050688223887	0.0945792942921258	0.251675292875005	0.205568993509048	0.330166914165216	0.235454436196734	0.401328194930296	0.223502444483576	0.335398916679496	0.295776857592603	0.085611800586568	0.284522067137646	0.213634065149634	0.324820575162923	-0.00119786269302001	0.467615817562617	0.32893759195629	0.0243517636742885	0.329680435199804	0.271988835264275	0.249655059413212	0.0713132056274275	0.161150332578681	0.260798783760201	0.394537654329155	0.102307297007335	0.283235474290102	0.290623269946319
0.1476990843866	0.072522900527348	0.0325540599121173	0.156929184421647	0.223505884939945	0.0686128177763106	0.196968994233157	1	0.747954653525283	0.16802311461853	0.34081300443479	0.317790109352995	0.543443490093243	0.245950831181418	-0.316196446075561	0.294272076485996	0.482662774047816	0.502408254281893	0.654751868741964	0.665554502623472	0.308340472266664	0.188092336559815	0.240419139662426	0.394010612310702	0.322445990288604	0.302600282812507	0.0361973139534867	0.0998410460012476	-0.0347312844775854	0.145869338059996	0.368057950970405	0.275901271654297	0.32195726545306	0.000825066249560441	0.246619403647151	0.339779818692443	0.0900347778765789	0.450670753420059	0.181774966636911	-0.0464376673623458	-0.0155468363528338	-0.0776240291532329	0.257187199782461	0.184907221130579	0.562593410863435	-0.0802237802712549	0.235670991753076	0.183346859907194	0.120048434801673	-0.0799417983142677	-0.01761742482721	-0.0782953529222483	-0.00671380849063299	0.14342347482706	0.00915897030302223	0.175203544640245	0.42307958087249	0.427136538848376	0.572167076670227	0.588492028475392	0.0806422413333212	0.23096533402957	0.0247163605951361	0.209341524922209	-0.0980368136227091	-0.173962249474574	0.267121710368089	0.397614276899123	0.623251959698519	0.554386469164117	0.173492188682557	0.0574310743698317	0.308016175354526	0.195542314512863	0.184479831907697	0.28104896849748	0.112082743686524	0.0625306454169146	0.0708816689692171	0.483923868412815	0.00992520591875743	0.234189469995438	-0.0270569787976923	0.292332708043569	0.52307554626489	-0.0505922791909183	0.0488222380923439	0.157502408957773	0.039530408876563	0.506554099995145	0.0815942170545014	0.0934112029774638	0.0386516943463538	0.00383135285096901	-0.128610397373891	-0.0802312905820907	-0.0724991138903977	-0.0108900426742758	0.220034574693081	0.133654313326331
0.0733387356119554	-0.0547194240260213	-0.084104204981911	-0.0612999653312565	0.153703673857124	0.00497207101356129	0.0447448738708764	0.747954653525283	1	0.0805498778949503	0.17566104081603	0.168128433975577	0.187730888017172	0.0830050515500979	-0.289211104130575	0.241842140994505	0.219516781100771	0.327300147998704	0.753710276084477	0.727468315208347	0.221752123067675	0.10037126183153	0.108008262816881	0.420025000109888	0.537717388974582	0.35040821302876	0.272511976041569	0.112228465216243	-0.00814644635964867	0.118424936951522	0.218981196995708	0.0805439886009887	0.0829500001731305	0.0699291412797045	0.211810807994303	0.401046786576464	0.00452016226361001	0.510116091898507	0.183011883701512	0.0985854246109169	0.0207385133168636	0.0487218784571678	0.193157688076852	0.441678762479687	0.518778941504808	-0.0661120581805739	0.105292178240267	0.120072585257974	0.119207080842027	-0.0294388973439412	-0.079476206402783	-0.0650955213358661	-0.0153371467219443	0.0198455934662805	-0.058713456605861	0.0923558383359301	0.43173800107533	0.462957463497894	0.682946136997528	0.903630030079756	0.0986546766665591	0.296533818353967	0.0783574836939102	0.130069069301868	-0.12987632621323	-0.0931450778140424	0.417643232692301	0.428068054781204	0.798020770254724	0.708445635381221	0.184190512193678	0.174159648930317	0.450343812787956	0.444845571166195	0.210094748979555	0.418907356870877	0.253552216884639	0.0946628373588766	0.115395540696383	0.497833048058118	0.115190916042276	0.264065477722171	-0.0468139350877357	0.41157935786234	0.538322825684436	0.0332226890534179	0.0633169208176945	0.249743806150093	0.0829227433616695	0.69245577447822	0.0961942505173554	0.122662510283789	0.275450515330613	0.161887105654953	-0.0435549289462962	-0.0560821154757661	-0.108648335640549	0.0648851400563008	0.194045821339946	0.0617066996650956
0.205674583284705	0.17929950277728	0.131603539103	0.312282730900488	0.369824772241964	0.268891358593544	0.180488805109924	0.16802311461853	0.0805498778949503	1	0.583335917472597	0.694089380396254	0.180974401235807	0.473118011574911	0.314715163524765	0.281880078832992	0.169451334648178	0.137471557253244	0.0616453387826972	0.0736626638547576	0.463638572879683	0.730043225035512	0.426221495356365	0.218025651999945	0.114236453244951	-0.141772811993709	0.283231291706223	0.00674446549561153	0.342125492656219	0.44512301268621	0.195781960857387	0.278168259968984	0.288701040282809	0.0967169834699206	0.063800093609095	0.136734676381497	-0.135013477382436	0.137064802285276	-0.0766624752860779	0.140415266009386	0.455207271896337	0.503643025746196	0.176284189732844	0.100687127116616	0.0190339144561549	0.401302330772861	0.579011378766559	0.193895000345436	0.358932106311194	0.374591598522771	0.323661722548852	0.176142592648448	0.403007844894996	0.216730200144806	0.309051768430385	0.158558848854709	0.384484592828411	0.150516491334059	0.014940842502657	0.00289509579944519	0.527380293585294	0.348041498042306	0.431693399264111	0.416463875889545	0.389924184080843	0.132425215626916	0.125824729597397	0.0352802356450379	-0.0171824121190717	0.0564500114778686	0.197847309366755	0.194561549509425	0.19040096309946	0.0650497922174923	-0.0986886384545934	-0.0262335825716927	0.258162005473185	-0.0388230347738881	0.276908289005206	0.00104693858918353	0.209777995314866	0.258277374914769	0.348020509216435	-0.12089643879659	-0.00869856893416741	0.0252978928542996	-0.0381606457711639	0.0895347314007483	0.0663517226632224	0.0479561689728686	-0.0847698267528983	0.0390043142445917	0.0516371246509548	0.380557539027198	0.224206876815858	-0.0442527970159697	0.41449085461145	0.371183508790885	0.475779638995895	0.475038143828483
0.173151103299488	0.194869940337124	0.186433004288744	0.224276848729885	0.223655740181871	0.0461809636261004	0.0856400686010147	0.34081300443479	0.17566104081603	0.583335917472597	1	0.584676448272905	0.248356123374298	0.341274320448692	-0.0651999724614191	0.2418405095933	0.094094868578185	0.165107333164267	0.115738698643163	0.171326731783945	0.311878158021263	0.377480058036826	0.36785938316105	0.117402318458465	-0.0230496704646045	-0.132834008121449	0.0333827095935154	0.0301305193658853	0.0768921227633165	0.28860889345379	0.14934427636717	0.275915566582092	0.336208890848866	-0.0913668164965269	0.0397712182288487	0.0740323676442828	-0.0800876267866571	0.132983428019867	-0.100475330400442	-0.0774298619612717	0.30255215655649	0.162023718593404	0.100281815986971	-0.12641831636675	0.117346082268092	0.084320964406676	0.396060768879532	-0.0175136075924049	0.0509024624853688	0.0199268896786094	0.0245819736502595	0.00737555001990468	0.0563336395482982	0.0934332382158453	-0.0290407349049766	0.149278825171833	0.291243252811598	0.0670060003747062	0.149972462741755	0.0371491599076829	0.373625699722571	0.346490259116322	0.163231709365141	0.176520434434445	0.116309939583036	-0.14041906497007	-0.0622589593823168	0.0715850620269319	0.0635356118045422	-0.0526675684912346	-0.00916034696163089	0.0446434197765916	-0.00248412105293427	-0.130693090929486	-0.117776962081218	-0.150344001073582	-0.0158511271440954	-0.1165271954854	-0.0216961206013419	-0.00425054619693832	0.0711098317921443	0.102922920031237	0.0372334929308607	-0.21770850376732	0.0741161918368898	-0.0467093940834929	-0.120374102620781	0.0124299959279229	-0.249312520665923	-0.0922490515344433	-0.0842440828861137	-0.0580412869075589	-0.214571490433682	0.116212284402446	0.10832116827344	-0.235913904945252	0.318775447483714	0.187178466295948	0.230657750697175	0.307591332936082
0.305594300514885	0.152408113429123	0.259928787364485	0.373520660573417	0.340907993951515	0.35655578361241	0.24895029496307	0.317790109352995	0.168128433975577	0.694089380396254	0.584676448272905	1	0.441404412802287	0.511734476300317	0.206013579528159	0.217762814799357	0.226262626995493	0.0669913948320945	0.0835497464195523	0.237483484529169	0.439956396701989	0.536786831866755	0.505979356639552	0.104362913495995	0.135433394106108	0.174230881395202	0.315868321845621	-0.0167493594447659	0.260520185478625	0.415989948256919	0.115825650953186	0.405387932239236	0.410097335210676	0.231374756107741	0.128081073811749	0.0781336392505767	0.0550956065939977	0.167094932040821	0.141351890624896	0.279069726520397	0.290179113941982	0.294745657148402	0.212172492822479	0.154741750945278	0.182141442048976	0.313103892842062	0.611230559445292	0.318439065344221	0.165588209679805	0.26918682779539	0.291337266974985	0.25029593473369	0.362326807132572	0.318126472622814	0.234455599798242	0.27702592604135	0.312470007986855	0.30098955221862	0.253014152307516	0.128036116234794	0.618934164212284	0.420958236686561	0.446663970242738	0.347350169742277	0.389123167471943	0.196972274949587	0.0945700699750169	0.339714345223254	0.074449887718222	0.134453022723397	0.37651806345357	0.333887003641035	0.169779156735958	0.0930003869972708	0.149328063669949	0.163025546352988	0.339767841146096	0.191568352959775	0.273090691033217	0.171195285112729	0.269210891600132	0.29086543513983	0.189356431509311	-0.0525229030282039	-0.00227085695347162	0.264668264282662	0.0240013057836337	0.134519036345485	0.141602760909771	0.0570666822437362	0.139348052495836	0.32338955126761	0.155139463303788	0.324071895587149	0.310377604373903	0.0301818402336994	0.43751398767177	0.477315765639383	0.523075775844923	0.48461124259432
0.120811804416672	0.00382916780549117	0.0926439923761787	0.233596568689322	0.167533348128668	0.162542074555287	0.186161899229044	0.543443490093243	0.187730888017172	0.180974401235807	0.248356123374298	0.441404412802287	1	0.288731943670573	-0.069870314313016	0.19040440425913	0.635250223832036	0.344017785787001	0.208161617145012	0.241937597639004	0.297451083666878	0.33550936999716	0.351125795521601	0.267952975666055	-0.0682923845289238	0.127844803198604	-0.0248750094858624	0.0157383239349666	0.0813663034194038	0.162669425396448	0.304359684973211	0.410748395432043	0.469001747783406	-0.0801655611704846	0.213120506164175	0.122112408254698	0.356319084905662	0.120532286051474	0.388870686999345	-0.0760098386503459	0.086051226346265	-0.0820559509381463	0.250680933156695	-0.0980766253433719	0.198176944262235	0.0607981445103637	0.361133643590516	0.237233740721471	0.172691405145739	0.0257983436299214	0.0586192127041922	0.018034539001427	-0.0316877731680037	0.214562663850139	0.0241694292276619	0.138513192540068	0.173188322622899	0.121675398004626	0.227269796072784	0.0416859829945468	0.107121665417838	0.186165631886637	0.0352310614023859	0.266247172798975	-0.0472873297678698	-0.0110195604354854	0.0556721678014368	0.274075768338115	0.145194400573437	0.116745564503727	0.265678917776147	0.038931584026718	0.175636122559444	-0.0206573549332027	0.214438349192737	0.169909129137116	-0.00892412455171749	0.126677314360051	0.141819496783324	0.198409281200148	0.164358148072228	0.250878433173347	-0.050230474643874	0.108116479307189	0.145584544224367	-0.0546129536218127	0.181574480219133	0.14742259516116	0.235774744516103	0.132229448201829	0.306270191743976	0.0962398524297737	-0.0862196943826135	-0.0606391667088054	-0.0084223959610166	-0.144036067198499	-0.00640985228038728	-0.00565411609013145	0.166931929188419	0.149035405638949
0.537599946247507	0.473493297640421	0.405274839821156	0.589685156220741	0.440802556953663	0.343213546660752	0.506126848097421	0.245950831181418	0.0830050515500979	0.473118011574911	0.341274320448692	0.511734476300317	0.288731943670573	1	0.266861385847952	0.558340215112496	0.263305197737138	0.345874473251177	0.207372811451732	0.0274010833934712	0.539552456361355	0.339531935863431	0.144426500390166	0.4122784911103	-0.0181544234867836	-0.0820723741489786	0.0379973949996332	0.152496860089229	0.37622463713095	0.506893386970138	0.482849273605274	0.287133827120347	0.129243685332439	0.00631441234211035	0.497663817636299	0.479032786825187	0.144829478220969	0.118515902355849	0.201316188492293	0.0313010119830141	0.32667782522106	0.199711698855894	0.599911217606244	0.0787836733607102	-0.0021774779499365	-0.0661593893235343	0.477599685187361	0.116982680146556	0.332824206464881	0.264066351182831	0.167246099001816	0.258571376524236	0.278295041835108	0.449761260723817	0.243995177244363	0.400286869633124	0.298785148904193	0.0907844155789707	0.005929643852674	-0.0159412613015191	0.275830428312188	0.182301140984886	0.261867884719929	0.247335745866382	0.194597959821822	0.0120713078361265	0.131995748147889	0.0938629258804194	0.195858197434326	0.0573662116215009	0.0857248645125822	-0.061915198346364	0.226749674362745	-0.0865238433567264	-0.0392244933976429	-0.0710802109825458	0.18652944518285	0.092576442174023	0.382212040204268	0.0581475775211601	0.449949929801357	0.297639768315997	0.247862149485644	0.0394016048363814	0.265411152841287	0.130431486297555	0.235183067171577	0.395020139401598	0.0924606844991221	-0.0194603194002646	0.0678814468463392	0.0872159654434659	-0.0181312301256671	0.125175707127838	0.315931921016272	-0.201290224033384	0.39726315654706	0.0872077941746504	0.464505089455447	0.57952638814212
0.117897732990721	0.0517589149550824	0.0768707515326527	0.202293837188999	0.201780494913507	0.42181251941524	0.272034754103907	-0.316196446075561	-0.289211104130575	0.314715163524765	-0.0651999724614191	0.206013579528159	-0.069870314313016	0.266861385847952	1	0.153925688414358	-0.0864064979392744	-0.21920096214509	-0.216378777954779	-0.231589747865402	0.158139837487611	0.27158703092924	0.00230110173636889	-0.0598881869059493	-0.0621152135237474	-0.046363465291209	0.136245756902191	0.00633718517531781	0.0982102724578408	0.226422634697043	0.0660815307484935	-0.0657257252212738	-0.168516126641876	0.0954246175729139	0.143892882153067	-0.0130963564557774	-0.0616772832207916	-0.120085823015296	0.163943234814382	0.0960670871888476	0.221286364129449	0.535782816472571	0.292770344161016	-0.0592296755153957	-0.181827567558584	0.122739683490262	0.0903674812618553	0.33684899374554	0.145973988429088	0.680755287967031	0.397603168537948	0.359035132904934	0.605766614607912	0.399434821516483	0.413057894039994	0.0875795996208819	0.0411546212715591	-0.138223643426629	-0.238958319832928	-0.26094750903301	0.124887200699953	0.00836563927180743	0.275104234180925	0.199310097585474	0.341479832822621	0.379637152024097	0.00939642772554703	-0.0492205010498572	-0.261523778463634	-0.188393247319759	0.14203070166507	0.151270728492723	-0.0637577734005303	0.000976016893272354	0.029917507290122	-0.0905731105441445	0.12314717184204	0.103417414202182	0.108530501927071	-0.203634038325852	0.225464905289629	0.000846585847364236	0.186214191682962	-0.0825044041260245	-0.170833694170165	0.207331068061143	-0.125865302218834	0.214585448421526	0.232922000923543	-0.12944662561019	0.115151194685571	0.0371717329642752	0.0717762953151579	0.287312826409381	0.181404145584971	0.232591339989936	0.211390679694953	0.162547470434427	0.127958204493605	0.265303935234524
0.214921964255732	0.258502881951441	0.0171292426389819	0.358811134129702	0.226615447743866	0.089193995332742	0.460662796913456	0.294272076485996	0.241842140994505	0.281880078832992	0.2418405095933	0.217762814799357	0.19040440425913	0.558340215112496	0.153925688414358	1	0.464610702626934	0.603746117385839	0.644291254119353	0.0318379453189043	0.683575907102842	0.129065406664003	0.0589138701702698	0.57264770157528	0.253886223580337	-0.156516035241195	0.132576842753296	0.246232318733306	0.284352086219283	0.314463442784113	0.783763063838377	0.263470062242865	0.0582882175649529	-0.155329046390591	0.718688504105809	0.823255344290416	0.16765009977751	0.285437514167455	0.335983121219869	-0.204125048504513	0.190695715797469	0.110035489675183	0.792038999034063	0.185974582850024	0.0980361688388358	-0.215744198587657	0.278864200211754	0.131051613367604	0.243723483175361	0.169606727433874	-0.0972449864572931	-0.00322280097422302	0.243719800603281	0.301762112655957	0.103047821474245	0.574780546667936	0.259406257815807	-0.00450124995341577	-0.100142050165237	0.151245277337845	-0.0481534305372247	0.109128696838198	0.204492481900098	0.323473544256564	-0.104192162207669	-0.114394753089697	0.529187952099264	0.0858467862925664	0.502381529860753	0.197658976065845	0.131534322306517	-0.258744331475262	0.266090947436433	0.116778647067079	-0.0567629071950901	-0.0801680760542396	0.227150921604483	-0.0615259728516872	0.174771638246606	0.155652119054924	0.478048120900908	0.372836394599603	0.0142233810729151	0.324994672759095	0.488291065798973	-0.00751771244436043	0.186299116552324	0.777164449440804	0.1772261213788	0.206870194218107	0.114780318138471	-0.155084119092888	0.0592227794323479	0.0371794870359179	0.150302230024766	-0.245361570801844	0.2121263833053	-0.18355037118745	0.321407240081676	0.540372339119244
0.0581893098462771	-0.0200688966802919	-0.212727498581457	-0.00314285522043741	0.0366927540813965	-0.107935950810682	0.0802677345069986	0.482662774047816	0.219516781100771	0.169451334648178	0.094094868578185	0.226262626995493	0.635250223832036	0.263305197737138	-0.0864064979392744	0.464610702626934	1	0.700855591642589	0.415443470257741	0.0359936666959366	0.643246684263017	0.234995559482808	0.120397362572042	0.582800405392315	0.0692118776213174	-0.0276606100271399	-0.0765282454630375	0.160500570648697	0.0677637212149735	0.238549996796763	0.739873955786349	0.376488208685425	0.374114206632899	-0.189427481962023	0.30417380402544	0.428123402420923	0.327433370671679	0.21100994875302	0.136149990003244	-0.225866816248094	-0.00209700607080532	-0.111676855595946	0.486184354043589	0.0510771807289261	0.0865282505622629	-0.191873214854981	0.249635131590802	-0.0575304032099558	0.210266409865344	0.0209089310642635	-0.317189664036144	-0.364241950629294	-0.132289871022978	-0.04171690798752	-0.163432428366366	0.123019726407674	0.13884696948785	-0.0619071614009236	-0.0602213353728316	0.0505481891120553	-0.0882241306071606	0.214310430412097	0.0265064037598715	0.216599847466766	-0.424000302270919	-0.312112187563137	0.151254702927983	0.0554021879814687	0.28769526110786	0.137742140724839	0.0623930289708231	-0.261920008967073	0.305622685588374	-0.0590412586377262	-0.00772643311448474	0.00650907608597304	0.0237694066633405	-0.0626797572158389	0.0265554390489874	0.202442988885264	0.225049285370123	0.223146308647202	-0.0419642844202394	0.245817407708452	0.424861181412399	-0.285655692227347	0.287054374545532	0.289318548734039	0.211090814247483	0.244928665778	-0.0347078909717621	-0.106109986776469	-0.0679130129042188	-0.077834949948435	-0.0830469387950957	-0.407034068699721	-0.167552146511075	-0.294274382762706	0.233201827816914	0.34667932413921
0.0236214603444697	0.213180980460883	-0.171526575481531	-0.0127103623121047	0.0088033704835378	-0.228799386554649	0.00324062964054019	0.502408254281893	0.327300147998704	0.137471557253244	0.165107333164267	0.0669913948320945	0.344017785787001	0.345874473251177	-0.21920096214509	0.603746117385839	0.700855591642589	1	0.567171219885251	0.136386047252928	0.597935287265419	0.112371951208446	-0.0339542450139497	0.710076629901437	0.143117596256167	-0.126063493611732	-0.0174859197976281	0.212823003970007	0.0947958571978632	0.192791244194404	0.813502959504231	0.340823307453739	0.281730911792772	-0.250552843234517	0.34494677831272	0.654112386135846	0.20340803489166	0.257746236535845	0.0399051684392788	-0.22593182197228	0.00506721889310534	-0.0754919704113551	0.507552663689401	0.10380333484467	0.155139888271663	-0.270299604893344	0.204816472211417	-0.236276050131523	0.132719455618244	-0.042388635122873	-0.391935531085575	-0.422826273646427	-0.159818854313265	-0.0771022620700382	-0.207995800338947	0.131798336922237	0.137889951742448	-0.136444456005001	-0.139223227530532	0.145062706756938	-0.144471769968782	0.129293242667305	0.0657431369228273	0.180631899418396	-0.379539193322866	-0.401276413512276	0.338867351056485	0.0194464727373827	0.446317832238613	0.198717136907289	-0.0332258750685502	-0.322228301657588	0.391700844610658	0.0411386886639319	-0.170805919968399	-0.128465815850522	0.0630721508937918	-0.141791943590549	0.0152985355858157	0.263718144775801	0.208379564595799	0.24315511422049	0.00477460332129052	0.278427980953182	0.520828078929358	-0.329414999481931	0.297599045195967	0.446364519322694	0.0263405399272265	0.26286146879631	-0.151834410369658	-0.216527352369252	-0.0845017219249845	-0.0236271591547073	-0.059706427338499	-0.481451129122812	-0.136001982751488	-0.340750244262179	0.244953137563504	0.360116434201009
0.00626945177430131	-0.00605503659340683	-0.207710983076116	-0.0340120127814625	0.0477921629614729	-0.119780610174018	0.148518184624405	0.654751868741964	0.753710276084477	0.0616453387826972	0.115738698643163	0.0835497464195523	0.208161617145012	0.207372811451732	-0.216378777954779	0.644291254119353	0.415443470257741	0.567171219885251	1	0.475952751557569	0.450434211876863	0.0137020396283636	0.0497491775295626	0.590833403680843	0.497267347667124	0.104077610849581	0.222090303501792	0.218661850054406	0.198764664846786	0.199380823369831	0.572435618964413	0.103115868072471	0.0710712958778645	-0.0996392373578603	0.462047441889646	0.706774160876509	0.0885590588647718	0.506989906022458	0.273139337362537	-0.135925592078519	0.100681654339072	0.00262295812010132	0.486096342323826	0.380997315818445	0.385198584635673	-0.165927948192924	0.0825775031848092	0.11073277268218	0.163930068304324	-0.00476569745292183	-0.203338940477437	-0.172977148485056	0.021857371339623	0.0156420996412217	-0.127722363962237	0.240431025901985	0.31126294428916	0.228794780277347	0.317689968166375	0.649113967874694	-0.127249008194844	0.0975080783796765	0.0890317566263636	0.210323626567952	-0.195086546982212	-0.178057041703708	0.569363501487364	0.246163775882588	0.785732892889233	0.59204524765202	0.192627758941782	-0.0671109687443663	0.362725645326349	0.41648360576656	0.129264022481875	0.262757308561694	0.274857053653536	-0.0182689992709989	0.114533455380925	0.399972297394024	0.244547327638346	0.325797629697223	-0.0637158138989317	0.450085619393235	0.623574023531331	0.00613838167774439	0.0759689740134947	0.505711098104966	0.149527588913821	0.561315683503923	0.073158415027233	-0.0749510428654022	0.221112221092102	0.0410448310441537	0.0340066336069922	-0.152977680502109	-0.0707388400332397	-0.181390730539049	0.193706242698643	0.246437387528778
0.0231641265783861	-0.0809477677861408	0.0701154055133871	0.0989249304075129	0.186182894785868	0.162971104258445	0.0947581759312002	0.665554502623472	0.727468315208347	0.0736626638547576	0.171326731783945	0.237483484529169	0.241937597639004	0.0274010833934712	-0.231589747865402	0.0318379453189043	0.0359936666959366	0.136386047252928	0.475952751557569	1	0.0637958934774582	0.0881326900061329	0.155954869280563	0.0222355932104574	0.558166101038024	0.50973761334324	0.259041703631729	-0.176837575142535	-0.0720891099018938	0.067158377446496	-0.0409293505055736	0.107758095332549	0.127366431812617	0.17922624993486	0.0336592275972573	0.109788778407451	-0.245542512851776	0.590715053164486	0.152529960831772	0.083689886306422	-0.007284673901752	-0.0380409634639617	0.00155364184818709	0.396750687537809	0.67886133232912	0.0690976979777186	0.0947966520690461	0.234399065540577	0.0327788454701204	0.0484274487242058	0.150556133484066	0.16484456826776	0.122650193777456	0.103099270968069	0.16402167337784	0.125007448504654	0.320638661742773	0.527190541901142	0.723448815735651	0.777703467225806	0.121645314781816	0.0826547752975275	0.0874034172589836	-0.0200937868970156	0.137911650192774	0.114706609278276	0.254243672309574	0.343415528748447	0.577646395151294	0.690730731733398	0.102067019697537	0.374546140012929	0.17659878092496	0.49613883983108	0.280593681949503	0.483997935533566	0.32289834036975	0.0273680616236333	0.0873965516279459	0.361015824958245	-0.104463294540063	0.0527874018602097	0.0459113435430059	0.253816823670058	0.310216627170379	0.153262539864859	-0.164517256552687	0.031670804220469	0.0497783470544287	0.607125264998722	0.146822258772438	0.124712685936116	0.33974345641708	0.0894475914521515	-0.0854903686131144	0.231190814488515	-0.0236926745569563	0.214682158944768	0.113222154643186	-0.107946263306316
0.251058098366308	0.167224779060561	-0.0477249659368703	0.210443456778417	0.25859415152095	0.06830525437981	0.294512089415191	0.308340472266664	0.221752123067675	0.463638572879683	0.311878158021263	0.439956396701989	0.297451083666878	0.539552456361355	0.158139837487611	0.683575907102842	0.643246684263017	0.597935287265419	0.450434211876863	0.0637958934774582	1	0.342265623585844	0.125882771760694	0.521702537193546	0.258379156420783	-0.0507349578117988	0.203219963316732	0.180915300369162	0.333850219632099	0.440121671666835	0.722067459762824	0.335481263038435	0.283194093661271	0.0308819541163303	0.488207619894135	0.562336929023363	0.223637567819862	0.368755141888217	0.195256979146002	-0.0162245147538969	0.22198140409435	0.104766025019467	0.703507047295576	0.228248235626731	0.199221511087069	-0.12309726227883	0.358926441184788	0.0509000139837002	0.226542720675459	0.290517199052825	-0.128739101314955	-0.0754521633173884	0.158743983496528	0.168348183089885	0.0361216986592443	0.397809024580347	0.305035653929917	0.0445414206339387	-0.0981776717523346	0.144438604660654	0.11861816119478	0.345518744420189	0.320786465562243	0.367202552123094	-0.0786901856622585	-0.100112998804365	0.31180056938304	0.10632717349709	0.317692585646137	0.1748163234983	0.110168989416593	-0.0566618105530818	0.312521150582043	0.0673720597068215	0.00481797510802087	-0.0418792468688942	0.285131725803383	0.0531514009823759	0.241369629949045	0.167248222315562	0.394277853753893	0.341472629843664	0.253658568789222	0.228015827084061	0.454898904885761	-0.0217375525629484	0.245989437399296	0.497986518796215	0.21286584475709	0.185975760789864	-0.0107828099277918	-0.00547613653674325	0.10422762920808	0.196291797258226	0.214852684043512	-0.265521806045869	0.105566890469513	-0.04371841428031	0.579057779614212	0.628075608989532
