1	0.8650724391453	0.769307398967946	0.779156468817396	0.487042989176366	0.768467826865954	0.730708574950962	0.374044665775828	0.614061856802082	0.399061854028835	0.247416066645783	0.555420689945813	0.573505750096418	0.528556812572325	0.704382343775927	0.344021266411604	0.484053777929856	0.206026902489968	0.56152640436777	-0.0124584074375981	0.245517001573629	0.291397697723207	0.0925219491821634	0.209661926392736	0.124168457553375	-0.332352683488381	0.148517505465207	0.663916447242624	-0.360410432824051	-0.130778494758406	-0.0166564790184718	-0.126768802875209	-0.0215423155218798	-0.0849364342662165	0.532153570313376	0.309437701857418	0.135721014930115	-0.0944724190829675	0.286131437084843	0.403693899797037	-0.0817552068050902	0.0104760723677217	0.422980243753037	-0.0164375147947715	-0.103978798840927	0.12213476713411	0.0438777678469382	0.49431746498953	-0.130022053832951	0.570067309012037	0.311531697517841	0.750899093913642	0.308757191539402	0.799771698545937	0.442700210023319	0.702397339816391	0.33117079426284	0.487519209006145	0.417082983035192	0.677765288097435	0.482284805662146	0.0829026316230995	0.556601161990621	0.276171565954266	0.239489623436836	0.0131290511927761	0.199977646643292	0.297552095283261	0.597100032438166	-0.0674226026399269	0.519650538377383	0.193115951147541	0.474187261022278	0.523262360450711	0.214632233746117	0.11814281093291	-0.33853971735215	0.605886704725856	-0.191538927138867	0.126431578118679	0.065919640089176	-0.108131378955775	-0.131074270105493	0.0672342271203479	-0.161498317770859	0.0171969414602264	0.11564195824276	0.4051250273974	0.141677625183672	0.111193241907047	0.24451017513103	0.275849742738644	0.0578112494641273	0.140086312972649	0.11186116447543	0.295680315632835	0.01059369672034	0.0187337784814322	0.0505294909297516	0.0753978908761058
0.8650724391453	1	0.805677549964392	0.825735955135485	0.369509211074634	0.794996733640135	0.752883876518094	0.423961299267332	0.594828804596181	0.462678988995132	0.327230060448	0.6208180545028	0.633492010035247	0.595150625383244	0.705394234218677	0.339478107726595	0.490348395111025	0.162403736567841	0.560408679091978	0.0565060689769807	0.198566722132443	0.30992558053603	0.162378576628929	0.138740111308565	0.151850349638106	-0.253565229812509	0.2028123309854	0.727554080915493	-0.400945396788198	-0.128830887104816	-0.0347817587920001	-0.0776972161035144	0.0807545626587007	-0.00157811539650608	0.556596317163432	0.288553317304007	0.0645612852700703	-0.051990781945447	0.325882747509509	0.434600613103323	-0.0696037953118248	-0.0334360223933676	0.422917236419738	0.0519274614289504	-0.0394203303049576	0.230482278890686	0.115531204094429	0.589104483330562	-0.0021512457869644	0.604240048873417	0.378468838447332	0.801342410783207	0.305294362137172	0.843429676710174	0.484155796431153	0.710813024781032	0.363732516274858	0.555291719741948	0.428812590234541	0.60029642476751	0.568667383992152	0.138567203320389	0.602078470529455	0.304194126996514	0.315382593924827	0.0015429267630807	0.236528871188201	0.406014782895622	0.589358131210538	-0.0799000180987011	0.597465226257036	0.330182987875714	0.407580180211216	0.443939663488658	0.328332407417121	0.169546109211522	-0.29287254643252	0.674054827376791	-0.238386827322114	0.203336058736137	0.168614951975756	-0.0387804143277267	-0.00553916677594505	0.115410227888944	-0.111580068372334	0.136245325938545	0.102419689282646	0.425860435297127	0.109691203044297	0.0881872918787216	0.277420527425115	0.357722400937472	0.0861268807284951	0.133634917554331	0.14594611765754	0.375990185438176	0.0178073673538647	0.113406432645917	0.08008878920643	0.102467093203897
0.769307398967946	0.805677549964392	1	0.760639257214357	0.498757109959153	0.752356504406866	0.733537305581272	0.433226085477703	0.519496523520508	0.354638522446584	0.37391647759712	0.483251879684301	0.540667854167271	0.585803965647645	0.626463722147023	0.50583549380408	0.436240290073771	0.282157070815598	0.547821503411933	0.090046445346011	0.218372630498365	0.128532684303772	0.110124833267753	0.173989429524547	0.140269621638852	-0.18624964747964	0.137917249075858	0.53525385539173	-0.365268451306769	-0.0762009165736068	0.124671815664576	0.0445563150743681	0.0647090828792693	0.0206976433665609	0.61757678812176	0.407587977293297	0.108234752322912	-0.0347743283345032	0.292819092549802	0.320264040975194	-0.178875922234635	-0.026119263598081	0.499772542515485	-0.037917345349066	0.120997204674456	0.0930975290621572	0.119175518545577	0.568807206970613	-0.010186950013211	0.544304269157523	0.372757368302587	0.783939478698107	0.296481222382658	0.807655172342594	0.443910241537439	0.686826127858707	0.358196277678446	0.442284294825246	0.300838693438901	0.600471851485663	0.498831348036165	0.0995496344664615	0.552345028332082	0.32122820844152	0.457958624626188	0.0382383715226325	0.3740612432663	0.323363821773459	0.556308428292491	0.110333403950059	0.488562058545334	0.269930847227169	0.382413400574706	0.454229285331868	0.340323110127893	0.16970333691589	-0.247138965501417	0.521333281729392	-0.197919593510385	0.197849325378952	0.187345456716494	0.00212333853000156	0.115105964375836	0.235385177028164	-0.0168909355936709	0.161423568390435	0.109920509616997	0.441183235889115	0.188356862904565	0.192745826790148	0.161245580092211	0.212829887272983	0.0779766917707688	0.228606422074213	0.215346568567991	0.32657823397236	0.0483026409375558	0.0746802931678885	0.0484156470350037	0.100622321551015
0.779156468817396	0.825735955135485	0.760639257214357	1	0.424155840959288	0.81557206128765	0.883167065688563	0.497458098172212	0.658809614217789	0.490062841123319	0.498755290359602	0.707877583883504	0.661649868030847	0.542944421831194	0.742386289771519	0.56900432994954	0.616013902930785	0.26967360687216	0.616546489376338	0.0778770517841247	0.324525281601672	0.314478342100426	0.239983428394964	0.192387285999127	0.23486512718325	-0.184528580704392	0.211878432833504	0.715475003462056	-0.383222556030103	0.0316370245245181	0.178026367450573	0.0736765386209944	0.206129741504957	0.0285498938752911	0.721174738969832	0.398712290005643	0.0759525188120186	-0.06962363772231	0.448894260443544	0.425098334181919	-0.104038256540592	0.110998242355847	0.615841335967984	0.174039864100909	0.123785322195579	0.279549698772847	0.226094980542091	0.637322364487586	0.0517270985226696	0.674415548483768	0.447176840099398	0.849428608126976	0.418245512852075	0.825265507322131	0.49792570792748	0.825304578694753	0.44692994081669	0.567425981047097	0.544549160056064	0.665717492635405	0.583184017524877	0.206242055777845	0.634630144770789	0.32802839892187	0.338060980693816	0.12855822651965	0.401027718442255	0.459868974085395	0.705849220170933	0.0321559677300883	0.604723761609806	0.392505771347057	0.360936600713595	0.476006176192278	0.348868264476308	0.306480337500442	-0.163230559031628	0.610528098693558	-0.286911074987269	0.300564723849717	0.333558936140215	0.106765042356589	0.0646101063022234	0.22286266169337	0.0101182789213057	0.174181758926121	0.0775673184442482	0.588791297540207	0.182067074078971	0.211366432543443	0.437870076411857	0.39732036069677	0.271366397603118	0.204536332322875	0.223536222349919	0.385668992314176	0.0595345497268846	0.128310635564818	0.0454098656133046	0.197623165548661
0.487042989176366	0.369509211074634	0.498757109959153	0.424155840959288	1	0.620380538856481	0.467425575392863	0.226072485933836	0.264495475623033	0.443863442203783	0.330075049511251	0.477476498328737	0.262172080369671	0.375855825113173	0.429530746085702	0.261299776931472	0.250305858408492	0.160386837001192	0.15961817222069	0.157560804536478	0.314179161241698	0.307365657411868	0.155017755321275	0.179525286576898	0.17761975843424	-0.00293984712784891	0.180027911379435	0.232675102791058	0.0636395724955654	0.0811299171468703	0.0750791901766886	0.00597454018949465	-0.0270065192712146	0.286628459736631	0.387350438126164	0.243077344648293	0.0671675694104409	0.0648091870152727	0.298792325503226	0.33854749005119	0.0737081398677163	0.0381015050745316	0.347199360390477	0.0749666339298199	0.106527915843526	0.237355175211069	0.324587509232263	0.490644609187306	0.318477333171458	0.342488909658092	0.31274291688684	0.472628628485235	0.496526538355578	0.497382372281726	0.621955847888821	0.518895459262418	0.335226336717189	0.278206561332732	0.16448271370971	0.40740318230221	0.470774798934878	0.161302924224145	0.371229789260408	0.348686310060235	0.321849125915486	0.356007160055175	0.229179896188466	0.284068571478701	0.24513004619771	0.115501021235561	0.420986149618024	0.295257666936225	0.335701484318098	0.372555755929914	0.24512242649125	0.257855902868812	-0.125749005022422	0.124041820404926	0.203601491076921	0.0291667070580241	0.247611933932655	0.0818171851501386	0.167340586548577	0.227343421129138	0.191807738943058	0.214066908915098	0.0505298349427498	0.339068388369951	0.259868543845228	0.247012109568956	0.295296695440705	0.331595113062815	0.160145254110659	0.30064717979437	0.252260615877876	0.326807922744959	0.274477509917802	0.31481324098071	0.176006211942946	0.28942537943701
0.768467826865954	0.794996733640135	0.752356504406867	0.815572061287649	0.620380538856481	1	0.826518148331235	0.396203396885978	0.606773778629181	0.569692945402914	0.468105092373473	0.673316337090323	0.598305335665051	0.539194276820841	0.718889863337029	0.485943486989494	0.470316242928588	0.213448160160098	0.484393370326769	0.16242865123105	0.3471702200498	0.399490630285645	0.225570897346757	0.162634751604913	0.270997565217119	-0.0426971996778435	0.302120060638392	0.667451475278135	-0.249158324910487	0.0189319842131982	0.105687724995441	0.0640644446149381	0.119451546021799	0.148803152981264	0.664435637600863	0.366929990683463	0.064042058172686	-0.000504204869297499	0.47162232837205	0.487648027687229	0.0514771459475888	0.0787712291675057	0.48006070264231	0.197627126042754	0.052034532178898	0.31591778296867	0.294722245620498	0.744896364596794	0.120304017294295	0.618405230797845	0.443727643240053	0.819027450035061	0.438524253164014	0.844512107881397	0.605647020800782	0.798837487949915	0.329832227283594	0.533592816022751	0.452829835127184	0.600960198292147	0.617687793845886	0.147215436455044	0.611957714467109	0.250904858045975	0.349748654294064	0.170897798993184	0.369471962242101	0.395603684771511	0.564399971757692	0.0671705547588792	0.570027925932309	0.3350637568521	0.396444440616564	0.484258263658426	0.270210760571703	0.341608024938684	-0.138488104283292	0.551848413410108	-0.0307464691286072	0.20634512792727	0.232017969911112	0.0637284896819381	0.0849996715129554	0.258726070848006	0.0114509794889288	0.215362794697509	0.0367395554287824	0.566396110612062	0.20071459141793	0.191220078917235	0.406077811754987	0.429237094293368	0.24889137275548	0.244444523535683	0.160054971777144	0.476408133671699	0.158064819336836	0.135614689969538	0.207741852649175	0.252437852865894
0.730708574950962	0.752883876518094	0.733537305581272	0.883167065688563	0.467425575392863	0.826518148331235	1	0.369380106173094	0.610099702982911	0.468151085051876	0.456733701579806	0.627433241283541	0.622503575212788	0.527803314555914	0.708846420518768	0.597799632755388	0.503651713976684	0.192802772851191	0.563306081710812	0.153395983046018	0.351375842083485	0.226318318560075	0.22132027099396	0.191224708263541	0.285807739894272	-0.102973288845862	0.153119665721312	0.679898316148777	-0.327490759619875	0.0325704437727905	0.168221090071617	0.142101145948689	0.215160403855875	-0.00304857884207017	0.829071055626733	0.42557195459643	0.125546124860093	-0.0989092126558983	0.516272631772766	0.382626839357206	-0.0929701262020144	0.0426780890213461	0.61600561771454	0.156605145718757	0.144292966548188	0.296491313353765	0.216864784509265	0.684739732066109	0.0827121599857348	0.621193674632633	0.361341621921257	0.76708092075649	0.451566900158154	0.813871131360781	0.552429463853579	0.83261584170001	0.384745633860006	0.510293740922271	0.514570703409241	0.602305214673677	0.527013925731615	0.219691099564369	0.61574977404111	0.293139847776167	0.354864858402516	0.199215337860042	0.398501658526897	0.38480959963419	0.611580561211218	0.0584089924574429	0.560155492816565	0.402362452278831	0.355109958315118	0.417845972548385	0.28508584760908	0.308925596523973	-0.111451060180231	0.552796222512117	-0.133301023440184	0.208701334493163	0.311593350594871	0.118612998997444	0.114034147316774	0.203827387654635	-0.00352969492446873	0.118765497022402	0.0666960685220484	0.598406720524772	0.264458769012296	0.176133007338108	0.45109729931303	0.345312083338781	0.239755937084008	0.244796183281024	0.23034736840076	0.445603093683134	0.105873447472188	0.152195928676104	0.16748094130985	0.22660987590731
0.374044665775828	0.423961299267332	0.433226085477703	0.497458098172212	0.226072485933836	0.396203396885978	0.369380106173094	1	0.543432317686747	0.254934319016474	0.313696307381038	0.409105387756577	0.571354711130742	0.386451545596978	0.26526201042353	0.485724199108216	0.562259174755926	0.495446423826426	0.611675545975384	0.40786235105407	0.325797201085282	0.254064178243837	0.283931348123387	0.391395677702025	0.0763667799637762	-0.0628588008970622	0.187226058585533	0.369361738568276	-0.271487615868296	0.10096586472062	0.340000526566084	0.185086272777229	0.386420097983354	0.140126292143371	0.371081243466325	0.378029086643	0.210776233920694	0.0752107561333372	0.166551194584982	0.267828825295553	-0.130597859614789	0.0569128408489767	0.323537153493395	-0.011374722374271	0.334744613659519	0.24007422630019	0.214817258049836	0.298376484447465	-0.0414904561552445	0.170226546002983	0.394777857843934	0.541668655438889	0.332811173536815	0.382905144112803	0.1761587837872	0.440117417267813	0.321906704023433	0.582800134035428	0.51894485024178	0.552556036928501	0.467566393067311	0.278849353792736	0.370223236000115	0.393128011083685	0.265250393737266	-0.0995150821388803	0.493689937351698	0.461439460231746	0.604002245620241	0.38457399820306	0.498865456714103	0.294118416165941	0.342478691521269	0.254675519844458	0.457635933654589	0.252593911460384	-0.14195197579189	0.256510498859844	-0.369124933772191	0.480328639194743	0.31456541092206	0.332957940498225	-0.0221685434057261	0.398710599464808	0.306769998412188	0.129222472193741	0.180209902809443	0.425852989302315	0.187975046263178	0.309282302996075	0.142540321523972	0.280174755998417	-0.0189016841581523	0.159198857212921	0.248898808466485	0.20215795480307	0.014629076081156	0.00576044650647774	0.0158766244862264	0.146749906898332
0.614061856802082	0.59482880459618	0.519496523520508	0.658809614217789	0.264495475623033	0.606773778629181	0.610099702982911	0.543432317686747	1	0.30178788111222	0.255992991415819	0.517096670901439	0.640505771540523	0.32376792739468	0.61416199081857	0.417644614447127	0.493283222218792	0.394937840428513	0.734506169658931	0.28600678104438	0.214818723729076	0.257117088721145	0.143380086252675	0.587552620862754	0.442738505951722	-0.171518483830495	0.413381220178566	0.675305940759882	-0.365316886478188	-0.138635419490323	0.124357821581317	0.0115432243609608	0.264173406198241	-0.046857753174651	0.603906589759427	0.320936068048226	0.369353934762129	0.0296374275829557	0.374456047827243	0.461286416030307	-0.157677471279518	-0.0382365884868303	0.393680200249475	0.125442874628839	0.0535652760739835	0.344855570419868	0.0812727767385148	0.453167210991869	-0.0599276598743177	0.492396738935337	0.277590755036034	0.612424849339315	0.411484686979816	0.605769015964358	0.291702613818084	0.655217969704433	0.298413528354379	0.528244913719056	0.701048117680269	0.875878941987212	0.649126136313704	0.332910581938342	0.588250834981435	0.34034419910761	0.209075757211701	0.12474504413691	0.369414755250794	0.457455186809419	0.786231278550183	0.17495182843116	0.556938448416877	0.369828577832928	0.5777446831287	0.619324384737534	0.253595908937911	0.226299277096215	-0.151094237170427	0.523389438579364	-0.293145416088083	0.327700876283978	0.13751387177393	0.146336644585551	0.0200636572808883	0.14164530365802	-0.0385172008191035	-0.00850203922253734	0.268610457071614	0.565128964556816	0.2409212268544	0.276012534132517	0.370412027499957	0.394176079297701	0.123317361436775	0.19452941465791	0.175148245730819	0.255596089065656	-0.0557509123263369	0.0586915969418465	0.182833991745016	0.362823299870732
0.399061854028835	0.462678988995132	0.354638522446584	0.490062841123319	0.443863442203783	0.569692945402914	0.468151085051876	0.254934319016474	0.30178788111222	1	0.492894065337297	0.655135752862432	0.428205965005921	0.390326067920972	0.46792145536108	0.332760887180728	0.34799788348541	0.108902844016185	0.249020791605724	0.176019495828217	0.336008979369465	0.567117397796942	0.409642925696067	-0.0979765867387392	0.244822650138361	0.172414024479815	0.353065423317765	0.458090953017086	0.0455133076389703	0.0364090298343458	0.11553943705755	0.174400037997349	0.167994523339133	0.135116046035686	0.416584037165353	0.213068512611067	-0.180612219931208	0.0245007263330834	0.302089427160998	0.329721023042738	0.243481924178074	0.276457056717277	0.226904239398994	0.145723623342878	0.17847236650285	0.303140726418299	0.441820079225047	0.51852528864469	0.323602780632229	0.495498673245811	0.362437599888202	0.500592186740433	0.431753948793845	0.444068729966027	0.465054190132532	0.554739061573321	0.335592512871769	0.451296600568088	0.329312397605421	0.321793821743214	0.494629972824291	0.270302300381006	0.465408203940025	0.32225154937422	0.182032378966423	0.175215515083618	0.295955290322499	0.396249463457645	0.37699235826332	0.111400365978021	0.526806358130663	0.324489263185787	0.142423721743742	0.261068011424403	0.374718958492112	0.363912748759739	-0.0403723479819224	0.384533598290723	0.0630928963583326	0.251913482595428	0.27091094648609	0.200711566980271	0.0789717932173915	0.230862202686395	0.281055586911017	0.231176866386584	-0.124782906145882	0.324580430822015	0.282713416006084	0.141973467232777	0.269885015287176	0.380143421410717	0.255110738741598	0.304821620111518	0.250664409553316	0.354574014041666	0.0224429143936802	0.117938941290073	0.275312785057759	0.400885749028548
0.247416066645783	0.327230060448	0.373916477597119	0.498755290359602	0.330075049511251	0.468105092373473	0.456733701579806	0.313696307381038	0.255992991415819	0.492894065337297	1	0.550372213716538	0.367699688669194	0.464746841313444	0.402148319707287	0.509665845442062	0.389047485861119	0.189974742627851	0.241612806741203	0.0438475409863498	0.475492167571133	0.336875815738345	0.462084276142294	-0.0567109766995329	0.248467555109497	0.0958208039618101	0.186413737207481	0.172253269369979	0.0623180493542914	0.200515286512519	0.30114419354056	0.231715198192376	0.388821757258016	0.279064555913416	0.511817113776302	0.380477865538264	-0.169237374946955	-0.112600682493251	0.388647101220406	0.245915944912403	-0.0603230077685196	0.183897503576387	0.485894245053388	0.10142443959791	0.21332685813877	0.383310496114331	0.459698925660477	0.564163370829015	0.229267930182386	0.412640511701952	0.400291033608912	0.487060722338567	0.377888501928324	0.38067131928074	0.494965075192937	0.373510973694613	0.337138092190458	0.406161947429359	0.208684037973872	0.256042464700173	0.453105753027249	0.340513846981219	0.489070194177268	0.385513697298479	0.419109660875748	0.174977320741552	0.32163992261647	0.432264425952856	0.310665988345261	0.234598426861368	0.413088228913337	0.350749644559461	0.0423334985058017	0.156251470141077	0.378498591896282	0.337466043887653	0.0141052857460658	0.084131397830046	0.0668458504254731	0.291292696522739	0.475578650621585	0.409998828337657	0.15423551965055	0.202749985680619	0.370399661197911	0.334185201555342	-0.12293390221436	0.379615573979188	0.113428790273895	0.114000029986604	0.273148927467889	0.393455344380288	0.145928607977382	0.426609430468275	0.228934734184983	0.446154454774319	0.21453615967801	0.40228550108805	0.225777434393339	0.201412937075723
0.555420689945813	0.6208180545028	0.483251879684301	0.707877583883504	0.477476498328737	0.673316337090323	0.627433241283541	0.409105387756577	0.517096670901439	0.655135752862432	0.550372213716538	1	0.64151417902407	0.537419122081604	0.662352933694192	0.34604082406799	0.537068270638496	0.152842126326392	0.432493691700842	0.154373444948725	0.29138031737932	0.578854712694181	0.427705744832504	0.105413324997905	0.259266700653234	-0.0334434240274731	0.361999678104104	0.576476622726834	-0.0819177819510397	0.0802551262003804	0.118015919333177	0.117787280729338	0.328676413436061	0.151524683429502	0.486852227089916	0.15717084496626	-0.109132842620393	-0.0114933956953603	0.311641194107007	0.340446331071959	0.0400249495735465	0.238365731255971	0.354279142302312	0.176427182246224	0.0485632834550823	0.377373571544842	0.396670746665511	0.488828214553659	0.22066611005479	0.551572662131659	0.35946943147867	0.695933116390648	0.544087121927695	0.686922171686576	0.540086815762118	0.698538975803254	0.526556982113977	0.471689856410971	0.430035589119645	0.471158655421398	0.712398976582486	0.425691329863899	0.625262982125864	0.362200458244714	0.255536683309901	0.130393468501663	0.283198226233493	0.442017903618577	0.498153907514141	-0.000141498087843813	0.658421894415677	0.514585851602676	0.315890130332185	0.356961239778307	0.402514483801771	0.338858463914749	-0.0623361191097939	0.381967145250194	-0.164883230756645	0.271402264347445	0.354329070228298	0.0810510310099423	-0.0136060239166963	0.162290817523868	0.112990562980899	0.250517380811023	-0.0524807927824877	0.425508954595841	0.164271865524921	0.0051701104068134	0.32444219725768	0.353792008768339	0.167426462909312	0.306764294247808	0.235140415319421	0.458583571420516	0.128689244338892	0.20334952193228	0.223582041695748	0.324273819248967
0.573505750096418	0.633492010035247	0.540667854167271	0.661649868030847	0.262172080369671	0.598305335665051	0.622503575212788	0.571354711130742	0.640505771540523	0.428205965005921	0.367699688669194	0.64151417902407	1	0.490724043788204	0.578804248681812	0.42832416545204	0.629373058679263	0.387199991834543	0.571353495811888	0.203278289015064	0.280008854099871	0.399898287562413	0.295345152413973	0.308435144057785	0.264544009485532	-0.142380318820498	0.238000585257172	0.588718012709407	-0.207298677823372	-0.0548839842012162	0.183337103102649	0.104558557741317	0.466636195605169	-0.0577138739187276	0.549198548299174	0.215284490385094	0.0702943827897662	-0.0838610509752118	0.227246030666467	0.257522041185752	-0.0865238372902428	-0.0260365244409445	0.408227047175751	-0.0270979394820307	0.13281855625695	0.338642167868592	0.178749269745974	0.446758404364824	0.0126571051380013	0.441853468143226	0.242396018475077	0.654774312078895	0.425524060126121	0.651310429143213	0.300441439964247	0.600668849679525	0.529820128892485	0.577445882950723	0.527974374564654	0.554770705248842	0.641483459020818	0.344078871713046	0.726069077284906	0.410029435375335	0.231854095532768	-0.0945608493047994	0.211005022672466	0.514081930531445	0.59223675868138	0.0913085311032653	0.678747753984741	0.327657554091435	0.428121168702999	0.36399692416748	0.364548392499315	0.235833746230786	-0.261380626930021	0.444161066638907	-0.229535076357115	0.262633681257475	0.337676107209766	0.148404760470546	-0.129039508201857	0.0852642989887854	-0.0289465716682567	0.0710695437750686	0.0854079044623646	0.360683431614282	0.174988307066329	0.0386610929646719	0.197880573111268	0.204099669215268	-0.0394222945388092	0.158359315959823	0.14774601020391	0.300740175599005	0.0305304444274535	0.109611998255809	0.212551783917469	0.269242218514912
0.528556812572325	0.595150625383244	0.585803965647645	0.542944421831195	0.375855825113173	0.539194276820841	0.527803314555914	0.386451545596978	0.32376792739468	0.390326067920972	0.464746841313444	0.537419122081604	0.490724043788204	1	0.606972038356096	0.405569179078285	0.40256574991442	0.198625723029904	0.341242089028859	0.060444070898514	0.295137971965655	0.336558639882484	0.295256541495892	0.0723839583815542	0.10685226575281	-0.04943726595955	0.177361226672469	0.342847609830551	-0.019431238064672	0.245163211272871	0.13578651967233	0.176214854180817	0.274564412924874	0.247877458872539	0.427644605582833	0.346927276259497	-0.0502128326258201	-0.13126066171519	0.18338769690724	0.262781683879121	0.057213982920104	0.201465808823139	0.343747682647869	-0.0267101505241386	0.0750524338879853	0.241508957408241	0.179321955683683	0.440436177572895	0.323885043285	0.372796185861807	0.37112308370727	0.61234802629206	0.417943707882561	0.604739746173432	0.426220660975819	0.521538632219636	0.35485438112618	0.319155836702418	0.221505356584946	0.329197141146495	0.475242236594955	0.191600780002603	0.431645326535327	0.339166857414276	0.50583847153293	0.131099141655006	0.337738481840619	0.380773562414684	0.402883283184753	0.0878329246964959	0.493496381344527	0.384727436381282	0.297342686966479	0.295963643962599	0.42463737158256	0.219026869500862	-0.159824185012647	0.231925799603194	0.0170572981812154	0.217605248715769	0.296022675740378	0.135812356272632	0.0397424284957444	0.260265078939198	0.163344336097779	0.268410867084447	0.048186660202965	0.39025668219913	0.20877681673414	0.112934309658253	0.107515224742698	0.186473475819497	0.059645815793894	0.308240842300319	0.261906181059414	0.395651658819063	0.0341053404787267	0.291280851633476	0.211411119296668	0.232199518219667
0.704382343775926	0.705394234218677	0.626463722147023	0.742386289771519	0.429530746085702	0.718889863337029	0.708846420518768	0.26526201042353	0.61416199081857	0.46792145536108	0.402148319707287	0.662352933694192	0.578804248681812	0.606972038356096	1	0.481471490403371	0.525548003965854	0.143015916932682	0.496746544790027	0.0734817053734602	0.204470995527161	0.311999080363106	0.178003892322171	0.267171163294361	0.403562413782529	-0.0542075516017092	0.353620149065588	0.668658162896585	-0.263613240182148	0.024297852134094	0.069653881518626	0.0974186785710909	0.194328417437357	0.067905610404339	0.604850957004933	0.332109012956426	0.0390496445009219	0.0840396026598657	0.446452160863317	0.455757386215718	-0.0760799765767323	0.0436058623635936	0.48406836708303	0.208766404373984	0.0559072696551533	0.272145703794864	0.177120228695483	0.609049415648986	0.0902854522831023	0.718946326394898	0.332011146978101	0.683962300198994	0.468036434447509	0.762437738147268	0.516245480688085	0.676565788167127	0.411630520772878	0.453234280641316	0.44258112934176	0.654618532682746	0.554794812106968	0.200718220408476	0.571506587092503	0.373817327364244	0.385737548430922	0.210667608490778	0.307849703368736	0.443992109630947	0.591617848860172	0.0827501977759335	0.556336489931633	0.432045176523095	0.427822371976213	0.566917600082487	0.390235937141309	0.303417059894975	-0.107312100735483	0.602634258892934	-0.0888821876384638	0.266024802146028	0.17990113079423	0.0664075328177722	0.0601977097255023	0.120761879333935	-0.049014778955401	0.139623568082679	0.047075659540908	0.512745937793188	0.282356114842856	0.143443870952174	0.297826149382097	0.363804567766627	0.275281047513533	0.27790675840399	0.194027551800482	0.440313973584422	0.0225680208915233	0.107224232518728	0.231264386784132	0.355539151338099
0.344021266411604	0.339478107726595	0.50583549380408	0.56900432994954	0.261299776931472	0.485943486989494	0.597799632755388	0.485724199108216	0.417644614447127	0.332760887180728	0.509665845442062	0.34604082406799	0.42832416545204	0.405569179078285	0.48147149040337	1	0.560994795552812	0.555951689905443	0.497844263603618	0.278671356673788	0.482376399345158	0.17113711069211	0.250187825848432	0.262941993767295	0.278362282762555	0.301820993349484	0.208272633739774	0.272804672412563	-0.152934468637221	0.284546155401025	0.742212223845075	0.575279801370672	0.422905048339051	0.217775843702457	0.771252733320276	0.73984029647711	0.065604963828177	0.0339015726186806	0.53297541455461	0.132610318403593	-0.141133238128323	0.16900911102009	0.660511555832498	0.205186254501296	0.51251317364243	0.217920641613797	0.289918326580606	0.494030056286499	0.055787868271928	0.343308030375259	0.368674533758775	0.514430935368256	0.403156425785792	0.418539248538477	0.306995541250942	0.520779766660988	0.277492651015206	0.468675046227505	0.394342337363136	0.426401835273668	0.31732973441703	0.181149934214369	0.386713976206284	0.233104911250799	0.553504466377049	0.234398545277153	0.77308625297973	0.318895223604376	0.546112588751745	0.453484615014238	0.377698717739568	0.389811826867232	0.140422022988588	0.363054553418031	0.497784666001213	0.52898874370557	0.176272165005147	0.333641464851208	-0.106402472808552	0.552531583983924	0.460439479226891	0.536260188808592	0.296257507565155	0.540497034647309	0.466758250422214	0.336944450491454	-0.0047438686464432	0.629704889714517	0.54853621370956	0.465641375920266	0.333037417261337	0.309415758337463	0.332534981443212	0.223461685804137	0.370463522214731	0.326925964431417	0.232312218107304	-0.0319852304433094	0.262533623082709	0.317972751186149
0.484053777929856	0.490348395111025	0.436240290073771	0.616013902930785	0.250305858408492	0.470316242928588	0.503651713976684	0.562259174755926	0.493283222218792	0.34799788348541	0.389047485861119	0.537068270638496	0.629373058679263	0.40256574991442	0.525548003965854	0.560994795552812	1	0.491223223007427	0.385700911819897	0.160861928943166	0.475796950553625	0.33075463449395	0.45488235303449	0.203946939310096	0.155848640007708	-0.0716405799122979	0.253623992301319	0.36329893547762	-0.189809512984583	0.0580363762918377	0.40304345492252	0.339089628554334	0.439238541133264	0.145558160500442	0.512541853769075	0.324635253599978	-0.0302119735451742	-0.015433876590122	0.40662874945493	0.158111750241832	-0.162678952988715	0.091106455249805	0.446179805991451	0.0752309459759373	0.307183145808635	0.391460328178438	0.366125721279037	0.435343749267051	0.00265541340694064	0.428493535068265	0.284373135753714	0.596981432550184	0.34244943632336	0.53684466467247	0.359069988908028	0.492695068538598	0.508387239788233	0.501726429757392	0.509059849517658	0.523562243956279	0.554562068546307	0.228159974111956	0.550292325621492	0.537743522842966	0.351217954095099	-0.0500503706408301	0.40453036432071	0.550075718832671	0.576238017859204	0.182647641716135	0.613679117624413	0.500971556074578	0.283842385810241	0.296823700977297	0.549718195969472	0.29628008201296	-0.0376535159286512	0.262923770377995	-0.25740874284368	0.418501113926723	0.543187280251809	0.449257057720597	0.0926694540987985	0.261641907283943	0.247313908410576	0.285516827126668	-0.0529796800608768	0.421589946878645	0.21379061227466	0.145785271659783	0.280112132916101	0.276822478574557	0.0849844706137891	0.146234277128403	0.395801767780204	0.212281719652979	0.0710416184506321	0.116207075563813	0.275414469229011	0.251619002466297
0.206026902489968	0.162403736567841	0.282157070815598	0.26967360687216	0.160386837001192	0.213448160160098	0.192802772851191	0.495446423826426	0.394937840428513	0.108902844016185	0.189974742627851	0.152842126326392	0.387199991834543	0.198625723029904	0.143015916932682	0.555951689905444	0.491223223007426	1	0.422107129114275	0.295655065293663	0.413929207522645	0.206521504385079	0.204129257873553	0.360170794419167	0.160251534218109	0.231695443405945	0.266241070333937	0.0918503157567066	-0.138494715487396	0.0337226387697865	0.699542441371009	0.328882396589644	0.433518886378253	0.152733475268169	0.382109338583948	0.462995814728407	0.196588330860584	0.031655160838888	0.210827849747816	-0.18487191061802	-0.206185607102843	0.0389623770458093	0.370624435363535	-0.0759316863518138	0.354850456782892	0.148108062220218	0.184128230871676	0.133286026625009	-0.12333439792298	0.0859282797507203	0.0559802613663037	0.33420909281599	0.235024572707259	0.164981226016538	-0.0963336263875227	0.16103041738013	0.217972785747954	0.300134628107902	0.304203658639617	0.393829501249091	0.281623026820104	0.136189133286819	0.28035434683494	0.228291938076422	0.38606441530488	0.0101497555244505	0.492292128216555	0.336433243084804	0.417899062228641	0.376488680148431	0.308608841025566	0.246757010015834	0.274973165978123	0.278816660723413	0.388926540432804	0.319777924774498	0.0385537309943107	0.154704012135946	-0.176688116386671	0.406394005885926	0.390471266710449	0.420445850557927	0.0369822484591436	0.415592821220716	0.330630428415338	0.252804093018454	0.174179473900887	0.373071451810937	0.374236891044056	0.391671416276978	0.174599967043725	0.0749325337219226	-0.0126514302109402	0.0494646805559031	0.283331881971036	0.0506911507640261	0.0998206681952035	-0.0709951834674917	0.16899411784656	0.275036695408318
0.56152640436777	0.560408679091978	0.547821503411933	0.616546489376338	0.15961817222069	0.484393370326769	0.563306081710812	0.611675545975384	0.734506169658931	0.249020791605724	0.241612806741203	0.432493691700842	0.571353495811888	0.341242089028859	0.496746544790027	0.497844263603618	0.385700911819897	0.422107129114275	1	0.322181526365328	0.226711707620098	0.300912504092189	0.131606794727981	0.478522525304525	0.266974594372447	-0.155026767927695	0.265753243964192	0.655538095370682	-0.438480937079229	-0.0353494258003403	0.209855142808708	0.0258828160541199	0.268975816363532	-0.136448413468916	0.56804712365853	0.475472794421379	0.309393105473176	0.0118304605813551	0.257338492627894	0.405323384939364	-0.108656449571304	0.0168618897709937	0.360677206335143	0.0951037093950852	0.185909282780559	0.120117356973705	0.00524718047764577	0.355126443537218	-0.141141296774756	0.381262188463498	0.296175183394609	0.613771183408897	0.316872150607544	0.540729224660073	0.175937298777306	0.589363666989513	0.125345504337564	0.494529045553341	0.562716737802605	0.703449329517573	0.406828592884624	0.271061701183294	0.387117024899166	0.227061476828009	0.167653117498324	0.00674445118632131	0.481500974941051	0.362105581799759	0.801119909178297	0.210036369077368	0.520985560878198	0.237338879012721	0.421431787721559	0.414099602960447	0.274834550661768	0.244805647193303	-0.0855402408664987	0.585634585155665	-0.314898082928261	0.479355655352601	0.202153396119979	0.158148468881157	0.0212651011751138	0.29293684384382	0.0936224248681379	-0.0206364166456772	0.253762005079255	0.510912130902843	0.248938564056435	0.23069693475808	0.252090678033704	0.284675954166767	0.147268546229607	0.117150964798955	0.143272247251715	0.164879774328326	-0.0432269479237773	-0.131014366219637	-0.00427449664035059	0.206902396103631
-0.0124584074375981	0.0565060689769807	0.090046445346011	0.0778770517841247	0.157560804536478	0.16242865123105	0.153395983046018	0.407862351054071	0.28600678104438	0.176019495828217	0.0438475409863498	0.154373444948725	0.203278289015064	0.060444070898514	0.0734817053734602	0.278671356673788	0.160861928943166	0.295655065293663	0.322181526365328	1	0.18047143490626	0.0696023939964004	0.230111107818707	0.222358626477236	0.452462862531344	0.214872198785257	0.333252780625313	0.204731310977537	-0.164642638187268	0.184879439546418	0.269121103796816	0.301077403910339	0.324668525171939	0.215325860825542	0.292370483840626	0.267356726624941	0.202427482132996	0.24550441161433	0.102603011452447	0.0936491812931594	-0.1009892144383	-0.026353250559301	0.0468638777417676	0.245801603048438	0.37560252905722	0.15651781224848	0.284659723161269	0.156205216232846	0.0229662253661866	-0.0759046030967612	0.154183487113023	0.18087810911902	0.174979797798338	0.0444679316416159	0.0419940675179904	0.220115036782036	0.0924338097811779	0.202278263383556	0.316481889164161	0.259612269655748	0.203701782043116	0.06901308400673	0.0584829569711127	0.193902717715049	0.232718072591109	0.0820012470585691	0.434087057050152	0.146918688829417	0.240419769977864	0.386521415837048	0.153092483631456	0.214580287309211	0.151541937480085	0.278987276687295	0.10565410511705	0.302135763918963	0.307610681862135	0.104858848124269	-0.109985199659974	0.321544772393673	0.211809754166427	0.173098111680803	0.0226488295524335	0.411558858069528	0.357807466683239	0.257603297066328	0.0643191687224041	0.211189725080485	0.276838475904681	0.321518370526619	-0.0020795049902178	0.163945752164959	0.24729879555966	0.174708704799601	0.116832491734956	0.112351317338729	0.0808434365629659	-0.142884047185549	0.0816950799111939	0.310408183994152
0.245517001573629	0.198566722132443	0.218372630498365	0.324525281601672	0.314179161241698	0.3471702200498	0.351375842083485	0.325797201085282	0.214818723729076	0.336008979369465	0.475492167571133	0.29138031737932	0.280008854099871	0.295137971965655	0.204470995527161	0.482376399345159	0.475796950553625	0.413929207522645	0.226711707620098	0.18047143490626	1	0.339781909890671	0.246823218440411	0.0939894707426651	0.216467358533313	0.202202092096132	0.144280722862491	0.0896176106007628	-0.0142389375455241	0.0967647929933273	0.505250014697024	0.389765052935635	0.330450701053611	0.10312799626637	0.426792759828408	0.385204264902612	0.0877440413642792	0.0190330391781544	0.357763493703186	0.0242527747369741	-0.132082662226113	0.0632060356905198	0.533692324093922	0.0888003255344415	0.241550519174717	0.227291418898552	0.327134634210696	0.326485648244869	0.10653734113015	0.176626380144514	0.184027397889481	0.365340512419918	0.326927370130238	0.303825658997273	0.348243817511758	0.345392392320638	0.0863518264220726	0.421396313182217	0.289013428336913	0.266218907920534	0.250432331646286	0.210754671981879	0.258386486848112	0.244886470474158	0.285283478345777	0.203536797405725	0.441590519833032	0.369315616077743	0.320231950680067	0.336065566318945	0.434938772923911	0.304336941839553	0.0555254993366006	0.254999922836544	0.448835585286835	0.23242996310546	0.077445933669251	0.0987203960154354	0.165364469848793	0.405601698037341	0.511909022504304	0.525637265399938	0.140936875464783	0.432259915411923	0.33438531435196	0.225652720185011	0.0959455688460758	0.356224995589793	0.404333533556801	0.275758633544808	0.289415776707189	0.272312555666807	0.0223505815213534	0.137552375589413	0.360031484942088	0.127817626790818	0.229728607933021	0.183830440615549	0.104365021059253	0.227564476642203
0.291397697723207	0.30992558053603	0.128532684303772	0.314478342100426	0.307365657411868	0.399490630285645	0.226318318560075	0.254064178243837	0.257117088721145	0.567117397796942	0.336875815738345	0.578854712694181	0.399898287562413	0.336558639882484	0.311999080363106	0.17113711069211	0.33075463449395	0.206521504385079	0.300912504092189	0.0696023939964004	0.339781909890671	1	0.449287586736254	0.148675292308756	0.0789022722183267	0.0352960889767262	0.352884130120648	0.315942607561507	0.0691017519802183	0.114389818771263	0.161607117239948	0.140476736678411	0.2901970926496	0.20642998046266	0.203839844488062	0.189094738249197	0.0305798324229408	-0.0199536400968119	0.140340389497918	0.24373029370168	0.25322875917224	0.267381713227032	0.187123519068812	0.0999978601486891	-0.00610249819593291	0.402829135896419	0.403677522258064	0.243252876177446	0.268130059588926	0.279199080231633	0.184596588945304	0.388849929011899	0.416773196988207	0.326365909147587	0.243815535483585	0.366987600450096	0.256093632122953	0.350879855135133	0.268679199013795	0.21960700282019	0.500793503351133	0.427043069116864	0.31443877523199	0.208726712261195	0.135270643458824	0.0727397969611768	0.24387136508213	0.401267402260179	0.328142483459913	0.103936929557176	0.573956526196224	0.340199263832571	0.309793604574834	0.255006993609711	0.387997942555643	0.347713792054755	0.0588921113304238	0.269611416228973	0.130123340058502	0.29503805435651	0.314469219358322	0.276194350492797	-0.16359297035375	0.269557735070781	0.254079951201552	0.250412591326248	0.186386652746535	0.287161883337563	0.270235921320688	0.00552927450957556	0.192520768920714	0.401894634172173	0.112975727169782	0.28895538502232	0.329261182401335	0.21892169893857	0.133509668849819	0.13596584888203	0.226044571098379	0.376921256606058
