1	0.665294016424405	0.626338426247216	0.480497425366087	0.734451679751558	0.514932626012838	0.446593168015735	0.0979029736417397	0.103558641276683	0.299430685027258	0.0474220948646134	0.181106684499031	0.113645379625368	0.571163187459181	0.323385711233462	0.357796112577518	0.0412242309128021	0.00251582762937651	0.276601770921577	-0.0727365603213703	0.290823582609134	0.0732083265565535	0.169455688514428	0.251950354617049	0.0921250819988599	0.447109646202542	0.46934516078641	0.205872261673686	0.0515247817554462	0.371188877680289	0.234319123042341	0.381580139967622	0.00170669918435113	0.401823077310816	0.406722318186336	0.356984234552168	0.348645419414679	0.111220285974105	0.332853391225322	0.385551218818084	0.322676794115669	0.445396516715034	0.34570271077848	0.480244997488684	0.0720464861025394	0.193823421984713	0.346473188115047	0.336940124232967	0.466070121754657	0.145833296733676	0.386090409321276	0.590021558722491	0.481035323408134	0.347728029166715	0.363972991292659	0.437876406728005	-0.018566556305927	0.0218243707512934	0.135464402775682	0.0469407612790946	0.3139915433326	0.124179543724396	0.376982440330882	0.0252466598692204	0.450931247889329	0.214800127617649	0.338117899091198	-0.137038101145482	0.342392414787818	0.033589197491245	-0.00242494634753284	0.170015318703064	-0.0715421741353442	0.131689418492862	0.0108163315324441	0.353387327357741	0.361893127754708	0.353165821483286	0.144030801154148	0.083366065504777	0.148806417575309	0.00524709404825473	0.5607541600664	0.187692621021887	0.120160100840447	0.400456043173614	0.100323322408006	0.323412255511043	0.387461717607882	0.0924815859239169	0.211314886866134	0.427147692673357	0.361123075564235	0.255617522002452	0.0545941735812297	0.31870590786921	0.421852473820476	0.365610400390095	0.503896954498938	0.385898313492261
0.665294016424405	1	0.682541894030944	0.674374335564697	0.644509611857304	0.576894399887911	0.573520684319297	0.22880305377298	0.303468693127031	0.448435466834045	0.234269791061063	0.383327563096095	0.331319394046768	0.697798468778833	0.632011281226252	0.343588423464571	0.185729948488375	0.0189595508504768	0.234962925275272	0.176129627605127	0.293237160883215	0.264701840021571	0.265097206371924	0.32975043891952	0.226109387680538	0.235606480718556	0.347651988612058	0.199525245885172	0.00171051507413788	0.214228329906962	0.0536978845754764	0.334016134477822	0.303435409266321	0.228143932662138	0.448022607365489	0.352106769409661	0.252859927128183	0.142292836466589	0.23938303741869	0.443689320091749	0.367634874902956	0.459310620445057	0.226677297536511	0.336089132579026	0.19521030789463	0.170527556861127	0.288681147729796	0.390872599556976	0.370150741589411	0.399474580002966	0.483125651184786	0.766950485407153	0.652487840387663	0.493970681541504	0.426911192346454	0.627919912743432	0.156686082534113	0.222935214790696	0.249716338477229	0.222338207648505	0.492386902083656	0.3689755825125	0.413561955311038	0.245416565017332	0.547408120723495	0.279537990281769	0.331835585821499	0.00393601633193685	0.354274413382704	0.265660992331697	0.0221572698355252	0.363706981372422	0.083932316706607	0.170405777070328	-0.0421726899494579	0.204003787618618	0.161145287787704	0.102090302260773	0.109015486582427	-0.00186613667064496	0.168548523370822	0.165959968729941	0.373386335913442	0.0233472978488095	0.292186592091229	0.329952949268485	0.0796215208011861	0.292112925164618	0.190511283808983	0.14418875745	0.216365460778997	0.403789624326106	0.268896801017464	0.291619069733394	0.101181980426552	0.454471313607636	0.389661775003052	0.389178945546913	0.542883204707688	0.506754169690614
0.626338426247216	0.682541894030944	1	0.534003892202403	0.656736572655907	0.55270391745965	0.597936580159919	0.252320668559093	0.2134633925494	0.270414602823362	0.170102513987121	0.26497951783084	0.23082181862975	0.600407513155051	0.433253813378459	0.306532570456066	0.120051541383582	0.026464255654087	0.277306256661065	0.0524955516258211	0.244264286950247	0.13730642166395	0.248104870566034	0.312846652128435	0.147554388105196	0.266285512881449	0.415575988291893	0.276545489601922	0.0620667689214978	0.287250837811094	0.104390355782194	0.306857399048049	0.12203658235155	0.390414230362577	0.416041525193174	0.340769688187768	0.134702678658992	0.0820846573574375	0.182332673660538	0.371803481219851	0.252227536841293	0.432095033322262	0.231948674452204	0.342487620511446	0.119550313731495	0.307437540613398	0.265290074580009	0.339919497502951	0.415964743472204	0.311913474341693	0.37093486648048	0.690583610429047	0.464883953432607	0.575757684266427	0.423276445852793	0.526202429385547	0.115925833089145	0.0906706375034062	0.190308622514917	0.144928073445244	0.34721993029346	0.0841616080581135	0.341643978326989	0.137322485578692	0.482221469335825	0.0996416356386626	0.242302340107766	-0.0114273113186336	0.317333716030551	0.0400793221884459	0.0105535223335007	0.137294012425723	0.017099430377673	0.19360441173824	-0.10014146572445	0.308789218568578	0.14880905836199	0.0675041919139197	0.117858172726934	-0.0907504285457211	0.0277078882687509	-0.0093617647443415	0.399518369064739	-0.0198859579867628	0.0291760642765875	0.176186910498446	-0.0911092503906668	0.231826241910844	0.0862752836257647	0.0138093221311352	0.0758938280039375	0.406998095884817	0.205763356579599	0.14088601005328	-0.0230831529634436	0.327980098733717	0.425896869972386	0.310299584376461	0.37293123988676	0.404635235788313
0.480497425366087	0.674374335564697	0.534003892202403	1	0.528699072605201	0.720225058762819	0.801175859671663	0.386277778758362	0.446397645106044	0.525986287758455	0.242138816952851	0.440395173815474	0.33275119742473	0.580386527153712	0.606979584766729	0.531785254985382	0.364848210361005	0.162416948183417	0.276941051186581	0.357369437459277	0.535707975222857	0.372829345347721	0.429033081826434	0.236072776199539	0.411163649129781	0.374077629586604	0.454091685685643	0.201749855251567	0.101306469130585	0.0977518957017506	0.214103856997746	0.45214200599901	0.22129967582766	0.383889396333	0.63814087892795	0.415171691070499	0.2716973982774	0.215731253329422	0.367493024470944	0.397382587539146	0.376704961549086	0.461662638409504	0.468127014243028	0.317498841519102	0.204499180136669	0.247369745997835	0.331517183998016	0.570807055998236	0.393758446212147	0.445623929166214	0.507360199256425	0.5315467510182	0.69815778511804	0.64877597292296	0.635993134108954	0.850647363055785	0.180990573651454	0.362947168277194	0.308830192135228	0.407219059697015	0.591686257873925	0.360809627551368	0.379262494092123	0.243072188918686	0.545699737618365	0.56813276138709	0.324604140354339	0.16840966021737	0.367492932481827	0.332695460800938	0.197620194787782	0.444923999554378	0.175234240642167	0.362486470684386	0.0416188050227243	0.386293451912083	0.363106453479798	0.142962267875955	0.125144477253567	0.0959479234040204	0.286247309587473	0.277584727825987	0.299754222285394	-0.00681318576700736	0.318759140671015	0.374725789222553	0.143301100840819	0.468167861924246	0.267512505963729	0.267872225135655	0.389222397428227	0.38965581157126	0.320275323162446	0.227161851534402	0.226256386250483	0.595854181616575	0.347268353037958	0.439346282836514	0.457216386634949	0.508872902560395
0.734451679751558	0.644509611857304	0.656736572655907	0.528699072605201	1	0.673574689026908	0.370844320190344	0.095007696398332	0.117342490000207	0.216447837972793	0.0547742632112978	0.23397037779789	0.187035794688448	0.508171755164784	0.334849604461849	0.251285193162657	0.161290822393857	-0.160726405784913	0.135645729452978	0.0352130187638115	0.356750748593103	0.145112252209726	0.154212531173004	0.175470414654655	0.138854849394403	0.386672641100554	0.35959583850851	0.250549774664708	0.158645250872837	0.266524869299202	0.0875594161639773	0.304464354324214	0.079359135777412	0.402082140401837	0.331180043206966	0.32103674109763	0.299857774654926	0.0740973207984894	0.290214587081224	0.354613787060555	0.398708596401556	0.433779657845535	0.279540829303887	0.451534559191273	0.141241926075609	0.253464238591898	0.286169131013395	0.459496338798856	0.567474413689697	0.107787151849945	0.32421156732437	0.573614685639888	0.463380488532836	0.455261713537933	0.442303860056786	0.44308349059305	0.0356896867186089	0.0571850958907019	0.119090217955892	0.13186128111953	0.414667082227474	0.122060334631137	0.346791558075641	-0.024362518553336	0.394360785227261	0.113317936188006	0.317967448885865	-0.139363273263409	0.203139969773553	0.0177702775004229	0.0251486505999714	0.142173819679354	0.0330910135387704	0.222622313777247	-0.0986516279270012	0.381196822686158	0.290776457026533	0.182021114663595	0.233228095255424	-0.110656134900699	0.0547005064563491	-0.0702776687512913	0.478756418560046	0.036103589014478	0.0844420285181809	0.272054564499368	0.178048347120662	0.226310599095965	0.33181211583878	0.136957860736033	0.176096376067848	0.365902652836683	0.342644525110678	0.189865321709512	0.0863643720437541	0.307331594969003	0.483109340012294	0.427841217191981	0.378656323463787	0.424112956941888
0.514932626012838	0.576894399887911	0.55270391745965	0.720225058762819	0.673574689026908	1	0.661756786326692	0.256777000861509	0.317091015250383	0.335839613544721	0.169002233377448	0.373390407916687	0.285991959604296	0.404882504412512	0.538420847753316	0.475617624644384	0.378538989002863	0.107901856521957	0.288591803133397	0.288816379026234	0.596388158826325	0.364589850343279	0.421542582864651	0.301754600979121	0.311973412886554	0.417870894181734	0.544533303123786	0.296513057890914	0.204714439441992	0.22536085353954	0.320364969359144	0.541692375217114	0.24865694776749	0.482374233763543	0.573629931947405	0.472851621405091	0.405713035135753	0.285827377230674	0.538107589817912	0.428337348006823	0.378922273477647	0.444270379768313	0.556164591484816	0.46754859575636	0.243550956878001	0.365294491447522	0.437340491605484	0.816142136571304	0.396179372062347	0.364883433654254	0.609964525101739	0.53703990744487	0.545226161689406	0.780933999897874	0.75457435371648	0.638702571887628	0.0710667474047207	0.209532856384631	0.166114617589919	0.289259667049324	0.650055697790787	0.351047605022749	0.464764579922818	0.0590310205807058	0.515241184708549	0.468276663621962	0.415898624210415	-0.0521318841877269	0.319851881842594	0.235377641349218	0.168283348544425	0.460419744415811	0.118759739991437	0.288284873478885	-0.0492198461569972	0.409843175503266	0.391300884992581	0.248920728933206	0.252820105276875	0.0888727739127621	0.166878442190763	0.0347958466645118	0.519755260019384	0.122222104983823	0.156234472287593	0.349003669860386	0.190382665197409	0.480080948767047	0.403831250099533	0.246546385604736	0.480664493224467	0.45958395226972	0.352298158461363	0.321866605597696	0.241782135183563	0.695399399587466	0.436632041928618	0.54335060740344	0.412933241958303	0.491272756186428
0.446593168015735	0.573520684319297	0.597936580159919	0.801175859671663	0.370844320190344	0.661756786326692	1	0.382623749517011	0.465974753823345	0.47286339523781	0.153172255516001	0.389075770306868	0.238505112309616	0.4694962930144	0.450088167624892	0.583513471157552	0.298948190945131	0.263688910263052	0.401437456165925	0.267774805596974	0.451693813056208	0.290648026284304	0.49042809455824	0.424722323628408	0.359005587566857	0.447941295357166	0.574478566568969	0.328429300284002	0.0592869428893266	0.210537957642318	0.392179161621212	0.533763145694556	0.219848822937023	0.436961132585256	0.798299537234792	0.445570022871434	0.369910426287792	0.321041110324438	0.483392240719392	0.461866570007463	0.297315017628261	0.482777040836754	0.521230071975591	0.39636071582444	0.192579022888937	0.3530637099545	0.423694526327582	0.574028773875765	0.24643570639759	0.420217382976864	0.515561237788743	0.542764675567511	0.589541107496389	0.697383307250778	0.707525445297048	0.779000974985051	0.262531132419804	0.302597725133486	0.297704664865375	0.382233978325797	0.460110104819542	0.299071790969913	0.417034865460394	0.367700503350805	0.45961393810976	0.533122475079046	0.297213406898398	0.213660907403583	0.408619203426689	0.287205180693801	0.186072268979054	0.38815636737328	0.194849737976538	0.273365568316205	0.0886084263191015	0.344981307755291	0.394409213221886	0.242790937317534	0.0318670135058842	0.246698671761328	0.28308646849881	0.297187928494669	0.37020570376826	0.130265092216931	0.2479339517228	0.347241332939377	0.102323245733246	0.533200940684678	0.24034094939438	0.230354515509795	0.468601786334984	0.476532766331573	0.361195437189808	0.236115611959378	0.282104738049906	0.63129653877651	0.309421453725618	0.363363347055597	0.383313286000298	0.387904847966871
0.0979029736417397	0.22880305377298	0.252320668559093	0.386277778758362	0.095007696398332	0.256777000861509	0.382623749517011	1	0.768506920208789	0.365381351801415	0.0612015362649233	0.46308946879334	0.478571841774519	0.3528752436367	0.309353795595054	0.297529614518156	0.363884918966579	0.496275140320152	0.548237434858898	0.700491235492968	0.180524295453831	0.298494775608056	0.445842704626358	0.292020731949917	0.545079079209237	0.0357598923256508	0.173217571525731	-0.00665979122441993	-0.232717373194808	-0.0564025653432184	0.0574156697702148	0.235648212152279	0.337150932256871	0.00159913531929341	0.233438739714901	0.456330369960504	0.0815298637398923	0.246029923172676	0.0358629613004759	0.0480422427714592	0.095323853519666	0.273623920534422	0.0220207814773776	0.0582083643129975	0.419209354784917	-0.0393252244261727	0.17914227048595	0.104782153324451	-0.149618689385676	0.275456012727703	0.304902966475419	0.167453295464809	0.157778122568768	0.245679529619715	0.220765225146236	0.373976583457115	0.44696545837784	0.585461690338061	0.63312811143606	0.637810416865404	0.396503745465133	0.347752272204512	0.32481403007869	0.393513218390798	0.276948705065469	0.272269051887786	0.190483732531675	0.532819077772666	0.523967159118074	0.53899610273265	0.324841964480303	0.305629914161594	0.286364549563768	0.495502071364667	0.050545903362863	0.107883275653049	0.0736157017854997	-0.00641041636021123	-0.190116822325476	0.217740623119009	0.163794280081343	0.331564001547905	0.00673363344713687	-0.0377805717463658	0.423227243663582	0.134616707258025	0.0485948218858306	0.30109464118553	-0.0340005207108339	0.46231124458402	0.163143273763675	0.106550602292034	0.191489451658851	0.100522439448779	0.148686647694979	0.238592199854144	-0.0930538484901568	0.136601744529338	0.24498306681117	0.394205045038919
0.103558641276683	0.303468693127031	0.2134633925494	0.446397645106044	0.117342490000207	0.317091015250383	0.465974753823345	0.768506920208789	1	0.328822337046752	0.166109815069432	0.426691804800483	0.483959750284937	0.345413426620134	0.341113115524864	0.391157720626393	0.346047879576563	0.347754124853906	0.509155030971699	0.736810542128852	0.338633984958462	0.231498220244063	0.409587182367699	0.425417265827318	0.61739629108994	0.269436553221537	0.376716043497511	0.109118223497991	-0.20968146655356	0.00225419066593076	0.1654925142765	0.319683148509529	0.290890600408323	0.167858139300841	0.410536160288721	0.500559737620759	0.236410005503644	0.409864818138089	0.256495272557017	0.297524399978166	0.1038607138319	0.305211142912036	0.242119785488592	0.214600997729946	0.438933382429039	0.182557580445715	0.261126511986118	0.252422745818043	-0.0858909481881835	0.402362755546213	0.284068331785556	0.195145698080758	0.326388543644405	0.286269576160037	0.306882779902564	0.52467992713887	0.553716359700825	0.697026943870979	0.684958135808185	0.878965813428412	0.447078386297268	0.438426108676467	0.387544930933296	0.472172046930754	0.218419518247037	0.36549558415099	0.355974257044431	0.424994593625842	0.543153269095286	0.722278067354152	0.247797082232956	0.280203339573788	0.39852608016016	0.601676201930751	-0.057003636941345	0.224781054032891	0.194171444147323	0.110327744348045	-0.22543642386716	0.299647499612554	0.199924436378289	0.262091643892336	0.0966119534075841	0.235505450641861	0.483215548473643	0.266778834230618	0.17411109298137	0.42098537001196	0.0719133663582427	0.657415281562206	0.345336559573786	0.302701411330058	0.320332744316925	0.134418465616038	0.163953449183633	0.369810988122647	-0.0681984733409501	0.144975484368891	0.266950089198448	0.330603317891828
0.299430685027258	0.448435466834045	0.270414602823362	0.525986287758455	0.216447837972793	0.335839613544721	0.47286339523781	0.365381351801415	0.328822337046752	1	0.450375221768186	0.724001788966374	0.289148660510262	0.482122883094926	0.421371401368318	0.29781163227885	0.269696760768426	0.257925135351089	0.124480871926543	0.201966928339845	0.374612174595296	0.529561912398334	0.398015367239056	0.230428081348959	0.226735037456036	0.234743159295805	0.345339366767708	-0.0773713584599262	0.127099724091326	0.180011822757126	0.0693187061671571	0.145383435692531	0.144596169307375	0.0641410078483025	0.469428537024664	0.239395969016759	0.0549860033485474	0.0833927810813135	0.157348398737701	0.237459244361553	0.378102753825264	0.364367929759374	0.153077692798257	-0.0221483231022806	0.00967056701211536	-0.0198631846074006	0.0934056260774597	0.265872331391903	0.190051901754001	0.521328851451674	0.371992284191401	0.440782770197777	0.440617351445317	0.268025930033492	0.398926523963936	0.522912160384079	0.0399058822351886	0.241984383073054	0.289584672760664	0.228150984020099	0.578004954178418	0.503542314899409	0.413510897808758	0.354372689459274	0.477053293605355	0.504562669418274	0.145723932064781	0.287906803342112	0.295332040375383	0.126814965001468	0.239258317849428	0.584012710662856	0.0869099378759834	0.162825231407453	0.182996912393393	0.11461941664403	0.183401540851422	0.116379475363563	0.0527249494308941	0.0530888590682146	0.0408153811788194	0.182670314590212	0.181171039041254	-0.101761078357463	0.0827657863066697	0.154187938792962	-0.139678673809679	0.317003618213598	0.114381564101354	0.0493551270650956	0.270128244625412	0.277595994419414	0.0785336791681253	0.296252919728323	0.171662979475163	0.389825058646504	0.265028827106421	0.437239785192082	0.3951158087345	0.33123611867745
0.0474220948646134	0.234269791061063	0.170102513987121	0.242138816952851	0.0547742632112978	0.169002233377448	0.153172255516001	0.0612015362649233	0.166109815069432	0.450375221768185	1	0.565220124433377	0.242209377585863	0.185455753274237	0.419144207397819	0.0831676983962279	0.120534971254989	0.0817035692631678	-0.0921023023994849	0.109125588524169	0.418984478076595	0.323620350423734	0.267245541862131	0.1012703936374	0.0745749759262118	-0.044358661395512	0.162344819918862	-0.0394336685017265	0.125423964520144	0.131758610108311	0.0245739368272802	0.04448901343417	0.127206821850454	0.137960756285793	0.168938372929211	0.0286638306111395	0.0586518430369823	-0.122573924452315	0.0549031817842301	0.161763435072611	0.115401838167637	0.127634942384047	0.153024890240816	-0.0797946780108235	-0.0590008192613638	0.165317538448825	0.163122881111377	0.212163466335778	0.180089739872405	0.499354065079771	0.210532785501275	0.187227639620377	0.199418413023394	0.171537238865856	0.206303027535378	0.169793900518986	0.0363599401424035	0.175354100360315	0.150740106565377	0.165455153203772	0.313186998072153	0.371799141135463	0.238612483814342	0.271207083313786	0.245088247623341	0.239632552080401	0.0605961073119214	0.10124234218974	0.150175150093598	0.0685036535509629	0.125727786698087	0.341550966605468	0.128460942754738	-0.0191505707279741	0.0330393483097882	0.0797074659652037	-0.0553296330723679	-0.0454090780185347	-0.0194402929721004	-0.00676712246428039	0.136590220306939	0.0769763800993033	0.0520278350487471	-0.053491284688239	0.0151004535886586	0.124832800715317	-0.0409566449041946	0.030705148453348	0.0536675764951193	-0.0494186035751428	0.0527612961597683	0.189917053276584	-0.0810635018177507	0.18332249872727	0.088312368667444	0.231908714253745	0.0982649113924481	0.298894039562117	0.210199685772642	0.0568578731017052
0.181106684499031	0.383327563096095	0.26497951783084	0.440395173815474	0.23397037779789	0.373390407916687	0.389075770306868	0.46308946879334	0.426691804800483	0.724001788966374	0.565220124433377	1	0.552895249275344	0.385542061166127	0.490370806581348	0.264834815463471	0.43459287362391	0.226809670929134	0.162990255059089	0.3027887176778	0.441576350176076	0.369326884879107	0.507501350461929	0.189888419776227	0.261599382048373	0.0402156170468033	0.303914953131102	-0.170152075213799	-0.167363886979816	0.0229620346195095	0.0368022661231098	0.127761685798815	0.342986746436715	-0.0392084604393433	0.324148311791121	0.259814797379793	0.11591163585053	0.123716144123877	0.0651777680453847	0.132522470369603	0.136896576733289	0.279228062801165	0.116446409035101	-0.0258092351075743	0.1031798605837	-0.0959003914615985	0.185556282914931	0.272423234795088	0.0527844324548684	0.497395881650241	0.367184157637283	0.350068119276652	0.330932591824995	0.309722625491069	0.35072519686684	0.430950902836454	0.264768306299062	0.439594357341692	0.441371867248876	0.342311488406151	0.505775759862194	0.561133982995278	0.47782404989572	0.432876104565519	0.393637396703873	0.365546107998389	0.135194970703166	0.412187311357947	0.384235347635459	0.297798592399594	0.273740497857587	0.59915723643459	0.175227740674395	0.216691684210765	0.232381316718612	0.107480634988612	0.227741729015533	-0.00261304337345537	-0.142564859766668	0.136490162950299	0.104362040669158	0.300491311877954	0.0185731189754968	-0.112267941485672	0.215910264370399	0.110108355762769	-0.0191563004964139	0.319315488716847	0.124769016813003	0.170272561521084	0.165585531860473	0.153295744997714	0.135360246446452	0.221756134051533	0.229320031072505	0.343393129753223	0.0526492473631439	0.359465255488802	0.230123280887783	0.273552409958189
0.113645379625368	0.331319394046768	0.23082181862975	0.33275119742473	0.187035794688448	0.285991959604296	0.238505112309616	0.478571841774519	0.483959750284937	0.289148660510262	0.242209377585863	0.552895249275345	1	0.453806155638665	0.412141577371637	0.126210697988767	0.575291562927034	0.1544564270412	0.168709414652716	0.436025205673858	0.254370120107068	0.19606625752746	0.453331770743623	0.213337041263947	0.373576796057558	-0.103481227631741	0.271865608675117	-0.0892453325789704	-0.333145615340904	-0.194534852776055	-0.0942380259560404	0.273983140954317	0.666467473823082	-0.0510616213871723	0.118666640894434	0.195094257644691	0.0877662627441432	0.216568569377864	0.00601233473757295	0.170847726691076	-0.00706628786133823	0.206582463477439	0.0156758078386919	0.110822249300581	0.432693049573902	-0.00907643180369809	0.246847221371129	0.156354208115004	0.0534268874647265	0.279109973324994	0.220127482447467	0.264140315061592	0.272095655032017	0.20401961503828	0.142403214599448	0.398802708330079	0.420815216253156	0.486904297327318	0.323207623733678	0.443403361092828	0.372861295750301	0.385251456323063	0.443830042060009	0.480933867426547	0.24442426218427	0.147374708006447	0.146334693118399	0.378238993436214	0.278817948416353	0.465217671191437	0.177153718623861	0.313361691181082	0.0880313684400928	0.363642845158662	-0.0168875153826834	0.166439780225125	0.107464618961654	-0.069572747741969	-0.206878455930371	0.0635083045226304	0.279396875170503	0.365240246391519	-0.00967630115624135	-0.090856343845832	0.413373979537826	0.162338679694869	-0.0120292463173791	0.155554542696703	-0.0336272212073499	0.373284328236893	-0.00185913363920413	0.0735850919886198	0.230089688088766	0.132069308092169	0.149639909090067	0.195166396957089	0.0234508014409103	0.18141199196355	0.0830714826499799	0.217991942306944
0.571163187459181	0.697798468778833	0.600407513155051	0.580386527153712	0.508171755164784	0.404882504412512	0.4694962930144	0.3528752436367	0.345413426620134	0.482122883094925	0.185455753274237	0.385542061166126	0.453806155638665	1	0.568586853654389	0.260539209189386	0.204084251937797	0.0347798530277876	0.229694304967811	0.139158879082231	0.220284202461742	0.255299774711108	0.351361477608993	0.275248184704384	0.192658051802347	0.242775778974837	0.342214864366981	-0.049469761450417	0.115337974317464	0.352877459733156	-0.0588758833185565	0.311312968202536	0.244779605114606	0.162272003597609	0.378852323087813	0.322562290645084	0.190245626412158	0.151944783850666	0.127731951315724	0.36829382941051	0.391649401078418	0.455229517596446	0.15472049663108	0.272915040817605	0.17496943393611	0.117389403618985	0.172655469557479	0.208049546267558	0.520165054993025	0.360096164967205	0.254559618400614	0.592423768695706	0.605566456605353	0.260161057899351	0.301167860293858	0.621958989061273	0.087160160605371	0.199861685276139	0.273728067845361	0.24655208188431	0.48093977057046	0.365410045356651	0.437266378306425	0.183688840130267	0.5740551657048	0.258277765627115	0.275870489754139	0.032696081967662	0.28572697324636	0.147016739628993	0.0544072635463391	0.320370129673833	-0.113324216545511	0.248279083379316	-0.0830442034382904	0.292169249209271	0.181060934704244	0.0566304790784066	0.0554503234428463	-0.0868895216777519	0.0797186035977773	0.0829848820412728	0.347245374423319	-0.00351555998194267	0.208138210966458	0.149181159310086	0.00573298089632509	0.142189966836711	0.0894345915322069	0.217242475947818	0.0805764518119785	0.334182642019368	0.218932372013173	0.156994034173863	-0.064210185880934	0.333217442093999	0.419665192534188	0.397927704738011	0.421352949153223	0.432465828578041
0.323385711233462	0.632011281226252	0.433253813378459	0.606979584766729	0.334849604461849	0.538420847753316	0.450088167624892	0.309353795595054	0.341113115524864	0.421371401368318	0.419144207397819	0.490370806581348	0.412141577371637	0.568586853654389	1	0.327629520802503	0.29761814101842	0.106588179465777	0.17230387811592	0.415879726309863	0.443043255430847	0.405769102303645	0.518240660830444	0.321689122461039	0.337322505785734	0.180423576530399	0.288891767464526	0.106762107178613	0.0467397266836577	0.13752669722022	0.10513956838932	0.41784709344393	0.425664247530732	0.148480286541055	0.365254546831761	0.270143608675794	0.233065428481726	0.301256934965515	0.287043009392387	0.422802664495522	0.300718710094095	0.42330843469918	0.349920160567539	0.289329208119443	0.354680507006572	0.245209454053973	0.409700525052419	0.501431723856662	0.368108667699334	0.578270227078183	0.593462432448003	0.607244404533216	0.488343953777735	0.540969186026237	0.428558094751156	0.497014052175365	0.190976503663693	0.242143650833692	0.247744683297612	0.293365701878753	0.540789166088323	0.451634741068927	0.43443955637949	0.324204509908706	0.550648492770069	0.416198915372408	0.267325441422122	0.0489563532393701	0.267230372146274	0.297531800771469	0.0804618380554174	0.548425801665815	0.0714694234275201	0.167448984086045	-0.107166334229269	0.291142020381369	0.177222646080377	0.183448406783947	0.0193655132668343	0.00338730392226727	0.289074166306762	0.226457818621983	0.347295432438214	-0.0163073052710567	0.330941284739827	0.362936772209167	0.0361664169794284	0.208726395117737	0.16644796067505	0.307047367351838	0.215524612459905	0.380653425613614	0.218986742140877	0.428905933251465	0.181133429557674	0.52924815936753	0.271336898498229	0.460411043349198	0.482234962809488	0.458759577009622
0.357796112577518	0.343588423464571	0.306532570456066	0.531785254985382	0.251285193162657	0.475617624644384	0.583513471157552	0.297529614518156	0.391157720626392	0.29781163227885	0.083167698396228	0.264834815463471	0.126210697988767	0.260539209189386	0.327629520802503	1	0.422420472617106	0.509409494331934	0.661098430669418	0.219377095075762	0.612114679748905	0.224379186813014	0.265715003477582	0.458357440109108	0.365218493050086	0.589284770875091	0.560506585751519	0.369940336496703	0.00944062514693534	0.206429908499958	0.751670823102132	0.583598748229769	0.122994629413339	0.403310082718741	0.72488972763727	0.824365049925167	0.350489733049152	0.443639431854483	0.520615785225642	0.362957988241254	0.170431460088918	0.370132700728671	0.657297481641496	0.45784085658254	0.217526920669724	0.359918389060675	0.394636791258923	0.442225966131894	0.19216679936398	0.39568648837922	0.450592826293264	0.289918800127436	0.36631928614715	0.431792775135016	0.511058417161907	0.477037681914795	0.0948062758346689	0.129027413863831	0.235045471522354	0.267743379754844	0.30068372752449	0.129288116406217	0.220185373759576	0.190025527065134	0.372429340016177	0.447128560357658	0.664531372081492	0.205918647463572	0.667592161004696	0.193380207213782	0.123947176354183	0.228491005053193	0.269003018171739	0.319104728071788	0.0564529573815114	0.461114941286774	0.524445688648313	0.4733918997073	-0.02372260355688	0.459836916453658	0.286197934108604	0.241389917279832	0.34130472352074	0.454628992888289	0.199190359084569	0.43345068475391	0.164982715399216	0.799882437471535	0.256239504361126	0.319299013335296	0.548717909216891	0.479609085578668	0.405085354064929	0.218722324288707	0.149811084771894	0.590549862263219	0.269124953935289	0.222577622207141	0.26877388760324	0.278300819628146
0.0412242309128021	0.185729948488375	0.120051541383582	0.364848210361005	0.161290822393857	0.378538989002863	0.298948190945131	0.363884918966579	0.346047879576563	0.269696760768426	0.120534971254989	0.43459287362391	0.575291562927034	0.204084251937797	0.29761814101842	0.422420472617106	1	0.546612012168474	0.311371650766764	0.27796500447325	0.643500169017311	0.399822536795774	0.402889474849494	0.284315294526156	0.261755823785887	0.202945680156159	0.359494105369097	0.054261359217149	-0.0784710574750253	-0.122213312773852	0.366847573107647	0.468062655375598	0.527659706047046	0.201487455921619	0.259369540579736	0.359326200998801	0.195466246621872	0.318736131817663	0.191592413338493	0.151617335168559	0.16536785047487	0.192675080182737	0.357412223521949	0.233477879417727	0.278786973645009	0.207203025994695	0.343971381664794	0.291438799768344	0.0108780798097971	0.35613237197538	0.198120136400164	0.0871795238784344	0.183451676650895	0.213733109323647	0.325444574401099	0.354775777917842	0.167077390422946	0.283430080339357	0.202571851418003	0.251444289487934	0.353367812171323	0.259939214541234	0.221038133785301	0.219889579565528	0.148642602416497	0.341628888903038	0.332521344579658	0.396928268624013	0.345756347225953	0.168961265049074	0.215069818438383	0.375045136915031	0.168229725331397	0.239899695528719	0.155118883831648	0.395109370232176	0.395028429419083	0.126012273148953	0.0612237923489609	0.275189301461688	0.384801388251265	0.472470204061297	0.0937518118036899	0.0968555432490786	0.370363061715043	0.312100149307327	0.0932700906059412	0.380984825012537	0.195368181267879	0.310335840773969	0.216402548702339	0.142113823375902	0.305762578429883	0.175172898830111	0.243185052732974	0.353121802001425	0.169256700541551	0.248568488046169	0.0816362011379732	0.240744830114968
0.00251582762937651	0.0189595508504768	0.026464255654087	0.162416948183417	-0.160726405784913	0.107901856521957	0.263688910263052	0.496275140320152	0.347754124853906	0.257925135351089	0.0817035692631678	0.226809670929134	0.1544564270412	0.0347798530277876	0.106588179465777	0.509409494331934	0.546612012168474	1	0.587363513217449	0.216811142044287	0.353919194910341	0.256754855479167	0.257818123603864	0.44751869921986	0.168217819445872	0.137722419440718	0.165855453305248	0.0457230145076192	-0.0373741558986982	0.0693743852501728	0.598478240088195	0.339913472606816	0.217787334349309	0.150036692706056	0.29324370927088	0.532978577121652	0.24460484002091	0.298718054160838	0.168035461411165	-0.00866072031870772	0.0843407196702934	0.139835784921038	0.303651767867025	0.108473504561456	0.187946286571207	0.0905837410533735	0.221528799280593	0.0920425075289491	-0.192291139444961	0.371835079219798	0.235036984460643	-0.0649253888421412	-0.0339232831645046	0.0530022737070114	0.209760755339277	0.126478909733707	0.132137726945535	0.205749521531157	0.264557607912487	0.120030655845969	0.126460895647616	0.105558323426598	-0.0137974824643407	0.183895944895041	0.188228852402734	0.310610482167307	0.363729514779471	0.503819392670484	0.515927646868639	0.103649202482579	0.109506338046781	0.201836624320445	0.310636254925146	0.123424869728156	0.287237377836805	0.148653910746641	0.248396836217987	0.152874703286453	-0.00789525788550223	0.558501678305867	0.345384654957056	0.380480648722417	0.0207823685773047	0.270922787882007	0.332001855120282	0.291365434825164	0.126447584071776	0.480806735224614	0.135150681011008	0.257379693716371	0.276741133308023	0.0961836762788205	0.143357800740472	0.19943299142601	0.0605766810722829	0.299994595982512	0.0156592734717888	0.00549708457197951	0.18640175451462	0.200761057497043
0.276601770921577	0.234962925275272	0.277306256661065	0.276941051186581	0.135645729452978	0.288591803133397	0.401437456165925	0.548237434858898	0.509155030971699	0.124480871926543	-0.0921023023994849	0.162990255059089	0.168709414652716	0.229694304967811	0.17230387811592	0.661098430669418	0.311371650766764	0.587363513217449	1	0.297373575481539	0.342801166692481	0.0353450126867781	0.230981041282861	0.471353084448269	0.337337967615292	0.364847986028068	0.343656636859688	0.352288583309198	-0.168235957605775	0.118877278796299	0.525888346345683	0.497075842299648	0.190666887374946	0.296403946566576	0.400252027301375	0.728995397946575	0.338564252000747	0.395837207446617	0.370311468744476	0.276264632179705	0.00579498703907732	0.403872048096901	0.354793799456523	0.3530108965894	0.317187092187085	0.223751453785395	0.327445710269729	0.252656700886277	0.0102114341458971	0.324944400992645	0.351184734651866	0.202832227148802	0.123347279916807	0.230416007306631	0.284382472447266	0.280356785905911	0.130912212694135	0.198868594148125	0.429848911083332	0.293266703078315	0.155010179973222	0.0711328844302109	0.14784004846837	0.224469913785877	0.351471776149488	0.274596896288665	0.509209121646861	0.290764284653991	0.777291009871281	0.230710172573108	0.0408382764304713	0.162837076196497	0.269862752849228	0.240209781090998	-0.0574618551699625	0.197268054771176	0.271514737491576	0.377161678923431	-0.160027282734155	0.499481544393962	0.240891012087751	0.194792746607622	0.30579121976494	0.393510563272066	0.267104387548079	0.347284042070355	0.126294798397586	0.536750462229044	0.0612353768261018	0.338854830208672	0.456016120912302	0.37790847585112	0.237707194638215	0.266565621039296	0.0963977821966892	0.362396087270389	0.0657195439397172	0.086764315545401	0.30800606221296	0.20470970802145
-0.0727365603213703	0.176129627605127	0.0524955516258211	0.357369437459277	0.0352130187638115	0.288816379026234	0.267774805596974	0.700491235492968	0.736810542128852	0.201966928339845	0.109125588524169	0.3027887176778	0.436025205673858	0.139158879082231	0.415879726309863	0.219377095075762	0.27796500447325	0.216811142044287	0.297373575481539	1	0.237225485713456	0.27195896470605	0.402564000774622	0.210716488658367	0.769552578255972	0.0554028613451457	0.193534691726816	0.107436413013817	-0.282573219629722	-0.237838268175235	-0.00976002978864863	0.29619420960971	0.376522221568332	0.0157950952197196	0.224448670628558	0.286774568920249	0.180034217111834	0.457732850432808	0.132359106070085	0.170756620427188	0.0252094842767577	0.225177128847957	0.0931977926774699	0.147208744025006	0.635436382648824	0.106099992289694	0.283575665746308	0.307280444044187	-0.0999016673584842	0.235795558292792	0.348514122102526	0.172601021484009	0.20379003682908	0.305109106599162	0.212993565778734	0.357101054106055	0.443578092710544	0.53440206347876	0.462728653904648	0.70852588225129	0.414291948028684	0.434942508398469	0.291460302727407	0.467423392684314	0.116989470935737	0.318392459802971	0.156555367967206	0.334384414565351	0.305768044239855	0.659559662616967	0.34219894437577	0.261706133696978	0.290914181081814	0.605833661894934	-0.133643666044558	0.129793117564507	0.0693447807135324	0.074100605293196	-0.282407820471829	0.133057114266843	0.254332409045322	0.285822572609196	-0.02470013400525	-0.00118564025643218	0.416284653300982	0.215873539420158	0.144208619949728	0.248640073615232	-0.013892741043947	0.592037337645075	0.234203054789725	0.102736983608805	0.296167685135695	0.160376458285078	0.269142549203624	0.305200258433593	-0.156422166470707	0.201749023240128	0.148861350059612	0.329249353962973
0.290823582609134	0.293237160883215	0.244264286950247	0.535707975222857	0.356750748593103	0.596388158826325	0.451693813056208	0.180524295453831	0.338633984958462	0.374612174595296	0.418984478076595	0.441576350176076	0.254370120107068	0.220284202461742	0.443043255430847	0.612114679748905	0.643500169017311	0.353919194910341	0.342801166692481	0.237225485713456	1	0.351229163239458	0.345805559455763	0.29581929875774	0.270919508919807	0.45403772926279	0.456491755451803	0.268130350328711	0.130756539784108	0.114189346236331	0.550714456006761	0.546329065831806	0.217015391986661	0.502696330181112	0.513533875958606	0.445558504634648	0.332537203035696	0.283843580360781	0.453284274568461	0.372748879696848	0.300099172957408	0.381767134142722	0.705526203470405	0.350975675387327	0.177633049047201	0.463157127927482	0.476563938788713	0.615512647983731	0.278147863901822	0.520429074966602	0.383882421566831	0.212105817598399	0.360516993233283	0.449389138347844	0.564735296593543	0.406076630467271	0.0202834884721008	0.16256074162161	0.14398122788028	0.263027545311506	0.414484140230612	0.248124850334765	0.294761585744662	0.15333811508933	0.291193176501739	0.511175130297439	0.43193487879926	0.112137391890035	0.417211318343424	0.0986910643791728	0.126179814048068	0.347291136217083	0.188236837419861	0.208599233839392	-0.00050212174206193	0.47790285047872	0.379230331396947	0.312369999474346	0.150411004636296	0.283321125587521	0.326135214202002	0.214963704595727	0.357138631278609	0.28501718053801	0.152766034854081	0.478583689055808	0.131247322962529	0.499275366435764	0.323255502671585	0.248129642983049	0.454127483630004	0.416705731499671	0.285823379327382	0.1938342147154	0.256878780834733	0.590946608973989	0.289388806132639	0.431743199592542	0.264107903658429	0.216735237008779
0.0732083265565535	0.264701840021571	0.13730642166395	0.372829345347721	0.145112252209726	0.364589850343278	0.290648026284304	0.298494775608056	0.231498220244063	0.529561912398334	0.323620350423734	0.369326884879107	0.19606625752746	0.255299774711108	0.405769102303645	0.224379186813014	0.399822536795774	0.256754855479167	0.0353450126867781	0.27195896470605	0.351229163239458	1	0.544842720190444	0.218808771824341	0.322716417587062	0.243695303584973	0.326866752129481	0.0558955904484395	0.278632216585182	0.0534987371100342	0.129381978296534	0.38304786956631	0.347054923691262	0.216610317332687	0.355889967639455	0.241837819990314	0.154696350052677	0.155944531396692	0.297941756863053	0.279732324114998	0.495344717882089	0.404344946799178	0.253904872951078	0.178233427748532	0.178957142852514	0.233216233093534	0.390449880037052	0.382149956097526	0.207331967768282	0.438137224653489	0.369438866121836	0.277015147054474	0.232960845211583	0.325371976069779	0.33294895581071	0.345506908076534	0.0791416141163601	0.139100088543193	0.0664116093782846	0.24362192221767	0.542757148102498	0.378587992809039	0.252801139354672	0.256660471585592	0.286870819180757	0.384934565227356	0.160454360041527	0.296285760796166	0.0966724344676845	0.133458348035314	0.29368954284775	0.593300815726184	0.301351481942364	0.245363333875146	0.185221786950555	0.348978544841344	0.210863201038916	0.141213050581577	0.327057331458117	0.081391007294042	0.246793553337665	0.172195273579055	0.238643039375655	0.0694225135532105	0.166558525203118	0.275337226938663	0.191517931764264	0.24028105077971	0.209112911401859	0.201616842296982	0.377928589916788	0.314901610332937	0.198410884823288	0.477568470439714	0.328738227674683	0.348097269470296	0.306018515926378	0.531861202587983	0.437968517348798	0.33745140556725
