1	0.701086365864037	0.769410137216465	0.717297417140631	0.517262812510615	0.583370335146524	0.690314509727965	0.245027334951462	0.529485971913019	0.426766554154028	0.431636096656562	0.352712606299747	0.20978432450725	0.386943836255673	0.305304539245476	0.405166132089128	0.0894232893191983	0.253797292136197	0.157877533934832	0.277812501716999	0.065115794364048	0.142285998026126	0.119673432845627	0.337143345248703	0.267348893150351	0.0752916300836406	0.144123418103589	0.489757870965119	-0.0710168173258819	0.0915069797618387	0.325184786671298	0.226968827505754	-0.00533206755613287	0.140598036138031	0.628447818262416	0.284871419499567	0.35252574041724	0.0294989550801675	0.419959224524923	0.229764564640859	0.133726006890814	0.204132575247236	0.238433265599892	0.162217247637177	0.0495655797736694	0.200181186963473	0.297341220467485	0.308274225470785	0.193636044213984	0.226546361291542	0.60882567396619	0.699504227788221	0.352940986074017	0.760872700001852	0.447902424524125	0.72134455215521	0.294830668897183	0.250449699848395	0.217490934239568	0.464030144453227	0.303913919009112	0.211722359680025	0.37378893907798	0.125432257005068	0.202259077728102	0.253765601121153	0.205814135886356	-0.0105327958591376	0.0894451198746307	0.01279701757142	-0.0694428134565026	0.115364137491037	0.0847130663095028	0.146876290732232	-0.138543517573224	-0.0369195390911645	0.0426734378308209	0.424544144702188	-0.13020606491812	0.00992233622168903	-0.0350641212986955	-0.0988725537968789	0.077243473624417	0.129529475528331	0.0708962273694207	0.236955449978135	0.363865277302773	0.431503686101163	0.0876850175768142	0.161062028337691	0.396086094161882	0.212780170332905	0.105877685325137	0.216093315541248	0.080816503390411	0.273335454887585	0.206775307764316	0.160401454940787	0.139316045106901	0.0675374237661412
0.701086365864037	1	0.782938564117806	0.799612827349731	0.268593526251397	0.286056866828396	0.653573549202443	-0.0167728119766424	0.257521381330428	0.181822887410485	0.205773812459997	0.0883643594740133	-0.027261815178253	0.318271567260621	0.135515695949785	0.339493534848024	-0.108742508393765	0.0367636389514939	0.0164029349298087	0.12628146684419	-0.146996324684884	-0.127050136857571	-0.181203639622841	0.156471206793625	-0.0901857647483604	-0.119748681082395	-0.145711856009279	0.472655442419752	-0.22194105555035	0.0027766193062434	0.255259457276533	0.0761986905736058	-0.30017680041896	0.0308891654850553	0.58253784311393	0.203894254809464	0.251828496436729	-0.109127821453954	0.230609658220505	-0.0348445264449915	-0.0403450289549299	-0.0520514641418013	0.112240898762172	-0.0708888070006219	-0.116226166297347	-0.0845748897748745	0.0390032680717456	0.0331229338250275	-0.0726089003332882	0.0181864732585818	0.435549333146026	0.858458254838091	0.333458084152524	0.599475287727885	0.221082975614327	0.768519079181573	0.0771594405255514	0.0283044766199549	0.0136764197517803	0.199423068545235	-0.0253366541057939	-0.0407295187601304	0.154506331824159	0.0145553730170196	0.173168535506921	-0.0107317535089453	0.175519274361576	-0.184223301468419	0.0061585686462369	-0.158535546895322	-0.287882456404445	-0.195507562682465	-0.0396448139568867	-0.187877997504552	-0.209874332963184	-0.172889997617241	-0.173774291689734	0.2498781755651	-0.245869373717077	-0.0689900769921478	-0.117320334497509	-0.201775283249552	-0.116885588511588	0.128327523709582	-0.0553386811163635	0.125576105149837	0.233744186029104	0.354834026884737	-0.0825888872083413	0.0359161742484466	0.119919841545301	-0.00229633954717166	-0.0897249084248343	-0.00816559269151176	-0.14363752936235	0.105307794225312	-0.0482770114228474	-0.131548901783748	-0.0937062799747836	-0.192399921984027
0.769410137216465	0.782938564117806	1	0.829082759105686	0.587387160487653	0.658448435055844	0.859384753033627	0.220469056949014	0.427330464723732	0.455411658116677	0.364209549290392	0.346913235227091	0.0706023588598069	0.399606216540286	0.386339688681037	0.504853353851137	0.111457079776384	0.216936264432386	0.215711213420116	0.285171732093665	0.093048282288608	0.152471713107121	0.0720453331045455	0.427537132030635	0.145105427856393	0.199591538553211	0.133079766067599	0.516742958552216	0.063799998663805	0.205162622961898	0.440910210266513	0.361124123566962	-0.025913282446101	0.331904270210364	0.800661833069823	0.521646054170216	0.467708534394998	0.189726766438564	0.519564517807913	0.370438762071492	0.258287935817541	0.296963782591798	0.416430788613258	0.314930148692601	0.232195371755225	0.246246168782478	0.374381570844688	0.351798733413469	0.186723568165629	0.366210298958466	0.564576818143838	0.798544398419138	0.462939084500358	0.856325924549409	0.547484308314363	0.866597793815492	0.239969082954667	0.255078403474275	0.155912213358535	0.358770448753897	0.245338537371513	0.130458950934151	0.32746976580539	0.0753510875468331	0.24958240832541	0.325266202912982	0.347232980255657	-0.0599940412681925	0.181991558562552	0.0570692158393465	-0.136530458460942	0.143258523980473	0.0170983265822271	0.00965767173735791	-0.0418340495268192	0.15359126806165	0.111441617570046	0.445818702849839	-0.0153514442541149	0.0583100096751954	0.147948868110099	0.0415397536006926	0.0868478889903573	0.29417263274875	0.281332526618809	0.397206173282611	0.347362733968884	0.609811326337733	0.18914600932651	0.306159486879462	0.40247309041066	0.368151023321311	0.263297161456775	0.357283611184778	0.191214949943947	0.423874145766031	0.236342797457567	0.200680648389294	0.210604897182621	0.109563044340021
0.717297417140631	0.799612827349731	0.829082759105686	1	0.49739974177892	0.559213886837211	0.797941738440235	0.204435023941946	0.39369946234355	0.329674171853254	0.305243293593026	0.255717830950232	0.0936911646038027	0.500514448328879	0.492633736563785	0.621390633599233	0.139712327481821	0.174717021379042	0.269870733075784	0.323699325823948	0.0876386915150451	0.0722886438380497	0.0176474303107831	0.329346078924309	0.122802316216477	0.08037805859017	0.0720943576715427	0.486364440420423	0.0116642510772155	0.18669333922514	0.475883154398332	0.305890011694923	-0.0339936616269063	0.239422123638322	0.729795929485261	0.459847396881925	0.359033480732089	0.146158976983559	0.389652231246742	0.203242383434335	0.139322957807333	0.193065110145078	0.324029542851439	0.158184966416545	0.141331769654695	0.141605556820484	0.286350315332514	0.326317851376156	0.140380787323474	0.261208627950694	0.588644814241296	0.729766088599504	0.597965614208162	0.749570546415432	0.54509145282048	0.860432969577968	0.23635998157691	0.271988632284808	0.230440953104522	0.332209230087777	0.246144927504542	0.13847415445578	0.347600115277019	0.0473708515197889	0.376037654562596	0.281323000798419	0.410468199681038	0.0185317907143507	0.204187426741524	0.0774081124160783	-0.0818790559959341	0.0988853000789709	0.00724209033083638	-0.0319237698824108	-0.0416493282885784	0.0883733306974391	0.0360794813247688	0.44672221065128	0.040785820352174	0.12196665949057	0.156469093800803	0.0781657635210096	0.0568527839864925	0.233530895419943	0.239849724091128	0.297135699339189	0.224735623449644	0.532168601982705	0.0661856046561844	0.257255488444118	0.320578343262997	0.24148419018457	0.12660989596951	0.212517973418547	0.154026797864587	0.347145695694506	0.179206970285384	0.134744799392022	0.187259338799345	0.0869416453473279
0.517262812510615	0.268593526251397	0.587387160487653	0.49739974177892	1	0.87910850764732	0.61562456657114	0.483142408328856	0.50941241768633	0.42376479370404	0.180957123702674	0.432653184269744	0.158964774324816	0.597302390057137	0.528063090647784	0.666829669495455	0.431026324061167	0.38269912123993	0.529941620004148	0.590937996729305	0.444743438879662	0.567466855142854	0.613989850917426	0.579127005932969	0.510820580593577	0.614843340736011	0.567858904645479	0.185253864325075	0.400926008042152	0.53525357694957	0.581596962097138	0.62137940041083	0.492997829364668	0.587413791408535	0.674460766930642	0.712026974552088	0.495567996406878	0.549876492896102	0.585385657810447	0.691187406810357	0.625097857398194	0.584346289578833	0.640568438254124	0.591890354013813	0.615304427131091	0.615611537953213	0.627795685870119	0.687650100072376	0.604998427764283	0.574886993893272	0.527312428746095	0.236776987004159	0.552053411794314	0.692057710754019	0.787922584912028	0.542988304047924	0.358503115292691	0.510784647589949	0.400915374026914	0.483943573120848	0.497636894879687	0.31034586862646	0.334584998661956	-0.0396285776936066	0.366146791792164	0.690200732294374	0.587948360837982	0.255228892276603	0.507842037223509	0.545727570704434	0.244783039508654	0.482155090292214	0.2052503120493	0.467620835843657	0.352221915256658	0.578029125512646	0.505633681187218	0.601162697947087	0.245390404015405	0.411740834269637	0.453694713423464	0.322683617124379	0.441051844581593	0.550209313874437	0.590514581449087	0.68528710193296	0.345188759549708	0.660536054408663	0.586695525179342	0.603299155788714	0.62074399399284	0.689654800787522	0.572399916099187	0.596229306211611	0.563276544898695	0.648747105362481	0.580281780463713	0.54772284719967	0.563277724164718	0.538843280184778
0.583370335146524	0.286056866828396	0.658448435055844	0.559213886837211	0.87910850764732	1	0.727683907775513	0.453852146730501	0.535795467772653	0.605402157217474	0.297800685431378	0.562671917722918	0.20193051466762	0.553556042690281	0.621954504060208	0.629827460792071	0.3968701216203	0.375293636136231	0.481541907042017	0.520157524795735	0.390615448747692	0.592086262807643	0.571402851955673	0.632134910572918	0.49859675685223	0.575089894966675	0.559775299202018	0.183548290072728	0.405575177608825	0.459628199745933	0.546831964705479	0.611182302358391	0.452981048649709	0.596542217453758	0.735197213151728	0.685738626344698	0.571477897222102	0.543136809302086	0.651798501505276	0.680418590068693	0.58102160209932	0.588750024706487	0.614086445048474	0.623731311236546	0.56747324256243	0.590190639462338	0.609582735193396	0.779474538553816	0.541769779831242	0.649884048228968	0.604944792325238	0.298627724451543	0.586101314595871	0.783122587108463	0.824841967365596	0.608139701808795	0.395430292838597	0.520980356833031	0.382385985737099	0.504804293652899	0.591970625764596	0.408831058517286	0.503772056598324	0.0656121399615779	0.38351013583564	0.707139790924479	0.544073776920653	0.245154296106905	0.442327712030949	0.484454749145248	0.248887772697063	0.541006125955407	0.248320993607364	0.458326095338279	0.249908270343259	0.531413110560903	0.498236841071221	0.546483171665575	0.304957667494832	0.337533566252244	0.441679827720181	0.340597703329378	0.383768593690459	0.44994786677698	0.57568400230737	0.624403253254525	0.390601904225757	0.71068504805092	0.508902408584396	0.609482118065859	0.681197524205845	0.683464609629868	0.578612209278666	0.597507901966792	0.549248597068088	0.741349406721666	0.543777889590564	0.554210136201974	0.574209553077686	0.556541475149619
0.690314509727965	0.653573549202443	0.859384753033627	0.797941738440235	0.615624566571139	0.727683907775513	1	0.187297715822749	0.437445550253181	0.519361048437122	0.363024392655149	0.374015421922807	0.0735467600051641	0.438071904631086	0.490922773895513	0.552725821695243	0.116796604114875	0.19511011461841	0.216894170577594	0.305745016403968	0.120763551689071	0.270572916381621	0.221021055417974	0.585422953090529	0.179310667083617	0.297554944456418	0.257800602960418	0.50028861975137	0.160175937716206	0.291104987410965	0.476577445061231	0.460486738534401	0.0782735396332856	0.541487906344988	0.911821202355365	0.64929629914988	0.661059022450055	0.352203615169893	0.685808595371305	0.511906322070474	0.380251389248689	0.418803306030867	0.544197026045949	0.461065957157657	0.340740705855774	0.388038567027185	0.49707107612956	0.56924877762355	0.256139248774447	0.42489937728294	0.576838224839355	0.604927200772735	0.534274167169777	0.83183152121617	0.67281703413174	0.887698933930269	0.251648615007562	0.250942387082226	0.172043798090311	0.388653288698216	0.377475471506654	0.226731341410023	0.418587752300467	0.0241534513008989	0.261613397879376	0.479860406827487	0.39107825854215	-0.0851731614267253	0.19777275641681	0.131260068036465	-0.0998143603963807	0.230478953575809	0.166602804884236	0.0811425055101763	-0.01523621190511	0.243963821581395	0.221585230867591	0.551774076942605	0.0595953851409794	0.0672159755795016	0.241602789869839	0.0123477483674618	0.250304384423166	0.372341675011041	0.357837930204554	0.513519571781741	0.440839443417148	0.759504970950942	0.302347972492346	0.462988996257443	0.617505663259153	0.521369900809753	0.38604031099701	0.490707134790963	0.271349707185906	0.553846603950481	0.327415539486625	0.333940367112631	0.38571857422035	0.224902515607549
0.245027334951462	-0.0167728119766424	0.220469056949014	0.204435023941946	0.483142408328856	0.453852146730501	0.187297715822749	1	0.465492145029583	0.401725174678172	0.266257821174058	0.611332134208473	0.604247196844594	0.367804630859523	0.284645609652103	0.348763370474903	0.722572050149507	0.829376905818127	0.695412829769037	0.574865080185907	0.498557461470384	0.447365389905877	0.40849257433388	0.318494702412799	0.504764386813817	0.305935639062822	0.348680737846318	-0.00701406943917055	0.329000859568834	0.219345842384824	0.351872707027266	0.31331124761319	0.501507884188086	0.131495010168847	0.183216581869341	0.229466703287372	0.234701997893959	0.322237993723623	0.177794839849908	0.281345639008242	0.290112019002884	0.330172312637204	0.13352025674126	0.260556139853148	0.392586567606719	0.364946706380422	0.334814746137236	0.276944086203339	0.4338828197833	0.33823038114936	0.341666909847618	0.122097126441282	0.259137642049395	0.288159574625229	0.38898845921511	0.161881093913709	0.660026790602896	0.782081566265975	0.711108946313041	0.460500461511551	0.558636043357404	0.421386105333519	0.602181607792093	0.43425797022502	0.430023558217992	0.35271164932941	0.336115072902033	0.655590601211706	0.523142055846248	0.556569080073279	0.497778657125411	0.534132980640131	0.12189052198731	0.474414683590644	0.323536019810212	0.393418077681217	0.312583918322819	0.0687090471063233	0.181527681966625	0.408792229167632	0.375388264853476	0.469042755553957	0.095073756874008	0.198828467779812	0.396508052914752	0.278354144157015	0.170119795844024	0.205319433090763	0.278240267025724	0.288051097630433	0.258737073501303	0.315381783163168	0.287293770294073	0.258514662638467	0.412317113956745	0.198662674447485	0.411220615936371	0.313912800467301	0.263760340322746	0.399387044610797
0.529485971913019	0.257521381330428	0.427330464723732	0.39369946234355	0.50941241768633	0.535795467772652	0.437445550253181	0.465492145029583	1	0.725972512201993	0.471993512208487	0.664707997025494	0.262080686672203	0.399343557769584	0.483663785256588	0.472799506439549	0.406120727836558	0.434616052732393	0.477936993302041	0.684151473355431	0.419798039367989	0.573482889212576	0.545682207131448	0.543541852247449	0.833174956983881	0.529128771301171	0.650714036347648	0.174290401794585	0.326892527334295	0.459126800577062	0.46114737079811	0.532880720716425	0.441233477725351	0.449474860677949	0.419080142678491	0.475297521596718	0.504123019671564	0.52033127629053	0.426998437442925	0.456012784604814	0.461020330980723	0.54876136931858	0.404012383054272	0.575551562837941	0.379706335316075	0.508213927582436	0.582150964425542	0.459674245933278	0.459584833519597	0.536230975823306	0.535662292695545	0.30394710851984	0.440023734874761	0.568225902634932	0.553400914648021	0.405334104400355	0.316620763571676	0.529137586399906	0.465556574664601	0.910208590224238	0.62174905530799	0.505900280375642	0.465585180100445	0.114181096098938	0.49912822206847	0.528163842923924	0.517483404857779	0.41242441309547	0.432917541256162	0.506972196681034	0.360401834540504	0.525151265078167	0.387067728727236	0.729693994535755	0.30998532985039	0.438469922870162	0.543932167042553	0.394267384742964	0.268612404769071	0.441045822279891	0.37308969014774	0.330973338774678	0.418842579666597	0.444810045608413	0.431350460618147	0.576459096208978	0.431489209436702	0.551580119362419	0.464129933138026	0.504508489208941	0.492495063977918	0.442709198541591	0.577588952095801	0.438843056202616	0.469379932652509	0.345945168628438	0.502044350906852	0.415980642312514	0.4747403341234	0.474093332836854
0.426766554154028	0.181822887410485	0.455411658116677	0.329674171853254	0.42376479370404	0.605402157217474	0.519361048437122	0.401725174678172	0.725972512201993	1	0.525877260440729	0.779153300743291	0.31375899699277	0.237040191365632	0.580078182814563	0.335991312085527	0.404115782171721	0.431495249427436	0.327082030171817	0.471160528759994	0.440952182760636	0.657731757049158	0.466530796012973	0.54389082662974	0.593438820321971	0.399677221979808	0.534264814684122	0.247864055683636	0.358475776141496	0.345738302042179	0.409288732582318	0.479826715054028	0.392580157926201	0.4763142164553	0.501863238869019	0.462448729011708	0.51948886430805	0.458675156193192	0.552135999232719	0.550864308252866	0.507942198025797	0.607448529623687	0.429265622592074	0.564729127434424	0.390182256386041	0.541583321889195	0.550554015406857	0.593816362890097	0.444523185062725	0.655616143948682	0.491409210847369	0.290232476122767	0.357277718088112	0.561331305857402	0.55549414614974	0.347738023864839	0.360469528044757	0.483331374411312	0.335150061257142	0.654514681205692	0.715001672092545	0.636303510533124	0.600020053647569	0.256839351985073	0.348198552392054	0.586671996178704	0.331886697212146	0.367583516459523	0.264400568527442	0.34727626190959	0.331946076052926	0.594503599753123	0.271839088067208	0.525645416139165	0.206180604695566	0.390149306778812	0.485915491574602	0.343186189164683	0.300378937299587	0.26964279758836	0.362447534167152	0.315915747953218	0.269546654589986	0.301312342834076	0.467599718744546	0.506350568367004	0.415428852225048	0.556239191243374	0.419417716650584	0.478690141501752	0.503576730014689	0.552764767631627	0.54471758893814	0.525742286510999	0.487298586462379	0.484550520404524	0.414332525178584	0.452339232752742	0.549476594150303	0.53869613789101
0.431636096656562	0.205773812459997	0.364209549290392	0.305243293593026	0.180957123702674	0.297800685431378	0.363024392655149	0.266257821174058	0.471993512208487	0.525877260440729	1	0.549146042798754	0.255527622985178	0.103384924988147	0.230332443779261	0.173466429781358	0.207815381662794	0.329198278540175	0.105663261476751	0.228862904886905	0.154832687965991	0.285578370156286	0.136616391516115	0.205240887865837	0.379435701259539	0.075677366027568	0.318114208494647	0.213552358954579	0.124562237835423	0.0597149192330257	0.295537716672514	0.223701727867952	0.131066014571139	0.10592714942148	0.304021418107758	0.132278011680408	0.221539495072768	0.0594376848320369	0.17293777830058	0.187081682084028	0.143035809012637	0.225023503552749	0.100053494303674	0.211202705310843	0.100656061971657	0.206965633283377	0.27413608757052	0.17773952223998	0.103340191184245	0.307342712064504	0.402799358359379	0.268293755157596	0.0854620147412629	0.418739784604529	0.309654758079455	0.244620724273496	0.294869667107244	0.342023014064465	0.176336806925198	0.456910371112504	0.423084718041868	0.415356248319024	0.410163897129563	0.131584312017191	0.109133714149948	0.167701059196019	0.126337303439022	0.14877449455083	0.0701787054472936	0.0575945073530467	0.115986970356036	0.328720803149152	0.0495471433213852	0.225524365787151	0.031628791202293	0.108258888695403	0.245816940753925	0.183331373940499	0.122584087788976	0.0641004617634908	0.110058531393311	0.110387924915091	0.0356660704690448	0.0935172506497559	0.256434533718003	0.261889593876183	0.225250407782698	0.230864514489248	0.100072248601402	0.180877064163566	0.152713874993655	0.218718173665252	0.230256047774242	0.338588823417389	0.254454909369643	0.0555195622447521	0.0987099871152227	0.262628688205723	0.292719198979235	0.197231029304088
0.352712606299747	0.0883643594740133	0.346913235227091	0.255717830950232	0.432653184269744	0.562671917722918	0.374015421922807	0.611332134208473	0.664707997025494	0.779153300743292	0.549146042798754	1	0.58139891079447	0.26666064893506	0.478973976388534	0.297856997257811	0.611696911304946	0.598230991543525	0.471902184145561	0.48978978256412	0.546301549741452	0.702854867043662	0.53404315244575	0.478166224116114	0.638412642927004	0.439928740178611	0.568852082578277	0.0296694122223446	0.468295084530076	0.298670665218756	0.368145383921038	0.460664649935002	0.543023328009615	0.355852967582432	0.334917585632041	0.341556389767168	0.427560688133853	0.434774417162331	0.409275474314528	0.443685750364595	0.45069883395692	0.465886137583248	0.270175088362123	0.530536638246629	0.465201259885661	0.494363071647329	0.513585063993673	0.50616127256148	0.432584024728762	0.574253057749944	0.528240187653105	0.221362038027569	0.293238743110748	0.457277995429125	0.473332151867317	0.277913366549905	0.537154354586319	0.704243891633438	0.53896416557406	0.66324937285623	0.688472564852268	0.717407153895796	0.688588041708454	0.404544696317283	0.406144093483559	0.464992921689936	0.355784437458327	0.580085973713287	0.435509913401103	0.449420801576526	0.498914681173306	0.707155509370663	0.179064759180479	0.589846633656629	0.256156497815995	0.450689205376314	0.544312902848054	0.107399465356005	0.328080751098048	0.344289278960898	0.470015679908349	0.47132864136349	0.162926442220005	0.206628819023278	0.482627953151887	0.496424726829982	0.325747127504165	0.417298426565229	0.319671920570746	0.376512732540233	0.412048155716602	0.513373489643812	0.538978291939321	0.463145131603063	0.494896281994953	0.318120432597186	0.49490916349153	0.387279979512239	0.403003737454664	0.48058889369105
0.20978432450725	-0.027261815178253	0.0706023588598069	0.0936911646038027	0.158964774324816	0.20193051466762	0.0735467600051641	0.604247196844594	0.262080686672203	0.31375899699277	0.255527622985178	0.58139891079447	1	0.00317714067931501	0.158773057375528	0.0531921350560942	0.509854923350506	0.525244811247504	0.346750361459452	0.256349829717204	0.302129009487632	0.376912513770091	0.243316361460883	0.200843580989703	0.239275714325216	0.0500213606176272	0.158979371498551	-0.139468734186033	0.124189677828652	-0.00690894848140551	0.103425386135778	0.111406478688307	0.412125182235231	-0.115124847884142	0.0506952710492672	-0.0276869451906843	0.138594335430804	0.126100763012881	0.0968172961469483	0.0711707273542039	0.0403968219852317	0.0916549056893718	-0.0888096625273181	0.0814098016911891	0.179976855398372	0.151166319573568	0.112460910702962	0.16261401639875	0.129370884534939	0.0806580197330667	0.301552743724132	0.0550406077937975	0.020045243868863	0.119768543306071	0.22833653287876	0.080236254443426	0.703362313777673	0.500071465143968	0.458594110548236	0.306170337069691	0.437039698680754	0.482538121158731	0.629481288661504	0.780881810484517	0.132261490504813	0.0676401270291369	0.0076559218925733	0.523793514877503	0.204044807356231	0.218309808237	0.310010883266919	0.446683907270139	0.156105901034497	0.264930188674895	0.0488545656444721	0.123063137606987	0.14681736165521	-0.18340627967934	0.0132493871043476	0.110983311494231	0.230937804209684	0.272549868091799	-0.105019385567505	-0.123366840444935	0.154604775754783	0.0840223474758436	0.121411687139913	0.0330374785266117	-0.031379981877518	0.0990214874191554	0.101890230189252	0.15099043408055	0.115444862487458	0.0875065594109664	0.141485854596116	-0.00217140200864677	0.19328769996883	0.0905319450725937	0.00440898018814426	0.076323615341323
0.386943836255673	0.318271567260621	0.399606216540286	0.500514448328879	0.597302390057137	0.553556042690281	0.438071904631086	0.367804630859523	0.399343557769584	0.237040191365632	0.103384924988147	0.26666064893506	0.00317714067931501	1	0.465207888541975	0.767966191286314	0.460698057810474	0.313578539608625	0.521854185432419	0.516951238071692	0.443406299656053	0.416119960820399	0.38406836217699	0.441057194853919	0.395674671570429	0.475006694744845	0.43408268460315	0.110173618618468	0.48640893009546	0.695208316594376	0.622429597310771	0.584728159020663	0.423846336127931	0.436444396247936	0.544905122354432	0.576033505550073	0.38833816794849	0.399719002328375	0.331246970600391	0.297283739669212	0.467457606418096	0.502309743364789	0.47003227626521	0.368789645241675	0.493670495056956	0.464031343019358	0.512697501253553	0.491595278566228	0.555109675042784	0.469799809513523	0.405311283263193	0.295433246251354	0.717399841381124	0.421921294924973	0.580855142405254	0.43869393762395	0.205098222749836	0.425188652905088	0.396302052470333	0.315813817621777	0.335630320309936	0.181309927571592	0.205867985967721	-0.0577141673503421	0.647730172737901	0.517767211855168	0.749978884272655	0.327431190604225	0.455554533870858	0.54212032618273	0.334501309920254	0.30631751191498	0.111648162064758	0.393726105104471	0.420505219813554	0.481803313787948	0.42533063544594	0.389960913027531	0.403264714233091	0.556137033629265	0.488272160511398	0.431865518286543	0.425340151029006	0.53520029281677	0.537957596062386	0.513429418054586	0.173005847635074	0.55641129516364	0.467674379589433	0.463920603113891	0.423999045518436	0.346211032940151	0.398223620265557	0.406675247043901	0.500922697123253	0.449705720914654	0.562113865905748	0.452960767802669	0.461880708087718	0.490468528860789
0.305304539245476	0.135515695949785	0.386339688681037	0.492633736563785	0.528063090647784	0.621954504060208	0.490922773895513	0.284645609652103	0.483663785256588	0.580078182814563	0.230332443779261	0.478973976388534	0.158773057375528	0.465207888541975	1	0.520732497405515	0.332862567731496	0.215168305828129	0.477500098157259	0.46284947319594	0.455041040525545	0.492413253328157	0.400018041977357	0.60992819641425	0.396076827901391	0.458638902631737	0.398719145886283	0.234099785172325	0.44607204461248	0.48435280584452	0.446459817198495	0.463218036532538	0.391583915168638	0.438017994109445	0.549800318488168	0.614696052177323	0.469922861143414	0.531204933004466	0.596451051125803	0.549251828901412	0.553172888906102	0.609485827053034	0.555341483534737	0.497587591393361	0.476953409784024	0.504288514902394	0.509761604642572	0.715689653226179	0.549916612884581	0.713126110382174	0.423680230847232	0.110507450213935	0.523041443244187	0.502488900530522	0.613704118288273	0.36446465703656	0.246538937183614	0.424822149974125	0.343598392321446	0.408926849603139	0.544432584739558	0.446625408377506	0.416465622496737	0.0438277126321422	0.315853544172827	0.676944051895492	0.446176489986109	0.310891070207221	0.375170773572876	0.375989944031182	0.332121203635983	0.504360471172145	0.328111593710468	0.349081767153033	0.257119865023479	0.466653176580761	0.431188741937501	0.475968371822281	0.401063177510792	0.316906232751492	0.470460720270668	0.411396313499452	0.351194045574915	0.324075556634955	0.503666490592108	0.507654609029682	0.281722196569351	0.527628701096605	0.407816510607751	0.46508496374237	0.552879295030931	0.576702336027375	0.502525633339039	0.484589528677985	0.557336677555028	0.601670999517364	0.512386261067516	0.544903218259729	0.602667387758891	0.506809246024251
0.405166132089128	0.339493534848024	0.504853353851137	0.621390633599233	0.666829669495455	0.629827460792071	0.552725821695243	0.348763370474903	0.472799506439549	0.335991312085527	0.173466429781358	0.297856997257811	0.0531921350560942	0.767966191286314	0.520732497405515	1	0.533000374996845	0.315967670419909	0.642802957708963	0.647951661638527	0.528670008725899	0.436803624247627	0.440148201656894	0.577278009460759	0.428879255420664	0.536742852766561	0.514211406586595	0.244397488519881	0.437478079815927	0.732652119306741	0.897303397828514	0.778849986235072	0.494060271252918	0.567186782578105	0.707173553648864	0.764036562833885	0.520121943854786	0.56009803750063	0.463196024021437	0.447144757127706	0.564753627507331	0.60579379448276	0.681161905196069	0.477678917687853	0.632110786381317	0.527239386364346	0.670638768609899	0.530130278745034	0.516738925321457	0.510820190180616	0.503071026525123	0.286813808436314	0.736581607127909	0.510037935390367	0.649083471639997	0.523268739202037	0.202392087888114	0.414800981416228	0.378846684605989	0.409813813972252	0.372146850176533	0.175097000863296	0.221935782518497	-0.0877100436103206	0.571316895313711	0.597167007476995	0.854275164448293	0.322423711457338	0.532875392931593	0.587994428967226	0.246185622346943	0.40513947112707	0.152618836679182	0.351732839305515	0.490282994768942	0.568978965857534	0.478546845674114	0.610054963408514	0.447409440725563	0.650600895293053	0.59481585830657	0.47188374902915	0.542147881567442	0.702705782159422	0.658480751917076	0.657101218630266	0.288587634354025	0.687576550786766	0.539501968924986	0.63500711615409	0.494440850066579	0.493109810346826	0.491233754753717	0.514845806894644	0.568171847903409	0.471149527752226	0.527006090186049	0.53138632311554	0.58815223222171	0.499496206027908
0.0894232893191983	-0.108742508393765	0.111457079776384	0.139712327481821	0.431026324061167	0.3968701216203	0.116796604114875	0.722572050149507	0.406120727836558	0.404115782171721	0.207815381662794	0.611696911304946	0.509854923350506	0.460698057810474	0.332862567731496	0.533000374996845	1	0.753917952298828	0.713134779801776	0.594878230575944	0.733927038659342	0.600496610797018	0.482783806426703	0.376217703962405	0.509906931465142	0.434997829228287	0.453920743167204	-0.0592462764220222	0.512757932419361	0.471140097526936	0.574098677393699	0.527595860812982	0.670611130539821	0.294055076230387	0.216024758572663	0.373340051045303	0.253361996331767	0.411849036319034	0.213057390692106	0.32839397911976	0.448113919000497	0.490280892319097	0.326453411709704	0.386001146548108	0.57597134175827	0.46311353964932	0.483576208350908	0.336597301829206	0.537637228422556	0.469778821988687	0.309426268676907	-0.00180245108814197	0.289273502297149	0.157363076063143	0.374286313269722	0.0290881322256654	0.482220957955601	0.697843059700877	0.541707836996652	0.386230052263779	0.457848659476176	0.417420227258988	0.433440828112196	0.339591120328323	0.414597070969146	0.379829125158145	0.491715152640102	0.763906884227708	0.550677891483912	0.608752090337391	0.559896292324394	0.620465882492836	0.0303187505686762	0.500063986801634	0.507788724791269	0.550222826502559	0.474691247024436	0.158683014783485	0.397941699968316	0.586824835051752	0.592879678876859	0.614442939212736	0.271176737239471	0.376836594925455	0.557355277269955	0.434665970643598	0.0552265238737042	0.266467273870596	0.398979831280007	0.407199339482115	0.238038800284973	0.383393482702088	0.402702370141708	0.414884085226439	0.53264194474095	0.242373310655458	0.464565855930846	0.4137332383442	0.424402554453777	0.513696406291405
0.253797292136197	0.0367636389514939	0.216936264432386	0.174717021379042	0.38269912123993	0.375293636136231	0.195110114618411	0.829376905818127	0.434616052732393	0.431495249427436	0.329198278540175	0.598230991543525	0.525244811247504	0.313578539608625	0.215168305828129	0.315967670419909	0.753917952298828	1	0.587035253287141	0.404767388056853	0.470508370687093	0.391181665947843	0.291206254141152	0.335578259445191	0.410659983600162	0.21410222155759	0.237529165614722	0.0572975415996677	0.241303075574054	0.207333388706122	0.405738659106761	0.282424860706621	0.400964834642612	0.104463147752844	0.185554657786021	0.175772384085542	0.249912703891457	0.180112392412206	0.194178330923634	0.200814059707052	0.230496415549482	0.312659514874858	0.157633177415153	0.2106624443527	0.291249339047296	0.261682270878126	0.298007809434035	0.201199815201204	0.37697249973179	0.37252496056945	0.271681097737323	0.16385551087182	0.154885649557478	0.220260775514015	0.277641774430603	0.111895935294724	0.502158659210164	0.613027969143079	0.495536176881203	0.386736701221509	0.415382900552134	0.350097178299608	0.440778972937243	0.367638575394529	0.309909829345774	0.226653439458386	0.221363985759847	0.607805390589476	0.348778819632619	0.345738270130316	0.368146173251772	0.370757233506731	0.0378539104131632	0.352531497107526	0.236636083260159	0.247349993480625	0.197369551222841	0.0632083001255586	0.0852430526008803	0.345175099235936	0.271465537253363	0.303778152860306	0.0662244731673523	0.188227392139186	0.266625104712341	0.213074084756728	0.16736760133538	0.157055200170923	0.197038587201935	0.204236413769997	0.205940612392192	0.238950814646421	0.200355980387573	0.202529948964017	0.248986472693628	0.15751879605361	0.239830962601314	0.226117453036452	0.157588692739401	0.264730934856442
0.157877533934832	0.0164029349298087	0.215711213420116	0.269870733075784	0.529941620004148	0.481541907042017	0.216894170577594	0.695412829769037	0.477936993302041	0.327082030171817	0.105663261476751	0.471902184145561	0.346750361459452	0.521854185432419	0.477500098157259	0.642802957708963	0.713134779801776	0.587035253287141	1	0.659937292827684	0.650830641957119	0.510484180683947	0.505255941505529	0.475646368926293	0.504295026115991	0.546433471358908	0.463413475768544	-0.160798925950887	0.469538891661962	0.535467234210974	0.565641788696625	0.543234547461947	0.592908304001319	0.361204404637023	0.307670769882974	0.555494966229265	0.298297237241457	0.539969079355562	0.248219805538344	0.345266167224639	0.435436891375544	0.454542629287373	0.353041954113352	0.350182590215151	0.544982323354644	0.404343398788828	0.442707134345912	0.411235037630447	0.503203236096914	0.483051211949861	0.343611809992948	-0.00176142071899404	0.508913101207094	0.285152070856601	0.500533709725136	0.216049652185471	0.446732678698545	0.677900584649302	0.712389629047149	0.509477563360217	0.484983732098871	0.359286272982804	0.375898932209547	0.251216159600686	0.521421403643148	0.482010013745928	0.613989543945043	0.650571083569873	0.80659368025779	0.719808871610251	0.551280051908879	0.537145282073956	0.24370055684032	0.508459367198019	0.510026573936645	0.663552895409154	0.479668800980324	0.181358277338864	0.409490420317904	0.659808789102167	0.582977537849273	0.58016626724409	0.31361268532689	0.425173896986747	0.540463330806203	0.496924407739563	0.11671063441663	0.396522722217337	0.461374962483571	0.449326786037962	0.328063926343452	0.383776876778116	0.382421298258338	0.298589685418843	0.546233648457827	0.367775559597941	0.538791094065521	0.411462326085837	0.435807593652699	0.553417263080027
0.277812501716999	0.12628146684419	0.285171732093665	0.323699325823948	0.590937996729305	0.520157524795735	0.305745016403968	0.574865080185907	0.684151473355431	0.471160528759994	0.228862904886905	0.48978978256412	0.256349829717204	0.516951238071692	0.46284947319594	0.647951661638527	0.594878230575944	0.404767388056853	0.659937292827684	1	0.573826869939103	0.587701411099203	0.626187810772807	0.503149914453903	0.698019703709996	0.586578859402339	0.648398493361366	0.0642097584867815	0.453547821948798	0.537701956762439	0.624851947354669	0.642784958391518	0.584955023852778	0.456688809437603	0.415863910974845	0.550463521903459	0.402688172787138	0.611828556191647	0.344309813600964	0.41966349526425	0.546898418786497	0.502771788010007	0.469958388975298	0.518519777646101	0.601604327993539	0.621912816935137	0.607477947965359	0.475148885950378	0.576287175568436	0.471682761846993	0.421274727931393	0.0989155201192172	0.50647932388236	0.419591882545346	0.567572442032096	0.2808739891838	0.30353992814096	0.608589418040636	0.59028052193148	0.708201274262682	0.551128884871584	0.456671064710796	0.376653909453561	0.027292908577913	0.508845431820644	0.550343581845764	0.690747316834804	0.500948474457329	0.635231208048804	0.690700453355179	0.400455633053277	0.598188976259729	0.397799190124566	0.694597219770948	0.478342196915037	0.617383123146415	0.598767599399192	0.429147861624737	0.39139874190619	0.617920995165231	0.567671982107783	0.517240158356266	0.473235106767003	0.55721140792516	0.58819261385623	0.627062139213607	0.281601398771093	0.516445343344693	0.507852275298506	0.574705751981317	0.417812072189142	0.44736600917726	0.534404994022025	0.497789342984704	0.576806595918431	0.399013876945067	0.577409744450517	0.519095294340562	0.561881311019648	0.51482496937453
0.065115794364048	-0.146996324684884	0.093048282288608	0.0876386915150451	0.444743438879662	0.390615448747692	0.120763551689071	0.498557461470384	0.419798039367989	0.440952182760636	0.154832687965991	0.546301549741452	0.302129009487632	0.443406299656053	0.455041040525545	0.528670008725899	0.733927038659342	0.470508370687093	0.650830641957119	0.573826869939103	1	0.641176900888308	0.555945292731761	0.467886161785437	0.471885595593322	0.505052221510354	0.530410939018194	0.0181496876407121	0.50563091889721	0.628109402035594	0.633906562942742	0.633844535848362	0.680933084096141	0.335693070112877	0.263245684926686	0.478788733586223	0.264356867856424	0.53098718536868	0.25709241983294	0.386008742651349	0.58892434898851	0.628807962125191	0.54463988061524	0.460122632971429	0.647009579065528	0.55650010476073	0.64003058265519	0.444603802444621	0.624573376884346	0.682811036158178	0.257116361904571	-0.0735619663744943	0.401060459264858	0.191420697131194	0.419797137561695	0.0246171235413066	0.385332773577941	0.60626831956438	0.599053201828071	0.420661176669799	0.594927936101466	0.465367100075937	0.410239212424726	0.209780226288115	0.381025721873	0.520019017314584	0.559066518871571	0.661444259348473	0.635318271456731	0.565980173651702	0.726694029823513	0.660941542145274	0.182382758865871	0.48336050250096	0.746077459320715	0.644237453212026	0.543859124952459	0.297989143756049	0.491351841831362	0.715433287920816	0.706462965537721	0.695071171059525	0.396022439729393	0.525036277865272	0.628738982785954	0.527730758943236	0.0812687911338354	0.322792204694886	0.638815699896243	0.475871214317678	0.264510178099931	0.462863039499105	0.506527539466111	0.50930530166912	0.692933915350029	0.302838434813604	0.551006829734638	0.52434705126324	0.526286282000865	0.665423307846002
0.142285998026126	-0.127050136857571	0.152471713107121	0.0722886438380497	0.567466855142854	0.592086262807643	0.270572916381621	0.447365389905877	0.573482889212576	0.657731757049158	0.285578370156286	0.702854867043662	0.376912513770091	0.416119960820399	0.492413253328157	0.436803624247627	0.600496610797018	0.391181665947842	0.510484180683947	0.587701411099203	0.641176900888308	1	0.780545282648537	0.536424195359984	0.633062860090704	0.685038158347379	0.751441677659922	-0.120805552487301	0.663958489803061	0.601003469191183	0.448316889779925	0.655843134858499	0.740686127878512	0.564015495733274	0.375841451920442	0.557565822247733	0.399481164379404	0.620540529757695	0.486776672842405	0.629191635271094	0.720960235908588	0.686051024657142	0.499931221492691	0.685818703195534	0.677569983864386	0.76760791752584	0.705416435033394	0.733191797921948	0.702566584151876	0.69861498953661	0.393529009820772	-0.1143469427865	0.428470816512682	0.320666995361148	0.623204912166613	0.117014349021929	0.408140888632707	0.593824425561906	0.493564291882965	0.581045110042192	0.725309640447905	0.695927991529582	0.505537026276853	0.208467044191107	0.403864649084074	0.672112480497192	0.532206653820734	0.529823007018053	0.560881036662649	0.647344212533542	0.589615109901174	0.796023497469971	0.271746314874355	0.663598095021814	0.466613249489953	0.696374749438924	0.730755921923414	0.272577128921526	0.53199347236965	0.498193979789999	0.669430131220848	0.551188877525488	0.44506359960962	0.411702439871234	0.66687650312257	0.704691402572221	0.193292964379384	0.53020950935038	0.596225612865212	0.631389699741633	0.515020653320588	0.684442235613276	0.728019405996569	0.677902667887102	0.702540529956812	0.559090807391505	0.667385622770818	0.628243322634125	0.620816928820681	0.648784088897456
