1	0.565983230099838	0.614555547642685	0.540800733949654	0.629544438659036	0.479531113945083	0.505068282452165	0.0978475513249898	0.259127227261671	0.4112906125555	0.157449096873837	0.347982783895066	0.230376809214415	0.507980521766358	0.552592584060119	0.431252424493794	0.193429935086835	0.0260948242842987	0.083645335876158	0.177942110516456	0.312150507013765	0.360283336683929	0.169464913996882	0.279601970969949	0.17704732519955	0.190131789705029	0.107650869830944	0.201112249987377	0.321138128600927	0.150600121993889	0.204621673366889	0.077993168634768	0.160619608819626	0.36695304954638	0.484470658039582	0.261726445144756	0.246207229392342	0.187536913306408	0.410473770612762	0.321851145129606	0.416465714827687	0.332033227974603	0.388334162457921	0.175457681222758	0.167964674841126	0.229448946604598	0.32584551650801	0.482250677951449	0.36402990169833	0.466961155864809	0.541420967187467	0.501416990664137	0.431907118338211	0.50728572632431	0.406856187242682	0.59246926963735	0.202823903247872	0.205461493174303	0.318140667728685	0.351454374713224	0.434060694585733	0.300209598419137	0.302408411078549	0.36333149075709	0.297709578530578	0.339593976635602	0.144256411649156	0.156431808508144	0.246312038050692	0.171626003673019	0.38114075000196	0.264197595358815	0.153922430965881	0.120152139336295	0.0945140095305869	0.166107707862476	0.0625337927934884	0.262816710555634	0.334277505479408	0.0787088479764803	0.138358296271711	0.164283099395665	0.192714864543329	0.135751086876164	0.124448181290946	0.281908926097652	0.209234363783501	0.406492859448511	0.21168196514551	0.130151394356562	0.322684866529667	0.345378025630375	0.195004654570303	0.325262164333262	0.241419755112687	0.393095371015802	0.17757953954465	0.376753925274542	0.315215758307304	0.272808884698307
0.565983230099839	1	0.615787916361595	0.450173967487886	0.294496528242415	0.31743698996848	0.34745417373482	0.201903528004764	0.151188293488945	0.284643532062822	0.0568547781620461	0.140866711841966	0.300316308362724	0.646582401557197	0.478881500551234	0.558851290312176	0.286651449087952	0.412036698671217	0.441120234212783	0.263846977302116	0.312730601781588	0.302385709767285	0.137696409158413	0.154244974238648	0.206794744032099	0.267833870726592	0.135295462756131	0.302559415653581	0.239088032992713	0.296991352106596	0.472118334408175	0.202818333262023	0.171943448695735	0.439816052833701	0.429342731316979	0.46070742707116	0.0998387621695951	0.266007564384029	0.321987502792999	0.160949897676575	0.38793418637211	0.437253374462027	0.411205819237978	0.225013380078235	0.23807831808784	0.185036854475262	0.326628552858454	0.253546674746077	0.28595168890104	0.543482819456072	0.360993529516781	0.691852343247233	0.360263198587919	0.430023993886996	0.249711081441335	0.378609052335342	0.171671457574216	0.176777624725682	0.362731119612913	0.21405901001718	0.261083889880282	0.045483492619515	0.137695733515354	0.216343599551182	0.343698107903362	0.333016588572285	0.41887551725233	0.295356747489672	0.41668672048242	0.221114449817313	0.180467932010927	0.210725370778879	0.0894134006830741	0.0260202519114906	0.113650187611754	0.152496667988403	0.0751047056226493	0.355447712861824	0.239790891201141	0.25301800806616	0.218409627027102	0.236562758571727	0.239016958398202	0.365061535623969	0.224615117006869	0.353256207608864	0.10997263034288	0.452526987878564	0.309484944338059	0.234824543764553	0.361373417607057	0.24291630468847	0.138964217250838	0.355768750296553	0.208808018675991	0.430848514341952	-0.0739218415527144	0.479626627673247	0.332257191589232	0.318452401111193
0.614555547642685	0.615787916361595	1	0.305321822824772	0.559795332666678	0.616874412030829	0.430002837299944	0.0170273324507353	0.132613175791225	0.239746157425645	-0.0794406779769488	0.179138524336165	0.00819376448378296	0.302590071246629	0.334785602376599	0.531256970636777	0.37625085895863	0.258052414584342	0.385655731179105	0.120777601017593	0.5160246815431	0.253370851306311	0.191206184426138	0.347634447592585	0.164059164994147	0.395460163089569	0.27668399989253	0.307940171153787	0.299812339017766	0.227520094923545	0.437641607230348	0.138864229441493	-0.0883944161556065	0.480832326900701	0.587263583804944	0.451800714959558	0.420601224196001	0.249045311607527	0.570328596925868	0.346380075669403	0.37711884787665	0.496257138358815	0.50493275556365	0.415183647460946	0.251332927359171	0.207783816597913	0.442002725751784	0.577806804891913	0.300572764995625	0.428860080115383	0.546480406067765	0.663562509950591	0.441233401982967	0.692933019070258	0.52808839778815	0.474568644702465	0.0550955156396108	0.0872965025163433	0.218761345126082	0.164687308887414	0.343019313693964	0.104700756713028	0.189405969135158	0.131110323638604	0.308951196251231	0.399571892024021	0.359949418749534	0.218331556143181	0.329075469048583	0.298276869864985	0.298345341638202	0.383196912158268	0.125143190111547	0.119204772737071	0.293592358318304	0.256619754819311	0.271345401376733	0.384372977509878	0.298464491519723	0.264163450837712	0.272286309765358	0.275062898388649	0.304455113448902	0.417025522372311	0.299284071328375	0.384018905443765	0.215443107196282	0.587278962959776	0.410312848091927	0.273467534894337	0.52919009926239	0.424380842106292	0.312967113764851	0.391890379851615	0.426455675115075	0.513379667298652	-0.00390412703640221	0.368511277384562	0.314123963578704	0.259635439373283
0.540800733949654	0.450173967487886	0.305321822824772	1	0.424025578417819	0.409388786452331	0.808500883368995	0.181105616825641	0.542962786104682	0.587904401768038	0.356133352691177	0.553100781805303	0.433998996160865	0.468537173082443	0.658392784523751	0.2728024743194	-0.0698259276894018	-0.099926519138251	-0.0318990148012702	0.168215075962571	-0.00849773684549202	0.347562517055909	0.128252153206119	0.0710026745274696	0.222968047022482	-0.0932605443085708	-0.129127335563598	0.266387788063714	0.00798674538131775	-0.00596438385492031	-0.0375831945217536	-0.151331291439263	0.130349648694905	0.0470331941887543	0.483880953556979	-0.0893963027202285	-0.0623639110293476	-0.0776907667826866	0.117417377697068	0.225552045107819	0.151518498645245	0.0658773520364584	0.136101286723112	-0.0970199001298531	-0.140048885917162	-0.0102774354470803	-0.0268376626199146	0.298549404033464	0.529261622126454	0.330611762089048	0.349585697009216	0.401584992858137	0.53717461328741	0.515442982722152	0.413342425441492	0.818404315521122	0.415186342930617	0.4948487824536	0.409346899044817	0.55173251284268	0.476026358513493	0.475645118931908	0.336407053599098	0.501336178462497	0.225514435105301	-0.00814732216580614	-0.206403274042064	0.135276706468469	0.170426152254433	-0.0305627199807641	0.420521838896005	0.011000480175079	0.0721949773272298	0.108644526561012	-0.173354185033486	-0.204954035592607	-0.280523248657916	0.0128684786490409	-0.0654038192049991	-0.27311211923201	-0.29003943553113	-0.180576103755784	-0.189225738750207	-0.265617692710209	-0.258370219900573	-0.208588844282767	0.050752559800091	0.15165912376577	-0.196412197047489	-0.261298731488127	0.120706080601466	0.13770729689255	-0.14808612184231	-0.161104861981378	-0.110162651732637	0.367815441403974	-0.007479310070116	0.13051778667592	0.268043863760194	0.019548653524196
0.629544438659036	0.294496528242415	0.559795332666678	0.424025578417819	1	0.662669419158827	0.488159897612988	0.0610381603598776	0.471877992397786	0.445622426405268	0.141056639979536	0.429256354326678	0.172732463265369	0.278061096205246	0.246935667654285	0.240155290301281	0.176610310751108	-0.0671776619222797	-0.0275077503870855	0.204384375361645	0.293492045636114	0.368076394301117	0.239332711341296	0.332706668050554	0.324635348085233	0.155292678062626	0.173185331390061	0.162258860353336	0.137215070643155	-0.0557717383492288	-0.0206454014741895	-0.0423367656017504	0.00356680687558286	0.188098065868364	0.442376763559022	0.0962068653970261	0.282959257210274	0.0479120443116626	0.384277443966531	0.287988568280279	0.18201229186442	0.233713080569045	0.250205159338182	0.169942692349604	0.0630565096616418	0.116456850343987	0.204006881601464	0.472510203963756	0.388132798902252	0.255569724116575	0.673306595699454	0.395254124416156	0.452092170389382	0.64480623769191	0.61628963689294	0.56721158416269	0.187974829595204	0.261269038637131	0.334575654450058	0.529456617021884	0.55508743067512	0.398506516071024	0.48164779533228	0.386212690467498	0.0886315912864906	0.225689846826585	-0.0113668645976888	0.244242063364025	0.203288593557857	0.186868005553645	0.499064646205316	0.336204272341757	0.320069880245179	0.335961464088787	0.233345336760041	0.0960596346576503	0.0818937342996596	0.128593391962476	0.157920259365297	-0.0117027930631898	0.0197703591455801	0.200140121668561	0.090497515919852	0.0944434717355464	0.132416952897172	0.0523583557371572	0.271598905667724	0.304372274399958	0.174119211856664	0.0638614547005864	0.281885659382996	0.221791947064833	0.191691133654296	0.124667989370137	0.305579502649869	0.327389610862142	0.145055320462018	0.217785345867887	0.341628171230362	0.188402177496431
0.479531113945083	0.31743698996848	0.616874412030829	0.409388786452331	0.662669419158827	1	0.6078679991894	0.19657481167378	0.507488702282049	0.47227634557723	0.10212368411804	0.448643381719431	0.24831575369215	0.22788181244239	0.244533008926419	0.336748633994928	0.317484335230638	0.206283381618289	0.200344784450736	0.348637401920139	0.324437037263762	0.39930483908146	0.389536751565905	0.379832442925515	0.449587713267109	0.13063420494741	0.265197996572415	0.0106457681332456	0.194017900218276	-0.0437507479379188	0.23453532790807	0.0786381679855298	0.086193240026708	0.0699266760825192	0.470126067451079	0.279131399639105	0.314403709613897	0.167483350083697	0.389476477901579	0.131888123724652	0.214619997874016	0.31388538598817	0.230562807506363	0.190557483886741	0.2118356880002	0.213204492111324	0.305173008459169	0.55300971067741	0.402130523007565	0.338647953139696	0.504130206782862	0.387894484080158	0.386430845514592	0.829600190549561	0.677437394777755	0.514748911970742	0.262027358897329	0.405802970482119	0.342184102133286	0.453244408996921	0.546526257756125	0.393606802958636	0.452305186091471	0.360232331828852	0.07876740584171	0.1398962781518	0.0903020645939946	0.372587116363153	0.278298195485803	0.332809611179159	0.39570228588109	0.400277507526318	0.343857659329145	0.438339411920094	0.273682496796436	0.105909852894663	0.165952119971496	-0.0782140328180874	0.0823670903110943	0.179345621740286	0.0847732688092063	0.260039702801974	0.109710799435201	0.134765241249463	0.185996182317963	-0.0485864201632729	0.385574673367727	0.373079414433852	0.275622776036892	0.199664490324467	0.335456209287737	0.135969428520398	0.164117471563404	0.0808298424945447	0.330933841772514	0.481143282643251	-0.00300871271322674	0.163089119732404	0.419791479386746	0.255389771773886
0.505068282452165	0.34745417373482	0.430002837299944	0.808500883368995	0.488159897612988	0.6078679991894	1	0.188142231213706	0.572475140941865	0.51332397312903	0.257794958930853	0.55097961075169	0.376162903508377	0.289238773937086	0.504912403280209	0.165543921716029	-0.0166984953757287	-0.0963978310461714	-0.0680505907467481	0.10470805111345	0.0055102395295085	0.349776954476642	0.16248389352473	0.166087283169114	0.232121369754403	-0.0545366693870795	-0.0789190794148754	0.211376499456327	0.0182558154827069	-0.0783562447604622	-0.0448188688263041	-0.221262573828605	0.104808094788094	0.05751114851106	0.521314791964788	-0.063051806398676	-0.0471936078268961	-0.0815176742830313	0.179410455068884	0.214449048880398	0.0816080745173515	0.012395131389204	0.094683821108568	-0.104805737486864	-0.185100966033136	-0.0192213147589232	0.00181366182459253	0.442532725270018	0.462365117614775	0.19085887908653	0.370577735571772	0.323395588883558	0.505303477777351	0.66671627398592	0.532624441309976	0.849487130276771	0.315316723485351	0.516628583011708	0.374484631810886	0.541737179005172	0.473760999658781	0.5044818158719	0.334825166419306	0.404316133617569	0.143850917160367	-0.0832010280817856	-0.274246729763151	0.154127348595927	0.209159854760899	0.00275923093304501	0.37599216583124	0.0474785582657363	0.125457152073511	0.149641784520822	-0.177479026554748	-0.238399322291812	-0.235008728240448	-0.0366170640966407	-0.0891349554140177	-0.285794105037981	-0.325341722839261	-0.241999940748712	-0.167645842946937	-0.284878138950062	-0.297391155468401	-0.249627366190725	0.0446738918888424	0.133941261964113	-0.188753548770855	-0.25107255836383	0.145028381838172	0.116450616289563	-0.177092648521646	-0.194943108388119	-0.0594023055678539	0.360094529449317	0.0281506417268715	0.015891588394616	0.300525240606443	-0.0339915496393025
0.0978475513249898	0.201903528004764	0.0170273324507353	0.181105616825641	0.0610381603598776	0.19657481167378	0.188142231213706	1	0.494693823179963	0.105684581986835	0.06180077324064	0.176055012973391	0.549620889054396	0.232818822827359	0.00870615980649049	0.148340062162273	0.333868072670481	0.425963590674963	0.405673571566767	0.66283669998594	-0.0678707703680711	0.220164556854995	0.203774452731092	0.293706183795536	0.613045564807565	0.0410818741142413	0.145441504727208	0.112286380613772	-0.0781125194315538	-0.0484686442435961	0.217295875803179	0.218345277314884	0.353241022297603	-0.0277866661468742	-0.0759016143414893	0.182896938714876	0.0402613674916549	0.31479750970203	-0.0532535534511841	0.0407788407342234	-0.0574408744996252	-0.0957734931101459	0.00698157830273898	0.0913387501341273	0.44318151278399	0.10813618371599	0.136818674348032	-0.0109405029200769	0.288467582685235	0.0935087046296604	0.14957584409266	0.137450607116343	0.0125462021868978	0.224251132971097	0.0556251542548864	0.0799601269025515	0.414438120341273	0.511780953094161	0.557694693141176	0.39388412997938	0.270234067340463	0.170043377474145	0.0978322108047647	0.159696835160067	0.226380006984145	0.100889524079539	0.126462892905264	0.447645182641294	0.487474371985174	0.393477011432935	0.215793962508984	0.139936338473505	0.378411164916622	0.409726068695278	0.268957886640574	0.1309328517728	0.0894511864808746	0.103457590831553	-0.0690718105318177	0.310168363975494	0.165915088680612	0.157968664282061	-0.015910107105926	0.0611950353006009	0.21032131287014	-0.0216115634657901	0.349700832579538	0.0115519765167016	0.0688142645783123	0.232018630827755	0.0526643024683899	0.0693143039377311	0.174869732008276	-0.0454976022010671	0.0992387378145323	0.125667575106335	-2.24817192703474e-05	0.157383848391164	0.189289470649968	0.224964651255808
0.259127227261671	0.151188293488945	0.132613175791225	0.542962786104682	0.471877992397786	0.507488702282049	0.572475140941865	0.494693823179963	1	0.486904785497807	0.370261092076062	0.542076531169219	0.503833670533516	0.178836920996045	0.237827939759387	0.046169821599521	-0.0250099021870891	-0.131341043643938	0.0276696222436647	0.514343237750383	-0.0841360944395873	0.375960001867296	0.314192881426858	0.317796913110162	0.637921905796532	-0.114182130148789	0.0442339677722583	0.0750968063063578	-0.180363737100091	-0.330192873279827	-0.172242392665433	-0.105150887410577	0.258392123211928	-0.178049877732941	0.20295789539821	-0.11496395636081	0.0353838822744627	0.102854731783888	0.0120488868249302	0.112405366332863	-0.0293677761203181	-0.159923383847771	-0.0456232780637016	0.0635749612857642	0.042749561530059	0.0235126228116122	0.0133177992434038	0.188330926274971	0.430114236482831	0.0279594288900955	0.401476495876273	0.125432244657336	0.314941559970282	0.546102329919395	0.529343458984996	0.549993532438867	0.534881404882755	0.682748625190743	0.618707151057686	0.851711989265296	0.569348164323301	0.577269161061997	0.482713671178594	0.424425806329414	0.01875212426093	-0.13557128332986	-0.264836970081911	0.336212937794824	0.338755545680249	0.242721212047373	0.433005002839748	0.150830559102666	0.469482023019923	0.425534939590934	0.0386686128644851	-0.158284963741481	-0.133312378352295	-0.0878099285149489	-0.165452703527865	-0.120324074843809	-0.220657015367074	-0.080510749798139	-0.245565890225841	-0.30183432175502	-0.1333206247711	-0.37895595497699	0.288208313171847	0.0179521660799285	-0.199952071305222	-0.104237379392171	0.0753867896378238	0.00512887906109721	0.0463017940683256	-0.22203417604999	0.0153000152209609	0.31072170191411	0.104562025492604	-0.012021956327183	0.211914131085231	0.0192056677655686
0.4112906125555	0.284643532062822	0.239746157425645	0.587904401768038	0.445622426405268	0.47227634557723	0.51332397312903	0.105684581986835	0.486904785497807	1	0.497222878947729	0.742617795675037	0.404751790069579	0.403362786291734	0.474756579947916	0.206503459063846	0.0275605091484896	-0.132099213610501	-0.126575351335215	0.291184746959501	0.162926025591219	0.422490908722813	0.392004432878789	0.055362428104759	0.390961471958369	0.00964342881758014	0.133706775719677	0.0490714665114819	0.198280139311263	-0.0146891049204173	-0.0439135885217153	0.0608689865832273	0.169724568256147	0.0246516729709634	0.496766238523531	-0.00852062276406254	-0.00546846083399686	0.12228706879781	0.163825286358459	0.193492281690376	0.305650384116616	0.231731337567918	0.127259554407839	0.129190502535471	-0.00713133747708789	0.254103017935561	0.167967868504209	0.333023055990191	0.318746238445209	0.408550532564277	0.204935077002558	0.197233186685763	0.36866962360408	0.486635686171734	0.444829693050746	0.527057450099559	0.387017340910519	0.482769015524109	0.420498407394272	0.529554314373368	0.703340452307141	0.5351455944524	0.549408743489373	0.482174646605663	0.193581586683568	0.0272158983185885	-0.139009711902544	0.155356887522222	0.0533835969780774	0.0730813711603824	0.473766075285335	0.266540840833971	0.153966447553002	0.359705881120297	-0.0280576273466294	-0.00172937689088327	0.0180114849493509	-0.0935642921044894	0.0506412426077688	-0.0901456809574121	-0.0905820094018373	0.00114393242227189	-0.0261034563155519	-0.149447926435736	-0.120358663393583	-0.102266249585329	0.11633533002152	0.189471389889471	-0.0486019451178022	-0.0260754455833816	0.0655285108390712	0.11454301333231	0.112817076045888	0.0439079525259146	0.076750455841174	0.305412225158243	0.0383420074516402	0.322215731986658	0.354419364249988	0.225588881384763
0.157449096873837	0.0568547781620461	-0.0794406779769488	0.356133352691177	0.141056639979536	0.10212368411804	0.257794958930853	0.06180077324064	0.370261092076062	0.497222878947729	1	0.541714883224408	0.435377744157095	0.113640152130859	0.33145029205623	0.0730039946495914	-0.0782946180064174	-0.200660486013154	-0.173255554504472	0.255958493307346	-0.0535614483525891	0.307219316285748	0.258623462169758	-0.0393852326854161	0.203131385830928	0.0431268328962549	-0.000725448728378203	0.143272141654753	0.161274901386602	-0.144314541213597	-0.133459298900509	0.139678785822381	0.286531425862961	0.0379371571155651	0.240957526346653	-0.0895173020279059	-0.101319606104179	0.123535249938152	0.0603482318289795	0.0405116856876154	0.229938866475154	0.0403788595677909	0.0262935084649105	0.074324894132909	-0.0441574657350432	0.308706006459666	0.14305256596105	0.123147844280712	0.203139779674099	0.194283813127203	0.0702775172139514	0.0367768569595878	0.214084805591894	0.184063925868024	0.284530774581506	0.331656619802832	0.3327891945641	0.370199904816893	0.370830421754898	0.459130719753576	0.377556321777277	0.388198341447161	0.278450818291032	0.292364390000566	0.0952205127970417	0.0528347939608497	-0.169660898663829	0.087032593524052	0.0156859608189532	0.00897720777419733	0.304612989298875	0.108706852259792	0.0541265482668099	0.201446248189203	-0.0729831536159064	0.0546262695680954	-0.050596684638695	-0.0378557275027886	0.0124410860235499	-0.118970566783233	-0.0529928725790316	0.0707575020627373	-0.0353164720399672	-0.174068072510999	-0.0971926216079493	-0.0992720953986281	0.0635939579947722	0.0446275465330121	-0.0263200119968574	-0.0826354440867698	0.0721658981643408	0.041635366430257	0.128977314858503	0.10155463316822	0.0117797538128689	0.210190292258777	0.0975340290727553	0.0974947702741145	0.0972364836964121	0.116629702985628
0.347982783895066	0.140866711841966	0.179138524336165	0.553100781805303	0.429256354326678	0.448643381719431	0.550979610751689	0.176055012973391	0.542076531169219	0.742617795675037	0.541714883224408	1	0.642866093549285	0.26864375665396	0.359064190180058	0.0561197096419907	0.0886306479140476	-0.120124783399595	-0.178258677744314	0.274479835914046	-0.0493681872012487	0.439296282151875	0.421741927237146	0.050980979039188	0.436200103355823	-0.0437377021162601	0.101577730093208	0.139178955626588	0.192736805675103	-0.054060601766316	-0.160992782111012	0.0392553858781972	0.368097604700992	-0.0969225724288053	0.334856952913742	-0.136035443265118	-0.133737771340678	0.00337603672522006	-0.000242538901488749	0.138857267499765	0.145325889668008	6.3277087689673e-05	-0.0569019653209813	-0.0291496142367756	-0.133150678387673	0.260350365567928	0.112867593359275	0.274176716847855	0.422857074248783	0.21771423170114	0.197917769812318	0.0439842518694044	0.285599460400015	0.466521348223401	0.480771245148736	0.523474444589289	0.337029879179789	0.38057911128052	0.319434864100204	0.619494766268077	0.62756851474721	0.529422079373545	0.562700096650372	0.504667127551961	0.0651828978808646	-0.0783704483606285	-0.263593859600473	0.222850499584732	0.0644645590533251	0.083932839678994	0.522524916696718	0.228109065994146	0.207797147869659	0.381678211260714	-0.0660937749255849	-0.122251601728148	-0.0446652366083619	-0.0624410277759363	-0.0573529026948537	-0.177888955238262	-0.152712867106428	-0.0301723873982556	-0.186975460000061	-0.29092714687041	-0.241683104762483	-0.264810225558049	0.14559111770245	0.0279178063709244	-0.174386830452952	-0.141311029525494	-0.0578455808539061	0.0392331593454785	0.001909044154312	-0.00548389357804259	0.0459786547668488	0.291293770197453	0.113168571654973	0.0581692073240261	0.255402727469169	0.0750210089420026
0.230376809214415	0.300316308362724	0.00819376448378296	0.433998996160865	0.172732463265369	0.24831575369215	0.376162903508377	0.549620889054396	0.503833670533516	0.404751790069579	0.435377744157095	0.642866093549286	1	0.372267643196063	0.249423212640749	0.061297684724114	0.242390940479132	0.206876526718787	0.0637577708881257	0.464915118746045	-0.223008381902577	0.3743873850351	0.321877098759884	0.00936092918400914	0.50893107717925	-0.0793165834833126	-0.0045495749435164	0.234295320357536	0.0669407235857548	-0.101839605694589	-0.0189529778851579	0.140278511958857	0.622499309256974	-0.162683577141815	0.0137332142858596	-0.0376924832887358	-0.222077518710896	0.0628872747833107	-0.156704737556792	-0.0443088651798136	0.00724056838025621	-0.139985236202485	-0.214550150148726	-0.141479179665489	0.0603052559557453	0.224958610171733	0.0403608587178384	-0.0624815210442339	0.37104345925824	0.116450153947762	0.124777518044919	-0.0213058333906246	-0.0487939065813851	0.317926046539437	0.241941303150962	0.274149168360866	0.563201572063009	0.499262883654589	0.424053767684599	0.559465345280685	0.371421437554096	0.359325995190614	0.396377313089462	0.522115684198166	0.0224014488606177	-0.142677408736681	-0.12157627824084	0.522649919266999	0.218742944950518	0.111539450411729	0.352175356822708	0.0978842136480042	0.220094085887564	0.355236009774865	0.0199059577972776	-0.0570263324871121	-0.0804342036666939	0.108339927022505	-0.19438035376546	0.0314497641652725	-0.056771384992725	0.077794803012363	-0.228082613109411	-0.210805640189757	-0.122054934206401	-0.208739573597588	0.15891053159017	-0.0717994608461476	-0.147657536187666	-0.106690318460092	-0.0714320394982444	-0.0589042163005899	-0.0194907210783517	-0.0295552812064025	-0.000667021996853307	0.158094971441328	-0.000118855189905982	-0.0257878282418721	0.193099558858521	0.0370930678834339
0.507980521766358	0.646582401557197	0.302590071246629	0.468537173082443	0.278061096205246	0.22788181244239	0.289238773937086	0.232818822827359	0.178836920996045	0.403362786291734	0.113640152130859	0.26864375665396	0.372267643196063	1	0.590561178009473	0.465166243099635	0.198949194091077	0.226191541241056	0.29396960204645	0.30647465189502	0.257930611472571	0.289360645274627	0.219392159596931	0.0131998529295041	0.256323814121031	0.275731087009476	0.219721972179726	0.217286621304007	0.199470280729455	0.460879018819477	0.274728825511591	0.255550547033194	0.202904932740362	0.322986276609616	0.328297398349512	0.309350675261742	-0.00719670353682856	0.248290929482805	0.136994789540153	0.178124652345266	0.380017968572824	0.328468062203091	0.3307875330052	0.187856166415716	0.171802822934645	0.288927264878553	0.256958750760839	0.0723074616537898	0.370313959142633	0.55614593097637	0.256262964452799	0.444731667853038	0.442866325933335	0.259474984690224	0.132648232504856	0.360299952292021	0.17343940096442	0.179818697296452	0.27321945387437	0.151367304023586	0.370498188673652	0.200520614901552	0.322806158263709	0.293709405103142	0.526011029203622	0.345204391664301	0.324149310208925	0.203152611044575	0.244249737224533	0.19341758848138	0.341789105762199	0.229116666988675	0.101908012528672	0.184696587335909	0.0391288836189235	0.192425681252086	0.0927526314988207	0.258548035029724	0.247233016801513	0.142396971501905	0.190971360241488	0.224925710490833	0.182608176700987	0.183028825102926	0.0880094468166002	0.280992887079651	0.0717594860441977	0.387192974219704	0.181851010216532	0.159345676968178	0.13542743224696	0.251491747393594	0.15952342033026	0.294226985333483	0.187367191024604	0.297083943975469	0.0536822564318476	0.452523059271115	0.358706499685913	0.384507059875684
0.552592584060119	0.478881500551234	0.334785602376599	0.658392784523751	0.246935667654285	0.244533008926419	0.504912403280209	0.00870615980649049	0.237827939759387	0.474756579947916	0.33145029205623	0.359064190180058	0.249423212640749	0.590561178009473	1	0.444084885256373	0.0951936362167118	0.00494601382632198	0.11182933200541	0.135399158414273	0.252562168996557	0.343939158257434	0.123083324762649	0.105603832989842	0.182735892690565	0.240478773563444	0.115506898992277	0.25782602614182	0.224667015764995	0.291370708669634	0.20329966645704	0.160221752553627	0.175906952613894	0.322799840213377	0.462743995067005	0.202075619996981	0.0950292573794358	0.182680679802879	0.277183686253655	0.235249096614156	0.443417000691663	0.35714340189449	0.422382759333485	0.175953359646039	-0.000954877894174097	0.232774490974587	0.252972038905896	0.24469915700105	0.339618985663042	0.556724488596987	0.27034798546166	0.414863029271159	0.556947152797835	0.345134316382208	0.267561297482407	0.596398073359583	0.255526326649523	0.258692121715162	0.302871625135111	0.20701423853972	0.381259408529122	0.346648282674123	0.275748451715873	0.345198338996591	0.409696964346128	0.340408665244165	0.172432644360426	0.118982543426671	0.170851412667122	0.168758989332574	0.327164116038962	0.176351301968638	0.0361328746616862	0.115863888639437	0.00726512371130895	0.180943181641348	-0.0217895903284871	0.0968716522557451	0.197692327813988	0.0222685119110196	0.0887162449387312	0.118562786383762	0.161766908359546	0.0964934944627936	0.0253055508666647	0.208291723266862	0.070195575615854	0.4201938767893	0.141811789371814	0.11105701983203	0.222589678693119	0.232918321278415	0.158554023456047	0.17656402673468	0.109949941451488	0.365085223192933	0.0485109468074958	0.315381373671921	0.319084554058661	0.314966689706265
0.431252424493794	0.558851290312176	0.531256970636777	0.2728024743194	0.240155290301281	0.336748633994928	0.165543921716029	0.148340062162273	0.046169821599521	0.206503459063846	0.0730039946495914	0.0561197096419907	0.061297684724114	0.465166243099635	0.444084885256373	1	0.560039974334294	0.560609535584233	0.64775805263568	0.375408952620907	0.573073891463038	0.225113615692557	0.226992118385484	0.39916885617633	0.232793635324695	0.518146664293208	0.471157893459752	0.217157055264375	0.242283128982609	0.35094234924556	0.796015902694924	0.588640013246254	0.208762351129619	0.512342810157237	0.50724380713774	0.788669219150869	0.39314854201418	0.46934291982567	0.387643807870892	0.2521969108575	0.505227966039166	0.629463879221208	0.660082691270527	0.475050654053396	0.509709289411638	0.412232296951372	0.602804852055636	0.251011731826913	0.279198125941414	0.626201110493752	0.377348856100286	0.597502417541157	0.453266164929038	0.432432915691439	0.289542108765071	0.219531575660392	0.0608634896607141	0.128901937955993	0.215449571956639	0.0451875100762993	0.271924118301741	0.0236469624801529	0.200329941410126	0.267777290656214	0.592253251714338	0.715701809884032	0.701069554955791	0.323934308912819	0.522790974107642	0.530480592740863	0.290530992767504	0.413414744813167	0.246457125420547	0.285897271332323	0.485883766344248	0.580131170981476	0.494915377457091	0.280144892050699	0.369077101946188	0.538793577648053	0.543581299687281	0.600215695339011	0.42494581014372	0.538128950889023	0.551941415989892	0.518730525180214	0.317613149873174	0.73622053560062	0.651866765269293	0.537672786432791	0.393196004078234	0.369784359234863	0.474498923280605	0.43542107353791	0.502901229511575	0.461734430133304	0.0656961190596544	0.421443891580517	0.481519226621855	0.637735482744296
0.193429935086835	0.286651449087952	0.37625085895863	-0.0698259276894018	0.176610310751108	0.317484335230638	-0.0166984953757287	0.333868072670481	-0.0250099021870891	0.0275605091484896	-0.0782946180064174	0.0886306479140476	0.242390940479132	0.198949194091077	0.0951936362167117	0.560039974334295	1	0.767980106932727	0.619595819254668	0.411360681190514	0.459953561433913	0.248143576487777	0.331482947364199	0.407242852421862	0.334924624240421	0.466051426343445	0.48989264895835	0.0899408856888991	0.0963466452575111	0.220956333805862	0.68657434158365	0.604684981401364	0.41226481748505	0.195645949124448	0.134179523523698	0.65243313819089	0.37276756826536	0.350834477092741	0.262574359673894	0.00507422112075458	0.166057338973346	0.313224973267434	0.365847120402049	0.308642366400147	0.560217009779414	0.487899510347773	0.50822913503711	0.0964531907610451	0.127833390246248	0.370115862089511	0.206088881761215	0.221549283803606	0.103480902145668	0.289471140866458	0.0922900267968302	-0.0814080652759093	0.0594197009071822	0.00188461008318155	0.152672608012293	-0.0694058425017971	0.191458739321625	-0.0907146151411212	0.244541547690793	0.224862301801649	0.221601525519277	0.514959630259138	0.605118962496621	0.558254718504325	0.459472622775619	0.538238347557062	0.267723948646749	0.418400563947891	0.335328565045689	0.356857900108525	0.655319262434633	0.552390722247407	0.531272805904851	0.29049644464102	0.134614096843154	0.681990545000489	0.601310246754652	0.711074777203263	0.297882963472948	0.575854394220442	0.586469342061927	0.416203732205988	0.387808043726378	0.504553456912167	0.647760519093562	0.520190999954578	0.307120700307535	0.116155905456214	0.459068983068897	0.393052400987374	0.542548619654034	0.215633540809427	-0.00363636949481511	0.199833992724687	0.356283446013597	0.535106146591461
0.0260948242842987	0.412036698671217	0.258052414584342	-0.099926519138251	-0.0671776619222797	0.206283381618289	-0.0963978310461714	0.425963590674963	-0.131341043643938	-0.132099213610501	-0.200660486013154	-0.120124783399595	0.206876526718787	0.226191541241056	0.00494601382632198	0.560609535584233	0.767980106932727	1	0.742015960696717	0.481517575880159	0.259341958731455	0.165351394285311	0.198214258923438	0.250790196051544	0.299892544338773	0.356226785111543	0.386012726224913	-0.0135456670886125	0.0395198080911641	0.20833871003117	0.798955714835402	0.625364812889969	0.42967810395449	0.135675020626327	-0.0104860379946931	0.714487364012271	0.210990180413987	0.390586611325705	0.101450876533053	-0.195933337492556	0.0902742481798021	0.29792332411243	0.258172475375513	0.138466400041584	0.658175765413214	0.298284407279214	0.428425443399459	-0.0801462711333636	0.0201139463056758	0.316631773564182	0.0616619789578404	0.265923844151218	-0.0329776804745411	0.191778633398364	-0.0423548999243999	-0.213704993670182	0.0681152758537985	0.0162188183837159	0.178144878023891	-0.171116888802739	-0.0271913194314063	-0.281540366396937	-0.0395974375987937	0.0436689029484588	0.217847589801172	0.423998554627593	0.715305089699417	0.555137752941589	0.49951712524629	0.563755538440727	-0.000541345989110956	0.185165515954533	0.177243191724198	0.30178990467999	0.597325479370711	0.410498451978023	0.433885900917549	0.169342427674442	0.0222038949401809	0.759003569167366	0.574950936700357	0.614977788532768	0.250173561278383	0.591886874949745	0.63835752597994	0.366055306109166	0.297888081128069	0.408600622719969	0.594458845473111	0.603871211635402	0.232292904496788	-0.0213171867540499	0.234096889212518	0.260011791515902	0.305392498020427	0.157356070992067	-0.220725903049451	0.172621801157376	0.251214790311374	0.477974477455693
0.083645335876158	0.441120234212783	0.385655731179105	-0.0318990148012702	-0.0275077503870855	0.200344784450736	-0.0680505907467481	0.405673571566767	0.0276696222436647	-0.126575351335215	-0.173255554504472	-0.178258677744314	0.0637577708881257	0.29396960204645	0.11182933200541	0.64775805263568	0.619595819254668	0.742015960696717	1	0.490582600886652	0.38473361658263	0.195527493721927	0.143750147030591	0.317654256499924	0.327618625046624	0.36677380829333	0.367293509740275	0.132281445935851	0.0170172308225105	0.283563772976175	0.748223742463827	0.495875863276724	0.190176618170892	0.24119216698299	0.0806700460780638	0.769399267050803	0.249999589454236	0.501102684852471	0.128207479363944	0.00445817470072424	0.205682088301174	0.381585427937275	0.442209003077897	0.36403361975759	0.62022960109598	0.274130845449816	0.445728656538589	0.0428395998428437	0.0779814255201287	0.359866820956493	0.235525650210823	0.408647390222745	0.0984781183139846	0.233292834230875	0.0295624419780206	-0.109079520208873	-0.0267415944586636	0.0474227862929955	0.280759525838686	-0.0819786804190932	0.0442528648145336	-0.257404243109516	0.00104153333116078	-0.0674215063440557	0.44125609075876	0.485973236400823	0.684867479720042	0.416314033160387	0.686183286379165	0.569740788998508	0.0406123799520076	0.278064154559474	0.227830405961059	0.224760010003389	0.505460247550611	0.404745194518729	0.437600020347995	0.225062593469878	0.169276904043909	0.642601607876631	0.488628243392995	0.494335892860315	0.338771572726324	0.550878018725184	0.560596239945999	0.410844275768165	0.245718955449837	0.438564217164691	0.575696179876211	0.525670986947185	0.235905884551482	0.193044163778467	0.323941834630915	0.364807632968317	0.389328109172918	0.262661206455974	-0.0327677227915602	0.282510406952518	0.2652338782679	0.504399828226837
0.177942110516456	0.263846977302116	0.120777601017593	0.168215075962571	0.204384375361645	0.348637401920139	0.10470805111345	0.66283669998594	0.514343237750383	0.291184746959501	0.255958493307346	0.274479835914046	0.464915118746045	0.30647465189502	0.135399158414273	0.375408952620907	0.411360681190514	0.481517575880159	0.490582600886651	1	0.0446401890855377	0.279964291068424	0.431277805211979	0.272928774009831	0.794526772502176	0.200673526033279	0.352077952773808	-0.0834923597151328	-0.0578302708511554	-0.0580523004620313	0.359642095832974	0.472553722483586	0.484196744481857	-0.0224477603977147	0.0198147089312048	0.419327496772741	0.101468941966465	0.579290546660837	-0.0207831210666419	-0.0863678183851907	0.115093748453822	0.110508238445029	0.0601354801871067	0.274247193254992	0.60008958601392	0.253505728512259	0.306466991107058	-0.0458179016549419	0.114800452907924	0.201801632263489	0.168144602369622	0.196299204778577	0.0868264782169429	0.279116245183154	0.167010578539285	0.0395399067182815	0.412459517217196	0.493596116341446	0.553942030718882	0.435005241086532	0.386777381924204	0.188801790494642	0.329450126207143	0.247368361599189	0.326486466447461	0.26036199148684	0.356480903187747	0.478712752988606	0.467209444388604	0.688488069601695	0.194684797813779	0.264961798408516	0.420507200393315	0.633308911083269	0.381699415709376	0.311086308404744	0.278833642266091	0.0300699170878811	-0.0716080882933362	0.46924729477834	0.348143717992053	0.430071715623	0.0289412074594362	0.186518593963698	0.419438371699809	0.0701179291911369	0.360271342872095	0.277024182493947	0.247976990028016	0.506390907905238	0.0737443401913991	0.00626463077267571	0.335102363703938	0.0891556094418887	0.203185537623645	0.181507731701741	-0.108228454354495	0.261202206021487	0.303809097460774	0.417318296611385
0.312150507013765	0.312730601781588	0.5160246815431	-0.00849773684549202	0.293492045636114	0.324437037263762	0.0055102395295085	-0.0678707703680711	-0.0841360944395873	0.162926025591219	-0.053561448352589	-0.0493681872012487	-0.223008381902577	0.257930611472571	0.252562168996557	0.573073891463037	0.459953561433913	0.259341958731455	0.38473361658263	0.0446401890855378	1	0.0569401445607303	0.0813460321731622	0.4455023647679	-0.0222607123559584	0.55260839957262	0.426807379260947	0.124787543977105	0.379408567052408	0.445546273658601	0.498958451370559	0.294359409548998	-0.0726346342851914	0.564798854574392	0.553882849128851	0.533491648955142	0.638794254071849	0.35217302871756	0.706183237609818	0.46327045775911	0.570743919363591	0.68154246963728	0.810504102447837	0.609723040197149	0.386356197207342	0.413958850556232	0.545650581702585	0.478707424621075	0.0861139436647653	0.659845514292564	0.308967322139876	0.459929510410688	0.346326918629131	0.316116534962339	0.24443148155745	0.106259302950819	-0.18682667758273	-0.155573847290058	0.0283347341917885	-0.187841204359016	0.191058563150171	-0.00766621940844479	0.106881886259884	0.0207863345386641	0.33700809269921	0.602251560197634	0.434434899564639	0.0299667021225808	0.206793899450551	0.242064932044771	0.254479974339928	0.493287476630562	0.206141441896443	0.10984267465993	0.446302035919236	0.527098791350421	0.433454008112998	0.214622280043685	0.553970302428083	0.378612241646475	0.453853649991151	0.500846007898701	0.563614661449146	0.552483540032048	0.457568839670166	0.530743222641236	0.398072263946421	0.602258224810653	0.686485173721111	0.338700653715986	0.607597594043289	0.550806495175897	0.587144510273477	0.609756911647315	0.719961472980176	0.41181563629995	0.195474923428493	0.465743672006179	0.281306177649805	0.54828255245604
0.360283336683929	0.302385709767285	0.253370851306311	0.347562517055909	0.368076394301117	0.39930483908146	0.349776954476642	0.220164556854995	0.375960001867296	0.422490908722813	0.307219316285748	0.439296282151875	0.3743873850351	0.289360645274626	0.343939158257434	0.225113615692557	0.248143576487777	0.165351394285311	0.195527493721927	0.279964291068424	0.0569401445607304	1	0.563625054449957	0.222194742392705	0.462998613626602	0.234030328835541	0.314362038589418	0.157802109652918	0.248113056350483	-0.0341919067652517	0.196468651104335	0.293744007424323	0.315504485542366	0.162611162726085	0.233090543518921	0.150144795012224	0.082122905678228	0.213159169188751	0.11572361967772	0.120242692582391	0.238698753388415	0.21184646376065	0.127633033914422	0.199822190247306	0.223139874087159	0.375301409703141	0.434224097104494	0.232688769759392	0.389653417248786	0.279513826788565	0.366014706907951	0.130686403296618	0.301400745257915	0.441411093016508	0.408026806558854	0.338681308909321	0.300856912802935	0.296265870287265	0.310333859360617	0.343198510750854	0.596994442299297	0.327279373494491	0.40414687927805	0.386873778439001	0.243997718146668	0.267064757950453	0.151160602696659	0.35030713901049	0.24531200254039	0.304743579582236	0.498778785536763	0.52234869069426	0.196255012750858	0.455236202983033	0.220050355336994	0.223426305934732	0.27808382369273	0.100288625200585	0.175674234548461	0.196106429433098	0.178517906789596	0.26953346554884	0.119836436001196	0.167960238461913	0.204446321685663	0.0951053209219628	0.165526288686259	0.173048071485292	0.189524994758464	0.235948063024987	0.109043670724743	0.183973142633428	0.271934604432269	0.315952722918182	0.282066685233702	0.296607866186562	0.182020342550821	0.313378311945546	0.248759004177124	0.36344173306022
