1	0.82498300684746	0.725509358523166	0.498288482275833	0.605471112235791	0.457946419742533	0.51941756716571	0.382442252593743	0.439919192133476	0.246117401542356	0.261947581687002	0.206945977151438	0.312888341019825	0.665399268092803	0.606047192278622	0.592871378157926	0.520321841910165	0.423141090548666	0.409195241536892	0.384989234567668	0.560381318297398	0.29118702098381	0.39626688825243	0.294953511070884	0.456967299040172	0.529836940179599	0.456775245948936	0.43199136413026	0.260833275676396	0.48496161096285	0.526680499561294	0.598176278310813	0.257469547833121	0.635473318271688	0.338143306467831	0.567150727509718	0.483761521774018	0.515087832720753	0.396978515038937	0.374074103469467	0.193860686281838	0.294373197940939	0.606800518619628	0.4885341370274	0.499538882265519	0.325796415162634	0.599012367134601	0.308107553677494	0.27652885322344	0.677211952539048	0.720413921953389	0.713298201420588	0.250585689290293	0.624836481372665	0.295929533068112	0.436520911970344	0.226476552310025	0.222898210282577	0.4656565782653	0.41302436866751	0.373117189525647	0.0804656467994885	0.244794640186863	0.302669354592541	0.627446719959297	0.419961964226364	0.65071608513248	0.4464039156866	0.53575687776127	0.481875249576439	0.374289014068531	0.266498009523436	0.175643766697708	0.472883436904309	0.418219227852215	0.600526231205025	0.410178305943808	0.440025889176238	0.302242003846419	0.575020450408386	0.526608688612042	0.502293208990447	0.585390364263376	0.510780497344984	0.60255953599083	0.65292780929462	0.220786821597283	0.452680399564784	0.475302777602408	0.593562647521931	0.31249953914195	0.340439747853529	0.584504770589005	0.338619467683014	0.37153620159423	0.194824937721073	0.498212078373919	0.149232689189423	0.303640477049065	0.244036653534625
0.82498300684746	1	0.732855736468477	0.545067389023798	0.436832852460644	0.397954009290618	0.623820245509919	0.269365808372692	0.366874962103697	0.188151707696248	0.123477833448261	0.211296342431009	0.325112132617528	0.70988526957266	0.666007072826571	0.657172978914861	0.469358963212218	0.409606729939137	0.361501571020827	0.284384132036451	0.519704899017461	0.136388445747036	0.326307366938704	0.340310050412964	0.362623326484131	0.497384649786356	0.467848184540442	0.486636746237083	0.252402058636657	0.483671383464455	0.574780908713035	0.630242570652181	0.240605053854732	0.628840584844071	0.387328343270525	0.582106111481809	0.48742631709418	0.466246663178152	0.386892142890195	0.474051029372324	0.155277300131324	0.363231895426737	0.630447034570405	0.478614321109259	0.520110450150933	0.314501280576846	0.558547021683198	0.28724665266563	0.21453477723303	0.605163986023437	0.63959065808781	0.74626998934073	0.334834605937201	0.61991828382777	0.251138900851521	0.510053623468932	0.200590370057352	0.176798645342642	0.302819430499531	0.316153344223087	0.383275863829276	0.0959098722161034	0.194827452456999	0.231146267690547	0.651310778705137	0.508171851202493	0.636341402339211	0.349325454228893	0.529470579985889	0.383837640433021	0.384282774506183	0.128229796759774	0.164577699243232	0.399774994090518	0.371794613409015	0.575737474503826	0.405350151181396	0.463635420980286	0.286154109284505	0.499738058429843	0.512530610732441	0.42447992420316	0.648615609583247	0.454292031637066	0.598387927618099	0.652350125324668	0.21949091590627	0.432837728430641	0.539825814915093	0.493020870117147	0.272788285327422	0.461086607029967	0.534506464745999	0.274472988317404	0.36044905622018	0.0970307425059392	0.475119263290311	0.064962573587346	0.351946792152804	0.198604469294144
0.725509358523166	0.732855736468477	1	0.461561823282006	0.470151348732954	0.537256696578061	0.643654697263984	0.255000366069293	0.338491647886922	0.218486347701749	0.0118472027375341	0.180123724911667	0.219556080957525	0.710695107511076	0.61473407803727	0.61125674672269	0.326347656224889	0.329784593042668	0.403416203856897	0.354850641327933	0.433108035359024	0.071180039743422	0.242055833527803	0.118537903867996	0.386174855686195	0.504147907192649	0.389070174323661	0.532036776326408	0.199964499024512	0.475477540994437	0.481582079449422	0.580639605068854	0.206930087793002	0.640030401542197	0.312725698225999	0.621193674095258	0.320205990064831	0.538115738673073	0.274612895402131	0.418344237463068	0.134886790506279	0.373961518368416	0.584461945645202	0.437582507397754	0.497519491804838	0.313425691383691	0.514657846909039	0.364731165838225	0.157149607206169	0.631018705502155	0.663269399403788	0.90461798531462	0.317120896813027	0.702031425331187	0.237310981752893	0.44748695503087	0.0146965309047509	0.134155326241126	0.322115005162957	0.272381054483024	0.360438295731551	0.0235212400063463	0.161152048883044	0.206703101881064	0.688983820347131	0.409970703151794	0.683383103919803	0.307721348241496	0.540795627159225	0.379467758186157	0.301363539090185	0.139111401450286	0.0149281149450126	0.353025474637253	0.322977788285125	0.54971178716426	0.418823505584075	0.394714043496586	0.345323724576736	0.473458699515988	0.467737578114673	0.37520293802011	0.61383873224451	0.496879278546984	0.504134117509171	0.666119509775079	0.0406140855466979	0.448895475622111	0.397854506161794	0.50787208992574	0.210535924012128	0.406286944156208	0.450915919289813	0.253703814256195	0.243413370888611	0.208963093905614	0.448544717925237	0.00333816972711656	0.277659793727337	0.189756725122517
0.498288482275833	0.545067389023798	0.461561823282006	1	0.323847682576448	0.598103395191474	0.732982366157068	0.391072976456288	0.414665326230676	0.365888026360305	0.0953830686960171	0.331777863396956	0.505284856833826	0.495950101700327	0.651015975889568	0.619840520837154	0.294346074922594	0.549785352412834	0.492984037921655	0.378428178035962	0.271338798991544	0.0891972993964982	0.308754215113365	0.149158311167898	0.463770348739303	0.180590574262529	0.242145834263402	0.306363137082498	0.0150367074067017	0.0504498046178259	0.47985959405069	0.49792606528746	0.513848037831143	0.20757805479509	0.585824867018226	0.432431647520456	0.226033206903375	0.247949615060035	0.368454351397106	0.215179440213892	-0.126983298798265	0.0507950624945657	0.38426465281895	0.303798088614568	0.392353414012849	0.19410615923843	0.349468224027476	0.481239745753437	0.321649659919342	0.366664622885231	0.564734218556296	0.430664573582653	0.561730726329435	0.739528382662495	0.466556297630043	0.714915953765338	0.280116838866801	0.244302984997377	0.35897354328607	0.400477530403529	0.437737665035568	0.256394533723848	0.313259683783299	0.272498769419614	0.48334178764165	0.355112314191614	0.524503117066787	0.345125039424753	0.508584650967089	0.378293903907056	0.327624490424957	0.203963880634649	0.135276538744593	0.491511287612795	0.146422437783919	0.253398754755184	0.274837687075165	0.318243083448991	-0.109405257952466	0.311894411324974	0.368317330866757	0.413943836938299	0.1985180625856	0.258674998148412	0.38799499775094	0.352883029454068	0.0871052813563854	0.4868913387814	0.359690838304145	0.410837400441485	0.203490158586277	0.283169790640356	0.346636630669321	-0.0834660860236985	-0.0142670088365495	0.381469436403012	0.36378889988143	-0.100532064039162	0.109893126285234	0.359132165797639
0.605471112235791	0.436832852460644	0.470151348732954	0.323847682576448	1	0.454382280899464	0.335190522056571	0.462487253390509	0.419232048669471	0.146361870624389	0.34669905618901	0.232871723024937	0.289215216954626	0.466230003005453	0.352510566647949	0.394798296413169	0.393637221841307	0.39362302986872	0.492040792395231	0.439231479105117	0.360511846551509	0.126282810478396	0.271550160168039	0.337369663221236	0.38386391240765	0.212079191588474	0.204732345301555	0.406568700444528	0.106010073437134	0.271236628966457	0.454954432666061	0.301578119233801	0.21427603251993	0.389265228985939	0.215764203296532	0.420960644597658	0.345724771724783	0.319700755229819	0.396651996164469	0.238282613534413	0.0506694723964074	0.256453247951559	0.379328444268091	0.265109080275922	0.352340431573303	0.133049784721992	0.335727617440556	0.305011453533372	0.344932940710576	0.377606760572926	0.565110628135859	0.456504320507398	0.0444958297625455	0.467074891239587	0.18966475294546	0.215146626455112	0.262625000757709	0.300561575120985	0.47558781209734	0.395847104746141	0.247830426456719	0.0318111935150525	0.210393281156473	0.232625739974748	0.39113394609182	0.190337706175359	0.37609313766115	0.354184833398153	0.460316329542783	0.491109669861195	0.114974970800483	0.190711802439177	0.315584202034169	0.394212022334294	0.159606576248799	0.309837332751983	0.177665437991465	0.420024136384139	0.00493120474988569	0.496497638847624	0.305481565075317	0.388551304451951	0.330406368647409	0.424453292039416	0.464225989949141	0.313880650086062	0.306278841100176	0.220381284107778	0.311571109109626	0.459311999068796	0.291338447924927	0.103460910217141	0.369026162013991	0.0796055389621042	0.270119573321164	0.23890648997972	0.271538140108601	0.042868883985769	0.15656147309661	0.289327769625381
0.457946419742533	0.397954009290618	0.537256696578061	0.598103395191474	0.454382280899464	1	0.648296369507934	0.305124781634959	0.301255863315258	0.273417706385942	0.174762936612615	0.239715025677265	0.341716132775211	0.405253273598241	0.475095290493959	0.471945511603462	0.339411961887112	0.450243308587232	0.346074409653217	0.313177917493483	0.27848429810289	0.153384673237442	0.274160851156875	0.0748968461744988	0.374331076333251	0.145065834330476	0.227367778627962	0.288160896613142	0.00548147006863681	0.181171018419934	0.404825710294989	0.398231176135094	0.341202516556951	0.258430236452322	0.491981815847184	0.334652373285519	0.155448037082677	0.222284302018547	0.33146761398398	0.166453931613599	0.0302911309954613	0.158243533704569	0.289059105780764	0.335320472815186	0.34197197756962	0.171082255726684	0.363824718683623	0.707226155249322	0.366748189939276	0.351723604042125	0.522239071183561	0.446151278543262	0.324067529022389	0.689949041974273	0.536257950415994	0.476465247986473	-0.000562557694625638	0.130724370131915	0.329223838881327	0.271432640979182	0.274572381220194	0.129660297341336	0.214570512152175	0.276191738991253	0.438067250504952	0.228357539978853	0.416530349009904	0.242847010171628	0.373032004341919	0.292113444731981	0.18479929641623	0.225324857535961	0.0812588611103024	0.293775499602983	0.156846607999907	0.28507098541531	0.31193570332862	0.281012018767645	-0.0902900391286498	0.392196817471513	0.376706209410544	0.40006168812489	0.156504062511297	0.37679029078197	0.464210975683219	0.401247854488389	0.0863312830959284	0.379531544246733	0.281756242205692	0.298645456826155	0.335334938796304	0.166642359491065	0.393100550862696	0.0372623366590708	0.188022712521475	0.454708596076507	0.172747100314404	-0.00567754891785615	0.11326733843489	0.358328534669699
0.51941756716571	0.623820245509919	0.643654697263984	0.732982366157067	0.335190522056571	0.648296369507934	1	0.34591366183842	0.486748486086923	0.320151441882907	0.132959926285026	0.35506698676127	0.41452115153394	0.624658271200206	0.620301855120695	0.765338427557207	0.404695969136517	0.473649459155349	0.515855503993198	0.321362235608552	0.367518990700582	0.175550537736388	0.356021316353201	0.277450696650796	0.449618223019128	0.323443595474829	0.37600902649324	0.353274146464067	-0.00358517355431739	0.226737708526215	0.570192489808702	0.596374307917576	0.455603399662043	0.41303764588955	0.793746703779776	0.615543329463694	0.408938308830497	0.304565741054835	0.533968219998917	0.462859193468379	0.0105652108087649	0.212108320027993	0.47987782927907	0.367689732269558	0.433074100060985	0.292383481202463	0.492265441482059	0.673494539136715	0.334087485546207	0.451345739172922	0.536504703031693	0.636338480162571	0.588131918519032	0.759096498634062	0.558316178023274	0.789894375835845	0.172139343154524	0.253134582156313	0.328733185256119	0.436559465834047	0.510108975356043	0.310666398829578	0.348873297988734	0.266474826608681	0.609207777497558	0.420884932254687	0.676931514049852	0.373079053062031	0.620230276101708	0.419605851679079	0.484008776190771	0.326138058051556	0.201721462965652	0.440537991909671	0.222651697136523	0.434756315883785	0.381306385791599	0.247965252342465	0.0378893253641938	0.422177429970878	0.548467747946615	0.462287736690734	0.382068953240213	0.390902768232486	0.509826026726955	0.545092627797663	0.235683855543488	0.720069745723859	0.536423320498356	0.357911822851229	0.423680601735779	0.490420452490022	0.428185440006759	0.0663446280482847	0.216664306968325	0.474452645256539	0.315154316253747	0.0179766723244529	0.27450964078333	0.400059522603602
0.382442252593743	0.269365808372692	0.255000366069293	0.391072976456288	0.462487253390509	0.305124781634959	0.34591366183842	1	0.722398408652022	0.282682046516434	0.28359723498865	0.381437655019301	0.480377915640006	0.386814178333226	0.257032686617534	0.459226436769267	0.368145610683316	0.620904552022653	0.789170673266115	0.7922914665589	0.308934027505026	0.239558480321856	0.356031929055139	0.39762392016176	0.691426814049849	0.0622877301488795	0.27742111416667	0.181454238754431	-0.0027440606315231	-0.0187317466662695	0.518216316986956	0.432489065833516	0.453670858279006	0.159067012936516	0.381885207307948	0.530297200121389	0.348842553818201	0.280622844256386	0.41392120140103	0.195155512627742	0.0195293429051736	0.114945160393287	0.249269591767737	0.163684102580999	0.413556914440632	0.223473652082672	0.359428965598877	0.443901415649473	0.382651764117002	0.245985487586846	0.418023915274498	0.311696685824856	0.234958733400826	0.380671665556628	0.248851303082095	0.301180281838073	0.438354601000057	0.369425645378089	0.564251173501918	0.619807402084202	0.329512667778781	0.252269378097024	0.362217899439742	0.417554875347283	0.333044912768875	0.267485608105175	0.509302235153189	0.629051882922288	0.693134756687911	0.701320508795118	0.381912094270667	0.355542538630419	0.396882125581357	0.638960303413684	0.353114681655647	0.374308982115532	0.173671000535949	0.245456245189018	-0.00265147719473021	0.496741950248652	0.397380273417115	0.569705121224249	0.114757999450064	0.346123344591931	0.525071534371087	0.184352606419491	0.19539127244089	0.328593779393773	0.22618464054154	0.506276640208571	0.250084867858258	0.165285767478218	0.408089447772426	0.175360342062262	0.227407488719298	0.362129230785825	0.302999281777129	0.153572077183895	0.311474873844377	0.315228073297675
0.439919192133476	0.366874962103697	0.338491647886922	0.414665326230676	0.419232048669471	0.301255863315258	0.486748486086923	0.722398408652022	1	0.261582382255733	0.307112202831505	0.362046133136144	0.447057141723177	0.406420764808648	0.387521207409746	0.566095134512465	0.495488935861357	0.474182160838219	0.72035024543933	0.633862843151161	0.374226468562574	0.236171848122698	0.427540612833148	0.598970783229727	0.698438135742746	0.327664211138469	0.406769248536889	0.178552971901967	0.0116949893122752	-0.0186492864747908	0.515561713138539	0.507321730241143	0.471106073874298	0.392668058409199	0.511808971250222	0.621940039975863	0.595271261700738	0.299998586149502	0.536691459779537	0.433540453361067	0.0447196324392533	0.204274532810734	0.407973968960853	0.410217318325414	0.458639322226421	0.315754956624464	0.493798930912654	0.391863497494932	0.366519441339333	0.408378138531425	0.476914240324191	0.398786227939571	0.310689424088311	0.444822589381124	0.267528883363661	0.40629553664746	0.424605307481502	0.455778637021184	0.536502770235127	0.832009447635908	0.387946372854948	0.252790718598784	0.429454343653375	0.403567784941478	0.364592380174453	0.327417446456967	0.616952982138255	0.619693503974935	0.687318674530288	0.730194978354988	0.483255641737691	0.427368977341343	0.529514877095928	0.640321008293145	0.414985871672364	0.478270241641619	0.314055730718764	0.160914181165887	0.0479472188698853	0.478145489856192	0.420500825644698	0.547165896682221	0.180157226593334	0.455913310536787	0.559220171009987	0.330161204418675	0.40611847034762	0.493323466068276	0.420212579873507	0.515255296290096	0.401538850086635	0.34186994939338	0.516036613220813	0.148681374841784	0.203089380337096	0.326618926628263	0.341037514349507	0.139867943933187	0.413264181702878	0.363516841587359
0.246117401542356	0.188151707696248	0.218486347701749	0.365888026360305	0.146361870624389	0.273417706385942	0.320151441882907	0.282682046516434	0.261582382255733	1	0.349322515837644	0.725331148882341	0.427322910066035	0.277385657007293	0.495528628623582	0.316660477291006	0.21929374298678	0.345197125888878	0.281078849960321	0.216633563657389	0.347953607498978	0.258930887789226	0.42333524537049	0.141840821109704	0.392835723937569	0.126335290153414	0.272938028241634	0.0989937884469443	-0.0662108645673927	0.190231340561409	0.290996022530656	0.271214248126345	0.423518280651043	0.127142246923788	0.33329294842027	0.219945971607685	0.16872378029738	0.150755934963649	0.373082602863785	0.147532325234777	-0.0562500987693358	0.25284512138827	0.291768875355507	0.205092659628057	0.205146957074266	0.204563270174597	0.338983779010513	0.422930325829146	0.191813502172377	0.45388920279047	0.249284060749624	0.0877230327989187	0.274315892709261	0.290613043994505	0.188434313431067	0.244345271923311	0.188326594854688	0.0153628883999062	0.150912235761535	0.180263659617378	0.45457015074729	0.448372979397326	0.410544285212807	0.218550617424342	0.301084964509412	0.387003885069021	0.285304949467615	0.244715037319198	0.262609470853185	0.135501346820996	0.441187958889628	0.336101468992426	0.153457425709656	0.394760498593737	0.171040371805023	0.123037733777203	0.303830508573066	0.194336111494422	-0.0925263047028709	0.204184219881315	0.325646608871969	0.230582755869336	0.256668816764228	0.252442639053733	0.107511988405834	0.304968805322692	0.131182705906878	0.353981550027958	0.209668663317688	0.302045973133837	0.255405468733889	0.260495146334635	0.300775355838862	-0.0473184672685647	-0.00925616924215295	0.304259093591757	0.241448156637897	0.0273059838641446	0.218908503723735	0.366431958860691
0.261947581687002	0.123477833448261	0.0118472027375341	0.0953830686960171	0.34669905618901	0.174762936612615	0.132959926285026	0.28359723498865	0.307112202831505	0.349322515837644	1	0.475320331829846	0.364226065071454	0.212211782676583	0.262859309702579	0.213418301887181	0.212637925437839	0.238088006212067	0.214051484336866	0.125327366657446	0.270580649767481	0.241852375901583	0.491856333677145	0.280728088464419	0.284098682818775	-0.011488761639241	0.244210218356513	0.138452834126928	-0.0838793906921517	0.225418413742371	0.22303669619437	0.174539433305902	0.366116314170485	0.0657446593110838	0.255990052701598	0.182945306601633	0.265251345754678	-0.0383962068207723	0.444927206644964	0.108816819092383	0.0100308437029244	0.0556858096121529	0.166798409096128	0.0136091122118245	0.121876396025537	0.143116750189118	0.153372561809759	0.35214370407061	0.279269752734027	0.243029554928783	0.257303237998721	-0.0251763879313495	-0.0188505857955052	0.0789308823732224	0.205065499501336	0.0899492517044695	0.0959290978096893	-0.0754734273105043	0.10175214625992	0.297581805066289	0.289221788002102	0.28275472378351	0.373154166721245	0.273348746092173	0.151339789904791	0.213766238411714	0.130641785417709	0.124918385335275	0.182168673969209	0.236814988498512	0.171542708348349	0.323013666112235	0.166899929575906	0.37193845909459	0.0688132366747363	0.0870096266384119	0.194704499138383	0.223851636641994	-0.086350864505369	0.243923043270856	0.134113526237772	0.234294760563206	0.0867664450903862	0.278653443828957	0.0963008314652616	0.101249601149268	0.200364091030586	0.279618049957731	0.0502213389151854	0.213252083327764	0.290580815707421	0.044973171239812	0.252864519240159	0.012730068293248	0.162684410824334	0.275970681050907	0.0762292406590421	0.123821721324856	0.279059189544509	0.215345434359614
0.206945977151438	0.211296342431009	0.180123724911667	0.331777863396956	0.232871723024937	0.239715025677265	0.35506698676127	0.381437655019301	0.362046133136144	0.725331148882341	0.475320331829846	1	0.563253907352402	0.295604696092477	0.419017316838271	0.321250686483179	0.279178797051599	0.339066319991312	0.345475792388212	0.181704304969669	0.368263551959362	0.192577247063315	0.607387217588316	0.218342693702948	0.346633661686671	0.114199207156218	0.363551012806434	0.250472394553483	-0.117365334062535	0.243066371222427	0.333960212102111	0.338188261184173	0.582053109585659	0.106634476181106	0.399569916878118	0.303262224250152	0.242408213708453	0.0643209121397826	0.428208658420149	0.256998736079237	-0.0200861971848563	0.211765979681704	0.306569198555132	0.0991885439878414	0.289499316729696	0.283109342170595	0.407323588298811	0.419874944522422	0.270019679444284	0.355953547091569	0.279243759453761	0.0922680034251845	0.222526141031366	0.309028365243946	0.235720056478848	0.263453249138067	0.196911845823815	-0.00674826660013763	0.0837367544946673	0.246333910369931	0.487278026478285	0.456856603457672	0.492142282719661	0.285256313677513	0.349737191883501	0.429415032468852	0.282907251501586	0.247100423973087	0.332261135322696	0.19149172640007	0.409200162481081	0.382998619902743	0.219193904154615	0.402490115748045	0.0739765799914425	0.202191814179743	0.257679901613842	0.276216163978968	-0.0562230593995996	0.263728348513149	0.338293167428451	0.252587560530513	0.297196669622578	0.260882410214784	0.11548657724311	0.219491185332974	0.151462972726666	0.398290855484649	0.216562600135303	0.274037314114732	0.280602567689236	0.273313616235904	0.25821505214233	-0.112511747106469	0.0143417357725532	0.321920990899534	0.168845844058157	0.131394836792996	0.288436031409271	0.482527188336929
0.312888341019825	0.325112132617528	0.219556080957525	0.505284856833826	0.289215216954626	0.341716132775211	0.41452115153394	0.480377915640006	0.447057141723177	0.427322910066035	0.364226065071454	0.563253907352402	1	0.276573347776064	0.422668396903569	0.51640796424233	0.505882934655624	0.644815704583033	0.470748158355675	0.370394790719666	0.405236395787222	0.163244287154601	0.583851188696699	0.322361443760764	0.556101381258207	0.0976408534565988	0.489469886583095	0.325100344578264	-0.0437322652623009	0.121482983560205	0.565504209222539	0.514501018197789	0.727430239496628	0.158656994004853	0.5097032464911	0.471830497416465	0.422949166058134	0.178329664956418	0.548071584676302	0.237172769483579	-0.135915570780053	0.118261244360104	0.342777757928744	0.285736887566123	0.445680289854334	0.354644550476249	0.458034937143964	0.387633885083444	0.267648367931153	0.285355555949197	0.42615419528778	0.21150171066982	0.254807054200258	0.461939159767958	0.402040937098016	0.38909632581232	0.304396338027889	0.164309227835932	0.285258201415996	0.400434229974666	0.484381134201748	0.37221660427586	0.496131224097664	0.535018994543804	0.345080002641397	0.37355157416843	0.441960211981009	0.479788616757175	0.478226545555348	0.3755766811792	0.494943778129919	0.35874519229971	0.266736677526138	0.608698469584094	0.328841275275013	0.293876491708607	0.394056067953312	0.218371857237727	-0.0460974710814596	0.484433521092726	0.451058655961043	0.454347886151571	0.0761821889997045	0.33168095745764	0.363929989896786	0.22119713744174	0.270304568744682	0.505603696064345	0.332449736941863	0.486660088551224	0.408311340385016	0.110863657913487	0.480442170513928	0.0848064138918024	0.136733716252252	0.438141416956322	0.210243464909848	0.0880646976259435	0.305977008326797	0.381286645140271
0.665399268092804	0.70988526957266	0.710695107511076	0.495950101700327	0.466230003005453	0.405253273598241	0.624658271200206	0.386814178333226	0.406420764808648	0.277385657007293	0.212211782676583	0.295604696092477	0.276573347776064	1	0.671412225463646	0.638410644897766	0.357694704403321	0.421021768284746	0.478394964433919	0.391236642798883	0.436399696853929	0.194731869332961	0.333421848041725	0.262439124676405	0.468955820379386	0.414717007426411	0.348566659646665	0.53489449052419	0.0318470692236091	0.446854660463828	0.540628465705864	0.563149390960372	0.293851138784137	0.565462508408946	0.388484586565701	0.615383419626774	0.381531480514506	0.429483968948926	0.379166876195381	0.401283755471635	0.16441300098016	0.310614378571366	0.502819526058479	0.254494147855005	0.44406599528383	0.293910584106141	0.471097358309681	0.377617892362664	0.279851891391306	0.57731726211762	0.567885815968401	0.67007374319155	0.396381919492032	0.602217128705368	0.256284452688305	0.545799543799114	0.18605618643966	0.181910921642361	0.372579884539496	0.349456323052325	0.493673649898058	0.230109956044052	0.285180718604702	0.25564659324743	0.657504458401008	0.471534515121766	0.599309898159609	0.328937374610508	0.603989256028782	0.458439589816343	0.394502124924482	0.14236323299141	0.166752929088417	0.470867770478513	0.269527516433151	0.479240425602226	0.331037950970236	0.576698249631645	0.288827636839151	0.421289807708241	0.487329381289533	0.459957001707648	0.543621847927287	0.419809987827855	0.479944308701626	0.576871689543666	0.139788585938128	0.470219293013527	0.340743030038538	0.476139257913497	0.332693972071927	0.408536584793932	0.393587044912821	0.11488234079538	0.255975601639362	0.216370692167243	0.485772969862668	0.164164646182136	0.392071145070523	0.210257912759788
0.606047192278622	0.666007072826571	0.61473407803727	0.651015975889568	0.352510566647949	0.475095290493959	0.620301855120695	0.257032686617534	0.387521207409746	0.495528628623582	0.262859309702579	0.419017316838271	0.422668396903569	0.671412225463646	1	0.572417700626463	0.33345140329387	0.400654859439512	0.343672703012494	0.270547157609865	0.422045609076654	0.0907744755401018	0.362652227396492	0.212960837816061	0.422509640585051	0.320884865222456	0.390328446247077	0.413434273885216	0.131189225570381	0.353285258898561	0.449746728006775	0.46080021751086	0.402468076055761	0.455523532605016	0.419199579370169	0.439957863769707	0.312678600072734	0.306721609013264	0.373187908723306	0.435618047782594	0.0672861119883548	0.331881934757326	0.540697993081436	0.323824469621552	0.404827193412222	0.261143692631206	0.435348428375851	0.344969025681862	0.132845947741629	0.672145267562982	0.502872643034984	0.475064294992273	0.413842919747365	0.660398046339724	0.294973675968245	0.532775293604089	0.196967852306378	0.171042422449373	0.258847866843612	0.290834304156065	0.557355444919147	0.293885256868277	0.355519875259733	0.256393881433993	0.619247032876707	0.626408294372508	0.525348293062929	0.274820926390221	0.417408716778894	0.309610762168721	0.42197014511042	0.145785338605688	0.174434712296664	0.469566394358021	0.289226173468828	0.305422359921083	0.357003814202147	0.454540510011479	0.140085835187269	0.373719722708159	0.381676304964927	0.36056353116287	0.431610522930279	0.379285292660156	0.411033442548602	0.520308526883068	0.138019957247505	0.480109194531745	0.468758142386138	0.423281111035215	0.321025705210133	0.439110995372357	0.342169649549114	0.0647041958651099	0.156784871504869	0.200650827672659	0.410057363612945	-0.0505066712191285	0.375725409930713	0.322660146172947
0.592871378157926	0.657172978914861	0.61125674672269	0.619840520837154	0.394798296413169	0.471945511603462	0.765338427557207	0.459226436769267	0.566095134512465	0.316660477291007	0.213418301887181	0.321250686483179	0.51640796424233	0.638410644897766	0.572417700626463	1	0.626716891314083	0.679701906464462	0.70301500837326	0.548131024788283	0.583586904376489	0.258568881898979	0.466657162070552	0.399711475576467	0.60557240860629	0.494302835520475	0.568076226483436	0.404704124182237	-0.068175960721753	0.223676692028863	0.855198860880502	0.758926876769374	0.535486215001657	0.55174706102437	0.716686233559321	0.862624704618849	0.568597922651136	0.546556124856833	0.701208321099937	0.502108789602521	-0.0427274512568955	0.235207666527249	0.683457978710373	0.507441151875713	0.569042417289198	0.368516077112433	0.543564327020417	0.49905171028456	0.346336634455302	0.585104331069917	0.577206485171854	0.615229302569642	0.463362818860312	0.604390529869226	0.355843012874448	0.59880087189589	0.260857897916848	0.236838434794036	0.369443262348518	0.413377964992242	0.478413348567759	0.213045048067306	0.355870686281523	0.362467907977456	0.616172225510685	0.473387948639601	0.848027073040308	0.541062043732595	0.767656769639528	0.52843617031496	0.518242472174568	0.338684151873443	0.286226391198233	0.606157327143813	0.336192740084675	0.627075370266874	0.558199187578062	0.322227213419482	0.00613260754726226	0.604490440540749	0.630532222062027	0.540981608498193	0.360010278411418	0.55785671828932	0.596700517205061	0.559079930661443	0.38753997081704	0.782483588953428	0.571867794968053	0.647730700941862	0.560383298372936	0.49630530514457	0.555665474038708	0.143983776350062	0.174636084313893	0.47931586959558	0.336040051224201	0.0558808788723087	0.314890461173744	0.280183603685372
0.520321841910165	0.469358963212217	0.326347656224889	0.294346074922594	0.393637221841307	0.339411961887112	0.404695969136517	0.368145610683316	0.495488935861357	0.21929374298678	0.212637925437839	0.279178797051599	0.505882934655624	0.357694704403321	0.33345140329387	0.626716891314083	1	0.590461657760691	0.499857033014187	0.488377804531168	0.669236107144001	0.303722459133758	0.439768913767393	0.470215392362312	0.543630114054574	0.491745978784196	0.561817708897317	0.251125394876702	0.0307240357707955	0.14461203407054	0.695140657862408	0.600884672547695	0.369658057943521	0.473570323921489	0.414240057365979	0.61820516748396	0.578560893332521	0.525980732262344	0.53633967726594	0.360705800930896	0.152522776290056	0.315795806219761	0.662780824935139	0.55810388793747	0.582358136903818	0.414984156351376	0.634057637891049	0.256811892169614	0.246656050667541	0.513457137354104	0.482050450823374	0.391579645023252	0.318686451066532	0.423913382587878	0.252115883128942	0.331344208725275	0.268361770781018	0.253669347152547	0.333556310993541	0.39794360717989	0.319044451315715	0.117198969094401	0.443751881529833	0.561196544563703	0.492462773500386	0.471097144421659	0.60975180898917	0.654293368277916	0.554386937286574	0.460168220587522	0.59070209829965	0.341993249597233	0.372699612503793	0.506741254787532	0.483151936049542	0.582309874353339	0.494323040763165	0.216384045669069	0.00461142398006008	0.635132410061665	0.550626541127051	0.560051884785449	0.312359371167072	0.568860419177994	0.621798690547109	0.366691961732207	0.498752888026904	0.541196220652734	0.630060359297927	0.570181742426568	0.412235182642543	0.191913641673345	0.633007715431816	0.215871050940438	0.225505645510161	0.262667368786935	0.303904907595347	0.186738523653834	0.345453145385909	0.371595387468846
0.423141090548666	0.409606729939137	0.329784593042668	0.549785352412835	0.39362302986872	0.450243308587232	0.473649459155349	0.620904552022653	0.474182160838219	0.345197125888878	0.238088006212067	0.339066319991312	0.644815704583033	0.421021768284746	0.400654859439512	0.679701906464462	0.590461657760691	1	0.663445873553027	0.60219081740086	0.511035073867084	0.262670869893651	0.401497757132478	0.395583656118132	0.673529194115807	0.186634428031596	0.406447331682406	0.228467008813182	-0.0270700485609719	0.000502168275693973	0.80986454535757	0.65639255874792	0.61827551854106	0.240753810234099	0.466648208418626	0.607411165557509	0.413432487421381	0.37893842302848	0.517296015645229	0.228321140445286	-0.137172159364982	0.125031258223699	0.384853092457988	0.380712857918109	0.54568870372127	0.253509984607613	0.500419397139496	0.413342146545554	0.392315108789736	0.378041846370035	0.525342640584807	0.364300976452157	0.34714867686189	0.490740365563948	0.297030857147022	0.366351081564542	0.356380731398173	0.22772646941723	0.384490074081346	0.366911519302026	0.413186719030711	0.286577938828146	0.45001677665893	0.50038386497214	0.411694113987991	0.396827350931228	0.616350713044787	0.667399835976531	0.620859745188238	0.465712171374252	0.436912113464772	0.242394941034921	0.360280948089501	0.6073324532031	0.325558230865145	0.394439262627132	0.35394535659146	0.199291262728435	-0.142096563498637	0.689685834067131	0.550989351413163	0.584078161864785	0.100989039719584	0.454554005994635	0.56066406533474	0.259744453948233	0.323720521584965	0.48203288973719	0.449327313537556	0.607574025832879	0.428912653844587	0.183362907231624	0.529864707112634	0.112780368625974	0.171042805674572	0.454369755192021	0.338895053518183	0.0950780964579784	0.25193908571171	0.349728862992221
0.409195241536892	0.361501571020827	0.403416203856897	0.492984037921655	0.492040792395231	0.346074409653217	0.515855503993198	0.789170673266116	0.720350245439331	0.281078849960321	0.214051484336866	0.345475792388212	0.470748158355675	0.478394964433919	0.343672703012494	0.70301500837326	0.499857033014187	0.663445873553027	1	0.719295446271338	0.475230728869462	0.294251063587198	0.424255583770003	0.432348368812456	0.679403834067615	0.261190038493721	0.351935680759285	0.294628316037458	-0.022400614865913	0.0353397040093845	0.706144758204766	0.581868951484318	0.519117558521639	0.255395806290695	0.528972926748728	0.758900132511577	0.429804974303698	0.406251185552021	0.583084497029792	0.36591732878384	-0.00912380590208481	0.181353871500118	0.500859125856183	0.339425564014462	0.515107199899374	0.355353101429267	0.497837510949063	0.472873129925069	0.467691116716299	0.443804965983625	0.487473005599946	0.451995892009612	0.382311352907155	0.46439500565628	0.225138825126311	0.408224780975193	0.408537560875797	0.381288547385647	0.570546951120517	0.590922468678157	0.329841792891772	0.181617275504269	0.398898418578755	0.334489772314111	0.481216112575921	0.340778566606647	0.668608321927946	0.669081410053832	0.816348883512402	0.670875740794381	0.34391518493676	0.335308297085515	0.461471239645203	0.6766089560489	0.336346219891701	0.474559494310132	0.35675288413143	0.254154902684523	-0.0188662938112704	0.59879868082403	0.42057474116189	0.559452722176462	0.199603224090277	0.504723466747476	0.486200052295733	0.265314217104378	0.315324478015025	0.539900735087331	0.408099325223942	0.59292820376318	0.402939142385643	0.328704573691335	0.468686379267657	0.133530409381425	0.163597565623772	0.47449014437459	0.270410245771763	0.102057579996845	0.279659780853858	0.337592796776099
0.384989234567668	0.284384132036451	0.354850641327933	0.378428178035962	0.439231479105117	0.313177917493483	0.321362235608552	0.7922914665589	0.633862843151161	0.216633563657389	0.125327366657446	0.181704304969669	0.370394790719666	0.391236642798883	0.270547157609865	0.548131024788283	0.488377804531168	0.60219081740086	0.719295446271338	1	0.394974290769246	0.164295183789449	0.241210325752089	0.356617944725255	0.785233160737271	0.254479141356944	0.357904552094935	0.260211345979072	0.0109041341450679	-0.0169809552638988	0.615511507765786	0.505297038830556	0.369091576667405	0.27425634512427	0.37215430361943	0.57710952493169	0.332912515874115	0.451797298904107	0.398523969866375	0.225077443382393	0.0223799114523411	0.25806722180957	0.373349982283425	0.278472533008571	0.487857872620227	0.267979400955317	0.395420657510589	0.324340985938893	0.23938069071419	0.342850290932669	0.445165594994076	0.399601515558964	0.273745076835303	0.408030063495459	0.181360518730352	0.284420499549732	0.287891190398156	0.310357038903526	0.427281524135774	0.484331930838969	0.285040031301308	0.0887299042273267	0.250334125899079	0.327656904571614	0.415076800038561	0.317653725037526	0.620452522377678	0.586725115526058	0.669183686693266	0.655604702712561	0.324946074909697	0.199005616158975	0.24201322942036	0.675479736585133	0.388097538127339	0.492814304166993	0.309213941009617	0.342272044459531	0.042557877477954	0.530287116840138	0.424253010611435	0.504334625977715	0.140187386740515	0.456464895555359	0.518636486369714	0.302559661878961	0.175045012732206	0.366476725953599	0.320640845829227	0.566659037053081	0.228126320058077	0.178361709162754	0.444161379169534	0.16178563968187	0.151868931185397	0.335306938388042	0.301975650481374	0.0516341267285921	0.225246303054451	0.261454398457593
0.560381318297398	0.519704899017461	0.433108035359024	0.271338798991544	0.360511846551509	0.27848429810289	0.367518990700582	0.308934027505026	0.374226468562574	0.347953607498978	0.270580649767481	0.368263551959362	0.405236395787222	0.436399696853929	0.422045609076654	0.583586904376489	0.669236107144001	0.511035073867084	0.475230728869462	0.394974290769246	1	0.371557543564622	0.536444368020534	0.399616235638867	0.463189582017754	0.592565384528422	0.563989746790785	0.345404729872633	0.237188735174061	0.456512376026056	0.692343864800992	0.609090202010369	0.403515836061163	0.488103295843813	0.331695140405933	0.590441976822804	0.50371510171904	0.570972753087895	0.547470814668266	0.43599853287255	0.251607845611964	0.550430989874497	0.702107133876712	0.639241815089108	0.636431587087096	0.473957795903919	0.722034715450985	0.259785272079584	0.341822146929153	0.697054973013461	0.547668610405544	0.422328579257954	0.262900622130362	0.355876888732374	0.283861627255271	0.267889929060479	0.20027721639146	0.122704141400933	0.261348345866046	0.267718302874143	0.309543862703126	0.0953618900738407	0.325744454465656	0.354000977220636	0.54845624651473	0.539757721165699	0.64575015499287	0.518489271571847	0.511850149703549	0.384042326469211	0.433803217986619	0.330623226288453	0.233389037362202	0.423992172956577	0.535565708923411	0.549166446301273	0.538677420729299	0.315694114250802	0.168150280181957	0.701585171776832	0.561669555472443	0.542689302061371	0.437079889046656	0.666073680976482	0.568084000794541	0.472812857795197	0.320719574475391	0.524579964290207	0.619874653615325	0.540220144161989	0.392306051996375	0.327605063302636	0.669540933530076	0.338967840182667	0.371655118712352	0.270932893703904	0.297566391098724	0.247534511013901	0.380673580595443	0.398924076734848
0.291187020983811	0.136388445747036	0.071180039743422	0.0891972993964982	0.126282810478396	0.153384673237442	0.175550537736388	0.239558480321856	0.236171848122698	0.258930887789226	0.241852375901583	0.192577247063315	0.163244287154601	0.194731869332961	0.0907744755401018	0.258568881898979	0.303722459133758	0.262670869893651	0.294251063587198	0.164295183789449	0.371557543564622	1	0.49564196382658	0.13424653033278	0.242835007783576	0.287661188004885	0.312556263727461	0.0978511930166845	0.216581076926748	0.0438170469789725	0.291029971230842	0.379183780326289	0.301903592985488	0.23036488626122	0.226855349083419	0.32393981769064	0.283277946658001	0.167109137834314	0.286034015166859	0.220340120903481	0.306802027412671	0.259611144848616	0.30327339896171	0.34178833847624	0.325850540896291	0.509441469459983	0.528386732430266	0.303340675543055	0.313522871848895	0.259200990910708	0.221284603169392	0.121767872854268	0.194421460194838	0.102465832626891	0.294719458306052	0.181249552681383	0.318312904573906	0.380442276165131	0.414486288801514	0.304320078979398	0.303342427281449	0.259494005305597	0.326702021353999	0.247894388971494	0.240795942209043	0.310217538648048	0.287742027013981	0.369500985303942	0.317603870370042	0.38669395122452	0.175309430241636	0.507053247251678	0.296403928311765	0.30250182874863	0.319070685768974	0.303749670937128	0.37347116910326	0.165290456816962	0.121278309283683	0.332495240549801	0.367080576523821	0.468508036951853	0.11841057167594	0.30666595707547	0.329119379770667	0.221880005136891	0.335652245494184	0.268586070297054	0.368661733547539	0.262406614774686	0.259903352355175	0.277824552297564	0.445446160158294	0.394064844670903	0.274113804972503	0.318330881980413	0.257134166677719	0.454408444769538	0.159972906172626	0.192345105639053
