1	0.643037464970375	0.672642007254947	0.461033397281289	0.674398244349278	0.585221890459449	0.517363990799493	0.0616252408945137	0.317852709418195	0.276416247035911	-0.037201181793363	0.244686096173816	0.14634104306911	0.684271201324142	0.37392540212118	0.342738245561884	-0.0214671535545226	-0.0465335158855786	0.272015585679592	0.220248348769335	0.125319645437341	0.308174987442338	0.17276366703165	0.230864356804205	0.333692021954772	0.335006497952689	0.482854583060146	0.166354176355508	0.123335436137379	0.552343032723183	0.303350890012351	0.342348995503246	0.199948229051103	0.283751377900073	0.485231553915299	0.463601782232234	0.314197076238045	0.249053944498344	0.377317923026055	0.310769371036029	0.388031100149137	0.456549993046409	0.439757692728356	0.462167367818208	0.364037928924533	0.387732398643821	0.337973057515306	0.317639619863904	0.477858036164964	0.401110736327413	0.73494797237516	0.703962324430213	0.489919440354297	0.624209556446776	0.53533384320168	0.429822424768221	0.086012607455385	0.376209456224772	0.285662817683904	0.212698176740565	0.542192124672553	0.220216692282742	0.198870462944387	0.196614722461273	0.66177763570606	0.424106438800554	0.414164404566268	0.279684938967579	0.250413814420568	0.363093817082231	0.271174007229147	0.311697164654959	-0.0066997874973455	0.39629442624822	0.276867054882944	0.127890920668347	0.284690620315433	0.232314805701441	0.234976211688138	0.25949249136793	0.38942241090282	0.294403818106819	0.421235004815301	0.395212256636767	0.373075955668909	0.374521893598429	0.0740938055294821	0.343125061425603	0.304428270800633	0.19452749438473	0.310831853725097	0.451048871876288	0.30901505494792	0.384610449152571	0.251518246265256	0.435999655844621	0.575441857266207	0.539731718511949	0.419322058828244	0.426633435432023
0.643037464970375	1	0.748950945341979	0.738165790278061	0.51807438226213	0.711406849866125	0.730499863936828	0.11960125697877	0.249817457798007	0.349566331445191	0.118401558213342	0.296263620142481	0.171857367127628	0.659232778086323	0.683414824699671	0.545020716689372	0.11684239659459	0.0494431724688616	0.191009419677607	0.292382863184597	0.189162322188612	0.386547421547365	0.224601421016236	0.19201063212988	0.354688351653359	0.250045499536093	0.365171800565488	0.412288057897518	0.375832075458895	0.649797596615388	0.371949400927784	0.371777911705377	0.314302792797707	0.118820980763677	0.668291971263201	0.454818441317541	0.13757358643051	0.23595709101522	0.380713764936136	0.257750137422581	0.464097099170964	0.660417083861386	0.58161752488504	0.266158904019801	0.322058990954132	0.374464932888682	0.332392936945573	0.382439111151614	0.455886255238035	0.506856504846295	0.539775501944808	0.640673097017289	0.751634045141859	0.744096631939783	0.552487330655033	0.652328627028431	0.0229829363241672	0.416031876138566	0.156596300030665	0.152280510786159	0.379181576965418	0.19132277466449	0.233276430630188	0.205203663332039	0.603975667890022	0.437866579852349	0.476614963263464	0.313303805395763	0.0947513767649251	0.393170351247278	0.112025871545921	0.263073596197795	-0.0096907701003887	0.450446646305146	0.327339576736955	0.0872380088034374	0.277546438285567	0.403991013890827	0.469608140064659	0.262015853463614	0.283773252003348	0.24076043080293	0.456980356145426	0.3794533266608	0.310877538855595	0.232717416780678	0.123403940800727	0.545993787166027	0.297499354010208	0.140062361969463	0.327009212050459	0.403627944891961	0.216586857700946	0.367748319160341	0.185483834885166	0.361226995756396	0.531075455467152	0.441369747764568	0.49931522554552	0.395944441017204
0.672642007254947	0.748950945341978	1	0.749312873377028	0.645550624284448	0.756138140203618	0.747316409025821	0.121486945579608	0.291432398171374	0.366994102714676	0.12261724858172	0.405686730528261	0.281227685906206	0.617434951817941	0.558842794230041	0.404131977929643	0.144578980025704	0.116185572175917	0.164868880233776	0.110795135646819	0.268919481489704	0.381411035433907	0.343282110419976	0.315372413404798	0.191289871675343	0.265089966594394	0.434480617388623	0.332466113249488	0.324842093038893	0.556147903887028	0.266065090463521	0.3656514381152	0.284504919638113	0.103613695814964	0.679601535452771	0.401586776066778	0.393788433419662	0.127489148069695	0.536717593055327	0.347858428816936	0.42563611706447	0.622837525803112	0.515764304004198	0.307656402924503	0.314642801533493	0.409417707106675	0.311502173487161	0.525498485382067	0.443086559154615	0.571345452509468	0.554913515728294	0.658771374523547	0.613829118224246	0.793030180944596	0.45339037467452	0.633812138156844	0.0852759645745981	0.42408722195876	0.146190814148295	0.206474708799985	0.499140774249532	0.332629891237418	0.351965161856048	0.3072126339531	0.585071519377426	0.462392738090636	0.294616238924188	0.35544281120252	0.110132066934011	0.222673353236211	0.289869462216763	0.304855632190375	0.0932893280077941	0.392189787774524	0.314003877557828	0.156030125055455	0.259191831820601	0.298620567449639	0.458911307086897	0.110602372594168	0.210450131520663	0.211125211445324	0.32978552772799	0.339700479052138	0.17056916328853	0.239300805923904	0.156158472167691	0.501444419611124	0.330527035698615	0.0462613004309918	0.383958708816643	0.469370462510405	0.206228268919489	0.357720331054832	0.0970210335207372	0.400730771778099	0.481128405484947	0.387229289400927	0.549883819069563	0.500214636567774
0.461033397281289	0.738165790278061	0.749312873377028	1	0.472778044453601	0.71922093383351	0.849617854984548	0.199551574008464	0.302748469902152	0.322693479886615	0.133470433296436	0.380592695227689	0.270115698614204	0.569569989864273	0.640472518438205	0.689992199808056	0.183906439906298	0.205125805854073	0.24328901843871	0.137842219550133	0.326081901184791	0.276979285336679	0.220892402210207	0.414420014238887	0.144785945476199	0.116790856554586	0.221730553819665	0.246385067908846	0.222534446254161	0.44952527466115	0.51446896242076	0.278486885996541	0.358661380249229	-0.00336700588525502	0.744629085507158	0.456593235953949	0.315931968891476	0.0779318758005272	0.565120598002819	0.0886641431352515	0.264704824341374	0.541537784900386	0.595822476082338	0.160668584140177	0.232476771120105	0.283517223378274	0.174560520354101	0.556314285858019	0.419067573509154	0.489077271923351	0.369180975108074	0.557596888117859	0.775957377656179	0.712200380866801	0.455084247823582	0.814167997471217	0.151168769682269	0.469301593931539	0.0403143563536696	0.126640700075268	0.421598367270174	0.379666752262466	0.299851701751243	0.338505261131871	0.462989764301534	0.367067364290843	0.437261264989982	0.398170366558895	0.056110938472944	0.215735379054933	0.357215688920786	0.307727560098821	0.210498150667572	0.286650358429234	0.426397433049818	0.104341237996866	0.179876529194349	0.173704896482219	0.349571315414118	0.257914784787601	0.169930090628567	0.291464690890306	0.231857594411193	0.3800788214959	0.250965801404171	0.194213803817356	0.218338870175742	0.691426600563281	0.405577711202865	0.0392967612628639	0.508699327871019	0.239196394205914	0.108181521911831	0.269139711002064	0.0794387112654174	0.47160562735045	0.320481821467744	0.287934108884647	0.475425849095131	0.462513352753664
0.674398244349278	0.51807438226213	0.645550624284448	0.472778044453601	1	0.741963421546201	0.54509247805825	0.0310339606848881	0.289456190095623	0.414708759708979	0.141288312791678	0.340521350909041	0.151588374919984	0.658815131952565	0.424002118799867	0.277371886871898	0.0946566838268317	0.047583793137009	0.0860943783486268	0.106336333925686	0.21161893198888	0.388357890412483	0.328265898449517	0.227546019220544	0.233851682998737	0.377790532408704	0.531071312573516	0.254728895046745	0.113310502859983	0.570979873185384	0.23424048833218	0.388650151759697	0.145531820334397	0.381408660670608	0.477976053810849	0.323938240372712	0.261892388762796	0.193937603606872	0.398741299935893	0.307798631691748	0.500410917960101	0.428984094471667	0.392218762083145	0.377349216547869	0.190354813692214	0.351508804109343	0.407820318012197	0.586205342105878	0.66414033741712	0.510445953956222	0.636161414154252	0.609659598551171	0.424400121259973	0.675560994997711	0.604676425525485	0.490450305576451	0.0455012585161588	0.276299057106099	0.135571493242234	0.15032644725858	0.511795393927853	0.313203895347995	0.26869984958669	0.200861494648736	0.521431537916499	0.378588556454053	0.315928026675366	0.243175012805759	0.0884204027160532	0.256047164549046	0.208896762564317	0.396914433181894	-0.0272559350628423	0.366358486404549	0.141515727167515	0.243240497890998	0.326213348224863	0.28223926146826	0.331300744710382	0.113838890217408	0.387805015749067	0.240720388567746	0.379244128401428	0.242592700214315	0.203832965268805	0.387925169223929	0.082041238275028	0.299368215454008	0.234613518034211	0.0584562218284243	0.354120689141803	0.336505107990224	0.244828310708415	0.400454826482949	0.273695292989093	0.548133867870636	0.587844846130459	0.462925525628453	0.496738941890914	0.472853800609479
0.585221890459449	0.711406849866125	0.756138140203618	0.71922093383351	0.741963421546201	1	0.823671155522825	0.153454275513057	0.361887706147706	0.35179818874547	0.130211876076626	0.404103004555996	0.339471282272397	0.624171930390258	0.570090138642576	0.576366953389355	0.223394134325391	0.212139828931163	0.146842127220211	0.156009572839014	0.33024256014631	0.325296729784461	0.301159679726446	0.411993718088945	0.257898073737816	0.357965570041278	0.487609277651107	0.31749921249944	0.256325355348301	0.467207699630866	0.474970298120351	0.363632158408471	0.261624323686911	0.252742653763594	0.766163697544208	0.579135754930403	0.377430921565417	0.272271988855546	0.621474773254123	0.360954955508591	0.411329547128138	0.536673095280754	0.611720121522561	0.352994950310606	0.310738163792349	0.389511677422083	0.292016978424374	0.78076330603648	0.455786346179448	0.600383893691652	0.579494154581342	0.53253415108382	0.626311543340971	0.826229276399754	0.615078234235183	0.751788216283656	0.0861754077861735	0.415948945699647	0.157293921949286	0.224061730145049	0.526403049202384	0.323949254836865	0.327790369679527	0.298873963477176	0.492715438471549	0.530009232051762	0.46356915795196	0.435167457837984	0.181886072342309	0.256991603012764	0.295250177825437	0.325754828863834	0.117884440470576	0.407924819122539	0.295955164042288	0.26130190554959	0.391401582203328	0.264051852062642	0.405908838242816	0.278963964334305	0.325796500148733	0.234557448360166	0.445396722958941	0.397587110008652	0.270524028072968	0.338013389343596	0.166269667981279	0.641872011341295	0.413818263343196	0.151104949979073	0.568644914126996	0.424556552406742	0.301424591422177	0.416902010758788	0.181657526278708	0.613879275419998	0.509476799794474	0.506400280406966	0.649258138757296	0.58586785849315
0.517363990799493	0.730499863936828	0.747316409025821	0.849617854984548	0.54509247805825	0.823671155522825	1	0.121546536052065	0.278249884769286	0.326567733520784	0.165887640545277	0.392065448039782	0.306419936515726	0.557015857578766	0.626775352133616	0.70334005936771	0.235938347486366	0.177741297718499	0.22803020771603	0.150041271126917	0.395773699307643	0.329036671471542	0.212637183871289	0.359303796676874	0.252166256428033	0.202754837298933	0.299976253620909	0.316331189391798	0.336604558478648	0.4388045454125	0.501736148475269	0.341356351253313	0.313673303880139	0.0215741505621419	0.872243612803108	0.577383526297741	0.28536243010212	0.225854209491717	0.570298272616504	0.139273478222553	0.33747937087981	0.481923653483297	0.679006210419408	0.262696064285236	0.287881735901305	0.332050204966495	0.250793126987467	0.644490521021413	0.43083365003999	0.545116343601023	0.421121928177034	0.507006477813696	0.76614328923248	0.770851597715192	0.591506817610287	0.836987457558704	0.0927873092923296	0.45197376078951	0.137031289851842	0.166003853529111	0.506131032408482	0.38311025052485	0.334059011107293	0.297999578144528	0.536656476704197	0.554005497314038	0.488462919656535	0.439933686844443	0.169692661573734	0.260792416462083	0.385105764297813	0.431631414198136	0.173986592658585	0.369422858020208	0.42381618220034	0.151092693617904	0.355894402558759	0.240545414519841	0.385650803423575	0.335952040768704	0.257343415446295	0.253196914916112	0.388032558720665	0.446342311070619	0.25564368865478	0.267086606946206	0.211462372635791	0.752104289936655	0.516591675160507	0.0986452483661411	0.587084999663408	0.353191077274836	0.203645433699969	0.367616554402679	0.244920445216595	0.628330414976372	0.461488663007985	0.372669040491606	0.542006174406466	0.60408254179646
0.0616252408945137	0.119601256978771	0.121486945579608	0.199551574008464	0.0310339606848881	0.153454275513057	0.121546536052065	1	0.66334082995915	-0.0265924504355491	-0.056460232362478	0.157718128814195	0.50472170366482	0.113109800231462	0.161735849163874	0.268182572966313	0.476186822488144	0.704403970024677	0.520187008150535	0.536431371757068	0.0734478763147428	0.0880593480366606	0.00376896055417058	0.408310385095019	0.296178707861564	0.26996180096091	-0.0130108717486651	0.045270968450843	-0.0920641586008128	-0.0740173180240947	0.267090851936048	0.160571797942927	0.319218078071797	-0.137283426893843	0.123190446794126	0.365616970547915	0.185498434278744	0.387825954856317	0.00525937747877205	-0.0239486348647184	0.00326359694760766	-0.00401172669064658	0.144834438760969	0.0801162212478635	0.31658829123015	0.0618333889260717	0.0338981762150312	0.0373339026277862	-0.0440581531788085	0.0611429264739151	-0.0182950505196036	0.0927802007367806	0.120710061175317	0.102833474958739	-0.026613321643688	0.219503066619398	0.346702773581779	0.490835532319536	0.368347374345927	0.503625736684624	0.0310525159625095	0.0984771943917316	-0.00946006056326015	0.218251933046283	-0.0708740687443069	0.043640241775305	0.165602759761688	0.265165271107961	0.514595343822921	0.228163029534999	0.125620514071368	-0.00781121754558519	0.399684025600959	0.145605611436765	0.168593989660208	0.347491728027571	-0.0740668632735053	0.00600408729403815	-0.0540555599207007	0.325197877375998	0.0395070566099411	0.107500122688814	-0.121255403406869	0.112986986975181	0.268190094986635	-0.10607799156885	0.129512257558279	0.124676778747825	0.0484833256462034	0.417518427640023	-0.0741220516966464	0.00295077458417193	0.241122698178604	0.00103982427647414	-0.00351861411342564	-0.0136202642676682	-0.241393060207372	-0.0609173197663486	-0.00549959453561656	0.0518286589630608
0.317852709418195	0.249817457798007	0.291432398171374	0.302748469902152	0.289456190095623	0.361887706147706	0.278249884769286	0.66334082995915	1	0.132990770590524	-0.082154250119371	0.269777434295238	0.403784252238954	0.384191009327006	0.280952034355472	0.458960159332265	0.380188423628856	0.528851379923257	0.687064600227949	0.662663577129243	0.251836476913495	0.207354281043598	0.014490671258233	0.595718459719359	0.578078854552919	0.451125998170084	0.343305494085228	0.106907345299655	-0.150856197293879	0.07806166296859	0.433939021638984	0.350172507113916	0.277239028382234	0.228766267814002	0.346074051160761	0.593504112007673	0.383205541696028	0.501240580851776	0.198982612469239	0.284054273267881	0.00851821015541643	0.132568036208648	0.318841851817494	0.435743378402233	0.250526468087829	0.266461369577051	0.195302352356734	0.137688172712334	0.174957482365749	0.2611867812769	0.272768065678735	0.334142603868781	0.324562368001126	0.271420932443109	0.182990836798985	0.368958690528504	0.299212903297735	0.588527912154381	0.603605116602188	0.786795097480856	0.396534555747343	0.216723599715593	0.232297484857846	0.403398974819968	0.17194065549652	0.282866598419417	0.415017498236987	0.550576788024098	0.69945767095951	0.55322130810803	0.356524624735171	0.209280438266157	0.31894266796454	0.467812122043952	0.432526538547937	0.509227589078848	0.287340496650069	0.068042497885437	-0.0599699311126459	0.544357492900626	0.35656150873307	0.325902439587358	0.134398641180063	0.404775695665365	0.328947244609021	0.321431673542263	0.0870905970450114	0.318719471728562	0.177370937292744	0.512892343530509	0.11545824740995	0.36563531111315	0.525226844104991	0.270985195720595	0.274440969602652	0.194671696224469	0.0481407603579155	0.176695890937237	0.376667717489517	0.276848387677996
0.276416247035911	0.349566331445191	0.366994102714676	0.322693479886615	0.414708759708979	0.35179818874547	0.326567733520784	-0.0265924504355491	0.132990770590524	1	0.382539704034425	0.594666907151193	0.258379646874894	0.374279941359425	0.506546300647912	0.151251956681986	0.367580747355139	0.020154535831684	0.0410342770116559	0.170799256623391	0.55156557950641	0.548052507196484	0.358648849080731	-0.0189299635343502	0.0432947291707506	0.267934207924864	0.381242460750531	0.255204221349905	0.282734181862512	0.386876077750229	0.215112241196433	0.456688313380383	0.241421033416907	0.396167915158729	0.429261278308203	0.0991837806007771	0.117222972547649	0.0755653699306829	0.273271527727755	0.347858694520488	0.445565486976946	0.624354593358536	0.421290369472512	0.198902188525891	0.0775076644020598	0.449864209229881	0.452811863966949	0.319611953997811	0.435297430211073	0.606046368492243	0.236340909576777	0.332228578836113	0.326458353600262	0.389421294017271	0.383901328069582	0.311049486731637	-0.0230228459673122	0.0830807370562759	0.140925527850397	0.195431185943999	0.500602058748572	0.300851452531381	0.15866535282343	0.213692696412787	0.364369965873903	0.253144044909129	0.201854287017638	0.228312851197956	-0.0323934886103178	0.135415423889438	0.200322984974404	0.35385293059799	-0.119297336593588	0.107312004214283	0.145342256841279	0.176108924809029	0.331089983545759	0.351714259547896	0.360112008175633	0.161916364466645	0.341943328652195	0.179071906059208	0.0292952801898272	0.176355000854576	-0.0791106341583447	0.365237761167297	-0.0025210648500028	0.226380547583051	0.22999224057104	-0.0764023365931185	0.1211526273246	0.35052637207662	0.0996434154621689	0.263323425942773	0.354819160215577	0.166323099692605	0.459055175148384	0.350153169347126	0.464882933316358	0.403379705287149
-0.037201181793363	0.118401558213342	0.12261724858172	0.133470433296436	0.141288312791678	0.130211876076626	0.165887640545277	-0.056460232362478	-0.082154250119371	0.382539704034425	1	0.447809906119955	0.207893091368794	-0.0845892807792045	0.184991944991563	-0.0135376470127578	0.219276685910793	-0.00898269601154336	-0.199619050607149	-0.265872622277191	0.233420258316307	0.293647102493595	0.382894919230328	-0.137477058556838	-0.230147976178793	-0.071976687618029	0.0333727041623421	0.185204202026294	0.211153998914104	-0.0239723812901614	-0.0925281402136818	0.0939949193821816	0.11405497638153	-0.00022134335671121	0.209557717747513	-0.110468207214679	0.127409487063341	-0.135696455451379	0.222383063948744	0.196763182746404	0.267387867055443	0.0819792233956366	0.15139764448702	-0.130163050089416	-0.140120535795775	0.183868814226759	0.201123264944469	0.256694337916059	0.0601108813809466	0.169209278648863	0.012945365507117	-0.0307990597581811	0.136002290978367	0.18297989501225	0.0589128356120222	0.134010059395944	0.131232903396566	-0.0548842763189664	-0.0761171436307514	0.00190747325051377	0.207056798319939	0.335071684697537	0.209970846170743	0.205020474713094	0.0499493530101663	0.237171742198421	-0.15526325908289	0.152706754635322	-0.202522196593231	-0.205042793122433	0.296132209120553	0.287686323276009	-0.0685768799104815	-0.100856773715735	0.0732141696428573	0.0123269953932152	0.0559518569046876	0.155634269494212	0.169389204594551	-0.108345049490161	0.0683753254259001	0.0511243749270618	-0.0146246020112088	0.0304105401088395	-0.0812619120612325	0.136019127229561	0.118414578201443	0.0612841697527002	0.194470684865098	-0.205303611303215	0.165894927931246	0.206037342837572	-0.0938831452908221	0.00060272863727285	0.136274620574963	0.195712251910129	0.151246858483274	0.086272491409489	0.256303477629452	0.309183290401455
0.244686096173816	0.296263620142481	0.405686730528261	0.380592695227689	0.340521350909041	0.404103004555996	0.392065448039782	0.157718128814195	0.269777434295238	0.594666907151193	0.447809906119955	1	0.481067852885199	0.310662305919486	0.359124383235898	0.178892428769892	0.43505378794554	0.175087905601316	0.0138802584558569	0.0527453597011574	0.623375314674738	0.578024598242072	0.651634557860721	0.1672308525302	0.0494794290744237	0.336371632822322	0.378284696350524	0.300181349234009	0.178787188392384	0.201754874305168	0.17184498375182	0.33400639537965	0.377260835692443	0.257149795808676	0.483509170020057	0.194345590681716	0.204581103450286	0.0978346840335693	0.433704793129659	0.407117574021456	0.38035626075025	0.273582651121118	0.326949270827077	0.286141216887103	0.216498774238707	0.537801450467495	0.434645435034997	0.41955251607148	0.279687211603473	0.464496505627589	0.183696749768626	0.218839768919986	0.220886380578727	0.247802938858689	0.131313487072242	0.321047932491737	0.189966580034195	0.3010711842254	0.172471399417849	0.404952750860218	0.612794024119634	0.475106245686897	0.340744890725427	0.286740687532117	0.185984079581077	0.367871062069779	0.0197738789459408	0.357741215184689	0.0819126754791914	0.00474460678287373	0.427193567553594	0.364356692673838	0.107280983415266	0.209449394636581	0.139404229402314	0.419640870566917	0.190865739920804	0.186002212917771	0.263705083917026	0.0133233396384728	0.402878969240091	0.186476816632278	0.0935258806222238	0.178059193191084	0.0735107275452222	0.343397640673665	0.0149412289486744	0.274159683973922	0.414271924593849	0.0309364674685465	0.178874358867653	0.376826298480076	0.264460203027415	0.35503941446513	0.270368866115925	0.121507137999315	0.344616604531332	0.302344973020747	0.417897155138116	0.556295599235044
0.14634104306911	0.171857367127628	0.281227685906206	0.270115698614204	0.151588374919984	0.339471282272397	0.306419936515726	0.50472170366482	0.403784252238954	0.258379646874894	0.207893091368794	0.481067852885199	1	0.0757707509909279	0.177922325360904	0.220436280616137	0.690673923811896	0.60097525314925	0.147939175914659	0.27882778939833	0.365226298450216	0.234008847916995	0.262576726936397	0.411420579413121	0.157397703810688	0.53275662823878	0.321585648826962	0.11897081036387	0.112938895392039	-0.0190509090077229	0.339293464139078	0.43646488042906	0.620693768628746	0.083388762475027	0.393949569667187	0.230263714466236	0.369656984856979	0.331821676434287	0.397534365657602	0.315864031932526	0.159604601493367	0.173510810374572	0.361837437631577	0.340377482895148	0.432155269658165	0.221492020290428	0.304713254405889	0.366045923694187	0.0608729373835732	0.388087149211861	0.0443143385348821	0.0685095367726805	0.18829392429035	0.24644876679834	0.0153044334240043	0.29385222581529	0.312384890868933	0.453747921276997	0.241409573151463	0.392473371675089	0.30038266409105	0.326633989459268	0.267613329808425	0.410959892125812	0.02071453320309	0.238127160657239	0.185584507456184	0.482160906029256	0.194267067647385	0.145226843257965	0.400585714550321	0.144810107841268	0.393579653687154	0.149303837695356	0.159258544191753	0.597877591707175	0.342853353428721	0.133223692740827	0.209445813079755	0.220161706748698	0.3366649745887	0.273184652495884	0.0636764372203228	0.255985113567762	0.164665681633074	0.135670745834846	0.178024407222969	0.281604721129233	0.321210639474605	0.369836647156751	0.168058695977533	0.300363049417294	0.421158893520732	0.129510284569922	0.0641540514030493	0.0957848266746071	0.0432752045064589	0.0658961329450477	0.300203597188295	0.386814810603692
0.684271201324142	0.659232778086323	0.617434951817941	0.569569989864273	0.658815131952564	0.624171930390258	0.557015857578766	0.113109800231462	0.384191009327006	0.374279941359425	-0.0845892807792045	0.310662305919486	0.0757707509909279	1	0.56108901535213	0.563642139685751	0.0327733905035716	0.0909680183065329	0.233600122047584	0.314423222246969	0.232633935306336	0.389654331712057	0.160775783323869	0.278442805313214	0.39068311910006	0.273343737421021	0.433121151400881	0.224651054331818	0.109424270831245	0.594180618677886	0.44806642481601	0.311800080239019	0.201292501659285	0.290695501143402	0.577722648868054	0.551142162233376	0.149156293143219	0.216514177590039	0.422855061093793	0.158586242357045	0.362386950189896	0.544416217128142	0.480905230671445	0.32990717251472	0.294823576769836	0.424837372730218	0.237866656475753	0.39909731939575	0.635307974366537	0.435587506652246	0.725371030471119	0.749837085036109	0.622283641267559	0.63605615645189	0.574487778884172	0.576060338408536	0.0242411167294297	0.313995289052351	0.232209101725808	0.218744159798707	0.478324115351383	0.153477842705805	0.27467138492862	0.201090191992077	0.596118803526314	0.412839789051681	0.535337222442649	0.271859001775131	0.231687917568411	0.363902199383051	0.140918954741923	0.308724289590449	-0.0273331400471795	0.405115487272326	0.291785213003701	0.111490395588447	0.23363128169242	0.234430623118055	0.264301977237134	0.310208939584898	0.310219104552695	0.29080408756316	0.374372820255151	0.379290063640089	0.291050997475859	0.355879080755778	0.00148913780580062	0.461179618159628	0.248352449227282	0.128969347813472	0.356108477828094	0.318306542524453	0.190727610190064	0.449838659229199	0.259687194203569	0.374783921210864	0.5173436909826	0.600056910710895	0.457075128649578	0.459537322096316
0.37392540212118	0.683414824699671	0.558842794230041	0.640472518438205	0.424002118799867	0.570090138642576	0.626775352133616	0.161735849163874	0.280952034355472	0.506546300647912	0.184991944991563	0.359124383235898	0.177922325360904	0.56108901535213	1	0.552193741117277	0.24593523908001	0.0606764259049678	0.18440391487062	0.360328425008117	0.390492379856883	0.367521515240743	0.20623795217695	0.242499966587898	0.279064442288691	0.231099335808186	0.192743971353465	0.260301904456062	0.366089063958172	0.453312858646906	0.483477282717239	0.39627488711565	0.352409419592002	0.0461594969081525	0.61394021568203	0.397307612520399	0.170207568784195	0.208447573430524	0.405050724156669	0.0357632063834148	0.398003211336073	0.597275824110223	0.681239269056276	0.111956585065208	0.238169741134951	0.316289994957157	0.338720566627855	0.431736673970232	0.463513930737302	0.646554850417734	0.34485358442594	0.477625972039057	0.727826214904536	0.622982192910713	0.547771579922699	0.62639888733021	-0.0131643126773167	0.266736698565703	0.175654659682693	0.133456009349214	0.327576485309542	0.24828793938588	0.249141147968121	0.342218702628249	0.396954466343028	0.411185894308005	0.487209173674841	0.33710697777774	0.0803752962580664	0.299650393721071	0.143910471303933	0.308981452174337	0.0396087924495975	0.223381784612346	0.403151103758157	0.0854387889191502	0.269117844207605	0.310782631354673	0.417722563051886	0.342388274595571	0.202464316159044	0.307311405785309	0.235462895269742	0.385164901787602	0.123945140426364	0.142252984296608	0.192776288056119	0.52318128493837	0.283939176789354	0.0529781245141561	0.387111470769967	0.287617449173442	0.0226554783744735	0.292121513298047	0.322885924077302	0.398645730277888	0.405953629981166	0.291651552303451	0.473072758270485	0.406678125097305
0.342738245561884	0.545020716689372	0.404131977929643	0.689992199808056	0.277371886871898	0.576366953389355	0.70334005936771	0.268182572966313	0.458960159332265	0.151251956681986	-0.0135376470127578	0.178892428769892	0.220436280616137	0.563642139685751	0.552193741117277	1	0.21589862914075	0.255207311578147	0.507557233940709	0.339681349977445	0.321770342958489	0.177012789928652	-0.114765829001579	0.426255092605078	0.375577678335398	0.154224877552461	0.146309761250112	0.127959226021819	0.171545484648157	0.217843713739418	0.785503481701833	0.20016124618006	0.253473853655787	0.00870168135211771	0.754566153999114	0.783292140595412	0.188573505420313	0.381821182328474	0.433958559562824	-0.0646019727672213	0.144340829528575	0.358444426883265	0.605520956315742	0.244715439560998	0.22140717775872	0.160811045778424	0.0162556742016406	0.363597002636172	0.338397850567361	0.358224852991238	0.345888854979927	0.409684344905501	0.692129800484461	0.493778613688758	0.488999944361601	0.754171747414857	-0.0108644327926367	0.374345568807644	0.215758786645706	0.188380578993748	0.336882720663816	0.231833328801516	0.164646714175092	0.232052596904936	0.356382529766264	0.412905712579147	0.694263891656781	0.464361279179445	0.368779831832523	0.391962220775169	0.320088801510029	0.261727369618957	0.185337958677497	0.313964633654975	0.520704170910685	0.0813751487119382	0.245324281780875	0.0635662403733801	0.172749796569808	0.623647614433838	0.18892069824485	0.225245685733138	0.25057492571723	0.550827640800282	0.304612310626008	0.218762808491511	0.0930886220080721	0.783260367622921	0.393479209820418	0.212958460629208	0.519954510188289	0.163240084288114	0.203014490382066	0.274485745873079	0.204991659859921	0.49090801340819	0.245524098660555	0.291975267128591	0.377354036067698	0.395053797512997
-0.0214671535545226	0.11684239659459	0.144578980025704	0.183906439906298	0.0946566838268317	0.223394134325391	0.235938347486366	0.476186822488144	0.380188423628856	0.367580747355139	0.219276685910793	0.43505378794554	0.690673923811896	0.0327733905035716	0.24593523908001	0.21589862914075	1	0.519942662945864	0.21530518667208	0.342097768487833	0.50233944054145	0.305825482654748	0.241602458625811	0.239445763767657	0.214388960770625	0.393033376250635	0.244872702560036	0.136448331011025	0.0624938508588929	-0.0541730527362979	0.316778167439104	0.430564102858655	0.346933621648985	0.00751398369964854	0.322851556346251	0.208000941632831	0.212759817353165	0.291489411297533	0.202341104770934	0.244035352944836	0.0867542966364131	0.172065221813485	0.374162847880898	0.259621032910543	0.230066088333366	0.188107967943263	0.249854958039846	0.205414304080322	0.117684294497858	0.413969199370258	-0.060312393990101	-0.0316813639976766	0.127404910876188	0.091197889092592	0.0949140264196179	0.275193047318784	0.112413702461077	0.331502969118309	0.223932619849787	0.382442226915039	0.145071834771846	0.337818349649205	0.0973180192429517	0.280318980448035	-0.0503382757962561	0.208074188488779	0.199790544740408	0.446450365848906	0.238236798142982	0.187278500474076	0.322713554420783	0.159110383071765	0.276852081053019	0.0760523310281546	0.19349546909888	0.479913639700288	0.2823794757317	0.147733269470792	0.0935694488886278	0.277115231572381	0.311133043837026	0.158796763563509	-0.0395930064128273	0.164238443480388	0.0582918467089019	0.0638644962074499	0.104193251092938	0.222260128805901	0.265061740875514	0.237071017807043	-0.0256862619359081	0.221383219161343	0.338154024498653	0.0807101123506627	0.141866195263581	0.0975596292878423	0.0603538428106424	-0.0603239554115793	0.249468818539352	0.305271903149479
-0.0465335158855786	0.0494431724688616	0.116185572175917	0.205125805854073	0.047583793137009	0.212139828931163	0.177741297718499	0.704403970024677	0.528851379923257	0.020154535831684	-0.00898269601154336	0.175087905601316	0.60097525314925	0.0909680183065329	0.0606764259049678	0.255207311578147	0.519942662945864	1	0.336934549302563	0.390964630686018	0.0572771835330987	0.0452928743421137	-0.00960826877107179	0.435371240325656	0.12256250983735	0.252864100566906	0.0413439652919629	0.0662171426719287	-0.100493541596686	-0.105123498488036	0.37470772296549	0.169294686442146	0.436941390560612	-0.0732854360664528	0.192175839358614	0.272037948832946	0.25234724239213	0.224798079148442	0.158965419726203	-0.00619146743818637	-0.0586890714814923	0.0369164416600843	0.169488351081104	0.0454519348025288	0.389643012107848	0.0300915195966838	0.03447937140814	0.164979240312462	-0.146248081494976	0.0682667806460447	-0.0273197458330456	0.0746442686076113	0.0741043931506794	0.0957784899456139	-0.067281397210843	0.231543387779504	0.358422186198104	0.404226211024811	0.233809484186024	0.389791697794319	0.0692697109293459	0.142671678881325	0.15092084904412	0.280328186821594	-0.105370196851498	0.0225134238513834	0.195283956635065	0.302114005399851	0.335226332078982	0.172743367619977	0.197712676069771	-0.0419925046885203	0.374805530969743	0.0192859374645883	0.111014085011916	0.343960895356008	-0.0140859076206222	0.014746967624879	-0.0176558093284495	0.319261734078464	-0.00523008888906761	0.132464847512722	-0.0961681794646749	0.127090128283094	0.181879725812629	-0.00899536416156109	0.108486031828905	0.209859327298208	0.0314830742790506	0.321880148187323	0.0987722269981459	-0.0294587626946987	0.253312315899659	-0.0374033135122033	-0.0697953076553618	-0.0167764336865577	-0.205348587743092	-0.0855477846713988	0.0718984978815487	0.121630082269065
0.272015585679592	0.191009419677607	0.164868880233776	0.24328901843871	0.0860943783486268	0.146842127220211	0.22803020771603	0.520187008150535	0.687064600227949	0.0410342770116559	-0.199619050607149	0.0138802584558569	0.147939175914659	0.233600122047584	0.18440391487062	0.507557233940709	0.21530518667208	0.336934549302562	1	0.480835576439591	0.19527746363287	0.0912415332428821	-0.255651796869763	0.35971062545881	0.354507515631881	0.14085732332446	0.120524107139746	-0.000872422923735901	-0.18132479190822	-0.0339049271855075	0.420810453134855	0.120650187390969	0.0361729634589583	-0.0458322497682379	0.296895078993247	0.575307848187865	0.17324638933415	0.345624639221541	0.0863101719299715	0.032697153009611	-0.057508178221751	0.0559775985201555	0.243321588377078	0.235966405834272	0.0955275704527519	0.0620626399254486	-0.031375374617299	-0.0480436842746338	0.0271727892765284	0.0643215594392534	0.137688763739731	0.191423490717343	0.240791215203961	0.174360215516279	0.205887141590861	0.33093062175182	0.0996089437815274	0.43957782923921	0.536901509420565	0.498724652415501	0.1925546525285	0.134531945757661	0.0821314564320181	0.168789985605246	0.144388057008071	0.184130826767903	0.420487656055282	0.325920227137136	0.711726984855604	0.45441077453754	0.229436888742699	0.142566094754628	0.226546998476126	0.240261952592016	0.451690656035961	0.128340616964582	0.171738785462465	-0.0799739839073967	-0.169987992869631	0.605627476768275	0.142361139316444	0.112903498963872	0.0170721099504943	0.344979127853697	0.183928514105091	0.137606740975196	0.0506881410281627	0.283783546383047	0.173204530653911	0.366877581388122	0.101792526418272	0.173527577951491	0.319230157972871	0.118688404354385	0.209461652849103	0.206828124939188	-0.0697722529768512	-0.0177604905130692	0.158282671134695	0.111085233025866
0.220248348769335	0.292382863184597	0.110795135646819	0.137842219550133	0.106336333925686	0.156009572839014	0.150041271126917	0.536431371757068	0.662663577129243	0.170799256623391	-0.265872622277191	0.0527453597011574	0.27882778939833	0.314423222246969	0.360328425008117	0.339681349977445	0.342097768487833	0.390964630686018	0.480835576439591	1	0.129521038622649	0.0953206581836786	-0.0206801478195155	0.322990161211835	0.675992787797663	0.50763399681225	0.23537645916791	0.075514538847132	-0.046247766645537	0.201298986493385	0.398379755362553	0.439310257407076	0.333340793911271	0.222087377011643	0.187501182112375	0.472652871570378	0.0513793655562958	0.657332176128516	-0.102262058327638	0.0546154181270975	0.116868697389899	0.205748444610829	0.316412916128227	0.29428012305524	0.404623746103994	0.140546790386436	0.233214331705268	-0.0910249582610411	0.155059362062168	0.267707563067131	0.18761839344758	0.346383978649857	0.341100832367482	0.190593761203412	0.249065186286536	0.233927768021222	0.193685649124105	0.430545967546846	0.497466874511029	0.500296616114187	0.150464708093072	-0.0549159551504503	0.0186640889847994	0.184082321388599	0.268237212184324	0.161519985069916	0.489069047276049	0.390537581126708	0.539515905303646	0.647543121745781	0.00855760587963107	0.090484398202901	0.255413789048674	0.435849371923627	0.320486344413692	0.346849909203961	0.25755671586754	0.157929671701871	-0.00848860803985106	0.568299150639165	0.345424117645667	0.348515998319489	0.180618628947467	0.373190414461398	0.402118343015467	0.20549015371591	0.08643528117768	0.225506949674353	0.0412687036042773	0.583582941836473	-0.0771270157035365	0.150186714151366	0.327718220095256	0.164151930816689	0.313563871221211	0.0753675623242597	0.134639755886887	0.0745451094614291	0.215421540055853	0.0710662326838862
0.125319645437341	0.189162322188612	0.268919481489704	0.326081901184791	0.21161893198888	0.33024256014631	0.395773699307643	0.0734478763147427	0.251836476913495	0.55156557950641	0.233420258316307	0.623375314674739	0.365226298450216	0.232633935306336	0.390492379856883	0.321770342958489	0.502339440541449	0.0572771835330987	0.19527746363287	0.129521038622649	1	0.509961048423542	0.345134401867054	0.191416589150511	0.116260310374453	0.369175294466492	0.35720229000573	0.20175622829777	0.234640661968668	0.141285652426916	0.277081727504088	0.477783219187587	0.231349908142587	0.286228555855653	0.536713328138562	0.352555461455383	0.214959919398152	0.31050611335786	0.425443894613701	0.270733154549023	0.272314417848665	0.359808249845362	0.584700078034968	0.445430518880433	0.284856938606924	0.432162614441453	0.408544195110636	0.373755780355508	0.370153276181581	0.643238235921328	0.0620959070364874	0.100344444086381	0.309298204233541	0.221146230093578	0.244402820462869	0.368956849667446	0.00307717425080263	0.253114292435396	0.17057600655346	0.299924949595377	0.504091416077239	0.372202063008067	0.239285415189319	0.279440997244193	0.119975818456422	0.49565145480716	0.182638827627343	0.360778367580838	0.167322183702785	0.121731190046685	0.458646957192551	0.422373411258158	0.0445992780478242	0.211974167218474	0.354375646467081	0.415043741228666	0.398054867276092	0.160839649300629	0.164587757730206	0.229007800752812	0.408305069795193	0.201706042795129	0.268708048572327	0.347990555495175	0.0967832646379696	0.30037916226293	-0.055180424817686	0.348612968177779	0.5551344991482	0.163512123422975	0.170430630730758	0.403879390792025	0.358327145197786	0.376351767758923	0.431048834964996	0.223346231802269	0.362144961984674	0.246085439790392	0.485555815658723	0.613733648459843
0.308174987442338	0.386547421547365	0.381411035433907	0.276979285336679	0.388357890412483	0.325296729784461	0.329036671471542	0.0880593480366606	0.207354281043598	0.548052507196484	0.293647102493595	0.578024598242072	0.234008847916995	0.389654331712057	0.367521515240743	0.177012789928652	0.305825482654748	0.0452928743421137	0.0912415332428821	0.0953206581836786	0.509961048423542	1	0.489579388112116	0.158389846286811	0.124809215697762	0.267283966746339	0.429240224423291	0.418101211698883	0.33754625556427	0.280994598718559	0.167384998344991	0.337657133036442	0.140476525685527	0.30154243261614	0.403546226922997	0.235306817364127	0.173088870628577	0.20169136838798	0.336225308986347	0.443394681355707	0.531432609980467	0.435252039899006	0.392440341600051	0.296184570278113	0.0772398190716182	0.648480404610868	0.545593446428747	0.265788144742627	0.470272297815969	0.516148484676261	0.238192553949877	0.265752721158608	0.257972752698059	0.287046890024171	0.209196965273346	0.205597392129672	-0.0401670601253223	0.216005444791653	0.160646781498051	0.247889964974097	0.356151618448035	0.142087242198853	0.134786922924773	0.104228939691434	0.273130624348562	0.334918591814156	0.10989074854694	0.243469863673028	0.162683920882741	0.161748635787619	0.115736591810281	0.442882181989756	0.00595541503778201	0.27542621736698	0.0920310207131308	0.209781449762154	0.291476446881421	0.463446285853327	0.319028905041533	0.0746545236889675	0.288557816979683	0.0988294466661534	0.236957420910648	0.136800099629607	-0.0373090071097404	0.304244330874029	0.0578199823224771	0.272918821675966	0.369101176791477	-0.0341323085359439	0.177998791311986	0.511327229672461	0.197356833853357	0.544225053704475	0.361515748679693	0.0831550756610372	0.371694282766971	0.509425917241999	0.331658883248591	0.359391278185692
