1	0.303921246427365	0.533274066147576	0.51972376948732	0.34759297672088	0.172016579452912	0.269976518033483	0.293783376954403	0.239074123442768	-0.0479606306234422	-0.074465108192517	-0.0280490305210964	-0.12677057828347	0.450711176004368	0.0461813741338937	0.354509086092367	-0.00487150206196417	0.236392660342826	0.304735341685063	0.313902784067997	-0.0854488891383663	0.0334798521246047	0.0311271697151946	-0.00912268653638148	0.188442726503964	0.112260606795426	0.0420751491778859	0.178767891942639	0.040289815621409	0.411010219565803	0.0950347846053277	-0.0427665619324118	-0.0627608241261106	0.471232953768031	0.356617379827766	0.383580913538087	0.0147976694014613	0.0691584954787771	0.201898050363398	0.108897956255958	-0.0355220370433926	0.0539978786653353	-0.0962143328048473	0.0866563580599905	0.240711297080928	-0.0142383913687218	0.0478841833773397	0.0796157992173618	0.0350509864964762	-0.117972862168755	0.380917180813913	0.307589496431251	0.304653327565133	0.349249871768265	0.163069884397302	0.449973840882129	0.0694736630433759	0.148857216825438	0.193582003959474	0.271208793772029	-0.156272300215947	-0.068711313628133	0.0112136269353936	-0.14352296630023	0.448187839177694	-0.00546146977353569	0.371735789582358	0.162942230432149	0.284343702741903	0.39713224240047	0.0651412384683465	0.0330414682713187	-0.0455823433217176	0.331658674240691	0.234380860821032	0.349354635973745	0.172225792782929	0.239469230921465	0.15987406019945	0.195824673900961	0.0813998017167087	0.119126852126482	0.0575031124025442	0.0877803123870124	0.242519507513601	0.375611366394306	-0.032197507840794	0.438167418720023	0.0236439097882419	0.338275501638561	0.169248815636967	0.204248029960869	0.238347067684975	0.11068601279297	-0.00386422080014347	0.106483802509258	0.11193344668648	-0.0239128899353566	-0.00728040977953962	0.0226562821276242
0.303921246427365	1	0.390631091203053	0.514568731363462	0.0882973183147049	0.164715395263777	0.269900453745426	0.192218237935914	0.130711003192821	-0.100921676758388	-0.00803794854362588	-0.0472186069873034	0.245004888039901	0.168477430102956	-0.0466362518368598	0.29394925869825	0.0978512180914775	0.081355849180049	0.145929797967762	0.264949106557095	-0.0819257416779946	0.00213010278177128	-0.141965602880861	-0.00106584253188825	0.264223448209251	-0.0148540631555514	-0.0629936242456641	0.0821309688814053	-0.181262720435577	0.278381720803024	0.122660280238295	-0.0542825109277205	0.017867055756849	0.158191803637064	0.295979827140296	0.249455757779896	-0.0946306522822511	0.196170563741552	0.140631091163735	0.122947043503908	0.00859139053842766	-0.118247016555645	-0.0370769344788611	0.0737558916036823	0.322454458175228	-0.164543512760626	0.00672584598729963	0.123205395348886	-0.0396885303477018	-0.172598322713531	0.0458309419507256	0.399346311127612	0.237630844819149	0.143047323382959	-0.0035767697677055	0.446759848461878	0.000662068445359491	0.118077384027609	0.114537472173227	0.0553004879815753	0.0905931687300547	0.124842637864367	0.114247721377592	-0.0062723183349214	0.268038310193561	0.121734043150964	0.389963588436671	0.230054133163989	0.224351634793657	0.178650712909084	0.0341901872413267	0.0510359310098742	0.0453971800226815	0.065255396005788	0.159911241714155	0.223799060132174	-0.105338156685324	0.374899275208987	0.125036061241597	0.186180937553757	0.116401290865378	0.0828662938686063	0.227612844315047	0.128531958460091	0.131597509774996	0.317418141693287	-0.0941442863719322	0.205038165225636	-0.158712351592525	0.175569779220054	0.125167347600549	0.170829177150145	0.18700514571623	0.110049294816318	0.00816263187040497	0.201384985126843	0.112872372606648	-0.00584017921185992	0.147915253185949	0.0910823222174943
0.533274066147576	0.390631091203053	1	0.604190742375426	0.364328170409815	0.43294881707178	0.589936570472276	0.238876641806524	0.282765458283338	0.160313827250345	0.158096247284783	0.168323331750386	0.0899761408904527	0.232629763581669	0.187078094847766	0.229166333488675	-0.125097915560337	-0.0117067041939556	0.18022864701141	0.27858945804528	0.0602602195270544	0.226361890288202	-0.0808496813688046	0.0790574212144936	0.100455207139855	0.0144286042436558	-0.0270972553150251	0.193650988446169	-0.0997865268397906	0.355452180891172	0.0273949259275783	-0.230466167044599	-0.150980120628432	0.426489148215459	0.510581659645019	0.284799951403762	-0.036700875717434	0.016415996720074	0.355202727737266	0.306873845333517	0.125083209788308	0.0981165792218141	0.126555405704035	0.00800498692363271	0.183149272819436	-0.133672436284223	0.159777293186964	0.286840287086913	-0.00992055663768172	0.0261346626026297	0.371528120389844	0.503808144267022	0.514944169516463	0.535300810784128	0.28523828848498	0.575821520915574	0.262915460038124	0.144778193874055	0.206194191067178	0.207931346743454	0.0395121061193264	0.241077192415259	0.290825743232029	0.0506760284411362	0.340006522222336	0.256020244232033	0.29480285547595	0.177088276452608	0.162868243675444	0.0344354459585893	0.178696208296618	0.0548292500663753	0.119173879183475	0.0819447433150489	0.16580240422088	0.291709674606264	-0.0432643529816517	0.215850845465335	0.117925816173519	0.142563535294796	0.0177736708648287	0.0838192224925052	0.078199252511851	0.243154286538483	0.00801670204611652	0.284997459612141	-0.135600549769295	0.489787890346029	0.21689109196252	0.199731891444308	0.229777274093308	0.242551005228051	0.211587457155425	0.117850226856105	-0.0636973296533764	0.313478967591406	0.177295851466049	-0.105295190662271	0.229290573290731	0.258004819101326
0.51972376948732	0.514568731363462	0.604190742375426	1	0.405883475285131	0.48929364882104	0.700707354282679	0.180225759562585	0.265860091243808	0.21130780155849	0.271404104854497	0.363681420255827	0.0516580020700892	0.333841083203351	0.210379137403867	0.326602248111129	0.00317860750496108	9.79438949949141e-05	0.101131924022748	0.237409172014882	0.157590326763809	0.140259844868099	-0.0249655638949153	0.0446897153503799	0.212142558632877	-0.0333888937115415	-0.0353687472965562	0.140757555098646	-0.0971730255235817	0.259267702715056	-0.0434869597499463	-0.11761157873488	-0.032115744466596	0.352057364751123	0.54082011351176	0.281271360221479	-0.0838486201734377	0.0131899214837908	0.38645885525195	0.19779108299366	0.010085716066195	0.0799112910274897	0.29049240076185	0.0300930087358132	0.182440279269231	-0.0931818401957941	0.215611479262383	0.41451947486043	0.0673864515175515	0.142191543537658	0.241630053820453	0.296842730652783	0.56825594397674	0.539180162755165	0.314421503244693	0.668522874629007	0.0745458370595322	-0.060530920977618	0.0308307112574416	0.111200435438946	0.149676461883955	0.208977578317578	0.213250250450098	-0.0471183262153193	0.442324512158017	0.384962055497575	0.38373540772476	0.0501201680388261	0.219505347378908	0.194053955541443	0.135068004427489	0.198439240327727	0.0509760511892723	0.101872694694012	0.145150154641023	0.336002063362953	-0.00806409465076164	0.17513797025597	0.184193789359906	0.155940699412838	0.223399134337489	0.153377850958746	0.199154430164529	0.266636003053989	0.155981618324871	0.372990005525949	-0.0478397471187136	0.457376617555505	0.208231484135841	0.215491267664301	0.296231951346072	0.192872833718356	0.284459951913509	0.12053645084612	0.0528193724082106	0.422609526243737	0.200970452822663	0.0801470213417151	0.412514807666421	0.408295909370191
0.34759297672088	0.088297318314705	0.364328170409815	0.405883475285131	1	0.682576402298165	0.316322436026932	0.0106871171334103	0.0150687673138358	0.291891023793885	0.162379603463856	0.246763569423303	0.121479158234711	0.310714614646332	0.510284026071739	0.067978361883211	0.0264531658978103	-0.126626129404414	-0.00255247916722541	-0.0226184817276517	0.118195015967377	0.434854881105332	0.126350524862871	-0.158061265381707	-0.127520821545102	-0.166465630882659	-0.163209633402326	0.299627747907439	0.0936038696885882	-0.0301143227856658	-0.223462547950018	-0.157720264777833	-0.000274514980296731	0.25256803252833	0.284722691702095	0.139074313000374	-0.00841140878123654	-0.18885886759719	0.332808546859877	0.0667801201410327	0.346756765392379	0.105818098628541	0.162285326152102	-0.0863761460273878	0.0371781931016463	0.293087781103233	0.309914171207079	0.439611771681542	0.51628631005835	0.102985998584897	0.552843080334605	0.0807023757657469	0.338232398193071	0.696941420539137	0.700173159968086	0.368004771380843	0.0451563500401866	-0.0735880780922545	0.0626327231015478	-0.00560263286071824	0.423850163070547	0.271796980553556	0.186634408862641	0.12056896559559	0.218104488672591	0.228506994589539	0.074576661839293	0.0767152420350198	-0.00198303370328976	-0.0314288341511715	0.283049225864733	0.291874689762687	0.0130003407216882	-0.000857964731130699	-0.0170553024820732	0.102300513605699	-0.135325387389068	0.063081738327958	0.0227556800147326	-0.078867900433437	-0.0627459958446512	0.128072451942014	0.11867838586071	0.0846347445097884	-0.00679493842507849	-0.0585449013122314	-0.00932277551648701	0.336871421651936	0.369702088728349	0.00725183696844664	0.325270763491883	0.0990364613264528	0.0326292950693003	0.0889973262549516	-0.0278539636309213	0.602196725896226	0.204662237054747	0.291093256910003	0.120281610696742	0.281980029785672
0.172016579452912	0.164715395263777	0.43294881707178	0.48929364882104	0.682576402298164	1	0.595712015033355	-0.0821227645070782	0.0589254848723688	0.464712684711069	0.34355820159534	0.439809228010797	0.146610498653389	0.148985060538304	0.469332411966703	0.0879547931824483	0.0487735709529491	-0.186089128336495	0.00238774811518575	-0.0152872675687065	0.277742598656457	0.479491167005596	0.144292236864556	-0.126401898909081	0.0221042775188076	-0.0964661025735361	-0.117131581973481	0.136689279781031	0.0594029408790857	-0.055868850172748	-0.208680462728082	-0.184878503546138	-0.0553155024250437	0.159297634837901	0.401382216127389	0.052572000455098	-0.0431782397081421	-0.203095528431782	0.452914526819102	0.216437065128676	0.268303710921933	0.227501334596921	0.41066514169834	-0.0909257798553586	0.037292881695873	0.247395186781993	0.260854871476544	0.735488809205258	0.365887316053084	0.293344954535895	0.319861161624145	0.0706391020263372	0.449833578392063	0.758155435110115	0.638965816321765	0.474835755610723	0.129441976161074	-0.127099352791704	0.132509263841984	0.0416767019879882	0.381690962432322	0.334906463099026	0.160456652543625	0.151663559680666	0.160251685963263	0.396517395056859	0.10476580779333	0.0639955420308342	0.00664746455426682	-0.128152516007416	0.24567908678343	0.308806316457168	-0.017505024421916	-0.00951977898719154	0.0298544643355449	0.130970543774579	-0.170011455390636	-0.0204525226101338	0.13598951887446	-0.0861720917241124	-0.0430703590439733	0.0628951999261279	0.176937859923278	0.154303552145044	-0.0397342787394901	-0.116990262706213	-0.008241639766778	0.332456154615694	0.353487398841292	-0.0292877387450474	0.372982074997633	0.113324151334988	0.0386956999703247	0.130780513982539	0.0638960059330587	0.652777383985883	0.192087040818692	0.199554994233538	0.24446714803624	0.452203432784359
0.269976518033483	0.269900453745426	0.589936570472276	0.700707354282679	0.316322436026932	0.595712015033355	1	0.112503146824886	0.199694666980515	0.363210506704349	0.42157844349241	0.453878838905926	0.208669680084685	0.21005963796967	0.291042336312739	0.183612971021668	0.0555790834919713	-0.09684652388045	0.0119720075685223	0.123750287028715	0.368580467305539	0.235623202983561	-0.0298131774814651	-0.0191936834234659	0.135062331006229	0.0458235930553662	-0.0517211018341135	0.171027647397253	-0.002842434173311	0.167095692821447	-0.0444440031210246	-0.0567089625721519	0.0162861008193142	0.337142659230065	0.683716917485391	0.121675419563419	0.0315767389043622	-0.0244867097141888	0.541527205682165	0.294024495761619	0.0641933160032959	0.28290657863637	0.477889821543404	0.0302086949056695	0.170148720160191	-0.108677470251137	0.351061007734163	0.615660292551795	-0.0170557124085433	0.329979723285438	0.0919549858161827	0.169280166908872	0.49796385751475	0.511536325271942	0.306266462600854	0.640689340971389	0.217710366303331	-0.111881582000171	0.128104446843961	0.0649106377652403	0.225447837267982	0.406562988028179	0.385346399926577	0.230003287685893	0.272110691853325	0.517181115750775	0.263804781635144	0.227300407734157	0.0858995276067894	-0.0256983126510333	0.372281578976454	0.234109007718397	-0.0245569074907354	-0.0111290921707524	0.261657955764798	0.286455765479248	-0.110584275080624	0.0573074902249863	0.149712711155594	0.2390788089025	0.225098425455394	0.175112630027419	0.181609730747242	0.329675580889936	0.0623384070020136	0.21897788083729	-0.0446287143003324	0.429208221922578	0.382664817087616	0.181109904577387	0.430784315406544	0.183900652546598	0.197799536905626	0.073078871036369	0.0231623636750893	0.482473516651204	0.125826156417488	0.046913263317996	0.289763345384608	0.541573576015646
0.293783376954403	0.192218237935914	0.238876641806524	0.180225759562585	0.0106871171334103	-0.0821227645070782	0.112503146824886	1	0.447596296969457	0.0316857960746067	-0.0328850782402964	-0.0403054680732449	0.122843342441865	0.253803696711559	0.173390913408012	0.36174669011969	0.23262232187254	0.486093329506187	0.475113983284857	0.646867143571807	-0.0550456845086981	0.0280274915881619	0.281952967063673	0.214284097746022	0.532519259984948	0.432622903380672	0.18231801705929	0.0831867181380999	-0.0536056560968554	0.0896203744691652	0.32743776368622	0.21710781755235	0.173163027545888	0.247166743269151	0.196160753930725	0.448778240355323	0.0279410485472908	0.520248947172206	-0.0166576214218316	-0.01273598070064	-0.0594803427678998	0.118071787310568	0.0396539373216486	0.33429854000271	0.43099593375203	0.0272293011006768	0.0877441013890791	-0.0644127889310081	-0.0352066451094155	0.073971785618086	0.0650777725531964	0.0261146807695777	0.13607104300948	0.139703123142754	0.139634920170344	0.20455417766737	0.219805110897101	0.412606065402952	0.543098115530282	0.355529198177427	-0.00114332885399589	0.0663679577675646	0.0120988394156991	0.0979025147373708	0.0525834011379885	0.121679467388001	0.383217904380472	0.485412716273603	0.569285778320888	0.439009410575484	0.165304452855372	0.178360177759529	0.0375469882175262	0.467115109049743	0.378524545752682	0.375136134635159	0.305160322684126	-0.065783134291356	-0.120585238018971	0.323659587122966	0.235556328498442	0.329593077634736	-0.1003096450721	0.187104362413373	0.357239239060017	0.332564810789849	-0.0386766369309285	0.230426693294087	0.038945984613263	0.450028829364799	-0.104859152624943	0.0047073944244899	0.357777982099099	-0.0629020427972118	-0.0148473860206754	0.0642251116966239	0.160094296238603	-0.077400893659041	-0.124376229690362	-0.113291474435406
0.239074123442768	0.130711003192821	0.282765458283338	0.265860091243808	0.0150687673138358	0.0589254848723688	0.199694666980515	0.447596296969457	1	0.114169986250908	0.0234214747141242	0.0474774978363494	0.0460463420969092	0.0631332232424503	0.093581302004277	0.257733526619642	0.00079456187865321	-0.0266966828248898	0.554149656903865	0.469742720090329	-0.16577303252674	0.0195855060347446	0.192975481660184	0.455298960751808	0.551084897435137	0.24261303651549	0.322705540159464	0.184434772701693	-0.0544126904839069	0.326714294725221	0.0645163310233373	-0.00141338285869628	0.0240594681491811	0.289916750048386	0.321270691294899	0.352628083515512	0.2578321335012	0.224437688908286	0.146788244490787	0.291311467150758	-0.028498250628187	-0.0124933820081655	0.0774244249592171	0.247686649203128	0.0110694756978085	-0.0179048319041461	0.0866854103237866	0.176287000949275	0.0429781954816854	-0.0122855697114678	0.0582864806735205	0.025452469964483	0.0770682360391345	0.101105133616893	0.0914102012238053	0.22684876801046	0.118991298868931	0.128299163160377	0.399160640462624	0.746282964044281	-0.0164353322728487	-0.123331941069506	0.054396220127131	0.0876876700266067	0.137972088492024	0.267604414209698	0.322981516600782	0.206671815298039	0.566796841925811	0.213595999987725	0.110064452168336	0.0918529827736724	0.387222147471055	0.516041452033949	-0.0169831216337433	0.240707826509422	0.464568112541178	0.0291237798875096	-0.052553527602977	0.0823630219832507	0.157599109622842	0.0428517599251071	-0.120897039717206	0.255126454296007	0.082814040681334	0.125517773787099	0.270970551634067	0.35177152993144	-0.0757241157997079	0.27992166027345	0.067886561173141	0.225683337426475	0.313635660348014	-0.170740111657732	0.0312077209576108	0.0910640960167654	0.210605048560013	-0.137828263572549	0.109787332179382	0.0326142528223235
-0.0479606306234422	-0.100921676758388	0.160313827250345	0.21130780155849	0.291891023793885	0.464712684711069	0.363210506704349	0.0316857960746067	0.114169986250908	1	0.406474509642466	0.649611668538702	0.046848788149753	0.203038347130607	0.339727737231985	0.302432123698117	0.0843233711024809	-0.0313563594328055	0.120379885229949	0.0329983807022609	0.373490758376098	0.539908192134484	0.327892524881135	-0.0091223716366506	0.133430700697261	0.232512983512085	-0.0883486048658356	0.205506709874416	0.141735773353514	0.174792336718855	0.0899988459209915	0.165242569959484	0.0641694869665291	0.261880226560935	0.274814953708437	0.279144890001209	0.171679655944796	0.110285467482975	0.110908120377288	0.0400513674117788	0.334417917694697	0.617302194018767	0.372676302938494	-0.0585535725810727	0.210990482552374	0.355933378913735	0.445193493401873	0.352395378952974	0.237396318191868	0.533137590918342	0.244578994785519	-0.155827836128585	0.369350024632946	0.275627572480935	0.438002631052358	0.268749429590047	0.129771715500089	0.122164636628683	0.171261528318364	0.0776067255382495	0.443349710834315	0.232623781145301	0.00282283733448537	0.309590079175474	0.221256237154272	0.477022142878614	0.222229469540624	0.232776375260469	0.166237332638489	0.0256248280695717	0.373703584916723	0.381931535031748	0.103162168093703	0.0318222312174243	0.211108570696614	0.339629881792071	-0.0190489118202192	-0.18844934723412	0.00748172070498966	0.218055114192897	0.215132388398864	0.293541291019595	0.00424090167468664	0.153797999612416	0.203664612235665	0.00329728035387994	0.208021324051593	0.317782859075021	0.236192999339511	0.136436805442275	0.0819976360275258	-0.096536609548029	0.0964639772633274	0.0630022811870893	-0.0358431761983035	0.308589357699342	0.391983420961147	0.185999927690313	0.189799801484256	0.48074056581866
-0.074465108192517	-0.00803794854362588	0.158096247284783	0.271404104854497	0.162379603463856	0.34355820159534	0.42157844349241	-0.0328850782402964	0.0234214747141242	0.406474509642466	1	0.604133617001602	0.23388010815556	-0.0571318417734347	0.281517443958989	0.00499838731580908	0.0619238199709045	-0.0976915409501342	-0.167035617976814	-0.0667330398887489	0.144832554736799	0.220179834449282	0.0808360998442026	-0.174912611714782	-0.101905497723936	-0.202133562789743	-0.189913791197941	-0.151480537874839	-0.0853295490332999	-0.0760492629780178	-0.0876028021496745	-0.0927218185116733	0.067923665911003	0.0541387952049257	0.185809246946584	-0.00926707908293585	-0.0390658181094118	-0.165495607597007	0.271927200655044	0.0504250091644261	0.0381871488592874	0.0707403347352328	0.365356033347783	-0.183870059602437	-0.112762687006429	-0.0401298260757215	0.0934687337262079	0.427513489263566	0.0499187555977968	0.269334086348933	-0.0480005391711003	-0.125376615665604	0.0837842817448669	0.233503177173598	0.307802317946839	0.043427286573017	0.00298417045855934	-0.16944488580744	-0.0724098637003133	-0.045234872640486	0.369157457314273	0.427400212712096	0.193454583462866	0.199300445790836	-0.164468137963443	0.160163855780743	-0.0170043794222826	-0.0635777937007264	-0.00316717130827949	-0.151695437573882	0.251657120021469	0.0978780068845044	-0.0275798429873245	-0.227051287156402	-0.116764912584034	-0.173806587931576	-0.216737738247796	-0.247767699918744	-0.0988608742531964	-0.100325012116031	-0.00757412259490341	0.0181998077296945	0.00847063513182269	0.0133540769943482	-0.150583854304695	-0.135584418604458	0.0418089947815089	0.135210002167559	0.112714244961245	-0.209756186165293	0.264509234037973	-0.0766381625722355	-0.160097193206817	-0.283891167170658	-0.162722853749653	0.377665654409113	0.0628724995962388	-0.0554728090938378	0.155636163420394	0.211620601062649
-0.0280490305210964	-0.0472186069873034	0.168323331750386	0.363681420255827	0.246763569423303	0.439809228010797	0.453878838905926	-0.0403054680732449	0.0474774978363494	0.649611668538702	0.604133617001602	1	0.207346328860138	0.157849934558162	0.290793569171036	0.109108141289876	0.0903790928834763	-0.086693618249479	-0.0946475823068307	-0.0257901835836446	0.342536390431302	0.442608479060779	0.376840624996545	-0.0928264032889612	0.0635354524853621	0.0427974105341399	-0.120695323286591	0.00179396879873774	-0.000849411879756014	0.060799522544437	-0.190110733476455	0.0726900479588699	0.24430592047758	0.163254284841036	0.170767343081897	0.033509138729046	-0.0492369702826655	-0.0541111414656793	0.0884720606798718	0.0689943615791469	0.149840563444181	0.309912694478985	0.281081794220391	-0.19748973798325	0.0652684438866691	0.1625137327749	0.229924744299591	0.389744958653624	0.0926746933845749	0.501128143708201	0.0953300252421755	-0.0361634310542258	0.290151415259858	0.239619885816705	0.311733403096719	0.227660615132098	0.134963141169097	-0.0289513600729825	-0.143212084959898	-0.000686850275650168	0.249339693854683	0.327125732966044	0.115256252797212	0.158499774761041	0.182205299739934	0.346163287366641	0.00702661022263261	0.0524534669237968	-0.00899671522752231	-0.0376306019634866	0.172075533341591	0.216281873827019	-0.021280832602158	-0.124176310133037	0.0698666315726868	0.169749703024922	-0.122956892078984	-0.174568501096784	0.0878386965219929	-0.0652242168363996	0.222573458476591	0.181351022991701	-0.0314341845866197	-0.0515728359634534	0.11192770869325	0.0596608128119541	0.0540735273938132	0.103271404924343	0.216927176699972	-0.0628087893530753	-0.013485487693928	-0.0659686545194222	-0.0267651231251562	-0.0368931055278249	-0.0737771452511178	0.331305365083164	0.225253789434023	0.122537181907942	0.181006250927449	0.409336986006258
-0.12677057828347	0.245004888039901	0.0899761408904527	0.0516580020700892	0.121479158234711	0.146610498653389	0.208669680084685	0.122843342441865	0.0460463420969092	0.046848788149753	0.23388010815556	0.207346328860138	1	-0.0756533309809	0.170248255404844	-0.113777216340849	0.370218572992521	0.0386702220930009	-0.183027554145898	0.0267017052246307	0.12931454736497	0.297513790363842	0.245218659407349	-0.0499307762395831	0.0723028326034908	-0.030053136566596	-0.0722770481474506	0.127425795827218	-0.058482672510192	-0.0988022248079101	-0.0950181191582924	0.232870775235845	0.41257980943528	-0.0214650536778378	-0.00366376988217789	-0.12866176121542	-0.0392162267225749	0.0207621184147402	0.0818874171305576	0.237966193402012	0.045840239966715	-0.00628808726147623	0.0929237318129032	-0.0622906546405231	0.0750466293396685	-0.0380208398247726	0.0694692997255297	0.265804102778403	0.124617717758529	0.0554905869088443	0.0430571232040567	0.0346470651036985	-0.0786597824483321	0.106928846530059	0.154372108426442	0.0193146761309553	0.180077289279201	0.0866034531133578	0.0137355405764885	-0.0208824107650093	0.223479623263322	0.33844245466397	0.31136420444997	0.372757081620296	-0.0341980209594783	0.0639074790486146	-0.0559853020291334	0.225259798166635	-0.0536899129841646	-0.157819596221343	0.161210576879691	0.109724629213214	0.0629668843427011	-0.11017056707149	-0.119822454245039	-0.000462916767260204	-0.198111398597785	0.104741744265817	-0.0119187948671136	-0.0822085607150569	0.0780797776398513	0.149393978718564	-0.0375046777218396	-0.0205186197771801	-0.0448376094122041	-0.000652432027068656	-0.012820434177212	-0.0838279871284203	0.0116081859043306	-0.127059623686955	0.0924828040632501	0.0370754935267081	-0.0441066061942254	-0.107533030835828	0.0309745255755285	0.23423990832518	0.112117220769206	-0.174770038208288	-0.0976986571735861	0.0851886145642559
0.450711176004368	0.168477430102956	0.232629763581669	0.333841083203351	0.310714614646332	0.148985060538304	0.21005963796967	0.253803696711559	0.0631332232424503	0.203038347130607	-0.0571318417734347	0.157849934558162	-0.0756533309809	1	0.346774163841888	0.395495455186044	0.212833859804311	0.205197339524031	0.16852387195684	0.293524617281356	0.137946035847222	0.192256892654583	0.100845254498395	-0.0039029853318797	0.247829495809266	0.0139241429082276	0.0352692857415477	0.277450270109688	0.17305293671546	0.297594445531058	0.0946502097153133	0.14044287766432	0.0521205716130787	0.33287866289367	0.168885205490316	0.321710625600749	-0.0569764695557189	0.123762479879837	-0.0290019414273737	-0.058037326591165	0.215463569365898	0.253908528076988	0.0759501533639394	-0.0702521361691685	0.314971170703557	0.155070183289271	0.194917996350412	0.0779413560213223	0.196309187516586	0.335506334125213	0.3834937010776	0.194314958912585	0.434428999504873	0.21775481713316	0.204590075559046	0.436078478096058	-0.0617188383528675	0.0713008345895813	0.136807295076442	0.078697546001869	0.0912119595288197	0.0221901419279038	0.118632674303277	0.161858374783537	0.457262673283218	0.224903336169917	0.261407326236579	0.367069182006631	0.177573129785194	0.265360946679504	0.342815632402678	0.243780531561276	0.000551051059777377	0.184113336671819	0.329790854021341	0.286106840811292	-0.0331635658984291	0.115556152165801	0.181622014587827	0.387075204127011	0.0343500774580163	0.308020379852379	0.135604117051374	0.137542377364775	0.211628160078294	0.272030804483334	-0.051603519150384	0.289336429573594	0.0527428226217257	0.206176541436284	0.0367958216579081	-0.0401912445448757	0.0459262955954329	0.282041830483022	0.0277878013102423	0.247500937920859	0.215577434568208	0.1955363656075	0.0656043914435362	0.214982576457987
0.0461813741338938	-0.0466362518368598	0.187078094847766	0.210379137403867	0.510284026071739	0.469332411966703	0.291042336312739	0.173390913408012	0.093581302004277	0.339727737231985	0.281517443958989	0.290793569171036	0.170248255404844	0.346774163841888	1	0.131591274442913	0.0105720475153186	0.0243136012352073	0.0168610443548177	0.0303710402005281	0.142204242913018	0.490422783319379	0.304371613814019	-0.0550436279154129	-0.00830334994293339	-0.124425907013895	-0.0552537477299874	0.221278150304865	0.230259674220351	-0.101525838849882	-0.128022305416687	0.00605550373605285	0.0592541380359793	0.22937543846559	0.232487384291746	0.169188159531114	0.0895330318315001	-0.127443363095081	0.309209614491269	0.113258017213189	0.36570270215522	0.132983085848794	0.324174886737939	-0.106680960442486	0.0449542286088357	0.252225164366013	0.490109512156132	0.454668897952289	0.337109991277309	0.413118208029351	0.13497203764245	-0.128789112530323	0.263478569892398	0.483574918323272	0.519467222002722	0.174163248695328	0.0227859560944279	-0.141541269530777	0.173575619975501	-0.00470340370502018	0.444134159876554	0.282924634288933	0.301846911401318	0.390043772940283	-0.0740235791320805	0.141213630841697	0.126300787561423	0.227481070219334	0.144666307985655	-0.0716995456616898	0.433701345556885	0.270230386184909	0.18806942569613	0.0951669511172175	0.0946600294376121	0.0360190643750817	-0.176771917545335	0.000626415050723634	0.0663419246733143	0.0584770379118455	-0.11375153497611	0.162333296774329	0.0841340743216464	0.206862731474144	-0.075372551026528	0.0049676046303192	0.065445547095391	0.258108784697553	0.283325052345941	0.0432684723841802	0.356881552751979	0.0966023429610592	0.0412726335288633	0.0372118174223418	-0.0761865431657951	0.627545905827164	0.126963352703705	0.122433611504237	-0.0179491195186943	0.0648835905337357
0.354509086092367	0.29394925869825	0.229166333488675	0.326602248111128	0.067978361883211	0.0879547931824483	0.183612971021668	0.36174669011969	0.257733526619642	0.302432123698117	0.00499838731580908	0.109108141289876	-0.113777216340849	0.395495455186044	0.131591274442913	1	0.284298158776454	0.483010274427074	0.592041871965694	0.568459726789579	0.207786632872368	0.00188095824643501	0.178685062368537	0.119818368737344	0.403292337124234	0.326138058410518	0.061152859653553	0.135801174954823	-0.0905877130785039	0.323977592264204	0.734312578812613	0.362727966151094	0.133998431355192	0.421591817940107	0.369763021637369	0.757435418513351	0.113543874468821	0.443119918621559	0.0114123543793214	-0.146628628131291	-0.099913510243983	0.209807821011996	0.304184716134786	0.15490046992915	0.460868008376158	0.138154356987482	0.289463178816966	0.0413400017545293	-0.10297564306644	0.192664622323811	0.0766119936789797	0.0682829085750811	0.356728746980328	0.0975778392919207	0.044395344050271	0.329975014935861	-0.0929857752130694	0.144307344536588	0.373028945553077	0.128793529585264	-0.0350165020375518	-0.200410519958051	-0.29994337769514	-0.0781242605394196	0.396481275430858	0.180396016549182	0.706875864760428	0.321368087895628	0.518422922091086	0.501920654971375	0.120996341749353	0.123392423101567	0.00491236415103558	0.439443185329265	0.468048816287782	0.50648452022368	0.161096645436798	0.127103292931924	0.00953406159206842	0.581046422530934	0.122168013176957	0.344279004693388	0.0338961398717111	0.22696270922429	0.408506246941088	0.296132225919631	0.103692749878183	0.478640473845983	0.10724618333572	0.463839652127324	-0.00144472638311474	-0.162951067261952	0.293899053279781	0.128803993920021	-0.0544566485220168	0.0796753940481782	0.126351112271093	0.0888162396892932	0.125639186222822	0.132742086668223
-0.00487150206196417	0.0978512180914775	-0.125097915560337	0.00317860750496108	0.0264531658978103	0.0487735709529491	0.0555790834919713	0.23262232187254	0.00079456187865321	0.0843233711024809	0.0619238199709045	0.0903790928834763	0.370218572992521	0.212833859804311	0.0105720475153186	0.284298158776454	1	0.514731371037177	0.102684040087756	0.300929290909231	0.440529092184559	0.111698028548345	0.159586624736273	0.0746873531876174	0.289298060058087	0.142036507665933	-0.0383065398091028	-0.105976605547266	-0.190156282451549	-0.214118274527399	0.37641615384614	0.373570759185023	0.265622273669819	-0.0676494743571228	0.0584795824184592	0.166089762903464	0.105276408368097	0.183110397115699	-0.0419071500418789	-0.172511246728015	-0.0471771171589145	0.0402982413844431	0.288697113566671	-0.123778736999873	0.274030344756382	0.0857400852023523	-0.0510687973611911	0.121299422712796	-0.0250651002117465	0.201896363230841	-0.0682793703130111	-0.0474763306116845	0.12171424336525	-0.0318004568675415	-0.00104557846805373	-0.0489566963573088	-0.0399740540354831	-0.053153423435475	0.205391322928101	0.0203325090198512	0.00796908119164448	0.0438472748939195	-0.0991137927576501	-0.0198238727380195	0.103288731709161	0.0284206727336384	0.13744241097672	0.257835945486913	0.112531260184088	0.107422501442374	0.17054197805282	0.113088324779623	0.0738038776881458	0.0892933217865359	0.168190336712391	0.0419951896426729	-0.115555588767773	-0.105437534135355	-0.24392830463908	0.237955899522986	-0.0449199747737632	0.200658597975957	-0.061253148578288	-0.0999837356309544	0.065815041169533	-0.131266451253516	0.144758927146481	0.0605809721114143	0.0162669713567975	-0.00408910464804101	0.00565015923189755	-0.302953737422379	-0.178808766070608	-0.0889509240790502	-0.0199133078574473	0.134404672516952	-0.00925186911079265	-0.102094438920873	-0.0101142829080398	0.134742888626483
0.236392660342826	0.081355849180049	-0.0117067041939556	9.79438949949141e-05	-0.126626129404414	-0.186089128336495	-0.09684652388045	0.486093329506188	-0.0266966828248898	-0.0313563594328055	-0.0976915409501342	-0.086693618249479	0.0386702220930009	0.205197339524031	0.0243136012352073	0.483010274427074	0.514731371037177	1	0.383855635458526	0.426919579908463	0.168078895674032	-0.066075470623926	0.0935152550333143	0.129667802022614	0.285617972824913	0.23770192967062	-0.052964294522901	-0.126715499321579	-0.0381214611636964	-0.0852390624379064	0.634643555384084	0.387610977534109	0.208893239136737	0.129678182391966	-0.0398270462781942	0.371765164230669	-0.0291607842003727	0.325021363053925	-0.211394048069056	-0.16371270390968	-0.160030702141077	0.0193732757209542	0.0450133100434102	0.0538773151651144	0.286385805223664	0.0216299164023558	0.0176839574603078	-0.176518370278398	-0.145517280370312	0.0682421597999249	-0.0668640730188467	-0.0722459799204018	0.0118563686666351	-0.0409150203251631	-0.0365237809976549	-0.0675528413136112	0.123936139251376	0.234766592703573	0.294152916802452	-0.0134236538990304	-0.191206358893333	-0.0633220819332891	-0.26826682804288	-0.17906207101195	0.109651010735867	-0.226000307006284	0.279727724722294	0.269106732138061	0.299189468858903	0.494514942410115	-0.0475468560126308	0.0580931396495252	-0.0278475620641064	0.29943165226509	0.268780146068263	0.179124442415101	0.00315461215205196	-0.0103815516200422	-0.135670350814485	0.347707323406753	-0.00184692101556241	0.269503992682733	-0.209078413784674	-0.128348713045631	0.26993214728526	0.173755373934117	-0.110050595511577	-0.0485558959421451	-0.0501843241855014	0.301940264012242	-0.246804939335602	-0.195941666010182	0.020501696442818	-0.0542458100278417	-0.148605848426478	-0.0410451257071808	-0.0094013283856848	-0.0817489396685549	-0.143282430986433	-0.2120320857664
0.304735341685063	0.145929797967761	0.18022864701141	0.101131924022748	-0.00255247916722541	0.00238774811518575	0.0119720075685223	0.475113983284857	0.554149656903865	0.120379885229949	-0.167035617976814	-0.0946475823068306	-0.183027554145898	0.16852387195684	0.0168610443548177	0.592041871965694	0.102684040087756	0.383855635458526	1	0.555506068000578	-0.172998430749715	-0.0830147658417085	0.129903168060165	0.234332484101375	0.425458361596348	0.285798814197927	0.116579507300871	0.0179070269985578	-0.096887404695318	0.285383304815474	0.45705372025822	0.058093932922672	0.000597724641644305	0.279223623852179	0.144896927673835	0.596958331647243	0.0303664239894948	0.348140404862756	-0.0937060057351333	-0.0828278268600777	-0.191901642544944	0.0153681771239565	-0.097002562634217	0.130230669065304	0.184985145110105	-0.0187850360462579	0.0443490810271565	-0.0703329564139956	-0.107150693667355	-0.128351835673042	0.136441820202953	-0.102975772339011	0.0576461091149075	0.0412834226414237	0.0144240521247146	0.169793368796066	0.0912291031648297	0.202135801496337	0.53073933638726	0.506521331683355	-0.0893804177685635	-0.265525455439252	-0.267405752171647	-0.144120891504664	0.187573346764744	0.0866995318694839	0.450980511037731	0.205532970512779	0.699405829299313	0.432306754581651	0.0644062210564369	0.0619956105658677	0.0474485093256505	0.385153057694579	0.169124366737943	0.313812833620156	0.257347189679533	-0.0633258259341297	-0.0333986352208174	0.255168963076567	0.0573302006351211	0.121160285315262	-0.262928971605516	0.141742175734002	0.1915635404975	0.091611525054623	-0.0475556434415666	0.278249681576534	-0.0668230818518601	0.361930626401778	-0.0842920858822821	-0.109319767885813	0.25125092013184	-0.0816922659675758	-0.0981377515884898	0.00563624451993043	0.0826180150565393	-0.0330369569996772	-0.103283812293247	-0.0102042066990759
0.313902784067997	0.264949106557095	0.27858945804528	0.237409172014882	-0.0226184817276517	-0.0152872675687065	0.123750287028715	0.646867143571807	0.469742720090329	0.0329983807022609	-0.0667330398887489	-0.0257901835836446	0.0267017052246307	0.293524617281356	0.0303710402005281	0.568459726789578	0.300929290909231	0.426919579908463	0.555506068000578	1	-0.011703286747643	-0.0591472462181603	0.0745779003787684	0.249351663751767	0.675615866490526	0.314145909399978	0.0614627974010981	-0.00222182194465545	-0.124902015612685	0.220205450142699	0.375409552739094	0.20166875576425	0.0957172169678329	0.203581263138405	0.166621422819559	0.613754175695597	-0.039594128422823	0.507097751511031	-0.046109789274922	-0.107582686532457	-0.0837289236431128	-0.0710735383228991	0.165861235208041	0.137689256743174	0.41327791812666	-0.0711751431840454	-0.0948571885838617	-0.00851902520012268	-0.144803840079015	0.0608177299781559	-0.047080938804746	0.0580353500070683	0.280549699509263	0.11902087937789	-0.0144028187329247	0.179017688416861	-0.0275468823651611	0.225357601843659	0.48764656440746	0.447719916142226	0.023256380007565	0.0436722239747205	-0.0596650066933599	0.0961362222224596	0.120337335768681	0.201093285795259	0.520931387159834	0.410556043978512	0.714336924972367	0.472234069959619	0.190204349893197	0.207246264570268	0.117772615966669	0.481090892245609	0.406840277435003	0.31735853993743	0.188744969026761	0.0738559027225993	-0.167363319753537	0.37434538891358	0.109007753450755	0.260215229319645	-0.0890666936230832	0.189847202281452	0.214791805937855	0.215619672733059	0.0627807757628737	0.367253595792011	0.030749358971272	0.407618120392046	-0.0421102265623793	-0.124791087675928	0.203290684889261	-0.078227018435834	-0.0189083514069216	0.131505706153499	-0.0349802766943055	-0.0380825969327837	0.00117579143284502	0.0587747832856002
-0.0854488891383663	-0.0819257416779946	0.0602602195270544	0.157590326763809	0.118195015967377	0.277742598656457	0.368580467305539	-0.0550456845086981	-0.16577303252674	0.373490758376098	0.144832554736799	0.342536390431302	0.12931454736497	0.137946035847222	0.142204242913018	0.207786632872368	0.440529092184559	0.168078895674032	-0.172998430749715	-0.011703286747643	1	0.272989453498444	0.1351854206047	-0.0873766467968589	0.0743407708097329	0.130608328868075	0.0327103333338666	0.158579073080255	-0.0595778229899148	-0.089005876093318	0.246638371596958	0.346461533634015	0.137121913582662	0.199380153124512	0.216933562230144	-0.00749882468929367	0.0985065396096209	0.0742338853107091	0.142741829865124	0.036064794938542	0.0881463158093526	0.349489238886401	0.483122161270028	0.0720208785580432	0.318801802157093	0.262153072747881	0.328535488561442	0.33641258793897	-0.111510421056425	0.437762106291372	-0.119806570130618	-0.0202490398284591	0.413880121144059	0.211313901399766	0.0942407368680666	0.216509851977049	0.157457443903557	0.0220135954117944	0.0613970436140162	-0.196862358965146	0.158887298159033	0.242978425873151	0.104958332141834	0.145705549141649	0.161262512757944	0.239088692866935	0.154205216617302	0.240885859497506	-0.153994135854282	0.060746640722088	0.287521457288368	0.247592767888576	-0.123003195897202	-0.0362821313739432	0.355111635139098	0.225852271024077	-0.137931009443737	0.0526651852830326	-0.0550364226661911	0.342771571569951	0.101713619106026	0.445379341921267	0.137719632504659	0.161851915690582	0.248020027628848	-0.0129217490750673	-0.108761667974734	0.0967083432351145	0.37169335457904	0.149506222091825	-0.00662829848536702	0.0377810443159838	0.0287412964962007	0.190182424861992	0.0813586326458086	0.142728498298883	0.0923822309674167	-0.0424607165686662	0.295114193989179	0.409168946954005
