1	0.798862268261491	0.831391094703632	0.807120298368896	0.749285516309756	0.763425176718714	0.795960625143226	0.534659819238456	0.157726045573092	0.137425134880167	-0.220818261567019	0.179651509876913	0.416989613384203	0.0418278322471014	0.560746599106229	0.375781259502374	0.0127994581305165	0.229483618813083	0.495108182409083	-0.329886279654583	-0.0914998228669965	0.284343459205669	-0.367883064534527	0.194629998523048	-0.280900555214591	-0.0979762766387813	-0.217419989537312	0.522423685865163	0.333463527822733	-0.0341562082189365	-0.204534586762042	-0.327038896520986	-0.314913187335822	-0.155037555430907	0.521989734316573	0.169814486193282	0.0209824430869584	-0.215376173941227	-0.0295421268149535	0.164748436539665	0.271257301574621	0.064149941497903	-0.139561069300733	0.0418248808132212	-0.38750782418729	0.120682889320028	-0.0912132302933809	0.398474927210768	0.507601598775159	0.0325487497830116	0.568585001394966	0.75970514873848	0.4761660769944	0.826259394323704	0.660335841204527	0.686931512578378	0.0630136456388036	0.270802209673792	-0.00739448357369525	-0.155759068986835	0.184508242746619	-0.155950251984192	0.127847986202493	0.256341568789464	0.247076855922542	0.0218356175300216	0.054547818807263	0.0959273823743244	0.329374004686596	-0.303727267418216	0.140425828587101	0.00901763306573306	-0.238171925013276	-0.0597595891305276	0.0574730975588734	0.113441959996491	0.0404719576011673	0.538926435162388	0.502145934203352	-0.207882998450012	0.146048234749682	0.0385165388438952	0.0432339966556987	-0.0843266597438838	0.111402832557882	0.035170494279345	-0.0274603973758292	0.0766161358027892	0.0266022807592363	-0.195527775642622	0.0901624028893219	0.228069517823597	0.180020189327045	0.044613121897428	-0.0499571321208203	0.472746632275591	0.287401261305355	0.415267188099061	0.225121902878699	0.197852862864272
0.798862268261491	1	0.825964681996725	0.779148923221875	0.67614526414162	0.652396406510607	0.769021509059909	0.545377328459666	0.136400937281651	0.191639244629719	-0.115645142022613	0.264053370019673	0.510777784000052	0.301876138059067	0.385357054461365	0.437447229109923	0.184823913297675	0.367577205019352	0.421346195804378	-0.310837161114186	0.0198795653239414	0.294848642286808	-0.250227137221011	0.0678523245357087	-0.238019150844557	0.0565074076103243	-0.137001015192608	0.583421725959673	0.399317843357404	0.129012470262469	0.0356552489053916	-0.216591308243406	-0.100421242461263	0.0446070682415466	0.618994285033324	0.175490823008745	0.199268704859455	-0.237333286487067	0.00546565110985931	0.272077143056609	0.302050630225609	0.190966824549361	-0.10713207272022	0.0752907059563884	-0.345753871659448	0.185384407147434	0.145005143927279	0.368209294168362	0.464794643592157	-0.0586520978824525	0.633969233277648	0.837398481445821	0.444073887098702	0.78269696978816	0.588434403839974	0.65746758421893	0.0296650492875871	0.178053179665428	-0.108283399026065	-0.216602735159922	0.214814379087964	-0.0137496192896917	0.240787221920348	0.301635174030778	0.364151959113308	-0.0279253399383073	0.147204335629356	0.108756044448825	0.210171408863678	-0.292602706686654	0.195437241805226	-0.0107479273298267	-0.363651664671951	-0.0498616125644377	-0.00736623838887995	0.305443951423823	0.142790735027184	0.611305141718889	0.452266545468457	-0.0977761880135576	0.303781487597652	0.0557676463137528	0.160987336099509	0.0266572141472625	0.209811149927466	0.266754441364281	-0.0318576912870795	0.127992128258258	-0.136244607420927	-0.103140911355646	0.161534494249806	0.376014376736959	0.343264869161196	0.21185929414358	0.000865239001465894	0.377959507802678	0.258855726110695	0.383701515541607	0.1986455015243	0.0561720275248802
0.831391094703632	0.825964681996725	1	0.77462075821807	0.771494013864174	0.799797987598171	0.848832721700583	0.480131561100609	0.0721878339576543	-0.00418411150368241	-0.289020708268357	0.0440166301724103	0.271795357188121	0.0370171687673743	0.34275449320664	0.425014490240078	-0.0156803198022862	0.182450398282808	0.394824358083249	-0.269412645267908	-0.0891866990622761	0.140599139545148	-0.408009438673333	0.0853675406142893	-0.22915536814332	0.0237889856804568	-0.201908360168461	0.531268589599534	0.329950083712018	0.0421941010266557	-0.0839720962221568	-0.152911191329671	-0.205758196020008	-0.03408641186568	0.635425071710157	0.290566339370172	0.0473722349340908	-0.12424510005869	-0.0693792314621709	0.168279077962682	0.229840238520273	0.0994415285534756	-0.115717400063424	0.0644069212807584	-0.287985045787454	0.159858630710401	0.0684582540486745	0.383018959636522	0.423911811451562	-0.0894150242892298	0.586180829598915	0.859620701692799	0.400449139732018	0.868954714973457	0.637541523391338	0.703807838754891	-0.0602038859242134	0.215397362815439	-0.13095854236998	-0.178697705520633	0.0373745528788842	-0.138168076510543	0.0457606341191269	0.166007021703165	0.329528261196676	-0.0662777602735432	-0.0171820250207898	-0.105596157972125	0.217589482792004	-0.283434018789323	0.0888994469788078	-0.0311033158873325	-0.312274721077974	-0.0715017616924937	-0.0809480664559108	0.17545101776309	-0.0378587045195979	0.513337303510403	0.478297669094565	-0.280688824663937	0.164513576689982	-0.00229384951426998	0.117048202592477	-0.104902792650468	0.100757676943812	0.0400198303845724	-0.0956747536331036	0.00503519633540343	-0.107792989965061	-0.143526444006279	0.0447317719911969	0.194794805773177	0.139321400760915	0.0961464294415902	-0.0928570791633657	0.338147762774218	0.197197144679652	0.310759613271251	-0.00906197652390303	-0.00642517633413892
0.807120298368896	0.779148923221875	0.77462075821807	1	0.752741328884468	0.844387672439357	0.926936690957922	0.676812487755017	0.356951942179057	0.246501570136492	-0.235449946685979	0.339351926305909	0.521679726155789	0.18367600428517	0.705211767158774	0.618531957451308	0.115744061280489	0.361748036387719	0.66748135938774	-0.294703638135169	-0.0676714455956086	0.348317660958262	-0.343299458084745	0.216300808786913	-0.169831229777532	0.0111759240505053	-0.152876969263906	0.622522581462775	0.459498131841995	0.0635615483568637	-0.0800518594765692	-0.239349794155156	-0.270316731640993	-0.0159836045866185	0.612192554679485	0.329064021265979	0.110637576778121	-0.22991375687403	0.0543435553744182	0.313895712982822	0.293538186592946	0.172002119708104	-0.0752283941483119	0.0884274953671017	-0.307999992434638	0.0800517876318997	0.0406895051591817	0.4960565659834	0.567345512432099	-0.00958903677605656	0.720589074789797	0.865785200257171	0.685366543123301	0.833462644365354	0.764826936780982	0.900646649076734	0.206961605639024	0.439673430015891	0.033270031699225	-0.12630465566225	0.393662776895198	-0.0159921124358988	0.350065276972377	0.3635987291073	0.298059342474397	-0.132481292846196	0.128655964466602	0.185653113008282	0.504397398267302	-0.373737114704152	0.354567249167859	-0.13534591207617	-0.368039354692969	0.0735991077910583	0.0205790056378642	0.237967847119562	-0.0138162581528696	0.58844851221966	0.486665870453496	-0.221700849816242	0.223084435614673	0.0272692027111344	0.10358834233703	-0.075774230145468	0.123617665995289	0.0957674781606668	-0.114483398645734	0.199117684058608	-0.0430995327919563	-0.0876384689328082	0.121069630552331	0.382521681385478	0.301834012465238	-0.0175432481040305	-0.149925157844725	0.506800405763066	0.326581639562783	0.50791790497034	0.322502171762049	0.120431925404581
0.749285516309757	0.67614526414162	0.771494013864174	0.752741328884468	1	0.88984142536825	0.796546063807083	0.487299594401987	0.20836854114396	0.0368794807513054	-0.177227743529321	0.115950600109988	0.257943711693883	0.160671190587177	0.391229414683905	0.529951645184668	0.10268170996067	0.299777241444941	0.423138825777756	-0.101430304274652	-0.0904156632877279	0.139065206724963	-0.206362346849915	0.131395535624085	-0.0365214802268807	0.135008376011752	0.0487235809316561	0.431425884573324	0.208295733777503	-0.00814947000542816	0.139095090136092	-0.0540152110367322	-0.052007165459066	0.0241266666769725	0.612346057625858	0.323996186478802	0.095719249851132	-0.0623329255390282	0.025908449812918	0.131943684837463	0.0467299116579897	-0.0422568808014674	-0.0225052422447264	-0.0439440129909791	-0.134082797637875	0.12020797821388	0.0407640076177984	0.464543639137447	0.535329478006765	-0.0619064507225546	0.682959796134629	0.699954610271239	0.427617068458445	0.893901402000475	0.824809564635494	0.730193309260493	0.178294128141565	0.317532286863849	-0.0688882480242949	-0.0235639826451368	0.130032739720617	-0.058673248949948	0.14018647618461	0.193581371347746	0.252304308770412	-0.0387497953013975	0.178016315525493	0.00834744191554014	0.347532794786098	-0.148164321619549	0.083362418787333	0.00744274299312411	-0.175081247440536	0.16852364423698	-0.0075539930574461	0.122217890980893	0.124565774350754	0.394775159269876	0.156673044351631	-0.0938776455137299	0.102991282464611	0.109780382395189	0.00650603874577959	-0.00822215391250785	0.133541987257061	0.0274136698771017	0.0135246870288804	0.277244940393811	-0.0693381182555219	-0.062703200102251	0.108752920239156	0.189726450207757	0.0876729262232907	0.115700813077716	-0.08733340972484	0.557660992019358	0.257779337925406	0.308230079358674	-0.00834940301595395	0.0386210880063218
0.763425176718714	0.652396406510607	0.799797987598171	0.844387672439357	0.88984142536825	1	0.897863618864531	0.521337217447413	0.230235114764439	0.0517528928024402	-0.204534755474152	0.139003781401158	0.263968905259157	0.0321313859251676	0.51124718878553	0.547303148620993	0.0467206027600159	0.250968617345193	0.495902452692271	-0.208698572948386	-0.107580211236089	0.258136077854517	-0.247715717409057	0.156803103081356	-0.12143972811543	0.054519108840584	-0.042019156579471	0.508868761640051	0.299048533281641	-0.0195045073648165	-0.0123917842451771	-0.0762771538481509	-0.147162243777854	-0.0392916781480989	0.634509880151773	0.318469624669777	0.0580021075763784	-0.112543758445903	0.0420101877565891	0.210762788948161	0.106643247329035	-0.014840070113179	-0.0577732874293942	0.0825914725903001	-0.199575454019805	0.15034753270331	0.0755419670162265	0.555250756865057	0.509606411210274	0.0257140196841554	0.655698845912767	0.753181210359435	0.549352019775574	0.914452192726599	0.847677081344821	0.819137008403679	0.18613840834971	0.380217568098511	-0.0255310197704318	-0.0748430852430295	0.212454906544114	-0.04690058378472	0.213319728280299	0.263130133135544	0.219186073834617	-0.037853297045642	0.106441366050937	0.0431930629253584	0.390583739853476	-0.273943053835941	0.215105355423581	-0.0216603622632473	-0.24291826547064	0.128540353012184	0.00222222438899613	0.107979101524651	0.0391554820033862	0.405422276735442	0.3147801245675	-0.22013932179299	0.116230577007842	0.127135279526863	-0.0443132664235671	-0.0797332226389732	0.106845000537927	-0.0517733184431416	-0.0409749540748594	0.227792472094382	0.00826574399408023	-0.141535540458039	0.109798047446216	0.248262158961925	0.14160067599057	0.0485152028100087	-0.100553314928494	0.570635646533757	0.213351074585188	0.36695496217178	0.0521732479976678	0.0629783426772628
0.795960625143226	0.769021509059909	0.848832721700583	0.926936690957923	0.796546063807082	0.897863618864531	1	0.607693697228469	0.256404487829914	0.0866572173074463	-0.297641198814598	0.147380238446355	0.380843805738207	0.0482851006307137	0.54132764413383	0.570588406869567	0.0484187936481526	0.304864852474703	0.559935933934545	-0.354668680805178	-0.115080608868061	0.268932058870542	-0.400331589297132	0.181026230584298	-0.233360349022103	0.019794711459987	-0.0822145462161505	0.590216898791175	0.419373425602922	0.0961051496680841	-0.0466609286789353	-0.0952876582064562	-0.271947047135939	-0.0170357726715675	0.783267255709751	0.317475431123506	0.189558494998041	-0.143727759069731	0.140495545761709	0.28870714249315	0.195381236771673	0.0656328016744599	-0.00268382598435488	0.149859171704948	-0.29784014221245	0.0484528126726468	0.107134151373206	0.568996646028166	0.517126336300692	-0.0945909282804824	0.693561099869156	0.85503650561797	0.603923265308881	0.881530112050631	0.808816362457003	0.912665189243556	0.117786253860372	0.336001254173921	-0.125663213514466	-0.202363900696394	0.241441682304179	-0.0855675001336505	0.255513203478716	0.323433759225708	0.331967948485721	-0.109306721862685	0.154231251954222	0.0515895846244737	0.371808004280769	-0.402495781462618	0.26702580760044	-0.140085636707396	-0.361222667172754	0.00210831967511209	-0.0671762201895036	0.177510405739714	0.00458836071250135	0.540724987819998	0.465241884966514	-0.247265018818364	0.238840771843188	0.0941613146226392	0.144819520192635	0.00695765741641597	0.218388847755958	0.0808903918241268	-0.030798023799716	0.210975133511863	-0.049797345940329	-0.145184203963346	0.241429808257094	0.337976492117941	0.319050963003077	0.0789159285388294	-0.056710707989134	0.563911153862756	0.372655740757413	0.421946106433191	0.164614765248181	0.070146910073648
0.534659819238456	0.545377328459666	0.480131561100609	0.676812487755017	0.487299594401987	0.521337217447413	0.607693697228469	1	0.547073200392767	0.122407586952227	-0.393707861424348	0.223394870643162	0.515783908027607	0.353039267534418	0.596595233831486	0.659280054800512	0.324603508227241	0.679349173947566	0.777959050786632	0.0986374665848344	-0.0818927943208721	0.174704347185978	-0.301495615284163	0.234134681637265	0.208445346366943	0.0403053515047078	0.0176197193137164	0.437535532290083	0.325234673093935	-0.0487393448436437	0.121359589551121	-0.195276803594406	-0.0884536121729046	0.0429516720810533	0.426016378682037	0.337397726104353	0.172873055885021	-0.036151992349832	0.192209867768735	0.236224879628728	0.321005421203579	0.110992150495359	-0.139148956927899	0.207926698219087	-0.00673643468140895	-0.0100981596272725	-0.0812197312036786	0.430893422880671	0.432745531324045	-0.0159365547414479	0.542619225261428	0.54227800903511	0.426878324449973	0.513910841612946	0.521882498648953	0.604832316711416	0.188456683993312	0.302632326889304	0.11766197040357	-0.0679490599111051	0.209531921055875	-0.229113422770043	0.202281560610259	0.222989173632075	0.12958129721766	-0.279267432313287	0.138207250053416	0.256556136628066	0.46247600918249	-0.211471959890863	0.254218999013916	-0.334029383055188	-0.119462810269965	0.254751611841274	-0.0963882807917373	0.043559292942577	0.053350087892966	0.364088515459164	0.193716278803421	-0.141833015812216	-0.105353482888866	-0.147454999564389	0.0870878885393333	-0.233096127353431	0.0500534022689995	0.00111322586298221	0.124464280552877	0.142445382406824	-0.225682101458044	-0.0441305613756671	0.13692023438104	0.233778245885755	0.257812528926368	-0.159517193948083	-0.391761007221406	0.472153674501902	0.285204630107574	0.40937445359646	0.168443094562077	0.109805972292358
0.157726045573092	0.136400937281651	0.0721878339576543	0.356951942179057	0.20836854114396	0.230235114764439	0.256404487829914	0.547073200392767	1	0.376285763166498	0.0377553793983427	0.511447361663215	0.164447357291016	0.318227120169912	0.416797362796973	0.432062193338465	0.059219994082502	0.173062211328519	0.720122282804141	0.326324059890451	0.0458520997876061	0.387859967399671	0.124072038052536	0.6190691408404	0.625740575863743	0.0878053168139098	0.214407447426603	0.257020474855003	-0.0302084292586974	0.124687981510483	-0.0156441855090377	-0.0955003310393789	-0.115574184789686	0.235135590392512	0.177771251839155	0.401700069623029	0.368460782156087	0.211503957926645	0.307052771413386	0.296882854900864	0.119737584243914	0.115726382871705	0.0800867984383485	0.320347112233772	0.115364424218081	0.0964259536873759	0.0357380790245121	0.244811630727045	0.147585858136433	0.202860497741116	0.285338495503588	0.254622909886856	0.439384499976804	0.179550273030584	0.274019747942173	0.324146429816673	0.338501727751316	0.499138028500104	0.428167119376067	0.599344903078757	0.446504257486205	0.21725781417433	0.532627115012545	0.233997826168215	0.0230206913626482	0.0374231667836522	0.0590793667180485	0.243840820965357	0.693831789381109	0.159350388847577	0.409440194564356	-0.0290910032661832	0.352750801424035	0.610515168078345	0.108856389894697	0.0382625489083845	0.0496011379949013	0.118297454404005	-0.0772679366454606	-0.0613670057698614	-0.117770521999679	-0.0691551369757953	0.0933651196160957	-0.15444272929827	0.0474129206370451	0.0131982022628432	0.359825450886405	0.343739518745304	0.0871512980150062	0.155032136313948	0.241956931938558	0.291429120055376	0.338418356647535	-0.117160923800241	-0.134220968343449	0.381289139366327	0.245612500077154	0.497870063147319	0.260290371755658	0.291862021925427
0.137425134880167	0.191639244629719	-0.00418411150368241	0.246501570136492	0.0368794807513054	0.0517528928024402	0.0866572173074463	0.122407586952227	0.376285763166498	1	0.411675184878423	0.80952142429172	0.387626009540815	0.165210934867219	0.433718637371528	0.213091357087175	0.192847015187778	0.0877478627616315	0.25719724593889	0.0854866976888876	0.38950838725145	0.528088530007982	0.253330221931075	0.20351927588337	0.130776944506139	0.190343953738733	0.046951499818756	0.252118628155407	0.140604652800591	0.260386783341234	-0.0042248631136296	-0.0476317803605359	0.0401464125835491	0.205433131547127	-0.0385561405701045	0.204360764225198	0.0184346258924438	0.00980795979531427	0.0285322761497341	0.296631666878868	0.455861797689984	0.692963206008297	0.227707563373519	0.211565868668571	0.0236503290321831	0.132228493797677	0.270551118170207	0.00202736037922989	-0.0527214895603146	0.307624104016662	0.13702140685755	0.280425568583752	0.31008957596472	0.0443994681842026	-0.0292337578438209	0.177944105650731	0.266874812162719	0.500854359840818	0.482400208086736	0.362180369049962	0.710602548835968	0.496464408690372	0.599976855860509	0.377858835236197	-0.00772001270417033	0.16517951916659	0.0989493397335429	0.384494931514864	0.540170854086453	0.0299728475637284	0.495695310363056	0.293901369791663	0.0468032374106271	0.190645083585382	0.287169603550881	0.291370769257301	0.0491874647533233	0.335919576483447	0.306792219625955	0.136704382029993	0.198943230812608	-0.0580230505097048	0.188031625133276	0.131826354513586	-0.0438663437724353	0.16252137312714	-0.088363640842993	0.150854581471613	0.243598308955092	0.156493179971546	0.011915585121336	0.384220077504111	0.193911829767028	0.118107470294956	0.06685026459681	0.00302283549979143	0.0407559793718585	0.543765923333922	0.532118879503472	0.38906513198888
-0.220818261567019	-0.115645142022613	-0.289020708268357	-0.235449946685979	-0.177227743529321	-0.204534755474152	-0.297641198814598	-0.393707861424348	0.0377553793983427	0.411675184878423	1	0.424878990979428	-0.00570497806131457	0.195502425167358	-0.156303979539244	-0.181827077147879	-0.0578475718945654	-0.291657839651075	-0.25565356742133	0.122978402537473	0.365686600392243	0.32759763819252	0.601396812852679	-0.00474822308402429	0.105336489046089	0.170406321831799	0.154377248131653	-0.0453162763822177	-0.130599956594456	0.0582717312639418	0.0356052749845334	0.15602912665635	0.246325307558597	0.261591597026933	-0.280263030294721	-0.0829817976102733	-0.000252546138080471	0.0247297351122728	-0.211677120092903	0.195130554621941	0.00916650080085472	0.140961729941272	0.103526005215893	0.108388374055793	0.110690193920311	0.261538927342719	0.307434484958917	-0.145723985624667	-0.0131233610053552	0.312651826862083	-0.130032103864314	-0.170500693631113	-0.140374785665384	-0.183801810070349	-0.218899069816944	-0.329029728210491	0.109663941955996	0.12529043483332	0.196484907522801	0.28826960078106	0.252950043072213	0.581871766469115	0.267711733917187	0.141958297300201	-0.161738841147588	0.420402167256696	-0.116294196606606	0.0715699824733259	0.017642128512434	0.167477871428208	0.126923655763189	0.526704420046746	0.0261712370551635	0.176300689603045	0.0754682227232853	0.188606078103841	0.21346228553189	-0.0505042649113479	-0.0985898178287471	0.0688415917050957	0.196977497691496	0.230327012098921	-0.0513655750806874	0.101454632145547	-0.115814227816982	0.126437810628006	-0.0908175152946891	-0.0104647840652834	0.181068196577734	0.0790585514738562	-0.185086558905114	0.201197901576695	0.0637232557840036	0.379843882540394	0.380637117053017	-0.101185503188061	-0.135375061861624	0.0937198114979461	0.0324300440876273	0.0652801006117249
0.179651509876913	0.264053370019673	0.0440166301724103	0.339351926305909	0.115950600109988	0.139003781401158	0.147380238446355	0.223394870643162	0.511447361663215	0.80952142429172	0.424878990979428	1	0.409384973805651	0.203264936144866	0.483016127764169	0.304199253881785	0.194127510202161	0.102320504668413	0.370634344115833	0.0486196824171768	0.367106624502985	0.615745428613056	0.317647227509081	0.298693010681353	0.180103949694005	0.197831247806155	0.0100941471111264	0.32136947836314	0.0875815463778492	0.198188972933603	-0.0850544276518666	-0.198159305445352	0.0206149876107246	0.173680515135982	-0.0226939200920758	0.202347889173581	0.01933024251233	-0.119479911393265	-0.0344175841838468	0.319960750376586	0.39698306823731	0.478263822248993	0.106655956927292	0.159476531363438	-0.0481700568977218	0.195617263726228	0.238401862540497	0.0822048182331882	0.0813032052735879	0.223672060956947	0.272346377215683	0.376803102696482	0.420073530664928	0.13801581096552	0.158906396387369	0.253982584172465	0.361660101570236	0.538665826000463	0.442095795267534	0.38665281167733	0.735681377026519	0.521502422530903	0.728162272475572	0.45482219337796	-0.0502552550023204	0.127967441503376	-0.00670070945963187	0.332856762364976	0.595663354847031	-0.0477572876291794	0.599804856241035	0.185626378617401	0.00219869676018808	0.333674549285106	0.256312011377671	0.284127015708841	-0.0215951044240339	0.299524359452386	0.225688621344055	-0.00612346130816162	0.0675245734821816	-0.0757358535130981	0.0705958261533802	-0.0361868613460682	-0.140292805929851	0.0354837324213798	-0.116339577734938	0.142631249576723	0.266335265482972	0.0664041868594769	-0.0665050721497599	0.381201311498902	0.205895854282406	0.0185017694466185	-0.032899848656704	0.164177110878398	0.0198724712040142	0.516105303662932	0.50111093347378	0.440275042751306
0.416989613384203	0.510777784000052	0.271795357188121	0.521679726155789	0.257943711693883	0.263968905259157	0.380843805738207	0.515783908027607	0.164447357291016	0.387626009540815	-0.00570497806131457	0.409384973805651	1	0.323845235437653	0.519570593984721	0.415509330755958	0.511566792055009	0.549925538385539	0.42521735898363	-0.194704517410975	0.239827431619757	0.305796147381111	-0.0938639316447392	0.083364173784866	-0.179635661458606	-0.00424811434606187	-0.109091120073892	0.486883968837252	0.457227155290039	0.0122301795756049	0.0527745664231822	-0.176757100250977	0.0664284733430914	0.0100385182110777	0.216224307107618	0.126919085689928	0.0411002655311393	-0.294732835925222	0.0137454135192202	0.202247890437577	0.352471434668324	0.284105179939469	-0.00223300306166301	0.143851376028522	-0.0969993071963203	0.03425188900374	0.0673803367209574	0.239403274971904	0.451892177733414	0.159766609455073	0.381662484013894	0.447226731236227	0.339909818793439	0.32340061787074	0.266849642119232	0.375728328792952	0.249015829701344	0.222442687233162	-0.0308390713318574	-0.232297113471866	0.364396443813131	0.0775846474301413	0.343482394460482	0.488978754440041	0.0179381783502018	-0.109539880450693	0.0282660237555109	0.465138749804616	0.271886055177086	-0.429951871576132	0.41863844744407	-0.105241511683115	-0.366052266532034	-0.019203216479877	0.0681198775646712	0.201132105080372	0.0693417305942638	0.474632489884526	0.395242857371269	-0.081543188373268	0.129517538150605	-0.121679036636807	0.0712350063795579	-0.0889943698499132	-0.0237235948685467	0.077457363300585	-0.237134850477013	0.015507145358404	0.0254553141173188	-0.149053072354163	-0.0402213370406497	0.247287225222357	0.241938948466301	0.0301929687935608	-0.175957140252784	0.164990928089448	0.161240950493883	0.458346629247684	0.269606688806099	0.186948867253964
0.0418278322471014	0.301876138059067	0.0370171687673743	0.18367600428517	0.160671190587177	0.0321313859251676	0.0482851006307137	0.353039267534418	0.318227120169912	0.165210934867219	0.195502425167358	0.203264936144866	0.323845235437653	1	0.180292078975641	0.41712958432851	0.30146088053383	0.351581849097859	0.19047454057454	0.317900723228641	0.185323943235403	0.143480920669891	0.271697163169027	0.0757176491626182	0.360400056952735	0.295563101945532	0.330644334689469	0.212807047388554	0.198462881130935	0.115947682475161	0.479668320728073	0.0184749391821946	0.41118025496178	0.34482070831119	0.0867290609454426	0.179366512681816	0.234378450320522	-0.0711122277616438	0.010775733757536	0.20748623107219	0.0936532634165997	0.137861101095303	-0.0260597424763451	0.00639999834385144	0.222889247182718	0.271518539013795	0.12404380554009	0.0327511568974306	0.430340901202319	0.308325030897767	0.380707903335037	0.0896721100373535	0.224228139816294	0.133220668497151	0.12472178438658	0.111660419308363	0.167745322978952	0.126408305290681	0.123766030343039	0.134409406647977	0.144574386191324	0.200621822867715	0.210630770768927	0.144542339719533	0.250987041242384	0.228872280842075	0.201450547354921	0.235847985791691	0.138219309304693	0.187206891186821	0.125303686180867	0.122238926493649	0.00865519644428442	0.395203457246167	0.104039983843508	0.290702047899054	0.416006329736693	0.194839625387643	-0.163147568011738	0.222404972369616	0.150663620672906	0.0897208498890984	-0.00615217130450926	0.0182218920901891	0.00357421849239107	0.327266433811023	0.171687444983513	0.313462870721338	-0.143211168929902	0.23859672464264	0.0206818159957164	0.225090383078612	0.0939188604453196	0.156781910531041	0.0170926422977972	0.176487762500169	0.282035906929663	0.187634629817409	-0.0115189962661247	0.0279778329637886
0.560746599106229	0.385357054461365	0.34275449320664	0.705211767158774	0.391229414683905	0.51124718878553	0.54132764413383	0.596595233831486	0.416797362796973	0.433718637371528	-0.156303979539244	0.483016127764169	0.519570593984721	0.180292078975641	1	0.430872455929032	0.111365349856025	0.288985376910927	0.587696690720594	-0.165677079987448	0.0326545688124859	0.444405315169777	-0.132029614178738	0.224312519614467	-0.0534653607286021	0.0193114240241202	-0.117604095747081	0.420810617874084	0.341654485959785	-0.0816200258602365	-0.188727528563431	-0.376850530361099	-0.283365916158332	-0.101228908917325	0.171312775671943	0.137640768760069	-0.120930966919004	-0.299698800281319	-0.0527992117407265	0.209800544431283	0.377914008591283	0.244608342389501	-0.0899020454985992	0.0190158897342036	-0.25404072082087	0.117821112631698	-0.0693782941490539	0.219518505894336	0.41249265369094	0.220374275460399	0.505551925693429	0.526345626086091	0.610961150880512	0.462042337750981	0.495482639812513	0.630230405041498	0.311972051744814	0.552758443718129	0.33534864937704	0.0456768841934193	0.574695554618087	0.0256241196604221	0.460315405878576	0.338017248566893	0.175059853616819	-0.0115694541044951	0.0848112540077756	0.326154692558191	0.593347208212194	-0.236201377329456	0.405016432981105	-0.0609171576391685	-0.162883253379966	0.156953908366729	0.158114985415962	0.228033862517788	-0.00676495306573342	0.404886129463371	0.397225259423337	-0.12559834819872	0.115037740484634	-0.0878540116759855	0.0179005653028473	-0.141985027187943	-0.0271585900793181	-0.00951344352904371	-0.110812152753952	0.145940490713209	0.155576716712481	-0.0761830074716515	0.0148409883595148	0.260475760315955	0.101893726665973	-0.165636456743658	-0.196671715411399	0.383594408513154	0.278177115831755	0.522915915077903	0.524642323876398	0.410422258215332
0.375781259502374	0.437447229109923	0.425014490240078	0.618531957451308	0.529951645184668	0.547303148620993	0.570588406869567	0.659280054800512	0.432062193338465	0.213091357087175	-0.181827077147879	0.304199253881785	0.415509330755958	0.41712958432851	0.430872455929032	1	0.547169999112164	0.585834352914971	0.629081345035178	0.302005487989041	0.226308843260349	0.164361842224381	-0.0493062903437422	0.277787551698992	0.214834884864111	0.446508329804364	0.253583061544984	0.45454846666723	0.287251452484969	0.16271207338761	0.508119917504219	0.213340872390686	0.287314492114441	0.332801146237244	0.542009950772923	0.714225386791607	0.155553123539248	0.136869311425781	0.186614829999611	0.217596484682746	0.145867749489561	0.174290926299016	0.213688685402962	0.181372762724778	0.367001183584628	0.173894151976878	0.242092985069875	0.421131933060769	0.505590531491246	0.135162428923739	0.584403927154452	0.501373848456527	0.453943831003667	0.478449032164778	0.478655995284742	0.581689829129027	0.388516257589477	0.441089563448728	0.166598292209439	-0.00825667488913053	0.308519268681851	0.0474046966286798	0.329204067730727	0.351113526262463	0.118780067324748	-0.0541565266509494	0.217625059025278	0.362392375755986	0.532894622945428	-0.0576190471523732	0.400981608866386	-0.0479020061802989	-0.190203514820798	0.37735417718842	0.171202696606193	0.362666453799307	0.153081889153521	0.360184494860963	0.0930820888933101	0.0590736020559101	0.0924096735606151	0.0653000734870155	-0.0253786691005031	-0.0185070345559832	0.0514487114127397	0.056473338922186	-0.0713780144356557	0.378285835079045	0.0491831002589813	0.169289853286791	0.0238219597561004	0.204648928376532	0.152057401635303	-0.0639319839306259	-0.218760151595644	0.369947051632568	0.282576612005456	0.372772590796334	0.0333433475690318	0.11820868058932
0.0127994581305165	0.184823913297675	-0.0156803198022862	0.115744061280489	0.10268170996067	0.0467206027600159	0.0484187936481526	0.324603508227241	0.059219994082502	0.192847015187778	-0.0578475718945654	0.194127510202161	0.511566792055009	0.30146088053383	0.111365349856025	0.547169999112164	1	0.69543948918712	0.142288945144226	0.307587856331684	0.545353782520901	0.0623065569260306	0.260563900376255	0.0605875903349791	0.12525936989606	0.461723679291404	0.251530188574982	0.25152824076436	0.233468157720203	0.264195686222484	0.615503145837856	0.366633173880047	0.583362937400322	0.301401154092686	0.169042762839431	0.357428667181702	-0.00856510359526151	0.141615978721598	0.083075686459598	0.0401246634008139	0.04713255843898	0.160651329462373	0.350093929930194	0.102359199832853	0.367604133449846	0.246051046149936	0.399542550085582	0.162879501820523	0.2279984927154	0.244538204701279	0.201318710020154	0.106973850616399	0.136305272909963	0.0395699288333106	0.0588315748228975	0.0985098485853598	0.37145756612715	0.119125201619354	0.00414660892268152	-0.050062983835725	0.156019111864675	0.144379166663125	0.189635058827414	0.385373379025663	0.0900019859417586	0.0309505922915819	0.258588393334915	0.51228956965688	0.184738635381177	0.00628121811374499	0.388616407302227	0.109944708188732	-0.10720928944783	0.112402080769473	0.388221673018024	0.18544773965028	0.110159193678591	0.217493225949576	-0.0190372800122572	0.328489789924781	0.158275988080199	0.139053094181336	-0.0578584192925039	0.0847906922600865	0.0863565703970647	0.0912609825527076	-0.196490866716178	0.201261601230761	0.174924840427689	0.165525240747041	-0.072842044021846	0.0397288979098836	-0.0138605997406071	0.111748370121276	-0.078660449232984	0.0460252255927065	0.0157607209282522	0.216196685654358	-0.0243344949892621	0.184082267740858
0.229483618813082	0.367577205019352	0.182450398282808	0.361748036387718	0.299777241444941	0.250968617345193	0.304864852474703	0.679349173947566	0.173062211328519	0.0877478627616315	-0.291657839651075	0.102320504668413	0.549925538385539	0.351581849097859	0.288985376910927	0.585834352914971	0.69543948918712	1	0.401046419489569	0.131975646673976	0.158627906626991	0.109899809085042	-0.140342300431361	0.0658614140220448	0.0789583646345581	0.187958942136276	0.161836747805481	0.314995237397944	0.360510936569229	0.0532765993389671	0.496488139281793	0.00011549469858467	0.277326186554768	0.0938397959818885	0.308124845972988	0.283329277937782	0.0944209676371633	-0.0318021272139052	0.186851247422067	0.142549667873417	0.252998887336928	0.145705091428936	0.0469456577629153	0.0890914139008285	0.134514376061758	0.0143657071568581	0.119858448293259	0.348771537659039	0.329673882501001	-0.0110378100177814	0.373778189752656	0.273373912043556	0.177676671637021	0.228404268298664	0.280783065307427	0.313199837875824	0.295172081730211	0.0829311167674943	-0.064841940340961	-0.181297667907125	0.0741786201962676	-0.147369676407311	0.113045415170939	0.2766030063966	0.0913774045366262	-0.215458582937972	0.23771852544256	0.443236293760741	0.245293360413686	-0.169472714057073	0.253559024888873	-0.243293058709535	-0.101298902543764	0.111861233232693	0.0707116199337572	0.0635439654500733	0.0301571752401146	0.291224321702153	0.0963988160068349	0.131855149438103	-0.100169565113134	-0.0326492639694943	-0.0303028053589139	-0.0939784224944694	0.0297643236542522	-0.00881618278220441	-0.0282201934898454	0.206256948738374	-0.132353922220665	0.00833039656105649	0.0799320871337526	0.133188785831675	0.0810788077846048	-0.0275537071618032	-0.265535049082941	0.245532918231696	0.190321400362897	0.206629568706345	0.018388434377722	0.10002168576125
0.495108182409083	0.421346195804378	0.394824358083249	0.66748135938774	0.423138825777756	0.495902452692271	0.559935933934545	0.777959050786632	0.72012228280414	0.25719724593889	-0.25565356742133	0.370634344115833	0.42521735898363	0.19047454057454	0.587696690720594	0.629081345035178	0.142288945144226	0.401046419489569	1	0.0586203322227121	-0.10644845582588	0.285148963198069	-0.261683834063156	0.442972123013824	0.269608036384145	-0.0795574971835724	-0.0874801253337778	0.393906602039268	0.221597880122325	-0.074438574525478	-0.128338055829102	-0.259587127214714	-0.268118322121425	-0.049186231986097	0.325485884465916	0.507547978715784	0.205767538161068	0.0106873734301227	0.229747994638853	0.190865140255864	0.22834261437063	0.110979266135176	-0.100707890339579	0.261345070028992	-0.033118743738933	-0.0384169414933244	-0.147843249519831	0.41231657031773	0.302926440767099	0.0456079008016132	0.480508680566838	0.490417658810176	0.488424716008525	0.433637978900053	0.424102710269574	0.548696000929818	0.305515154340416	0.469374481693002	0.296438545465727	0.150693844836088	0.380763720650621	-0.0947949401419645	0.368779657061627	0.215832147252798	-0.0763098302941646	-0.183400849179257	0.0286180563552366	0.252743558104926	0.711716142765051	-0.172043939969623	0.33850344971057	-0.248836044976356	-0.00626333514498074	0.35207331784093	0.00626208066600613	0.0749875123781313	-0.0521735668838517	0.260622260094114	0.169506602385382	-0.224825685259915	-0.167745651087759	-0.188858765465853	0.073039713717055	-0.241809436454494	-0.0106277522846923	-0.119359811768735	0.144455428191066	0.196759387881831	-0.0473323856723399	-0.0315678098752582	0.141019315913928	0.233770514980657	0.353974736708084	-0.290799895313229	-0.357129168869106	0.396281580651246	0.239694416895162	0.49213290517735	0.307102563352682	0.135055958900808
-0.329886279654583	-0.310837161114186	-0.269412645267908	-0.294703638135169	-0.101430304274652	-0.208698572948386	-0.354668680805178	0.0986374665848344	0.326324059890451	0.0854866976888876	0.122978402537473	0.0486196824171768	-0.194704517410975	0.317900723228641	-0.165677079987448	0.302005487989041	0.307587856331684	0.131975646673976	0.0586203322227121	1	0.214529199370068	-0.16536008994619	0.441791803735177	0.16703260533625	0.786591081690361	0.470403009755609	0.463075843764593	-0.237951552111409	-0.31175982708984	0.0852504030111445	0.538262526174464	0.325154549925654	0.581600513385377	0.433518926988248	-0.219781112313639	0.465746575001002	0.0122562149946785	0.549924334628032	-0.0215351681571522	-0.168349669531182	-0.1153467987168	0.0931575863938066	0.138639822954152	0.066152057443212	0.751682073989816	0.255634740360267	0.129377736356357	-0.186176350926317	-0.12922110435598	0.232137801427129	-0.169973069010121	-0.324146016730533	-0.19808896273473	-0.282053893862139	-0.27810386234406	-0.318592145215117	0.174767136117448	0.261671769512972	0.427477291599622	0.506345098097307	-0.142961268607963	0.0588860352900346	-0.111171625985438	-0.0878272164633243	-0.0790181675344152	0.16891194964023	0.148822723931533	0.112264113852424	0.234061027879605	0.706186812333448	-0.0744107622250124	0.261121629309837	0.495141144835071	0.580971467316127	0.240579268270554	0.0704253203431102	0.228199615144992	-0.250572334299261	-0.404435403835769	0.352424330949607	-0.20721232806941	0.117967348358112	-0.12158936007371	-0.0288291524286673	-0.00454859044818203	0.0337959971285856	0.203392305044979	0.228485198197621	-0.039294105734417	0.530861493004034	-0.145657045843643	-0.184617010251564	-0.136924710201396	-0.0499515239845494	-0.101347258660478	-0.142463045436676	-0.162491494523225	-0.00235199351197151	-0.213933812081625	-0.0212050741136488
-0.0914998228669965	0.0198795653239414	-0.0891866990622761	-0.0676714455956086	-0.0904156632877279	-0.107580211236089	-0.115080608868061	-0.0818927943208721	0.0458520997876061	0.38950838725145	0.365686600392243	0.367106624502985	0.239827431619757	0.185323943235403	0.0326545688124859	0.226308843260349	0.545353782520901	0.158627906626991	-0.10644845582588	0.214529199370068	1	0.176414151476552	0.450432993837842	0.05165765414274	0.0925830541129681	0.450111050724656	0.230419880062125	0.0880530423092482	0.17609889979077	0.329790597841041	0.267062213030671	0.349992326740148	0.403527780471938	0.270034852389077	-0.0298579060401829	0.207690737669537	-0.135685006037409	0.0350046847985366	-0.12332398685137	0.0970590061712465	0.0550117654717057	0.291649563826803	0.409295312704696	0.0605255875264394	0.197471614258694	0.317432168945771	0.425129336682476	-0.0495424048488226	-0.0192264668993924	0.594326922969769	-0.0205186984576051	0.0195562383098981	0.0548921929746996	-0.06818376396159	-0.145859222337599	-0.122177561738862	0.316668262393387	0.220078776220663	0.082901986827259	0.19699136257706	0.23135864503662	0.433099826461751	0.310935555116908	0.26432813493533	0.0120596369364833	0.398240136337244	-0.046028074978284	0.168709533512882	0.152564738663466	0.0732166960540938	0.327774732595398	0.398298445980691	-0.0648943975793652	0.136571466009979	0.421775375735299	0.26726416514105	0.0289362936451855	0.12026905821466	0.0794562826707792	0.143274010217547	0.269604377168152	0.0941209166931881	-0.022144254307279	0.0641227289778391	-0.125914338007122	0.0204746058030742	-0.31666475235069	0.0491569961595532	0.519764236763579	0.108957656099057	-0.237264969330885	0.0889588554049277	-0.181360378384245	0.178809398274895	0.229226389075167	-0.134447701466597	-0.0680118117392016	0.22352359191722	-0.0340189774858277	0.414024973033473
