1	0.510255331654193	0.54464722391534	0.241473346339686	0.711696044555127	0.175944467574441	0.0101139949746317	0.332901873795741	0.0950191331170621	0.0138936034887348	0.103549318125523	0.119042525049383	0.269406470541159	0.351840571590616	0.0416011460851322	0.0906049521794458	0.340643869255887	0.109844626414243	0.175951887797047	0.163612570227238	0.348779858996809	0.215055225644388	-0.04401587996423	-0.0970191671360156	0.0904637221460374	0.210041187209314	0.0801105326141305	0.0558645817409315	-0.18978215334941	0.156571375434246	0.0975206875769073	0.0588648549335849	0.20960511858553	-0.0802168488186463	0.0402682425019413	0.0465407657323038	0.133966415439073	0.14998661957243	-0.0352981806714909	-0.0202234724443629	0.0792458279922885	-0.246089991605771	0.088380856858419	0.243275633284667	0.0473011206584575	-0.020972164328081	-0.0378956113080038	0.0652785842466794	0.3436263508965	0.0291407023455874	0.671657947442396	0.668363852338076	-0.0480151686973442	0.356199944524719	0.120013508270249	-0.0193772469978056	0.100074406013742	0.265321348549477	0.0609545798283	0.0241573281539241	-0.119998557776672	-0.0673213874807295	0.238738169565305	0.211461908286466	0.242681626695174	0.0497044747342078	0.123730469283661	0.159136852083991	0.0861544808979735	0.0835974768001183	0.0642216604221089	-0.0424903768292767	-0.110757623169933	0.061151976306489	0.0482168736064432	0.00279112642785979	-0.031116090578314	0.0355571731010765	-0.0651411661767394	0.0242195829906084	-0.166484546053537	-0.0377170815263585	-0.0713166573932031	-0.014759380511645	0.187209039043074	-0.0942644603068351	-0.00317908983330753	-0.0151652755122201	-0.0273774350133286	0.1274639905735	-0.0886896888018805	-0.0718747884241077	0.220309197856906	-0.00783075491782289	0.119814067129796	0.0524907026266689	0.0428380915054353	-0.109253489790169	0.0390607755033571	-0.125039808833995
0.510255331654193	1	0.730126357403981	0.497300858739531	0.346095632382076	0.480725579486556	0.356627498423105	0.403314124492108	0.231060864109756	0.0455244281163163	0.12841063493564	0.148722683087278	0.188910822254239	0.456978385647461	0.0736588269086009	0.420368665989378	0.172925977355869	0.13330760934802	0.252701101640675	0.186628559371782	0.178784723963969	0.265012748188875	0.136897383148698	-0.124096733057888	0.281847594781837	0.215551142036227	0.255993500014735	0.201473755555751	0.0995980291795545	0.276821583469345	0.29834143575867	0.0431086199973901	0.20364229891474	0.28879278344308	0.409492566890695	0.292446023757312	0.141395210145716	0.10335395132682	0.283973830333429	0.330070641879707	0.116569687395173	0.0678944734368993	0.144733492638589	0.183026550585897	0.24150879134959	0.137702009336031	0.147215510512719	0.381366715309556	0.406026338233407	0.136904353700291	0.483573291113848	0.581951939000596	0.0529087705251505	0.506912036327722	0.398186441238735	0.210127828289413	0.0463707665621492	0.20944589508946	0.264661385066904	0.0598597609064251	0.0612416298143725	0.249790704514918	0.295106643383349	0.167123318681188	0.534219135486355	0.343755841502373	0.353742530299705	0.156639801630343	0.26659225388765	0.187335259997049	0.0934314693119435	0.10905476135405	-0.236721665018289	0.215963005168543	-0.0575179489421224	0.152208322796859	0.19903345365676	0.30609462115235	0.0917327605383911	0.104565612667747	-0.0314473729701384	0.0981411227531516	0.221908840738456	0.184541068452922	0.215239475084876	0.199534197456249	0.0569781467914619	0.32608624862488	0.0869688478300458	0.121073525435582	0.192831324079849	0.31006005249913	0.0471425268412303	0.156346649268272	0.181475592010209	0.349440651654867	0.308762469064461	0.133108756748275	0.275268966975417	0.0701265145608164
0.54464722391534	0.730126357403981	1	0.426821695261467	0.514746038723276	0.635491024975953	0.361849742390096	0.559407667141273	0.360554533624727	0.0392111052546138	0.002985833923087	0.0799936399694644	0.373443683221947	0.387368482926925	0.125319867245722	0.496147467829053	0.24564024506365	0.128345326131185	0.352864204243357	0.289040860633981	0.326811322696883	0.155440836484191	0.133937351551695	-0.00215508969971783	0.316246421434584	0.296036584606274	0.435062199387926	-0.0419077900374425	0.23610399540351	0.303570671274107	0.364232055502918	0.308756803230544	0.289684569146078	0.20990115599625	0.458716211719924	0.398940655710608	0.313438178681447	0.326925896150617	0.301518228896759	0.323921910697268	-0.0568375130885518	0.121139612149601	0.178705138392906	0.311809793517249	0.349139431802281	0.218938042227418	0.171386385413399	0.341517051332399	0.317154057019371	0.125242483755549	0.736307882994972	0.686288043109208	0.218231857531908	0.761590362434073	0.489933392615994	0.293923326167882	0.259754965642747	0.385087986936736	0.437500956071253	0.152562603406501	0.148059932857713	0.262596212618415	0.231745849917547	0.327039714100001	0.494679316355633	0.335320103550227	0.450601137031753	0.290543439061505	0.38291876815965	0.295258196125549	0.199095612809023	0.264856813705966	-0.067168215711586	0.360497587971211	0.0838349581173898	0.387369572033848	0.289251315067891	0.0882214951718593	0.185125862181713	0.106195430025704	0.188388429658906	0.30484110686427	0.363305229327415	0.192787558898416	0.289436525616896	0.201737849366943	-0.0281339414745467	0.403028142413649	0.221012441048773	0.189265375234038	0.218981058182074	0.311883026143947	0.122428129818595	0.076333020500108	0.170315521572776	0.344606047471699	0.388601166653995	0.249874912489706	0.335551633527442	0.183523207271249
0.241473346339686	0.497300858739531	0.426821695261467	1	0.30756836223075	0.530345990223732	0.598177985698902	0.169075883941792	0.212818299735734	0.386632874477201	0.297438349703199	0.300582207131663	0.209830676528358	0.30091217316428	0.423052875030706	0.403962283720841	0.131398643545218	0.0504111214778001	0.267838138322667	0.115107701467083	0.324733535307774	0.18444790508082	0.0785701250352253	0.108529637496943	0.13989943315025	0.167614175825544	0.167695218344441	0.171770947801496	0.129320157779222	0.0782285996880639	0.263170878101265	0.084287635161163	0.233181149543078	0.23093842453204	0.439990441712174	0.22061689561045	0.117256961612512	0.153300155361309	0.208522121046406	0.213893038366871	0.106180721778369	0.193163110480048	0.215264572302453	0.172867925943779	0.177442425619032	-0.0559008107216866	0.0775359358198684	0.366302756831474	0.447632413492975	0.105956435947167	0.360552822512348	0.35374279862703	0.203685264309265	0.506058694498108	0.42402046531026	0.476192745984996	0.0808152272869174	0.104361728173707	0.13079664456865	0.000565627305446474	0.377278825759746	0.252261350319007	0.337098198112738	0.18477742769045	0.109419856443836	0.103046959252169	0.276911606362268	0.0395431482362195	0.276764281751364	0.125206500460265	0.230399348092274	0.303931908376125	-0.00701856108801892	0.102934230537433	-0.0676417062545407	0.163717500943922	0.134718145885296	0.145888967332649	0.101992220285932	0.10635367805913	0.0188041995552708	0.183814771981104	0.17130526510582	0.170666263210729	0.107428813873635	0.19492591172844	0.0103118254836352	0.339111226185098	0.0950474270684043	0.0638959387526459	0.161665990628555	0.29343392791157	0.142912713921088	0.298815433500202	0.149785374959615	0.292733588106772	0.111160409122875	0.0231499178298285	0.322843884907595	0.163382671757942
0.711696044555127	0.346095632382075	0.514746038723275	0.30756836223075	1	0.407424220876307	0.117849067510284	0.304502933770991	0.152773713307965	0.11807520718079	0.205850612649397	0.163005753559887	0.356069194228476	0.264554929450004	0.126470117359775	0.171743172808116	0.37881510790091	0.0944670513914995	0.217454963816882	0.199272943210619	0.407943784281356	0.120146164010943	-0.137759797861087	-0.100251900845447	0.150950926334795	0.246881382018084	0.170280437177548	-0.234898489448141	0.00726815644242767	0.0389272047896533	0.158699769257666	0.0717934943596134	0.166935831889382	-0.180054706950713	0.0389648115990928	0.0436157774715006	0.157750066999762	0.314504829170195	-0.131404650757782	-0.162798092293213	0.126321120630249	-0.122073545830729	0.212849782679087	0.306784104019227	0.132223292108396	-0.134148733151546	-0.106532832618901	0.0566084577921094	0.320446166430671	-0.00554695525799897	0.604537883862828	0.466757889572633	-0.048836855598385	0.519425326517969	0.194115408590993	0.184292142194458	-0.0358583254754222	0.20964310926662	0.207461115985371	0.050439143927999	-0.0479113638051527	-0.188681230712924	0.121440172966608	0.158398803015316	-0.000828775767566433	-0.0944491994482962	0.107197734172873	0.131425552651041	0.130269815447861	0.0134565057763865	0.0390474811959048	-0.0479432116603125	-0.0532498054005984	0.108590275979864	0.139972956214794	-0.0075365571530493	0.0521558864003238	-0.105828726318004	-0.0773317952755885	0.0402348118547551	-0.167575659057047	-0.112533579703607	-0.0657622382735521	-0.0358428349687624	0.0624656170180899	-0.247440128256459	-0.0867002767693051	0.00150516988287015	0.0190274464689783	0.129169879305401	-0.193231201947046	-0.174866708624586	0.203770623154026	-0.0497919560783971	0.00283662464416738	-0.0409268614536446	-0.142721260706551	-0.0998898246126095	0.0752815496486005	-0.0987381177634063
0.175944467574441	0.480725579486556	0.635491024975953	0.530345990223732	0.407424220876307	1	0.583674100519581	0.504983473967188	0.336565193516928	0.240790610620235	0.14682443429758	0.198438582274484	0.311722517819767	0.462324533655231	0.369209222026461	0.606393973021018	0.171624608876578	0.109486120456376	0.390254174876516	0.234762089964726	0.289368603298378	0.15606320974827	0.038687356832774	0.0148172978957312	0.304739178913525	0.236867078710311	0.376301828577068	0.0259590566863689	0.445679489896883	0.358381815070759	0.392964405128418	0.225474363320891	0.211788781829641	0.300389350272475	0.58360182603162	0.533750371641771	0.356235787160877	0.232770586386505	0.458793367065819	0.227314815742908	0.176723297218296	0.345923379862215	0.310879921467061	0.228555737525514	0.345579724399802	0.17461443774788	0.180976650145772	0.651023182739339	0.487171503600677	0.369030305137639	0.4669599760298	0.458465655243426	0.384839391930287	0.76358461674139	0.696712621241964	0.462508498120327	0.162440307097894	0.30433072395058	0.46424753568337	0.162569531831809	0.385357679294526	0.316081929967767	0.254833899959083	0.265672380174168	0.317748497724567	0.352457256101057	0.527826898656655	0.239214987490979	0.388735369470222	0.198414519343737	0.269733955769019	0.325061318078219	-0.0266032160004446	0.232166790514642	0.0782132794090823	0.214609931186607	0.256465783848962	0.14216086393385	0.278190599253838	0.0538146438995028	0.185642908099728	0.189852309256211	0.403627873092521	0.157842590408802	0.260139314648478	0.237778630018248	-0.0332159961148786	0.556579562122049	0.342608380945411	0.184124728398325	0.364534276766401	0.24212035103152	0.108728215049863	0.182273206617112	0.180957880485354	0.522246808495312	0.252583838440022	0.402707574935846	0.435131347778106	0.277242400419333
0.0101139949746317	0.356627498423105	0.361849742390096	0.598177985698902	0.117849067510284	0.583674100519581	1	0.197926712063216	0.251373114446218	0.374723849716399	0.195299463503228	0.31407104051024	0.0986157360912715	0.132246753234006	0.438722119741572	0.639902611160282	-0.0684591795749681	-0.0646814693382087	0.241910598084646	0.109398595514604	0.267639326270333	0.166669107714968	0.116698591348195	0.067901569345492	0.260191366679066	0.218350906706976	0.471636515009222	0.155355548535099	0.32966461170964	0.220138108033553	0.347159989024616	0.261596280862644	0.235850488036548	0.484461337593866	0.829412586871203	0.548508519916962	0.313637268847514	0.21013378653257	0.535118871063964	0.392218384876219	0.0453123237535694	0.41780344985102	0.278439117092693	0.216295526775515	0.291655319385333	0.0821899217881215	0.276361697327544	0.639513293061709	0.383513576328646	0.313938008192662	0.175855253983917	0.305926294788161	0.339938209997721	0.415032968512251	0.719824078957312	0.724335247044926	0.047494026858063	0.100644172781311	0.275482366359666	0.00201818637188981	0.464753977393641	0.483803025989931	0.320387516319628	0.258331908016644	0.255089685426689	0.420056540698981	0.645957842798097	0.121865120932324	0.352260958826383	0.100604253183082	0.452139333402951	0.394485237394783	0.100505237793756	0.195070807246345	-0.0481914296821039	0.180645488872706	0.334228321536794	0.356537033803525	0.318731362168842	0.213189958498663	0.240020463657596	0.279280070000127	0.431869474639296	0.405339560110446	0.263089669137298	0.361416553252203	0.0698165941125397	0.787672911151136	0.420462777077063	0.116414144939282	0.483652486118719	0.447450544931236	0.150360079611906	0.203533584722447	0.201708311137665	0.603051490617817	0.318829959175081	0.338164011188316	0.490941313922683	0.327102688866271
0.332901873795741	0.403314124492109	0.559407667141272	0.169075883941792	0.304502933770992	0.504983473967188	0.197926712063216	1	0.59982456908539	0.097084032628025	0.153680914865876	0.193076204955287	0.506048272409701	0.457179247927271	0.163827347142217	0.518042842150856	0.432844773442086	0.501610074003044	0.663985009591473	0.598844824035116	0.391872813516981	0.272068876136396	0.291313028519784	0.112780861510831	0.359957684475325	0.338263905806592	0.188730669572314	0.0744571117219289	0.184555818181595	0.17874460845497	0.480492658934809	0.381266772999134	0.374226022671054	0.113196003227085	0.295984840127422	0.430106829160832	0.230806810393164	0.268481572575658	0.316420176269193	0.121258151113963	0.0958470538449229	0.144474448657942	0.314232380424522	0.331973478480175	0.401964020654047	0.353370439722329	0.319028676798254	0.373002610921145	0.26444171938483	0.271314560117436	0.487122205667204	0.491629070772335	0.263205163555152	0.460294694048933	0.376349935172319	0.0455206892368637	0.282252282601546	0.673607541270704	0.671312639748922	0.49845561620091	-0.0326925549767957	0.189620700941813	0.0646442695213308	0.314383779948254	0.475748966161436	0.3181708291532	0.45546280827175	0.445178224350549	0.414145073232781	0.634718320282589	0.064024190860098	0.142361267632979	0.0632876435815962	0.428347561056762	0.212330623367387	0.267225780319186	0.0712423927323461	0.0468718901642672	0.238313587990658	0.219531719676396	0.350935837200259	0.241514505532457	0.199528549129127	0.304702704568458	0.553265545756896	0.248387367165465	-0.0157089981645423	0.330858766508394	0.316045018435691	0.421285240429321	0.212012315815499	0.0672849602654567	0.339479362734795	0.0981989339878021	0.263795412909683	0.361910648124736	0.183257023547225	0.226813175331729	0.0641284546792993	0.073584107668894
0.0950191331170621	0.231060864109756	0.360554533624726	0.212818299735734	0.152773713307965	0.336565193516928	0.251373114446218	0.59982456908539	1	0.0362904960482102	0.144584318801102	0.074981015479255	0.202676888498146	0.243791005487606	0.185108489600715	0.498497242529448	0.132487449122156	0.183623347135959	0.680307210643481	0.771343050418221	0.287909242856319	0.106244825244047	0.110740534659354	0.34135539971362	0.695519978819499	0.382843995460609	0.337152523746044	-0.00407083018823173	0.252234420866173	0.125905645968041	0.438474950876192	0.225424515794105	0.11779951099475	0.0929123102842081	0.322400596644853	0.520364596280616	0.277307492436524	0.34779690885059	0.317696103880358	0.237061698590264	0.0656790142815792	0.117436824851379	0.319468934186579	0.314468382995046	0.358575869951048	0.199399693328272	0.135553576127135	0.242453654975191	0.137986374285413	0.10884319480774	0.246859048261054	0.226816638805095	0.166909295066078	0.332334953938362	0.375604883656002	0.175149462363122	0.199326524901453	0.457161899492773	0.67006912527133	0.743553665282721	0.0812447374535171	0.283895719348337	-0.0489065797057494	0.188581558106983	0.217683493659333	0.246674431368267	0.449639750474037	0.169835938521102	0.608148316937216	0.665114948571945	0.0198590404276051	0.153169516498278	0.290615291886678	0.659221901128724	0.0152603755035566	0.340930975920618	0.207842440716695	-0.0423270393454562	0.385767477257683	0.215958780184771	0.327966374623243	0.347950733049173	0.187979543495132	0.31099952113071	0.355271216768101	0.198067451007	0.229736807062846	0.339878612726699	0.296810267017196	0.456690837406598	0.17862449353326	0.115268602577332	0.192480182836844	0.0124172174934733	0.0450702169729724	0.168109874058828	0.145627624865148	0.241772220688127	0.0644641660164865	0.163816439739574
0.0138936034887348	0.0455244281163163	0.0392111052546138	0.386632874477202	0.11807520718079	0.240790610620235	0.374723849716399	0.097084032628025	0.0362904960482102	1	0.494994927688716	0.582553775496963	0.378506899403338	0.104061776735232	0.322722188660184	0.151518510798574	0.0757310986775211	0.0542080997746128	0.0952148817392431	-0.033667437896046	0.346038933703242	0.514459488906083	0.225393285071073	-0.015761824924133	-0.00346215494656509	0.192050371103177	-0.00386443765490104	0.118616012079135	-0.012733378727124	0.0356471694975398	0.122970261883144	0.177417208159795	0.21098384673115	0.130475121871558	0.166850086981406	0.055605165298875	0.0971685330536305	0.0170372969948094	0.181916608610581	0.106401614031436	0.367183379706991	0.313474624308249	0.227394684048876	0.00140079746410968	-0.0020616486446205	0.244647274822414	0.375258202594074	0.412346601492789	0.154898632610079	0.368255393113748	-0.0384431327330583	0.10801990075924	0.0154364021108262	0.133215136025358	0.246443745936262	0.242867897765809	-0.0834565906987846	0.0227168665211634	0.0265103087873849	-0.0339205081999071	0.357561187251717	0.212642603301871	0.220883291220539	0.127205769926544	-0.145583744782023	-0.0325083525391094	0.0799325955839664	-0.00720177415836311	-0.0523093548655845	-0.0669783374952464	0.221702504310441	0.323749446918858	0.0648304518758817	0.075602498813204	0.018118766900691	-0.0223248208110077	0.0428532716617911	0.165735959214951	-0.00758020181522585	0.0399227515109149	0.121451727619481	0.0324818295966195	0.0941268221321887	0.171735827061858	0.127434477478743	0.218911337645187	0.0352580740704924	0.159942974539988	0.0905148641525912	0.0278080038974234	0.197883427871536	0.232310082311055	0.0927524319639107	0.272728858437387	0.254550568695195	0.334526206740652	-0.152524334794905	0.197951192449684	0.243799872342368	0.00617112090297238
0.103549318125523	0.12841063493564	0.002985833923087	0.297438349703199	0.205850612649397	0.14682443429758	0.195299463503228	0.153680914865876	0.144584318801102	0.494994927688716	1	0.488191070338331	0.163285235887617	0.138218763841699	0.264879429634164	0.117979106435016	0.192833802385782	0.0222944040021934	0.194071914268945	0.132686875606631	0.218128305999805	0.43841007026509	0.112358871921674	-0.0170812274823598	0.141730490941756	0.0377701509367338	-0.0450390934414522	-0.0810485158914552	-0.0220126827540397	-0.0870467224112208	0.0714291195883594	-0.0556290780283092	0.0266760381909373	-0.061549807320456	0.0663521284649675	0.00531368985267658	-0.0961993638617183	-0.0734553337286331	-0.00552345713451608	0.0415275197282392	0.350792293945316	0.0682165671196265	0.0797389815936308	0.126419595567743	-0.0670892809216229	0.0994984118485876	0.108257156829835	0.260491715657911	0.187367471276814	0.0674990000691226	0.0243471975655885	-0.0267745459449358	0.00817203038834286	0.136700782936089	0.192402782206479	0.154300094508893	-0.0660002610879758	0.0779577213043211	0.151998689653772	0.120495386317636	0.153709290757059	0.106376838063798	0.0327833957031976	0.0559746494416792	-0.158837009927324	-0.162814255983374	0.0755480314944625	0.063706712328225	0.0704190208626334	0.113674479502641	-0.0521163171786857	0.122966802633677	-0.0301177938874699	0.0860889108934857	0.0633775617751202	0.0115465899615785	-0.0660302473331164	0.07554107810592	-0.00296635906999672	0.056098877335814	0.118520804573191	0.0298568338802888	-0.114868444857705	0.0471754266596131	0.0995408975037548	0.0243093465351594	-0.0543798147169312	0.0486760841882568	-0.090558776907602	0.126855630187507	-0.120940381468948	0.0445147724892004	0.166190573900555	0.172132116914746	0.179927621541122	0.109345870756375	-0.117260361359272	0.0407400886303367	0.120635581586433	-0.128397252696215
0.119042525049383	0.148722683087278	0.0799936399694644	0.300582207131663	0.163005753559887	0.198438582274484	0.31407104051024	0.193076204955287	0.074981015479255	0.582553775496963	0.488191070338331	1	0.428305115663552	0.107810892315891	0.310633734358795	0.304537031400986	0.353480159587249	0.279668095993717	0.387423082043861	0.0368692339597013	0.473776627946709	0.556653180427818	0.292496908034823	0.116041358890962	0.0845613206854225	0.276501902540658	-0.0352381933661851	0.119636914845271	-0.110965504893034	-0.0484043584484132	0.361804713724616	0.124235946835902	0.320032743828909	0.00951824978036959	0.205683431256533	0.2069583247657	0.0395272004524194	0.125454096627939	0.138680099263405	0.11446015140688	0.284253781552682	0.232543304133487	0.379246683060092	0.210957056508109	0.0399606578832477	0.169571084113825	0.360540977354115	0.297314392885371	0.122991729228752	0.298635019538958	-0.0398149196543663	0.0528482979956691	-0.0555606874011477	0.0228088636981317	0.0865132295888815	0.215130273786801	-0.0770702145296561	0.150758956753181	0.157819507521602	0.0262729619307323	0.192397254045748	0.24864920501599	0.314053092918981	0.199542480379675	-0.0158594595526273	0.00639615917744295	0.284004591643778	0.259324843454598	0.167592178268473	0.0363646660690007	0.406064594076896	0.15705714427039	0.107206185816818	-0.0154209499416221	0.177009243057781	-0.10013654969865	-0.108280896254062	0.295450329945776	-0.000151126806760679	0.317936421401366	0.127774658570893	0.0483613739813401	-0.190390570952727	0.363868493444535	0.116293324668582	0.268121503605516	0.0125020903369359	0.236179588101097	0.251745166548537	0.195465869564847	0.0890814457280599	0.0957195759933634	0.287109880096656	0.374580799506449	0.428233838408042	0.148454495615911	-0.175600678849182	0.101936016792754	0.0688182317667622	-0.0822817195981323
0.269406470541159	0.188910822254239	0.373443683221947	0.209830676528358	0.356069194228476	0.311722517819767	0.0986157360912715	0.506048272409701	0.202676888498146	0.378506899403338	0.163285235887617	0.428305115663552	1	0.165722421081383	0.198240400059608	0.277298553786085	0.654933450985423	0.498338825302356	0.410530846821094	0.180840064819232	0.457380676545306	0.351150487151492	0.171583916076226	0.117096655983663	0.151181990069288	0.266093004653288	0.0844755773979591	0.0561870226252663	0.0939276779689164	0.0915229467264881	0.358980905926164	0.411199309027765	0.567709182718924	-0.0473284646279164	0.113645741038777	0.167348932948712	0.163358292317671	0.133761083320782	0.133734336461216	0.0172031367528516	0.147557861599256	0.138557668640026	0.381130048037333	0.266378260423356	0.201678119994688	0.214892128782609	0.321641334638811	0.191407161159202	0.131587176044662	0.213051534343546	0.374974542796036	0.318316869534653	0.0969051828339732	0.293892249222605	0.101511739268181	0.102974398504699	0.10563935028103	0.464281195662632	0.40253417696966	0.199919498724741	0.0160963493624411	-0.0515923439804402	0.0780378665187858	0.297676121235128	0.262908223758553	0.0453085259477439	0.148332685181809	0.278995128241224	0.0993354967428574	0.239751348776476	0.165824375126958	0.164141597048984	0.00490290183579556	0.254847644676548	0.215144170696665	0.316457591703709	-0.0747128895937041	-0.0338869417802976	0.088000645151968	0.134629252904486	0.224126825669758	0.0809872432961092	0.0452285135752112	0.165156574057748	0.314405503613109	0.109400612974437	-0.185917965006138	0.120464053656945	0.176313792176742	0.198029418615526	0.0529528703712173	0.0284023830508776	0.249229499265951	0.207518959198969	0.244944680885212	0.134883722397479	-0.0576297191547734	0.00101737060499554	-0.019370614488933	-0.0579681938192723
0.351840571590616	0.456978385647461	0.387368482926925	0.30091217316428	0.264554929450004	0.462324533655231	0.132246753234006	0.457179247927271	0.243791005487606	0.104061776735232	0.138218763841699	0.107810892315891	0.165722421081383	1	0.166898012177142	0.456272384040058	0.228507993204735	0.188191679989805	0.327612538934875	0.261775110290935	0.288781068328671	0.13211617591389	0.0785221790076754	0.0393805997066125	0.146204912408914	0.240793528694551	0.0961895916682035	0.238538667530827	0.0521049939074799	0.30498806528572	0.411692837058878	0.20095869378826	0.0753546940957539	0.166423900274399	0.212377384833956	0.370324792024423	0.186325532507894	0.124582296541648	0.283793239640927	0.099679545244656	0.27210450198332	0.18511648871034	0.303847225806174	0.0147997674414528	0.305880003914401	0.0829827739439449	0.245315461238828	0.273034729514115	0.428420354987298	0.303641755172939	0.434894629196227	0.426069621363758	0.266727430570566	0.38512824754756	0.295763351511227	0.0603011079279157	0.116833609473533	0.368554176797876	0.340797357514905	0.128650929798481	0.0621528043102878	0.140672384063486	0.345107981548022	0.263185596158678	0.44107728338313	0.366159844186119	0.34555375017467	0.349944686215896	0.324764717205315	0.252098690930916	0.183973374111433	0.121098071259825	0.00819774736414765	0.152418343750913	0.213305865283251	0.0739984402802312	0.025712254523733	0.286211054180234	0.154556851526141	0.284533644120723	0.0521048662947901	0.108572746172931	0.0772235106542152	0.267314286661641	0.379278297174481	0.151515648369261	-0.000584829549677582	0.267624314482528	0.342979514870117	0.185021932377071	0.18987955561405	0.0835014987837921	0.0590106188434783	0.140638078388765	0.216202161637198	0.29051646075033	0.134935143918998	0.201500724071008	0.258235034818548	0.235137069077378
0.0416011460851322	0.0736588269086009	0.125319867245722	0.423052875030706	0.126470117359775	0.369209222026461	0.438722119741572	0.163827347142217	0.185108489600715	0.322722188660184	0.264879429634164	0.310633734358795	0.198240400059608	0.166898012177142	1	0.440390928296334	0.054261707133709	-0.074259245110744	0.273658696933979	0.0330382050357763	0.302125174357468	0.186942593620509	0.058966481719348	0.236225681793002	0.076215712608229	0.149524446439561	0.13118224256019	0.205050087238374	0.233503284887496	0.278472920638602	0.257071915365768	-0.0460642423755718	0.145847405188325	0.0227160214318516	0.351827414012837	0.394163690310025	0.326508776267912	0.18652220107856	0.33440162681101	-0.0481802274490964	0.240902429526706	0.277887539519041	0.398670820598725	0.0891329892979412	0.118010951889517	0.0417919653301274	0.130632148252568	0.460263185052546	0.289482639021921	0.442915169440838	0.104040178906833	0.187188990809461	0.179089258501228	0.243399231497288	0.339759844062552	0.34783910897518	0.105518689987548	0.277403235328283	0.221964539574853	0.0523206612744072	0.215113209800061	0.14035716352664	0.167753190591706	0.42294264853592	-0.0820536429618274	0.0988828225327846	0.418495342959326	0.249833937349024	0.187098003142112	0.141298059103821	0.252230362601758	0.306127647338468	-0.00417433969175639	0.0678302390941001	0.116765693141707	0.0784984968836066	-0.148706385675664	0.18993244577056	0.162292931481005	0.245528435174211	0.0328839526822946	0.20943564274809	0.0354133821697228	0.210325609776242	0.247570049344044	0.0843763789810361	0.0922503156748558	0.348364169812134	0.265756613560462	0.104051805808072	0.273800090687601	0.020570862777619	0.0905920699639611	0.275013130191242	0.229301629418799	0.387254824945577	-0.0335235269317799	0.113247983232203	0.177256845753594	0.134670256410193
0.0906049521794458	0.420368665989378	0.496147467829053	0.403962283720841	0.171743172808116	0.606393973021018	0.639902611160282	0.518042842150856	0.498497242529448	0.151518510798574	0.117979106435016	0.304537031400986	0.277298553786085	0.456272384040058	0.440390928296334	1	0.117258839905322	0.133226178026524	0.691146537910923	0.342624736584828	0.288885210948798	0.170013634749456	0.154075119889704	0.256863653296877	0.423456363375114	0.438635268846733	0.4985638531166	0.184260516049536	0.413015366929004	0.344235920324991	0.732306294089923	0.412607889725296	0.268677097136443	0.23703777515866	0.759495898083344	0.865168967772524	0.377502034146948	0.371071687182626	0.534489812315168	0.25676691596837	0.0888019445665644	0.3659580591689	0.518628665411552	0.373434189980565	0.438174104598078	0.202268879705514	0.350156807404353	0.527023509758637	0.330773521756508	0.309460646978523	0.352011482199534	0.323600860214316	0.2613975915237	0.487565080131703	0.529788820946577	0.469054805947282	0.200538695472055	0.421712478509725	0.642100399538203	0.196443819312604	0.312167444177336	0.468514338881249	0.199067208866235	0.394301256108232	0.47528671104012	0.413377623765229	0.868159356760693	0.331127329764057	0.649816050860875	0.302333969606349	0.417033672590608	0.270206304565277	0.124996212985849	0.34948574504489	0.0682066571376398	0.2790014008385	0.201702240919036	0.344668499276976	0.457541758104359	0.386089332329328	0.324033771728736	0.33155246225079	0.319317076834866	0.49095729909222	0.376857989519788	0.293913698609526	0.112254609175881	0.773368275770253	0.51009756228322	0.323583092078916	0.411302734022252	0.205363521340147	0.246887818105229	0.15250812484047	0.211272630123836	0.43676802332631	0.293147159433733	0.447153600602508	0.35117286960697	0.284299465391852
0.340643869255887	0.172925977355869	0.24564024506365	0.131398643545218	0.37881510790091	0.171624608876578	-0.0684591795749681	0.432844773442086	0.132487449122156	0.0757310986775211	0.192833802385782	0.353480159587249	0.654933450985423	0.228507993204735	0.054261707133709	0.117258839905322	1	0.547608757985908	0.31999324516476	0.118708797813993	0.545830076290036	0.286405851230373	0.0905679454627135	0.171374478509343	0.173266442122766	0.320788300621218	0.0213225663414744	0.0756634810464018	-0.0013294346151099	0.0863105450097535	0.24926529301585	0.366391226374349	0.405300002179406	-0.120321359313554	-0.0191942498344302	0.00401044389189219	0.150901937967417	0.286732187174937	-0.0533067449172808	-0.01591228866198	0.130974943705684	-0.0586342703058196	0.366987805993194	0.41804128321956	0.239302670800921	0.116484244599094	0.211448960433039	0.0334244710820599	0.267376055929859	0.194278533679024	0.308791642816507	0.321539084472709	0.113999276461354	0.090589961199852	-0.0489124922432152	-0.0634369596989761	0.0673053871773656	0.407926579913243	0.256285610461519	0.195084934316702	-0.0889196368273287	-0.0838442069691468	0.124269692597344	0.274322262988355	0.212001148126989	0.0806277591239479	0.0489580352648875	0.328607592631585	0.0761642483417275	0.288450534819674	0.167054258832728	0.057600143493717	0.0702263688754318	0.177091664390602	0.292828817936834	0.29446085556147	-0.0330194170303758	-0.01991562062135	0.0302388083727344	0.248365294972121	0.221553896003965	0.130703646315975	-0.189335104234846	0.211161435780238	0.3307687319836	0.112516401071336	-0.122333531793495	-3.24775899354991e-05	0.123178025764045	0.256618562657481	-0.178376175223269	0.0109751842105776	0.371828109063148	0.221191286740083	0.357378491151164	-0.0468374115474936	-0.0195695762469569	-0.19069907622368	-0.0867141423170829	-0.026168090426379
0.109844626414243	0.13330760934802	0.128345326131185	0.0504111214778001	0.0944670513914995	0.109486120456376	-0.0646814693382087	0.501610074003044	0.183623347135959	0.0542080997746128	0.0222944040021934	0.279668095993717	0.498338825302356	0.188191679989805	-0.074259245110744	0.133226178026524	0.547608757985908	1	0.398984681144682	0.244692053061823	0.363198099473749	0.232426936126715	0.157548153452283	0.203245961153501	0.00945483834245885	0.153565275380215	-0.175466902837453	0.0468444364366201	0.0393188609548105	-0.250414321327023	0.451014944217261	0.260279029393247	0.282971949081205	-0.107627826721205	-0.0598682730733973	0.0137114864749351	0.0648538228458633	0.0876755078686431	0.021071454809157	-0.0505454495386513	-0.0496926335821236	-0.175449861849217	0.420646103969301	0.117336102901556	0.119594411037362	0.100709714758478	0.196223038496082	0.0997123900897869	0.119962896716496	0.134734538617635	0.117607071661058	0.125374093188727	0.0785441521258901	0.0497866816454409	-0.121056838368622	-0.135677681087972	0.0702274900184586	0.44716120917162	0.277420365349334	0.288648114880787	-0.153178549036661	-0.0391303596672832	0.0558955942805116	0.158458662996626	0.190960214406998	0.0309317170076507	0.0934873032613606	0.398898041385675	0.0457101378393301	0.276726619305314	0.161932988851121	-0.0258687662973172	0.0921480298243076	0.0366980874351393	0.387390476509913	0.0369986082852882	-0.15495162964767	-0.0453641409073289	-0.0909679526412597	0.352931812995155	0.264191696340988	0.0448801597635393	-0.0876614321895659	0.401004468673074	0.244141026249642	0.0904863903995797	-0.124517589360699	-0.0391140769084487	0.252045031003238	0.140356957767592	0.00889741385546334	-0.0652441859880728	0.224334716510258	0.100506765574292	0.259702630099746	0.0165316775343022	-0.174549155356323	-0.0885334610053795	-0.24449435199819	-0.0348297718071821
0.175951887797047	0.252701101640675	0.352864204243357	0.267838138322667	0.217454963816882	0.390254174876516	0.241910598084646	0.663985009591473	0.680307210643481	0.0952148817392431	0.194071914268945	0.387423082043861	0.410530846821094	0.327612538934875	0.273658696933979	0.691146537910923	0.31999324516476	0.398984681144682	1	0.497525379956933	0.354247064506523	0.220437030648929	0.11953357227906	0.408922645422539	0.427131856517695	0.385223089846898	0.185479696635692	0.13001344357632	0.278926202558362	0.108542524427792	0.713771605552514	0.222727506034338	0.199140802438216	-0.0734020370656436	0.354653294383605	0.604712484624272	0.269167016127092	0.286147895726331	0.321642124060434	0.0829169604565598	0.0824987908417823	0.0486231489156117	0.526542401133622	0.379744130566271	0.194264422348003	0.219151299206926	0.27122957272658	0.295258082457583	0.139235210064138	0.146908279924444	0.27320221175243	0.199515935822734	0.0180030717965473	0.309426047653569	0.198878599628397	0.141242664114448	0.219111201732027	0.57752069471721	0.706450422898772	0.52782587149197	0.10670278079387	0.325666634993395	0.112511064204983	0.300165779745686	0.242303790889205	0.221052746730016	0.584079089701941	0.393495029746632	0.664192501677743	0.481220491587008	0.213449416762112	0.0763224367863507	0.237227593218175	0.341063342815505	0.227503626485487	0.104861186676424	-0.0332005885332648	0.132470598503215	0.396404561222919	0.451338516743697	0.260574377228945	0.241781796326817	0.0750080247903139	0.461248364825065	0.347254003445156	0.13231636743475	0.117733527242719	0.379060922770703	0.399622467741253	0.32971106539999	0.231108634288292	-0.00395406942373321	0.326542399996887	0.0782513290475986	0.232484784514171	0.170601008456169	-0.0012184811420671	0.163477107224159	0.0221636025962097	0.102036951412289
0.163612570227238	0.186628559371782	0.289040860633981	0.115107701467083	0.199272943210619	0.234762089964726	0.109398595514604	0.598844824035116	0.771343050418221	-0.033667437896046	0.132686875606631	0.0368692339597013	0.180840064819232	0.261775110290935	0.0330382050357763	0.342624736584829	0.118708797813993	0.244692053061823	0.497525379956933	1	0.152778063540204	0.0941229683889445	0.256216023242324	0.216377281194451	0.533157673114326	0.290705598103941	0.215380089253938	0.0199856967622454	0.0686893935338069	-0.0732291269258865	0.290701031033533	0.281110303713206	0.179257856883259	0.179503103628939	0.183733426260584	0.333398053499756	0.153600102054402	0.35246095420394	0.187581488226267	0.191404577599	0.0304900013114182	0.0906603783721729	0.155906983996168	0.281581312115382	0.400239628179177	0.199310562560535	0.0861847147298219	0.0939647037242221	0.107684876702481	-0.0486637228886507	0.289738854447818	0.193195903921596	0.100850300631359	0.265228342756277	0.306173341104184	-0.0279901496436323	0.136179818031775	0.443837679658335	0.581115756879274	0.528370974444303	-0.0656578176591392	0.103794157644975	0.0232664932136479	0.134892619113182	0.24465459471951	0.169048139648553	0.289682523167352	0.123113813164716	0.429853247806341	0.638559443924227	-0.0399544038654783	0.0721763831611174	0.126537319045501	0.493481539811238	0.00413107850115515	0.279103551216971	0.227046624781945	-0.0148035227622385	0.262987736096828	0.091669064882026	0.203317013842332	0.188046370542858	0.119333176908002	0.161349230563518	0.25529128867878	0.170707303340127	0.153213721025974	0.1762334834046	0.122622393308202	0.387935045365858	0.0870533839223094	0.0774787154560568	0.248598086240491	0.0395466446685648	0.00508170140121994	0.118810705208065	0.0931801742222413	0.144113046258847	-0.00106083851500799	-0.00273197404578844
0.348779858996809	0.178784723963969	0.326811322696883	0.324733535307774	0.407943784281356	0.289368603298378	0.267639326270334	0.391872813516981	0.287909242856319	0.346038933703242	0.218128305999805	0.473776627946709	0.457380676545306	0.288781068328671	0.302125174357468	0.288885210948798	0.545830076290036	0.363198099473749	0.354247064506523	0.152778063540204	1	0.4407977872558	0.203619404816406	0.33833518982791	0.27206162117302	0.444421065888956	0.238288384443462	-0.0568824244529122	0.0929965234896892	0.0621164752127865	0.40145819499045	0.317811643236236	0.28488457746551	-0.0795680551122162	0.195431340528855	0.239744272146159	0.340543293956572	0.33757366261468	0.0712138466304793	0.015464726688903	0.174291170338763	0.0577426034530325	0.600572497645102	0.38493660548267	0.220389830980026	0.0602188320416229	0.342708809202739	0.206398272912704	0.262028250995826	0.413313558433314	0.3300037397621	0.378455329306394	0.220175290006072	0.212630796645641	0.133128506702727	0.203067332241661	0.0821118712167865	0.349947590804871	0.276599802856064	0.184325805234281	-0.0127863824359177	0.0422530852860285	0.24407837915932	0.410485270706565	0.137289573813467	0.220229681113162	0.283618558079693	0.444376726065943	0.243004431810338	0.285882986188205	0.398143247551076	0.135976186729849	0.198522754582015	0.290622704024179	0.361822313788408	0.239232629545775	0.074933632841694	0.035515775849117	-0.00302986172288159	0.438374381725058	0.180142815703277	0.304627720510799	-0.071479361171295	0.44911721963025	0.396411216342451	0.208759631690462	0.149141418563372	0.217214702415625	0.307278966103628	0.279020800305936	0.0326162525747112	0.0739219489746221	0.487127089657702	0.20792584118657	0.416088059186637	0.142657337661065	-0.105089074583987	-0.0897786128952505	0.13341436726958	0.0797873016032304
0.215055225644388	0.265012748188875	0.155440836484191	0.18444790508082	0.120146164010943	0.15606320974827	0.166669107714968	0.272068876136396	0.106244825244047	0.514459488906083	0.438410070265091	0.556653180427818	0.351150487151492	0.13211617591389	0.186942593620509	0.170013634749456	0.286405851230373	0.232426936126715	0.220437030648929	0.0941229683889445	0.4407977872558	1	0.3681343814339	0.0109522352606049	0.207372198284652	0.28976914554143	0.146153569618455	0.0719395381780537	0.0619533381273742	0.191788738765719	0.194620042258523	0.11322661653831	0.192316942332623	0.129119695723568	0.0652895296894602	0.0709609944169819	0.100062611798059	0.0990465527614247	0.133115081742471	0.259933340137762	0.371667058412553	0.0316008714218688	0.303337786255051	0.317962530471588	0.0742839210435878	0.343808113887186	0.470805336814557	0.309448085148038	0.276106622284284	0.293738244097773	0.156090974611482	0.166433213523861	-0.0305313804372203	0.129056391279246	0.167319568930477	0.113649967369138	0.0663205174055493	0.284176508688901	0.161447823803609	0.00777253806164135	0.176128449488431	0.230789700795851	0.287281785089581	0.071289179239528	0.122936282566402	0.0648391526163173	0.143558481356772	0.266457488509603	-0.00129112193497528	0.180933574605983	0.214222355003886	0.279046232161692	0.035628750577338	0.139916758347508	0.269468102393723	0.0840070574742797	0.0548828734182311	0.340413361774576	-0.0245864624451689	0.230136413370553	0.196901157383061	0.0958700059992389	-0.0162412576389614	0.304413335994829	0.384356306767068	0.274657976335748	0.121337081807329	0.134231878996646	0.240520643236527	0.355696306524518	0.093256868157552	0.287495082586578	0.353769216388208	0.43507101294014	0.496541713333372	0.193596794394277	-0.0204952109480141	0.150614399883608	0.111491415561077	-0.0476712438983797
