1	0.597425665557444	0.792032456167345	0.430258675369701	0.600979640046103	0.575903748361127	0.602182788227548	0.253833602584396	0.445980786005466	0.427393646682493	0.30367500477552	0.358595021735724	0.220488107226686	0.710830469001529	0.564386514395265	0.477282204654838	0.333274293489162	0.343109808634181	0.281169358611828	0.326043793355614	0.504937189534451	0.438923757669852	0.589400234389045	0.507480701282228	0.558425266391392	0.599390989606464	0.624560461205298	0.421821958578997	0.379151163920055	0.4683991709155	0.421806032895207	0.430172075599175	0.250496812976629	0.44915661321053	0.463293700065284	0.49841452097637	0.558865435364712	0.410966618767899	0.547726660373735	0.492334601483659	0.487251711379336	0.471533439120665	0.448841955478037	0.549499873820473	0.304249565753586	0.571853879582181	0.504687888299422	0.574114094043383	0.179288502767881	0.495666325947347	0.671607136160978	0.579951803201684	0.563051598968977	0.760203367491908	0.495910068671162	0.549579292821076	0.297033181946122	0.387609114653854	0.36647354657189	0.322733397717833	0.493663002369921	0.312945525550845	0.427476447646319	0.309338880463039	0.691296042652153	0.522222609010398	0.543629737982864	0.492240069988467	0.362876289859951	0.463396254746728	0.461346721131033	0.509365068113529	0.405665922511172	0.527400037003763	0.341015036197479	0.450970946295974	0.462579465154756	0.463818147277446	0.307433174695258	0.353931914287598	0.454968586779605	0.385272977949628	0.398323225221816	0.299093819784873	0.526650006083813	0.367895462404763	0.383046736826457	0.437234878214087	0.45229215011015	0.438767854152133	0.520286310982606	0.330069314138484	0.573835470099873	0.65319271440006	0.561064721394896	0.566576255176458	0.268538439472305	0.392582348510377	0.532958742519448	0.565574666258139
0.597425665557444	1	0.715390706435859	0.612898246630754	0.281878134934071	0.413439673095729	0.537687640655308	0.140824145455323	0.483182751884528	0.508684579584768	0.335749306066623	0.469352869358029	0.387055699122632	0.539925132266788	0.391252159498711	0.426499186371271	0.335521860193861	0.29546317700838	0.362566799715609	0.168957651784252	0.417440097926177	0.464152459411536	0.550645367830046	0.473794850874552	0.47739832225554	0.574155311274663	0.596573795599374	0.514109070555909	0.326068492209895	0.403726176593642	0.353296507836722	0.412310119543959	0.32352442240554	0.558098873867063	0.451239607287894	0.524607780064363	0.333828082443836	0.387996163416745	0.489581037396412	0.551134299963935	0.524012370253868	0.483861638212423	0.450255748853381	0.629837237559332	0.321400106011073	0.411901748991212	0.426055316623923	0.461015678213694	0.304079935299017	0.421800289668845	0.55441914253364	0.672377872467774	0.536358911996933	0.652913365932505	0.311746042014018	0.645248302422552	0.346674771650825	0.463862485281027	0.400587432546908	0.400950856640266	0.46358882146886	0.290965662149628	0.294576627888565	0.318810209487052	0.580741824862258	0.334677662429331	0.475430512129384	0.232952883158693	0.388043408436282	0.377797348001776	0.223745306363316	0.400970738513679	0.356854494904691	0.519313956729102	0.218011918557834	0.448106117070227	0.609568190961743	0.5525004147809	0.288758253319318	0.288420812593335	0.364076533836796	0.341457471819034	0.454740227712163	0.400705406740738	0.433590240006604	0.492223250272798	0.153912364505855	0.490555313658274	0.348456483605928	0.533246203592311	0.534362927913867	0.478934023929607	0.610807968176479	0.530397863920382	0.466553605537646	0.453548693188696	0.476268348293914	0.460668595000933	0.501153936510009	0.366159522740901
0.792032456167345	0.715390706435859	1	0.43715733666572	0.457395171037838	0.518671894322117	0.577123723857706	0.16231362847236	0.507766754678796	0.451934871724737	0.283567902357774	0.380184443108985	0.223172386208778	0.655507652819505	0.448739943464595	0.353417239813794	0.247996051739175	0.216011366934119	0.249534154500619	0.243457136437586	0.451029366465416	0.492482244432856	0.599120337840508	0.600782594496954	0.565023672670027	0.686812683128217	0.657491843247987	0.475973463256483	0.491254669074072	0.486915955787676	0.295878093339151	0.364459324830557	0.163159476087616	0.613417310574983	0.445381915708082	0.493347307972205	0.57045375457288	0.391348631432408	0.576773661878759	0.648065808202627	0.552812849156644	0.497125347046195	0.412088695307669	0.663193855957034	0.277058915021359	0.566709952254471	0.41546637023866	0.549757105480657	0.364074770155899	0.503787024153725	0.66873816364507	0.674156980919484	0.553585426875649	0.771959148214398	0.383951989293205	0.560056808063466	0.382049661898409	0.473590743626508	0.379107492178828	0.397987389246539	0.562681573335868	0.361858223500833	0.373489865878782	0.319186008997069	0.668983463520041	0.467626814733618	0.479343598514632	0.353351711849316	0.387964252268652	0.416659343420074	0.378566574870574	0.515808564359937	0.517687797563498	0.551962779831315	0.268491625015273	0.457288535418697	0.585765252539919	0.547766956777934	0.309542413826107	0.282334029279221	0.432449980922041	0.317228636267683	0.48831691541109	0.412428949993845	0.437255613130948	0.492534708633144	0.427703640426918	0.48101724616935	0.394447589161785	0.523211829966385	0.578781902724157	0.484791559330624	0.675381331732967	0.666395970051705	0.467769405574883	0.533845950976996	0.40137105940316	0.566541262022995	0.568529912819156	0.523553639683165
0.430258675369701	0.612898246630754	0.43715733666572	1	0.494389443338377	0.616761478123064	0.762869179092003	0.118214606487907	0.405593395897725	0.53713137987589	0.21976692540985	0.448619574923501	0.335696564587327	0.394327960832511	0.608865559271959	0.442930924101896	0.166026200284199	0.0543284603654263	0.284550512194387	0.210376964647984	0.269351129014761	0.429234193010894	0.370195770560984	0.256270316901701	0.302671779609971	0.397553666197904	0.46859000580935	0.423258534218905	0.218924946880719	0.302699450788701	0.0992241485060407	0.293816222981588	0.215473460855872	0.384803692465024	0.641731634809674	0.424267207241686	0.162785792390756	0.167857049822503	0.381859932240542	0.425110082061435	0.415478123330405	0.310825097894582	0.361768336092265	0.525510530407424	0.0697763268077572	0.281186050787225	0.326885029891575	0.561926339048882	0.217543714632608	0.380093518701787	0.537916850428961	0.315932365909178	0.541379528982193	0.620788028321131	0.535946685021161	0.798645161664185	0.282418486781909	0.304300215643986	0.335647546125121	0.432440020004917	0.357463284817673	0.302123705596379	0.30177867004474	0.262819038804037	0.389597719278678	0.341537918323754	0.322453731613509	0.0242566118503065	0.352498638511461	0.2892652937529	0.20141799155989	0.381145086035571	0.224897607209139	0.441941706787104	0.152725709383335	0.443394733129937	0.537983816217409	0.435816383087999	0.115386512793338	0.0824075395989463	0.284316771317548	0.296931288183209	0.253863081396307	0.314382458091903	0.341319017026358	0.415781367696385	0.0785568510004542	0.588764871330135	0.433504410480178	0.308269192717431	0.501338778700695	0.415842081503663	0.481769631885358	0.344786828281047	0.408055812633789	0.590618895928995	0.49278190398516	0.401150905834601	0.426725745326974	0.348273703213354
0.600979640046103	0.281878134934071	0.457395171037838	0.494389443338377	1	0.810652277223247	0.701821719318634	0.176551415674601	0.322464422629921	0.379104789391843	0.138972120428123	0.276608153895139	0.115259308833363	0.47629027413609	0.514191266663025	0.49349055932302	0.183720428032425	0.107559875775518	0.277553838082906	0.346794825549443	0.371387603707484	0.378767691776019	0.299322603753446	0.306941630154889	0.221327315308968	0.377759398512188	0.397168181428667	0.196080883846981	0.415664105048658	0.421345173288811	0.255422658187958	0.223841004958576	0.111223563967198	0.280998506840135	0.616234698553641	0.425623778964829	0.354898972521849	0.19204883133344	0.432709579058989	0.273657478492585	0.385504779542804	0.268778656602169	0.327961113208145	0.321235883905801	0.098632488011253	0.34444130292575	0.331151724566924	0.695331243987209	0.20167902058581	0.35041934618145	0.55263891379164	0.222335751639059	0.516999828390738	0.607875721901862	0.754022618917528	0.594592310468814	0.125322887741199	0.153109637137288	0.174982992343902	0.314053355498201	0.34684388979203	0.160581781126474	0.367384362985865	0.174713429267284	0.361784076434509	0.450450310340231	0.438270531938299	0.264178719141144	0.312226016364235	0.296650916996701	0.377018144701597	0.457110442166514	0.331859594099801	0.271520595108575	0.22143262032634	0.379679033126666	0.393062560445298	0.308330403523668	0.257074716790193	0.164303566355585	0.229217472498321	0.216436238103847	0.201877027800477	0.220244298388062	0.40414488079984	0.230343683199953	0.293300275399353	0.486086096772949	0.423047407098121	0.198760747565613	0.402088936622797	0.20643755467041	0.356946767570296	0.507044547261721	0.413609208554936	0.724760662393369	0.27788893001664	0.385587823598907	0.369456660726994	0.470264482001601
0.575903748361127	0.413439673095729	0.518671894322117	0.616761478123064	0.810652277223247	1	0.831979753984756	0.270101919217766	0.414927013036284	0.433688832426114	0.128934382061789	0.407388801249163	0.316878481855068	0.549050909869721	0.61067247390234	0.635432658984641	0.296086264372419	0.227666300266841	0.387358518457711	0.442402577022617	0.494585007891639	0.386511164336924	0.449263247229064	0.441814616003243	0.399994489361764	0.450778158618159	0.529444672886319	0.256580575842161	0.390896672044443	0.449591193948143	0.364237517672941	0.382538104686823	0.286883175841083	0.310276268042809	0.775428641855967	0.550935775576048	0.367840743837738	0.293625825339335	0.48804221887428	0.314280606474311	0.396225690681934	0.337548867322666	0.421534158868995	0.438960907118435	0.196797283610042	0.438864378959585	0.480346735552996	0.712828540388792	0.224876551436502	0.439865466432972	0.555834717489251	0.191728799570555	0.565610500766297	0.690167437923226	0.786787267489993	0.721468699333963	0.253203636373763	0.234288317297791	0.342337764807393	0.342910842218185	0.393426790028606	0.21948128922736	0.34662686150557	0.299397322749652	0.36767969179311	0.46437060659249	0.5163950716149	0.371585832010838	0.443313847892708	0.406908715291945	0.486354107237862	0.533428806496461	0.396881649598434	0.434376445870338	0.382334589764703	0.508381311265251	0.473650100355758	0.374288208814119	0.233867518912299	0.317196237640402	0.379085895621692	0.380848885287963	0.291809314795746	0.286215064500547	0.51355012096248	0.262007816193534	0.303325270583139	0.619772447110197	0.514279690345641	0.339895202818702	0.538106970921229	0.293086080772653	0.452853508326357	0.529733931168783	0.519333823335649	0.767286765313996	0.288603528196581	0.347615156012496	0.418493623246987	0.575152644566095
0.602182788227548	0.537687640655308	0.577123723857706	0.762869179092003	0.701821719318634	0.831979753984756	1	0.2988681349228	0.406461709446103	0.50047101104595	0.23298958144598	0.476298964052271	0.276568616678611	0.543226867527368	0.658094759250317	0.6009190890646	0.295961823217206	0.287049770719999	0.369889996749946	0.360001514014761	0.475809396186777	0.471056698530107	0.392371597534467	0.38063799601863	0.390244133670258	0.46431542836812	0.543362126492086	0.333372044636622	0.427135861184867	0.39314563017903	0.320560545218604	0.298878259972893	0.20359806128737	0.411448011009811	0.841544738336777	0.569989069092459	0.263598285505819	0.163965303901609	0.495214666316896	0.437791784666185	0.422019364384613	0.309716602114283	0.40215057617132	0.526165205512494	0.0921708535183433	0.411558221096729	0.369807004272594	0.730830528795851	0.286326722007519	0.473154265218641	0.587675541974141	0.296899244540997	0.579320086242429	0.698936827650806	0.762824013185908	0.855036712344621	0.284261531257988	0.25906950123332	0.337846859835536	0.3481148847694	0.427578337592143	0.285862158996779	0.433531221766447	0.353581108098857	0.375110527523552	0.433667303282886	0.414413141324777	0.340359454409478	0.460512179740472	0.361760309224655	0.480305803910435	0.547743052434444	0.344677041157892	0.438877465434513	0.309435217617623	0.51030802737666	0.559144018332312	0.417645386253706	0.14108555144796	0.271659341678173	0.413289246250713	0.454400113362422	0.217820087765366	0.273076639224525	0.444291435094782	0.342966452994765	0.148311598697327	0.652826277393647	0.540443592223763	0.251578011710624	0.58493078386108	0.401139899801347	0.484483491899763	0.553581331172189	0.522369303679435	0.772277324261534	0.352832095108945	0.436065424599745	0.401376340580705	0.541018034316453
0.253833602584396	0.140824145455323	0.16231362847236	0.118214606487907	0.176551415674601	0.270101919217766	0.2988681349228	1	0.375095290067929	0.283569313300688	0.367490452921442	0.435244250205712	0.428633400803581	0.360456152021358	0.341069527763647	0.386462012703301	0.515978851940225	0.592338659511563	0.554082889058329	0.616740216010438	0.342488386866808	0.377908871157213	0.432892590788276	0.341476031582449	0.376522188251707	0.350550851110371	0.361205814433033	0.0305010029384289	0.147443931716085	0.235233451596067	0.357104268731936	0.45625046652485	0.409040421284	0.141096029823486	0.205955154535968	0.295786396624908	0.163318384641825	0.144254556008273	0.212181522484736	0.182057014979916	0.129808206049696	0.186157945767087	0.262750055218915	0.20020652833724	0.295733573209455	0.311500546734919	0.400516069762511	0.20647391298506	0.196759418350964	0.346149535456555	0.239076680285457	0.225996006553396	0.295872175361415	0.270945139804904	0.204388561518404	0.301383897667156	0.229745679752317	0.476606640331983	0.53776796468981	0.28885026565037	0.371746698848252	0.339909710730376	0.370015878547858	0.32336622175199	0.292220006498003	0.387287485076533	0.346195305860075	0.514008599615655	0.42727135357235	0.545370179783227	0.3275534375152	0.352942480669787	0.257239344357212	0.413969665879547	0.251101569940279	0.453411852672768	0.193102035107833	0.0624967553258833	0.000122891070738056	0.230620842010002	0.298186622718354	0.407714355967708	0.0578650141462342	0.0440884114478422	0.406162176786721	0.188490699733531	0.11951982358593	0.184928908128721	0.226499183714168	0.235675677054232	0.216993857424562	0.0938303986728271	0.185992757971119	0.272844911156858	0.322347282219611	0.201134313285471	0.189761431930455	0.0424943188614151	0.0780230228063038	0.350790125299625
0.445980786005466	0.483182751884528	0.507766754678796	0.405593395897725	0.322464422629921	0.414927013036284	0.406461709446103	0.375095290067929	1	0.643051096974788	0.425020372732408	0.619537403851981	0.380866346393853	0.513282797913399	0.454646647852296	0.578155130572627	0.276108122952999	0.296354345117367	0.713783604659712	0.494612488599939	0.446448149756382	0.58553785967978	0.638425965147352	0.738252832983661	0.42015503480679	0.587662613841996	0.609028244978058	0.397727230651927	0.350305565333993	0.321458814986477	0.422178813163421	0.519193679694828	0.283897595487915	0.431627557324568	0.466845188376384	0.64878425161911	0.612748742829894	0.304702264834282	0.521646935526236	0.566022880710268	0.500938279270221	0.443198096048925	0.571461477287403	0.518980944965773	0.321595077229717	0.373338596667599	0.421894511305675	0.518249867478677	0.344640804178043	0.576733326677581	0.525248207998868	0.362086289479136	0.559612738463604	0.627059129953961	0.365171563755742	0.511699451797221	0.442134003989784	0.662111684502323	0.679689294548657	0.85920459423537	0.719512024011724	0.621869865118358	0.572306115843535	0.520581910160749	0.557882925877218	0.652477291029674	0.709888519063584	0.387386743281478	0.761352250243154	0.652782523649324	0.451618240086131	0.652839383520215	0.727582151078928	0.551257050164925	0.280773436477602	0.645144771822423	0.51486297053809	0.373386043266648	0.348180324144218	0.458365686257626	0.415789593110164	0.404460202983034	0.393803749422182	0.578020273408752	0.524919843835613	0.521291469380951	0.527616183946185	0.632990218793987	0.484571278652904	0.516977894766156	0.557411165537926	0.475542776147132	0.56918431023258	0.561339767192449	0.501036764125234	0.384612065370177	0.304478739659996	0.489901898525314	0.572271359082045	0.636882311609498
0.427393646682493	0.508684579584768	0.451934871724737	0.53713137987589	0.379104789391843	0.433688832426114	0.50047101104595	0.283569313300688	0.643051096974788	1	0.577992842651266	0.837139799452206	0.524479568697435	0.572699908377172	0.565083615851752	0.547571884633952	0.392890575891739	0.212904541218561	0.537480602608668	0.374246551421573	0.611263609601311	0.745479710608343	0.66694014237471	0.586171514143598	0.287612174368553	0.585055964369509	0.674408407295014	0.416131533765503	0.505589915888835	0.466340366780824	0.370007189564879	0.503672788380678	0.405564087866381	0.570893685321311	0.568930441335142	0.588270424083281	0.492826442755247	0.278861558859145	0.64455613735612	0.662980275474132	0.677408803996753	0.674473111079635	0.622462359472309	0.625397080860899	0.278122484062173	0.415244746582833	0.525280357514686	0.62328017443861	0.527430233541462	0.728148628699219	0.61275378657235	0.427107303588971	0.601224391513333	0.582670862345396	0.472049668658275	0.607127095826402	0.485721521585712	0.686404471289277	0.585881138093298	0.635842592663121	0.767167799055335	0.666525729943358	0.686893454564638	0.618060407787299	0.571216788719062	0.607785298264173	0.562400254306481	0.417136972633612	0.589768047545777	0.551158920521293	0.624547571542974	0.735764780070104	0.584939522093704	0.530001214573205	0.370611984511848	0.630078662283712	0.601820681472118	0.331569381101419	0.435250944353298	0.365541746423934	0.581261526911386	0.590042628339834	0.506652352891315	0.589903068256088	0.632016312537171	0.555037797234695	0.381041081679656	0.643695842178034	0.638220545813544	0.491905504450318	0.655937250423232	0.692647193409737	0.590420398653986	0.495211329134642	0.630210945215631	0.574832403932562	0.495488597568729	0.613012162466069	0.601229843390544	0.660296679747431
0.30367500477552	0.335749306066623	0.283567902357774	0.21976692540985	0.138972120428123	0.128934382061789	0.23298958144598	0.367490452921442	0.425020372732408	0.577992842651266	1	0.62752263736141	0.42707598510988	0.253798775102371	0.135430012907207	0.313728920243563	0.323825201386308	0.287531666065954	0.410024700220892	0.191116805790818	0.421151269258196	0.498142690689755	0.426641997106859	0.351895316330509	0.145578082648046	0.228990893340426	0.463607275013707	0.071455043457187	0.112551972380314	0.110859241424116	0.2930877781492	0.290117499568632	0.238805854652204	0.288709383849673	0.284939164131792	0.299167915221571	0.434289102643164	0.0737402851725553	0.410832848200839	0.343671225475167	0.29723451987492	0.301138311981689	0.354311393082972	0.292362582499838	0.124433978475489	0.260738180733508	0.27537415054271	0.370887539950485	0.242070092262294	0.420029001554013	0.224083103792222	0.253221872967818	0.247114910869284	0.258819013880817	0.152412634788102	0.328314803794028	0.247774229154384	0.522100318562984	0.461177439014952	0.408812688453241	0.428343992881959	0.470468940694909	0.488315256290407	0.361921594845373	0.309472728491505	0.266768518409964	0.286307755906508	0.243576013237957	0.370012789857248	0.378349793297546	0.28307081599396	0.452336788982355	0.421669901484021	0.281184325568956	0.15605335078376	0.304705992554743	0.292260851175169	-0.0087025223820192	0.200195804876879	0.242586112386613	0.286102633186684	0.465470592539686	0.13992123206364	0.296480338752035	0.377753604677786	0.211881237502235	0.372948158659065	0.28491913526274	0.319303752899091	0.296590922259526	0.357024742352468	0.326328855107879	0.314280805713602	0.335092988062728	0.366699658468637	0.216397021297137	0.165752089338176	0.251050842109255	0.245270971879402	0.25560336425622
0.358595021735724	0.469352869358029	0.380184443108985	0.448619574923501	0.276608153895139	0.407388801249163	0.476298964052271	0.435244250205712	0.619537403851981	0.837139799452206	0.62752263736141	1	0.590806504083507	0.472720395400289	0.473023523942564	0.518513877523943	0.468181367602565	0.352223097350773	0.574572314801033	0.407544982747865	0.619014905597751	0.71423751934171	0.650360032439257	0.589924764134781	0.293779285651481	0.474750963751694	0.660902910233446	0.28060521892046	0.382393397434502	0.308948982781309	0.41007354490603	0.510727072075426	0.512758337692299	0.469680294755238	0.498022701470024	0.546956694156732	0.463716835303707	0.218152040105812	0.519968484171591	0.52794779865854	0.538933181022211	0.418497132174356	0.525812970510824	0.525134719542826	0.219674330388413	0.333336997000335	0.546526065633269	0.509880147814284	0.373488162009978	0.604136156260196	0.482370645280468	0.371935918837219	0.498142029336647	0.475562291465657	0.374735374202499	0.562562943225882	0.476412991645208	0.654052551203488	0.569833906425779	0.575888560841756	0.663028710950224	0.581292367555391	0.650962408476316	0.598064278450956	0.486828319729509	0.50365320088544	0.495770650495723	0.411554565162422	0.601692123948625	0.557907006718397	0.581624526808142	0.658112391473498	0.529450264011813	0.529504239347213	0.363556789333875	0.658078628460351	0.587293928727072	0.191424486374179	0.31528142822019	0.344799392526862	0.582684291394894	0.65128438292346	0.300762720016337	0.467545721688421	0.585043984932368	0.417043621774214	0.360992183317	0.522870894476782	0.539015753541597	0.449091348049816	0.53820873711224	0.600557238289266	0.497726959132557	0.42724977210782	0.582126941417383	0.451080626165335	0.37477597199981	0.450431712880962	0.419219446611633	0.548900975309324
0.220488107226686	0.387055699122632	0.223172386208778	0.335696564587327	0.115259308833363	0.316878481855068	0.276568616678611	0.428633400803581	0.380866346393853	0.524479568697435	0.42707598510988	0.590806504083507	1	0.490950612848219	0.312021797351408	0.507484480378142	0.694139309965861	0.451029989986643	0.443601282815176	0.398296553245805	0.513162149562452	0.383728435266868	0.511433797962265	0.45442254852193	0.379582709583535	0.458734328928509	0.531312349160231	0.334898202538011	0.115731429677724	0.528930898618195	0.532751428319612	0.653878464649003	0.759983093024981	0.444621968037298	0.339992179321772	0.44660085688852	0.314221200591808	0.436905977358682	0.420925482832668	0.397421271409997	0.426817911597882	0.494418613269299	0.574177886886597	0.43537004183524	0.527725682259141	0.42070639042599	0.58375561001306	0.289833944079235	0.295913106276107	0.422772539162611	0.350077395988865	0.308014840060681	0.393803453451237	0.288053200442945	0.208882230419854	0.394577261488234	0.648207932866515	0.618237259830492	0.587476747962183	0.362022609177491	0.447109969002424	0.504626293729105	0.351997574875585	0.681497371602545	0.356286484305326	0.341217421270676	0.478629898632491	0.508991070968106	0.325153248426723	0.609623907693473	0.38893495087684	0.33240283729903	0.337420490477831	0.581179411424962	0.553670999001948	0.555343509112876	0.426809813542854	0.246861113827256	0.367900970987392	0.545437209635299	0.517695014745279	0.605996460097698	0.439391576455771	0.480725835734215	0.597989893625277	0.400777662298257	0.247236433730593	0.319715847151978	0.461360815492014	0.605504492304611	0.356249902612154	0.328959641979384	0.420680530006082	0.34500712777184	0.503471102866855	0.253885597307411	0.207468759514409	0.127591404858295	0.356733921545373	0.406579779364278
0.710830469001529	0.539925132266788	0.655507652819505	0.394327960832511	0.47629027413609	0.549050909869721	0.543226867527369	0.360456152021358	0.513282797913399	0.572699908377172	0.253798775102371	0.472720395400289	0.490950612848219	1	0.665705959598066	0.574086100896727	0.505743935179681	0.364250186196063	0.381842068396169	0.457783454356281	0.61940408298936	0.541255546289975	0.629130622995884	0.594399914494945	0.592392572442814	0.692712409715938	0.703219814892976	0.499998432943292	0.433244015275167	0.745431490286563	0.64032534098756	0.67193944131789	0.410725751360472	0.591426469174245	0.464718838175195	0.579361617903142	0.619143509183014	0.543642102953515	0.630037623395109	0.558451178330119	0.60128338632516	0.617184230335718	0.632065881750888	0.591782060522386	0.489474168842699	0.521874422155608	0.60245674975938	0.505459356748654	0.450323090061745	0.594538818713565	0.665596065202533	0.566302897182787	0.701250283399475	0.71595257957351	0.479354327846	0.487920445807687	0.495977742891134	0.597144737740584	0.516545736249446	0.510893188037354	0.663818708779905	0.472449123207294	0.572748918847271	0.571864096898574	0.750549685438655	0.670721971679033	0.726235707395311	0.664828470530591	0.472942950060796	0.599462240669314	0.640055325529723	0.617259924661581	0.469177379024664	0.652490436785469	0.545142661083444	0.696580291347857	0.543866515610626	0.484820214019868	0.460108154365556	0.549261777993013	0.637457789241307	0.567469593210219	0.61357676161399	0.431998633204505	0.683886794212618	0.535457684808401	0.442260875927579	0.488866993574462	0.542899980738691	0.59794480980427	0.56736072140907	0.448391467027629	0.599830007283959	0.615985464067315	0.695421837384846	0.498625092086005	0.33272128121852	0.524411138034071	0.633883617083635	0.707964348139611
0.564386514395265	0.391252159498711	0.448739943464594	0.608865559271959	0.514191266663025	0.61067247390234	0.658094759250317	0.341069527763647	0.454646647852296	0.565083615851752	0.135430012907207	0.473023523942564	0.312021797351407	0.665705959598066	1	0.563634873301426	0.349214893999301	0.233968095516401	0.343463575969402	0.395069156619933	0.45952862333489	0.498972744992576	0.530951555527902	0.383103854180811	0.487128163252419	0.51298598852685	0.567814573133459	0.439618171492926	0.409289392237533	0.505419577502804	0.392909473125125	0.471867788419159	0.27335311359626	0.425124137152967	0.59832956860727	0.561653650410665	0.317008574658062	0.354106382942217	0.552396161695331	0.469767720287609	0.491318459009575	0.53789660813392	0.586346642694264	0.545069998597421	0.306463118213659	0.499430211836172	0.479096421926823	0.550731954581535	0.329244932960958	0.657848222244472	0.645142548395433	0.265617392654703	0.629910311409666	0.625609354556009	0.612582512230587	0.563548647121724	0.320351610610414	0.39876618464621	0.403956143627769	0.44564974052407	0.518869186692932	0.459384579150062	0.566634631287153	0.523337359139606	0.570248967884584	0.57834124764808	0.551264102398766	0.476477928569511	0.442595141609033	0.51461390080223	0.618173771520048	0.56950805452563	0.280431595028041	0.575076753280574	0.426402403069176	0.542640458982723	0.429104794843514	0.385170297738814	0.344527808407938	0.343164654836922	0.572217889521731	0.549884448108703	0.3588969445853	0.383385811864581	0.612651548795079	0.424117015961427	0.18326060210986	0.556218944437093	0.636555900478821	0.454845776943963	0.565496128374385	0.375761073066185	0.520428749884605	0.440577299467034	0.590177837896146	0.571233048602608	0.345051246067908	0.396994347697921	0.443375951397498	0.618165923909222
0.477282204654838	0.426499186371271	0.353417239813794	0.442930924101896	0.49349055932302	0.635432658984641	0.6009190890646	0.386462012703301	0.578155130572627	0.547571884633952	0.313728920243563	0.518513877523943	0.507484480378142	0.574086100896727	0.563634873301427	1	0.524697779496767	0.510647986963285	0.672583481276089	0.543861239581859	0.63558756262902	0.478008476150406	0.558050616747239	0.60475767667381	0.394442085794109	0.534840234556867	0.545778372781924	0.328914462425969	0.307052354940983	0.495435052665886	0.782537332794181	0.623230877816933	0.520066512473618	0.427475208760771	0.739686631555909	0.877226374194441	0.449636399107967	0.380464021210492	0.627213770413784	0.357861485222797	0.48672258351208	0.488380905360992	0.766029747276378	0.498405581953234	0.484895861721903	0.422476272679714	0.565544118717518	0.538979113239579	0.344246720671993	0.596607091906964	0.544816602916879	0.275710531185054	0.647467465363233	0.562770385175038	0.609105184073683	0.642061681242725	0.509576982357051	0.465813280227509	0.574796644794746	0.490686140933483	0.47400797513785	0.438404942140607	0.505537358768599	0.573975934961341	0.415133890758848	0.583623064621803	0.805346629454875	0.609009308419157	0.700039343982601	0.67701061991128	0.519629749422285	0.533452393624743	0.526380854436566	0.507361308851998	0.544826829991446	0.672964327941631	0.437102653341633	0.346457757510044	0.328443384555616	0.722407398285631	0.529406670454466	0.616239251967625	0.359628147479599	0.576246445516824	0.716255004934655	0.306241705514612	0.336446001021082	0.757908835842374	0.654981547359296	0.569057807653646	0.560484939730379	0.282938377038356	0.517964566618481	0.42521722361555	0.587491854489549	0.509234262496309	0.239512186971587	0.258567175357114	0.432203402514237	0.665489481877738
0.333274293489162	0.335521860193861	0.247996051739175	0.166026200284199	0.183720428032425	0.296086264372419	0.295961823217206	0.515978851940225	0.276108122952999	0.392890575891739	0.323825201386308	0.468181367602565	0.69413930996586	0.505743935179681	0.349214893999301	0.524697779496767	1	0.613433047072108	0.416161043318617	0.429392633872009	0.740644127431193	0.380397933761201	0.496908279117604	0.412446689880107	0.453672719432895	0.49711317076853	0.517811300125579	0.241504623641701	0.235916619447603	0.5054684727206	0.648932845884917	0.671638670320328	0.680693678946211	0.366518808895723	0.327828465312305	0.389494706224604	0.343433617944843	0.470534516830612	0.434182741917583	0.281421498235369	0.351043289585373	0.492971761376968	0.56141607567265	0.392836146620488	0.537139058207989	0.393175973234376	0.58436122722274	0.225957632478245	0.185452140164645	0.437625175340636	0.389349991340354	0.376556853813144	0.423128114785841	0.280352478426996	0.254645772881989	0.334404082804559	0.456559064117972	0.472878480581463	0.522417024953397	0.121994347505539	0.443786071445643	0.348905469358887	0.385660363693529	0.559642246701031	0.43535111371301	0.404039879706756	0.527569450307456	0.68270288690082	0.25992818744352	0.503273553759465	0.495507796675541	0.368647507031416	0.201234002810137	0.511558776631193	0.684366415351616	0.502141188237258	0.277367923665993	0.233407429231707	0.29152993803951	0.5367906010948	0.56405409971431	0.580403962096456	0.342692897448199	0.340077150538497	0.616345048787	0.359639873156673	0.214207855601509	0.281601441155693	0.436739854109278	0.532041358131882	0.353841318947654	0.199537143579489	0.355075469344904	0.315448427571367	0.481420140371172	0.203159324172005	0.161522454887748	0.0482211045680269	0.226337504075645	0.434927991847979
0.343109808634181	0.29546317700838	0.216011366934119	0.0543284603654263	0.107559875775518	0.227666300266842	0.287049770719999	0.592338659511563	0.296354345117367	0.212904541218561	0.287531666065954	0.352223097350773	0.451029989986643	0.364250186196063	0.233968095516401	0.510647986963285	0.613433047072108	1	0.482777384622183	0.394895564614214	0.496194073845324	0.292315369401364	0.455607390588943	0.413520474858312	0.379207483315764	0.328306823374319	0.342513063877735	0.131921192671168	0.161131475461362	0.301672036253438	0.622962579654871	0.446999387311629	0.426666349129261	0.0884717298272458	0.288509346836386	0.476690896396498	0.235130498287072	0.178919413010724	0.336189817841144	0.149434931973752	0.19928056798333	0.23600726507542	0.371025485873496	0.2354296410948	0.38886027650358	0.389199132797433	0.411251355532284	0.189890444083074	0.0713000593728868	0.360411363295058	0.303036311975804	0.208718542934064	0.308522190585129	0.292074645376189	0.193144086221638	0.285398284039723	0.347305980978865	0.306559424968655	0.299278225420054	0.144605555048574	0.300504276266203	0.230958326412192	0.274421227639284	0.306022528745491	0.331060520128042	0.386643916386416	0.437037377794286	0.571210686784928	0.366408721201664	0.435008804593465	0.352881064453249	0.321732350007127	0.230449311347335	0.37695483099603	0.425916240828162	0.385305854648429	0.127144089958783	0.157241968707023	0.0757682363990258	0.477305994419722	0.359076130407449	0.473402009866813	0.140574040154146	0.177934074386158	0.453285775381301	0.0460703056190404	0.117598032114464	0.242821432128011	0.335345419283795	0.34914817190469	0.294936383633368	0.0695102560543716	0.246943879413626	0.325191025269842	0.411536536164859	0.147424273435881	0.0814017120875297	-0.00651418422111613	0.173221447553587	0.379677332274312
0.281169358611828	0.362566799715609	0.249534154500619	0.284550512194387	0.277553838082906	0.387358518457711	0.369889996749946	0.554082889058329	0.713783604659712	0.537480602608668	0.410024700220892	0.574572314801033	0.443601282815176	0.381842068396169	0.343463575969402	0.672583481276089	0.416161043318617	0.482777384622183	1	0.519698772711136	0.429299561321475	0.482396782275743	0.518441584754941	0.538467536928916	0.227344200832999	0.436089671691632	0.465940254974427	0.257261507929279	0.298748949199319	0.286332296977307	0.466255491990459	0.455000438490858	0.39880968183329	0.2633572589404	0.450372573001446	0.660511516079398	0.364140563907417	0.0794130095104439	0.417315394041581	0.350694861168059	0.308932325406635	0.324405297211958	0.471763408777195	0.348403632843924	0.301963908294384	0.235410698884561	0.330240374853298	0.452398490651006	0.285925075888796	0.442628397383858	0.402185235573295	0.217062812395285	0.431969500071462	0.43032380491388	0.360934821397739	0.461241741213854	0.361376982238363	0.506930389048189	0.678663639100081	0.604594459128905	0.475765718694205	0.458030639149711	0.430198314904834	0.388793587544541	0.338446313853058	0.477498655961907	0.605599878758612	0.399492340150112	0.808069190421002	0.590944018697056	0.353503103267659	0.461902787523364	0.532092478618318	0.393168302632634	0.24291330399798	0.547133452259487	0.336144944199285	0.241046521042958	0.269818596225867	0.40160702118469	0.286976141701619	0.338514458663296	0.243945970999516	0.381436319963663	0.422791098572158	0.281468645709932	0.291774609464469	0.534673759446291	0.406917485111126	0.408454922475825	0.462184602043597	0.293975990183672	0.387472167032984	0.341415521969594	0.37699068612651	0.376115240198606	0.323665732744527	0.277656459545907	0.293099963838018	0.509684997629834
0.326043793355614	0.168957651784252	0.243457136437586	0.210376964647984	0.346794825549443	0.442402577022616	0.360001514014761	0.616740216010438	0.494612488599939	0.374246551421573	0.191116805790818	0.407544982747865	0.398296553245805	0.457783454356281	0.395069156619933	0.543861239581859	0.429392633872009	0.394895564614214	0.519698772711136	1	0.374759308041326	0.38020127093098	0.470845279339841	0.466006045193252	0.456707826710937	0.51796195425568	0.401292625500739	0.0489023960654859	0.274482532317246	0.431890678496225	0.511501570079036	0.574661943185599	0.420101254012478	0.230348103365863	0.336079450648566	0.432481738400728	0.301135525617818	0.372367005413779	0.22736381135501	0.185702325069296	0.335695569896891	0.278410857729782	0.414117843640061	0.337578609026251	0.524089022262874	0.33834786231969	0.41170834609505	0.282600584188149	0.10903496393078	0.366444111857681	0.36097932952407	0.284099693269243	0.501364387978208	0.401443511927587	0.402552591334134	0.398593286451321	0.438381247975385	0.543550341010467	0.570689028932498	0.439099754493232	0.461788472367997	0.451751560990405	0.473253043581986	0.396852571863177	0.333440953532374	0.547453488461574	0.599245961421796	0.511984914848293	0.506262776415846	0.72133005197227	0.431383926550676	0.524316759865669	0.378128190177473	0.514009913561246	0.520639595700115	0.570834813655907	0.260169236295581	0.0283125805942578	0.276152704569246	0.454818916450132	0.372072872079769	0.480684580244377	0.237344853366421	0.237159869144726	0.632901443652542	0.333012999515619	0.199136397327519	0.359945285077847	0.405977896114637	0.381994496324893	0.181114677010233	0.0538906310879147	0.351075910398496	0.317562488155802	0.456347932352894	0.263497142018058	0.187878589065226	0.221398306571957	0.300946794622441	0.58999199333398
0.504937189534451	0.417440097926177	0.451029366465416	0.269351129014761	0.371387603707484	0.494585007891639	0.475809396186777	0.342488386866808	0.446448149756382	0.611263609601311	0.421151269258196	0.61901490559775	0.513162149562452	0.619404082989359	0.45952862333489	0.63558756262902	0.740644127431193	0.496194073845324	0.429299561321475	0.374759308041326	1	0.58765886443543	0.658756843043126	0.563797229742322	0.43257880517391	0.613967941699213	0.694921023389675	0.243737863894384	0.40561434496296	0.505527712209996	0.686638896949369	0.687244909686031	0.574096728773444	0.473308454120524	0.571994354428292	0.587824871081511	0.568169068546108	0.498340698716576	0.6271639596818	0.465321334203473	0.471645875056191	0.607320575445818	0.654507882420397	0.60659987316263	0.473469642331657	0.512737109314042	0.677720739301477	0.404494527433404	0.266925677811158	0.709134424422385	0.511966615808105	0.413712466014758	0.589242899395873	0.525006654087376	0.463339439575937	0.514457072113183	0.430489553287791	0.481939048974656	0.522433323490316	0.286240018688549	0.599146710298945	0.429266471074824	0.601173081338391	0.594817903455172	0.5521366378235	0.560758565080956	0.658821485685605	0.684768696010823	0.411265763600525	0.519083677776115	0.672505405266505	0.614519838822996	0.381505051020608	0.501361522405775	0.654128863147768	0.627692336815063	0.453366375279722	0.266425611163462	0.396781236893091	0.603563767776716	0.697016620474257	0.70198264189658	0.441328475604821	0.471978698625303	0.706604688714907	0.40441664993614	0.41210063658393	0.559728689198079	0.611048273599583	0.529132596867235	0.544071924997569	0.386099418265753	0.607939002571431	0.44423568309776	0.631660804117326	0.383053490617984	0.202063418970511	0.245528931833353	0.418404517274198	0.606019482510608
0.438923757669852	0.464152459411536	0.492482244432856	0.429234193010894	0.378767691776019	0.386511164336924	0.471056698530107	0.377908871157213	0.58553785967978	0.745479710608343	0.498142690689755	0.71423751934171	0.383728435266868	0.541255546289975	0.498972744992576	0.478008476150406	0.380397933761201	0.292315369401364	0.482396782275743	0.38020127093098	0.587658864435431	1	0.641847514438901	0.606312114902456	0.370869352111519	0.595182578596572	0.741198665585064	0.33297359517992	0.45834638480435	0.446673075753725	0.38760977744517	0.520083833345544	0.322147475888429	0.55888007188749	0.510465638876105	0.546340919165069	0.560765347994086	0.306903647270394	0.6106092575297	0.668540451373259	0.603273565927054	0.495424132344526	0.541458302005346	0.615315628304036	0.289458927418094	0.451097785794856	0.537148051377786	0.562064733433058	0.462970721628873	0.657359044590325	0.657826856178256	0.44255112966097	0.553623804909349	0.633624198512854	0.483913580065898	0.567512988025471	0.505505386013473	0.682331298331614	0.542747402795555	0.563962367454359	0.721662426860553	0.515250660888111	0.62214792118384	0.492331833744282	0.543317114678292	0.562938882634006	0.525111848327536	0.386847972507967	0.545533595655339	0.522795386314681	0.577353412703996	0.696441742529163	0.568304871470202	0.505998263682401	0.352779325433847	0.648874433079977	0.628999480603046	0.357535279855504	0.423459636570021	0.356013092340811	0.536322788859818	0.555257307270713	0.388012307922522	0.480399059796021	0.615718933282784	0.566743291436515	0.468391655694374	0.596569382898578	0.571489675552203	0.478083589374281	0.58106272956557	0.671178197489993	0.588625605252893	0.566753228856467	0.623249770753882	0.528495779519346	0.440667605907547	0.548662698800917	0.536206764786077	0.589478618150753
