1	0.878125679618015	0.889322142113603	0.862405300197711	0.836239246859674	0.619837434686574	0.693320835746045	0.145428372691092	0.284270058823464	0.342707219976172	-0.0244713287358738	0.173015942964989	0.188680876735799	0.562067734803141	0.51678590204584	0.525852347332286	0.0721182476944406	-0.0549229720452089	0.152359188241801	0.0894884653748612	0.185036672590403	0.230681028603278	0.153488966851878	0.31560582777769	0.107668043439434	0.142153619363333	0.199736149205272	-0.0334843200260275	-0.135625342914409	0.0457886868448016	0.122818678407955	0.0221947893098829	0.306298656835137	-0.0195759441500368	-0.0612076173871137	0.368066217301337	-0.163592374393454	-0.205598180992038	-0.245221031085732	-0.0180084789777833	0.132682409957965	-0.016264141084489	-0.249172858336776	-0.0624186117831135	-0.170890875126809	0.193278712745913	0.184361160398266	-0.111362966976698	0.395696559536496	0.144125526272498	0.522907041141597	0.873603623399943	0.333782741406085	0.68562468508095	0.293699458934131	0.690431133912135	0.441528477022422	0.539091084686312	0.408948867605536	0.294592945720567	0.42938716661167	0.20531188350559	0.236841493124848	0.0766818470178316	0.271645382680555	-0.33985727032508	0.225910627304986	0.219834612163489	0.475360297799712	0.182401956500303	0.224881274192296	0.315968087161139	0.341675137196658	0.0381175496196795	0.258612255224738	0.175158540702373	0.0773721451006947	-0.0434945487702422	-0.150925494972603	0.216100895432117	0.0125775540695733	0.0502365160588822	-0.075467883780492	-0.0866441807453333	-0.193829527407628	0.0705601619779874	0.00792264007055491	0.286805605141612	0.368740649624514	-0.286056719484664	-0.262370832971039	-0.0633087330452151	-0.171132164871192	0.099922305284594	0.0675394051397255	-0.0605156311567883	0.217000049990389	0.360422492980923	0.404184643148313	0.391084626223906
0.878125679618015	1	0.883673246878686	0.886557838033947	0.758154779650466	0.593988484951799	0.774195722032837	0.130604967981919	0.234074370635339	0.312376717175776	0.0132235265310201	0.169665752567983	0.14184903537673	0.51195866288374	0.604643541552726	0.515984338383957	0.0393951986482642	0.0336761940275542	0.14832897030176	0.0800765586480969	0.132110181384778	0.225777688414386	0.231403586160248	0.337175908473869	0.0763235246820155	0.175009739408232	0.184772472260298	0.0420340423859141	-0.151478031212092	0.134982735133657	0.230380770005727	0.0599422361466869	0.249954342390828	0.0761748961866754	0.111276310102116	0.470668427463916	-0.030765694034363	-0.194684252421191	-0.0984283018421291	0.10955761447795	0.0790783958098296	0.0564881511775556	-0.131637282934638	0.00224641255882037	-0.0850950789100627	0.228585827898799	0.223866416317017	0.025950734113593	0.272819154900335	0.234450977389888	0.478105567938308	0.899822264502093	0.462817624331909	0.605360474245767	0.36098617604081	0.707418399921585	0.396907074150361	0.358023760673787	0.230087983753996	0.162709389023515	0.391228916559155	0.129987733268035	0.216622572966768	0.0744730528409561	0.369804765703668	-0.228948648201273	0.263783835975033	0.129149286366008	0.3837760897972	0.115262351526612	0.165390670988561	0.331049962578816	0.253519174583728	-0.00940933911701452	0.168122625053002	0.181830178803841	0.105488697491085	0.008142161348121	-0.065485341974893	0.131966195049117	0.0382879119768058	0.100306010984974	0.0506404409540214	-0.0280999050041256	-0.116572962647601	0.141806049380636	0.0307954976995917	0.36772067943846	0.291892060704002	-0.218278412974446	-0.102385174381614	0.0401696668151565	-0.110723838434213	0.117473461149787	0.0897639149731362	0.0303843656659044	0.219737934766258	0.306160660408628	0.386484599917941	0.305067076773167
0.889322142113603	0.883673246878686	1	0.896880057369944	0.791289021975492	0.677537693444104	0.757730826557391	0.0336084719547081	0.220979288920202	0.314869877211191	-0.00585070053373227	0.130267082584201	0.0686072694442183	0.562060481002723	0.603389768064109	0.496837383429699	-0.0646327555229343	-0.0906163176188553	0.0835897287208433	0.0273251158164402	0.108006339570464	0.204866997579099	0.109393295315023	0.287539630034947	0.0876608213879533	0.0620157382403427	0.163018101529909	0.0234295956917593	-0.134725717337101	0.0553921102021869	0.125010209682719	-0.0624621342571127	0.251993106562536	-0.0191657421579546	-0.0177673350276981	0.42294102629822	-0.11846999631942	-0.279217606450369	-0.179375372311519	0.044255446260047	0.0875725491954968	-0.00107052528394726	-0.250637684591145	-0.0379488168541404	-0.224204991071849	0.113691747543708	0.192690487675756	-0.0562635050033268	0.363069490835047	0.142074499095322	0.504443135756993	0.898099231764376	0.466360878651653	0.746459730867493	0.405637438333641	0.747648895151014	0.390941957367255	0.387671596988659	0.327151972558382	0.191624919596197	0.403415391319874	0.186950791272663	0.186196589161658	-0.0262829049626155	0.365681682154033	-0.224919858595546	0.220761955083925	0.110286433826348	0.428732189387031	0.14122019092197	0.120744523935746	0.292441244736458	0.297807880556362	0.0412089983725066	0.137025911818267	0.128870758122735	0.124718288277162	0.0301671767990706	-0.0879687338745341	0.107217239141449	-0.0578041705111955	0.0887460209259615	0.0579031993545077	-0.104242263558265	-0.183667877622257	0.115071621434683	0.054964756561845	0.333478810144031	0.31241772235425	-0.242371031878816	-0.176383364943003	0.00109885389350177	-0.0966617486199112	0.14354959205018	0.172441566284086	0.0626559972064293	0.278306314095676	0.37114952254715	0.414705145643251	0.353722620174542
0.862405300197711	0.886557838033947	0.896880057369944	1	0.805106822196185	0.663108406600412	0.816610278821622	0.120018640475067	0.341677570787737	0.451019237685945	0.0405251956342834	0.280363671420445	0.192017263489179	0.663668066510796	0.769267609460817	0.678202061560293	0.0125938471744182	-0.0449782746883531	0.211977011731922	0.179469546278371	0.260448263891764	0.234550026072887	0.26085115808997	0.377719372873173	0.182866709392321	0.200924001664301	0.238443724898232	-0.0997672960744433	-0.207578988555425	0.0685820792391345	0.255129090913423	0.0918565311646406	0.374709911859503	0.0196995079167612	0.0860423155589904	0.537712871114058	-0.145943106459738	-0.213958676497267	-0.150850790370951	-0.0157334088715606	0.0769473819186901	0.067695799842995	-0.212314334987512	-0.0623691965824079	-0.172672400443827	0.152409255461365	0.311879375942534	-0.0572705901861567	0.342891830217833	0.219865912567397	0.515186618642471	0.908809941020832	0.548733857934166	0.737813773892674	0.400069125143874	0.875809054856826	0.54846469549008	0.483106783248162	0.424493117142829	0.314417732581623	0.466742565007945	0.273314007653328	0.365549978039341	0.132898636721535	0.436225320071753	-0.238597148954357	0.380389472092104	0.23700033034734	0.536289777247156	0.2607775267068	0.276283109553428	0.467485628256965	0.343428089566073	0.14051807358416	0.252538665692172	0.245168226013377	0.148539199917567	-0.0551020271315461	-0.12797127204336	0.23934319853875	0.0626254685183812	0.197816327915125	0.0157698681865807	-0.0191807373339285	-0.126410016066029	0.140546414247325	0.0333573229092563	0.483023388800102	0.458489537065567	-0.20998038749614	-0.143658352182696	-0.0467056071214045	-0.0980229619925256	0.054802814110227	0.224427781671248	0.101222304732525	0.216928375405885	0.384944916221627	0.486982346017666	0.489284385829666
0.836239246859674	0.758154779650466	0.791289021975492	0.805106822196185	1	0.77362010941664	0.668187916218029	0.173799553504927	0.235890958959039	0.401045234293727	-0.0193639966890972	0.277323359901084	0.196076998718638	0.574484154159928	0.580128653936468	0.504044847635429	0.0961360588450746	-0.0224820168396873	0.157634886641075	0.131897203545932	0.247042252425943	0.261547970042188	0.249766285959463	0.411704878400147	0.190624130210482	0.195718897089965	0.288330942697278	-0.0172992464507947	-0.0503053688485066	-0.0116463288269408	0.132084228509839	0.0412200375095402	0.387646257874054	0.0130304939232816	-0.038504219978358	0.406908904385688	-0.131663544584655	-0.151847877384094	-0.185293153243161	-0.00727360621846354	0.12960256736812	-0.0122884647183696	-0.250962943165125	-0.0479048371759158	-0.150627416038618	0.195487051901796	0.224256165073284	0.0225753505625029	0.438267987033715	0.193120601311035	0.543748207353721	0.827410967099196	0.435163322810609	0.796073354277779	0.508096460937369	0.698035515127851	0.380043212889203	0.465424677912219	0.364465682415256	0.237614143439647	0.529789048861402	0.221902706293711	0.332202148989244	0.0674432576374735	0.314144024207306	-0.309379786366623	0.239549735790711	0.239554434462304	0.491844538100699	0.201721391749743	0.323707195456643	0.400989036696933	0.378190705113725	0.136392434820147	0.324453841143149	0.171217870542919	0.11025291271922	-0.0828729202119348	-0.0932941675703185	0.264618307857554	-0.127784004875029	0.00750071720369855	-0.0530342905477083	-0.126666983286764	-0.202746904642951	0.0567540494513764	0.0432395488651702	0.340878261890365	0.406342697358362	-0.269420390636359	-0.203759038233553	-0.0477046135018659	-0.187423762759732	0.112952041468976	0.0481592470733291	0.157159439325609	0.238022105431932	0.449465504344199	0.490529881647611	0.525119990563093
0.619837434686574	0.593988484951799	0.677537693444104	0.663108406600412	0.77362010941664	1	0.762198039104346	0.229317830574612	0.423135912895072	0.425672406939365	0.185867540677105	0.365320270328349	0.216966110475259	0.580450131820934	0.551423474291238	0.582020657096488	0.0834946471911504	0.122707557137993	0.347904172453839	0.331784988639624	0.255716670268202	0.332188592653185	0.316036430701403	0.444440088492523	0.355066630747117	0.121991251444879	0.34554695831974	0.204853425984859	0.0356989126865144	0.136892459831281	0.359526569102446	0.2562258501767	0.503811942302888	0.201165563819383	0.299885088779057	0.54296417159695	0.151850450008701	0.143455707056915	0.1999616773446	0.200239411378818	0.279299222590139	0.154773666900792	0.0999153538485613	0.145804926568673	0.146776474421799	0.261666889138301	0.399612298002443	0.409573126628975	0.445573618072862	0.236692781627473	0.407538590846013	0.690613436040367	0.584022148719643	0.891870203537735	0.684274124099476	0.707981760339286	0.431254805872662	0.42307445385172	0.432854786035217	0.41763395981387	0.493046014123326	0.324111502791029	0.380000126554849	0.214030352093505	0.392878806495075	0.0740275265121022	0.486903180909564	0.279621573658587	0.568117169955857	0.34746786324455	0.278478503543547	0.4566854060804	0.378398865350523	0.338001454505715	0.231495473154672	0.225322094906044	0.293780773258009	0.192683834503492	0.0416276147588398	0.332341951873437	0.107019084436485	0.324521439321453	0.247208898057578	0.110636566818653	0.153691339737309	0.244541657602179	0.266761366285642	0.543233769896081	0.232913461339227	0.151880673464619	0.194451280623213	0.147716475217492	0.0886519877190687	0.359001622862585	0.42701721132015	0.488347385088791	0.362255033315383	0.495787391130674	0.459094282560884	0.351978745012311
0.693320835746045	0.774195722032837	0.757730826557391	0.816610278821622	0.668187916218029	0.762198039104346	1	0.153401387414652	0.374876190106498	0.295301021606702	0.0657751467549607	0.240603424783398	0.0463162410571468	0.489408466770786	0.622645295137794	0.671749693881456	0.0363713927378486	0.0851304859710717	0.301455412143482	0.328224323592041	0.29307796634104	0.22769831195979	0.346965047728912	0.502305890529387	0.323397339120915	0.346291828496724	0.331892760258823	0.132123005933487	-0.170982754841279	0.238634228697621	0.428628232115357	0.273421632625667	0.370686186428045	0.271747451326364	0.495769570059545	0.731905809731224	0.196161056409387	0.143322316240994	0.216586438200126	0.180377508887707	0.309957129954563	0.225881628162109	0.197155373412416	0.220695382702362	0.23062989895397	0.314052681567288	0.515153206682254	0.293439043757738	0.313318228034904	0.429299558281369	0.277201613671721	0.739066723672067	0.522052578398503	0.69357280054061	0.513893835622431	0.86694615087413	0.429414693350725	0.384420468160193	0.449944626192986	0.332574975337638	0.398300816595323	0.247576713221724	0.333335370247677	0.136050249829788	0.411819387508816	-0.0200753246025919	0.566706528766329	0.0923315053914672	0.588973203837324	0.393333800734716	0.201325233059826	0.476033936448171	0.358972783875768	0.259393145156888	0.259087831641975	0.363875483271364	0.330379717236834	0.119019702102212	-0.0633529777879683	0.314199239440628	0.264195629398215	0.322677848781273	0.231602693017679	0.273080265095383	0.150614909556247	0.361397970859009	0.276273820489259	0.652576345608226	0.405340576991964	0.117964582800039	0.234354800455362	0.0962975221682872	0.0781620350369542	0.282157386235889	0.3776833202598	0.337467496912753	0.225558058088073	0.482386690833212	0.384118543189623	0.282180123882144
0.145428372691092	0.130604967981919	0.0336084719547081	0.120018640475067	0.173799553504927	0.229317830574612	0.153401387414652	1	0.719920930208976	0.458976828339604	0.296512488107908	0.621026385910495	0.396543545700348	0.227433126852014	0.114183739584879	0.371905806093175	0.602337972565297	0.601326526700032	0.777965841837568	0.676403096531843	0.307972502948756	0.495806072860272	0.46502906656633	0.428936196841711	0.578732159268258	0.341878491005006	0.386155250558677	-0.0493518074326095	-0.0370387843797248	0.0964950053979161	0.293058295833917	0.256140304410812	0.479451591871369	0.164728528963949	0.255578536742264	0.41398168839929	-0.0358232405793427	0.318076102288671	-0.0395384439234313	-0.0316966377503407	0.172294025552683	0.164285596619964	-0.106752334464925	-0.0117967245991032	0.233357723835424	0.387855386324079	0.230253058934652	0.0357634853021645	0.0406172833579922	-0.0469115132914827	0.103645407115967	0.162519061109929	0.133432602335056	0.247967626350447	0.140462125075553	0.182784602084297	0.332534338270134	0.554264940998838	0.460081105824353	0.590812154388133	0.606151917117541	0.43570739137636	0.481131659883782	0.464779714860194	0.225641745555309	-0.0323628719564684	0.481515052528078	0.508261732683554	0.636829860900729	0.502595253767884	0.654966081247418	0.512220802930569	0.41827640310109	0.559797579700458	0.699125988866804	0.408428731077244	0.18889354355197	0.147284824013025	0.124569779847499	0.730837340186799	0.188890491951056	0.193288251301441	-0.0132104952203138	0.158470736609115	0.166039238399631	0.158505307999389	0.0617661398255479	0.338339574845301	0.374125044419822	0.28206835443069	0.0598947610251347	-0.00627049770446748	0.0228410708842686	0.166739055329536	0.0931718121518806	0.140252623389057	0.0833093075044766	0.481905243684067	0.311663434290393	0.398325296849012
0.284270058823464	0.234074370635339	0.220979288920202	0.341677570787737	0.235890958959039	0.423135912895072	0.374876190106498	0.719920930208976	1	0.538421978477381	0.467934643059716	0.596583141083098	0.444332717532426	0.376747053882797	0.297976092729249	0.570416291345222	0.39308754340615	0.376162559697254	0.839721816556286	0.676519252238513	0.386188199690527	0.505827308024736	0.44275904112903	0.552875846021984	0.68274379643395	0.314696585249822	0.370366677166508	0.0445141853187787	-0.222623339563917	0.0622334609940782	0.306068059092947	0.35722961625618	0.525688982493242	0.172946665901624	0.346276774045185	0.548041790086064	0.101420253827066	0.348266342582532	0.131530666861739	0.0409292159677351	0.164421870436713	0.292112256504246	0.00864047874928659	0.0857399631473196	0.215787397011896	0.295734361207202	0.365808057672258	0.147753823175991	0.153850348096022	0.0588310256982587	0.157260087181695	0.290907243311503	0.308491650697235	0.418144439953399	0.270107928380533	0.443389399674412	0.506028443311445	0.64338831473486	0.699565745497946	0.892624726395888	0.524227160079624	0.507792534543703	0.544976983980772	0.51984350662611	0.214097964154015	0.0944188921516275	0.568648761273786	0.523006604852774	0.815315600876257	0.583038294723253	0.491811889085807	0.557734567367079	0.515868848722586	0.618439071169016	0.509148338703835	0.425932895672068	0.245321919153319	0.165586883800908	0.0132006390831191	0.611109534049152	0.341183267866887	0.423409907244859	0.112763282961552	0.205774483469236	0.269833302879462	0.19952952250681	0.331020956818738	0.56463470131939	0.344047846846824	0.433990908093057	0.230468137656838	0.0506735225359827	0.196649377378476	0.180518341175465	0.3971287147713	0.264188902689602	0.0866149506060148	0.492365556181243	0.412803850720206	0.32320735576959
0.342707219976172	0.312376717175776	0.314869877211191	0.451019237685945	0.401045234293727	0.425672406939365	0.295301021606702	0.458976828339604	0.538421978477381	1	0.478550818062917	0.778212175575606	0.36946623050459	0.319871014318945	0.37846929165866	0.415771504417085	0.218963569234286	0.0973823182956484	0.397013314038795	0.299717645824594	0.290281596122077	0.482751489647137	0.259631771832215	0.252649258729478	0.392074715744513	0.244123911587211	0.269977430756997	0.0390849981850417	0.0720506926515133	-0.0576240750561725	0.0125192396795367	0.0907060845067376	0.332509717784035	0.0397034114928797	0.0942932625702071	0.326388583796364	-0.215800414328445	0.0461328835280524	-0.0333590208588242	-0.0727805917702408	0.136975490694959	0.202537307121616	-0.205582543156542	0.00182595077032863	-0.0751335927108093	0.198899786862225	0.160415445358507	0.0166766353716103	0.0794436304154044	-0.0170963010445301	0.419097889063414	0.387765261679501	0.327290597504164	0.530038797697558	0.377088518104691	0.44036038753852	0.566202886404913	0.574601553910241	0.46189586542912	0.523318197885231	0.716784319530971	0.428186315354534	0.606257216511094	0.432425182804585	0.334134120694483	-0.0130729406260924	0.277062430393815	0.462376082387408	0.561875708310905	0.25686455675986	0.491018933455907	0.518639913787117	0.33024883849416	0.404477626481158	0.354890979192614	0.174929352103299	0.159310879075554	0.0535218121086456	0.127946368369243	0.351969213627038	-0.062917207189546	0.102398454362221	0.0624166883515383	-0.14196296378494	-0.0448895432449397	0.0374973193714907	-0.0679090047313171	0.33156806928405	0.260333030038862	0.0267323261480418	0.0440661715203217	-0.00612839872761095	0.0761262350937754	-0.00620036005328253	0.194133278933835	0.262199148392299	0.192396196550002	0.455008803932537	0.529843256019664	0.482944066475865
-0.0244713287358738	0.0132235265310201	-0.00585070053373227	0.0405251956342835	-0.0193639966890972	0.185867540677105	0.0657751467549607	0.296512488107908	0.467934643059716	0.478550818062917	1	0.498469950848513	0.196209174780508	0.14928309404958	0.134379322329723	0.199145704173309	-0.00478887954460113	0.0441836259538022	0.417281022099866	0.178218373176293	0.00335846986151329	0.515887953381311	0.265673751601515	0.0354745418644073	0.210474888381039	0.0620843262775653	0.118521617007142	0.111265824002302	0.00827978516608092	0.0856322837013429	0.0141527717894303	0.0655063714829491	0.100837581326862	0.0764020593032415	0.24951350042279	0.170537653633118	0.0294527426141631	0.162302542532433	0.271279145963577	0.168375859258966	0.0878599665669383	0.210815081453435	0.0358267998722666	0.0909420680092955	0.0513370753976725	0.0753429806166793	0.0974371582556505	0.260116301922648	-0.118586939071685	-0.0145362257172491	0.0362790128849849	0.0914827974001807	0.361258051797689	0.140387479646287	0.193131080824712	0.171300379124691	0.454607372631782	0.346750860100838	0.378185405257155	0.382372684583245	0.32409239710057	0.234872679546115	0.374511798610359	0.304393409178187	0.270469235270535	0.301505012333192	0.293000537262229	0.225585191265405	0.322464139470581	0.229401423065365	0.051062078438957	0.253848571904977	0.0305311964884516	0.242484093328391	-0.046732303762254	-0.0317989439291467	0.159512731714271	0.261335983676178	0.203438273602779	0.169285374488894	0.0733602953244439	0.221195319128488	0.306744059681592	-0.0441185318325555	0.16438615346107	0.138555546225093	0.0709370763294252	0.1791810436236	-0.14649166019922	0.273632506989149	0.301223835242364	0.202193903642934	0.283763773344688	-0.0629373261816767	0.327921081895344	0.376910095667247	0.128382200763733	0.127975327351397	0.298174984979918	0.0197463086315848
0.173015942964989	0.169665752567983	0.130267082584201	0.280363671420445	0.277323359901084	0.365320270328349	0.240603424783398	0.621026385910495	0.596583141083098	0.778212175575606	0.498469950848513	1	0.428208702980972	0.259694636258521	0.263254041366909	0.421500848272855	0.430412440204723	0.321851668352464	0.569484755738128	0.492525021304413	0.400358179109558	0.457946291239017	0.459787816818986	0.243701232262482	0.558922364687515	0.294713243919765	0.419506285434642	0.0689589929234891	0.0717827554128939	0.0803330131987878	0.160515010979603	0.216581193825822	0.458518760807939	0.136477281668236	0.289458565198058	0.36416630134522	-0.100776978748295	0.251406673806471	0.160861757512917	0.0418856077905008	0.163065522945491	0.255395125062688	-0.0388496382173841	0.0775961461600881	0.122364847133647	0.32081251031239	0.293826231966539	0.159028724228729	0.0887233510068681	0.00358980390761558	0.177459412801019	0.242575435204297	0.305559763179624	0.407807001005419	0.386986920125836	0.331834379987927	0.408884903010441	0.465619965788811	0.422837431660476	0.579431193606998	0.686595900281734	0.535441036032158	0.648139912596246	0.441487503994607	0.353938026509417	0.158887698461842	0.411257469957946	0.343146334664659	0.601798363084927	0.398955208558256	0.586913885959068	0.542771758394875	0.354742806085101	0.585977224331723	0.488486550448452	0.362982628969209	0.314127100347746	0.225433563559525	0.218712470011335	0.445951532024936	0.163743033680381	0.231980122208755	0.173473902491572	0.0347689722155085	0.173575852866826	0.16794750581186	0.0102860203352978	0.422616370559483	0.333382823829743	0.239036371434478	0.215227786302308	0.100033125687792	0.180299731334905	0.101689815211534	0.269441481611604	0.353313866147569	0.216589373344684	0.497695350926436	0.37956374551156	0.446916409080018
0.188680876735799	0.14184903537673	0.0686072694442183	0.192017263489179	0.196076998718638	0.216966110475259	0.0463162410571468	0.396543545700348	0.444332717532426	0.36946623050459	0.196209174780508	0.428208702980972	1	0.23665327472162	0.055796241695859	0.28249975152432	0.664153411389233	0.411547262570461	0.319637877720394	0.287176287224288	0.543596115250744	0.201835431944797	0.254622762622187	0.343391663450032	0.296891162485768	0.0465269653489391	0.219044831937679	0.0103708161194929	-0.0702304051190259	0.108557637821901	0.19797097621523	0.34756504982881	0.524905539835932	0.0976476005508752	0.119422254123316	0.222416399916199	0.106643020602397	0.087188276984808	0.0920384496299073	0.00690330540535078	0.220610211782529	0.24533039150229	-0.00200303613637961	-0.0413836318089575	0.090007504097068	0.242112357912468	0.257622755783412	0.147432755534405	0.271943351581052	-0.070405381440054	0.174006815110505	0.169774929681387	0.27415794158609	0.238789675261669	0.128497190929387	0.142613810776784	0.358232207177303	0.314234611055273	0.242568244049574	0.429896250211186	0.28130260976069	0.341800596969674	0.373019699850946	0.649178977136614	0.241978193919438	0.0841703843868801	0.270304694719193	0.69561526465525	0.379426626522666	0.204016582011351	0.517371545751928	0.229957839443246	0.283279261143662	0.28116353300895	0.434079620117277	0.364109026981904	0.0828886992490869	0.125351877256063	-0.00863916810299967	0.401388976655683	0.302449427007079	0.416466087103709	0.144457609117175	0.175490017744473	0.280299574211971	0.0463350699165336	0.308277788585655	0.240997593710895	0.324245445600769	0.201311718121417	0.0538611851989193	-0.0124737600923406	0.0969021572175258	0.155779128150899	0.325151462374591	0.0791605278064757	0.162233890553419	0.391943058865526	0.287885632372031	0.323038233612148
0.562067734803141	0.51195866288374	0.562060481002723	0.663668066510796	0.574484154159928	0.580450131820934	0.489408466770786	0.227433126852014	0.376747053882797	0.319871014318945	0.14928309404958	0.259694636258521	0.23665327472162	1	0.814564474397259	0.701108383298449	0.0913249005001217	0.24107167451034	0.361163730261912	0.404007815750946	0.291697079802462	0.39630533621676	0.451864142254912	0.386532031650231	0.302011569382543	0.229128046463022	0.452052371979582	-0.0599716679713675	0.02415084784188	0.362360639250187	0.541406217953019	0.343676491336398	0.584590684368719	0.204548748213002	0.0435900549021947	0.420518349522784	0.00535941172160491	0.0354180253735218	-0.096812933756221	0.167519100506567	0.230093954128915	0.177728945054523	-0.0753584613615088	0.117246573480385	0.0880306793172205	0.193112086351101	0.435309970921703	-0.00663227769159137	0.453193782506589	0.299013325597757	0.519092877788569	0.691347015986542	0.536076497209927	0.633225548710052	0.391345996096103	0.643796791089828	0.561302799421832	0.453562618470713	0.364820765283536	0.342829682438046	0.333148894504862	0.271557593129229	0.426210676087274	0.203298943460099	0.623872056027328	-0.0809930061577131	0.566434541162009	0.289426988606286	0.404534358429091	0.488096003675125	0.349597561174015	0.538533226456549	0.366872885827411	0.340075176991811	0.229579644095966	0.219955528195838	0.35335085712982	0.109554229424188	0.143300014513351	0.379492265231159	0.161411577157792	0.478874518709792	0.103999902373163	0.145860428937316	0.103390656632527	0.278177711965445	0.129763242852435	0.407717619790489	0.374371396965285	-0.00733308629637779	-0.112074990090492	0.125745814195227	0.126899267980904	0.231602902858112	0.389278791532595	0.14409762437106	0.411637252943087	0.342545163869492	0.311857697733496	0.512561935023851
0.51678590204584	0.604643541552727	0.603389768064109	0.769267609460817	0.580128653936468	0.551423474291238	0.622645295137794	0.114183739584879	0.297976092729249	0.37846929165866	0.134379322329723	0.263254041366909	0.055796241695859	0.814564474397259	1	0.752433965489662	-0.112092428054843	0.0722407635985005	0.307136401505172	0.299640673174986	0.224511337005141	0.386714863058247	0.466349743858075	0.374731872715954	0.192419843804111	0.248133818144623	0.31964498646821	-0.0689863112835262	-0.0188789191768944	0.309632726738505	0.489240061273992	0.202078171243496	0.391793552768259	0.180834435054035	0.165952997262376	0.549814080192812	-0.00179921340659161	-0.0558695131170962	-0.00943800799599678	0.139039601668364	0.129503656984884	0.203848924620487	-0.0428834995925493	0.0881905374029691	0.0110184020381154	0.156444593841788	0.358088242768248	0.0377660191056338	0.2465249716186	0.437915998028581	0.516364273456602	0.707658163022056	0.644453527621335	0.601154153934965	0.488244930764028	0.776844157679603	0.56516265096002	0.392488561277627	0.334077795322628	0.220565498433228	0.320614741143376	0.198977507793825	0.452966658920338	0.0831660820359371	0.63659597850873	-0.0711060270183809	0.535109177842896	0.125813836548273	0.370362221438941	0.478737016834758	0.24428327947395	0.54527469581677	0.285194798616875	0.261100136000603	0.119152447675757	0.157049832944742	0.30618002774937	0.042754675674789	0.084483263123571	0.277277471587252	0.0367404358546396	0.374816473775136	0.0989852883883428	0.0938844540414401	0.036032548422807	0.234686827452083	0.0466889522057619	0.539490628320361	0.358859019605712	-0.0599429729940158	-0.0100391985327524	0.110149202624183	0.094269421313474	0.0768178810495374	0.294070895946951	0.192653550596814	0.325551173540674	0.223565806203662	0.379265885665216	0.47206803050294
0.525852347332286	0.515984338383957	0.496837383429699	0.678202061560293	0.504044847635429	0.582020657096488	0.671749693881457	0.371905806093175	0.570416291345223	0.415771504417085	0.199145704173309	0.421500848272855	0.28249975152432	0.701108383298449	0.752433965489662	1	0.250557800213102	0.308247988089032	0.61446144748883	0.536877114495338	0.438250263748526	0.418692378160403	0.548048434507537	0.546815799697271	0.435477221160418	0.325268682747786	0.437725185674659	0.0218279256094482	-0.13842331318903	0.354204190815677	0.67527793831246	0.409138028223813	0.531275082450149	0.235866836557245	0.486824610917859	0.780468846769081	0.102566268252578	0.189477205467745	0.150642626458271	0.124704834325817	0.248330702239688	0.209163423704168	0.158063123079349	0.136156155476924	0.216434579634278	0.367641848636668	0.522567880013131	0.186020045618518	0.305986398909185	0.362192457234741	0.34491835401208	0.574131676183555	0.587556532307523	0.605593313835405	0.448192369645401	0.769310443089081	0.577921997001536	0.582080198593852	0.526372452901646	0.4991889522993	0.376490039205058	0.373981246335213	0.589174229077007	0.377407009534212	0.561372110534351	0.0324530307979137	0.789946082068033	0.30901194902299	0.668061667796253	0.676998040641361	0.415818082985955	0.603369983186361	0.361097670824033	0.477806476064322	0.360421286880169	0.487081509505619	0.401915168769134	0.240543652411529	0.0328166118452728	0.519385820557766	0.397962933415263	0.620469313533904	0.161764631644204	0.349234817982604	0.334569354501237	0.392544138614672	0.168374990631788	0.75229765389157	0.477423350174182	0.247937757731631	0.140534987979545	0.0723012587919622	0.179774919000206	0.227714479952883	0.467241823821999	0.327800617181823	0.300780586598988	0.4670716267914	0.328727920383788	0.409983644774435
0.0721182476944406	0.0393951986482642	-0.0646327555229343	0.0125938471744182	0.0961360588450745	0.0834946471911504	0.0363713927378486	0.602337972565297	0.39308754340615	0.218963569234286	-0.00478887954460113	0.430412440204723	0.664153411389233	0.0913249005001217	-0.112092428054843	0.250557800213102	1	0.729580711430414	0.479295503717436	0.479869461697072	0.579623935094675	0.148817143611809	0.324002199120693	0.401864040041167	0.377128130536049	0.237060069137804	0.216455636553241	-0.0135730459242094	0.0592213810116748	0.179859534832983	0.37746624112503	0.370310156302024	0.518130597098365	0.0725867504190044	0.239204683343809	0.336799273311311	0.045781711837892	0.283887155937404	0.036218168043383	-0.112562821570838	0.295508699484112	0.199664622163641	0.119529992855661	-0.0483911771554182	0.274596438091107	0.320897623126664	0.293414331930504	0.0866896525446911	0.262811295021826	-0.0628671775935494	-0.0806709494660497	0.0335557553519214	0.0599088405930156	0.078566635857869	0.0396488536134138	-0.00701366757608557	0.0293544999585221	0.239957696116598	0.130060788461257	0.345876750006447	0.302694344582373	0.240383204608032	0.283278941282878	0.472191716566323	0.229617523870288	-0.00135910932889834	0.390810435547881	0.425656988883651	0.415366353625993	0.273493141065329	0.650150357854982	0.221110749573997	0.295007678257443	0.346451036834436	0.729248781668784	0.572415391806022	0.0703309920715388	0.0972610241835694	0.0652506494603339	0.621850973948066	0.40215538596731	0.357707826106793	0.0916971910768652	0.383113769716005	0.333377615066362	0.101686594241324	0.197655464538159	0.25616354189323	0.48822968293835	0.268123399767004	0.0762326518721919	-0.116948263434949	-0.0236322877357183	0.248908038286304	0.102968095180513	-0.00957132581070088	0.106031691237319	0.450510741624229	0.110482770296759	0.334154416049494
-0.0549229720452089	0.0336761940275542	-0.0906163176188553	-0.0449782746883532	-0.0224820168396873	0.122707557137993	0.0851304859710717	0.601326526700032	0.376162559697254	0.0973823182956484	0.0441836259538022	0.321851668352464	0.411547262570461	0.24107167451034	0.0722407635985006	0.308247988089032	0.729580711430414	1	0.553767624571883	0.596336395261229	0.313575779716333	0.269794799329797	0.442274096947625	0.395492662916326	0.383144521762796	0.223599005520283	0.339991650032869	0.0917916322068078	0.15501665195615	0.473689645005906	0.708708340591117	0.515714187265017	0.596861769625135	0.280944258596037	0.352875940853529	0.375279743734004	0.265549078518589	0.434716618825397	0.20447162647473	0.158545776207129	0.342666843287236	0.295950905221908	0.269010166537734	0.146832341524916	0.51440510677911	0.36417366374902	0.428463576497411	0.230244098220029	0.159598806152762	0.0717188667982321	-0.0324632756111644	0.0610769802779395	0.163392960112793	0.0472145193664438	0.101328197832341	0.00586543790916122	0.0875962485239229	0.0926979197859027	-0.0196339143799247	0.216111649797061	0.193170596416163	0.214331054313149	0.282130865138771	0.371518935674176	0.364918669950643	0.142427263460692	0.541626215476537	0.349289942766495	0.273117767915519	0.308157020991416	0.460540820435143	0.359013184910965	0.167541273746632	0.367150426984949	0.480258935611796	0.497158841755284	0.263229223746746	0.25272156553903	0.29754132123004	0.623910035519293	0.440699078788397	0.48596077804565	0.247816557313089	0.495624218227425	0.48812279365097	0.330797052382315	0.279045894555954	0.248079606896148	0.275203402912723	0.395983504393628	0.239501297185369	0.132146193523502	0.136754368128105	0.44856857247435	0.232848433845514	0.0786911771005101	0.240680949220338	0.448542548685663	0.0981773777983319	0.19824759652762
0.152359188241801	0.14832897030176	0.0835897287208433	0.211977011731922	0.157634886641075	0.347904172453839	0.301455412143482	0.777965841837568	0.839721816556286	0.397013314038795	0.417281022099866	0.569484755738128	0.319637877720394	0.361163730261912	0.307136401505172	0.61446144748883	0.479295503717436	0.553767624571883	1	0.704636286241812	0.399991194719391	0.524527947246633	0.488652789369662	0.528460017124589	0.596327587733985	0.329560714729346	0.383997266409592	0.0665350564194144	-0.0704463271486186	0.226488839476181	0.437892036712877	0.347693303805431	0.459141820251599	0.190566114760115	0.486267357155054	0.617872411751711	0.151426168263216	0.394561954247009	0.208317885961407	0.0933140051668112	0.184071123295876	0.286307305145648	0.137470098800774	0.109491868366199	0.334280058159909	0.315317351819754	0.323321961480566	0.247476299070359	0.116389270455197	0.160914165716309	0.0932098364867493	0.184860878064374	0.352882287158797	0.276470221733167	0.283992590867978	0.334843626782049	0.400077210024701	0.589454493739906	0.56017604823475	0.698097126049715	0.496972148153921	0.474566155737397	0.561814144419582	0.432450958386885	0.349706913362449	0.191048642036378	0.654789131332351	0.373169343210757	0.738180578402073	0.639769756038489	0.504550526597621	0.511664058044895	0.408275152639885	0.591882840227677	0.508940136814584	0.473040539463431	0.303233846722496	0.272200599656294	0.14544953592076	0.659230441532244	0.323910359712089	0.46438962201167	0.186797386877729	0.299425494757603	0.37891172424611	0.258124261310456	0.273697724080511	0.569137350000462	0.365342373763578	0.466331375383388	0.298324851636231	0.113132166010674	0.221952590128743	0.180300017750744	0.328579196824912	0.259899137905802	0.128750660418272	0.436708785031344	0.343223235000206	0.3695444479839
0.0894884653748612	0.0800765586480969	0.0273251158164402	0.179469546278371	0.131897203545932	0.331784988639624	0.328224323592041	0.676403096531843	0.676519252238513	0.299717645824594	0.178218373176293	0.492525021304413	0.287176287224288	0.404007815750946	0.299640673174986	0.536877114495338	0.479869461697072	0.596336395261229	0.704636286241812	1	0.48899298558127	0.366475367161342	0.612152608460497	0.476641280156455	0.772225328087847	0.533891023850972	0.646524000323245	0.131567858712154	-0.00965505094242373	0.421200385537114	0.599907647340832	0.65314722732608	0.649633548690939	0.452108527585378	0.484439823297491	0.594817152769661	0.265565907392683	0.589996363975894	0.219470587381457	0.266247893998633	0.403978896082691	0.392063844619802	0.261679698029886	0.324256864668234	0.540881717830899	0.486270160207818	0.644810364110334	0.265013792854685	0.149122090519598	0.258536867212909	-0.00706775298449249	0.184182267385364	0.238847285885389	0.26847042937153	0.223903859201164	0.299503816998537	0.355058684708798	0.42993941029211	0.450968042632351	0.60321886872948	0.364732168720754	0.313635312648045	0.482511922394566	0.436311888049767	0.327553028840403	0.155049109861987	0.67490609405485	0.352903337912902	0.582308818994225	0.701884511254068	0.508464027330171	0.661242551860411	0.443455556730506	0.737581192976203	0.533185944502964	0.611408417821762	0.526038853641868	0.255280773315318	0.205274377639055	0.665038661240498	0.418352894505173	0.444161142625035	0.203713764399638	0.510734330317824	0.422524863119353	0.444501250361367	0.257293706476554	0.542666047917995	0.427356135181108	0.493113440463503	0.267553490472865	0.225367380852861	0.288506007048259	0.455661837194261	0.333330806440703	0.250222777074351	0.177505208513536	0.521810666187872	0.17628601174806	0.319027260820328
0.185036672590403	0.132110181384778	0.108006339570464	0.260448263891764	0.247042252425943	0.255716670268202	0.29307796634104	0.307972502948756	0.386188199690527	0.290281596122077	0.00335846986151329	0.400358179109558	0.543596115250744	0.291697079802462	0.224511337005141	0.438250263748526	0.579623935094675	0.313575779716333	0.399991194719391	0.48899298558127	1	0.225960978212256	0.344233977368775	0.569136065396052	0.537182389134351	0.527910156372507	0.448445173731628	0.133093977809258	0.0934581563210108	0.251492033405184	0.312838149089703	0.418445639811808	0.470218521597361	0.30619448373915	0.38001030241875	0.563119762011922	0.237173041516491	0.360327512090714	0.231532492703905	0.148847481689503	0.5294940337928	0.438066008559067	0.293703123741785	0.292318016636039	0.325824090663834	0.391644878924686	0.42172292410466	0.206560356657801	0.355045259138716	0.492496489007141	0.151752868247175	0.171603723204736	0.333088894367108	0.20486380305341	0.302432929499773	0.285129944170816	0.300689737176124	0.348277047370076	0.344812809127271	0.369961117691593	0.351151354324988	0.260357635877808	0.430578211262262	0.388136554803316	0.406050862626017	0.197049464682019	0.488513003611842	0.348225773741751	0.540632862292429	0.486111532414156	0.592878822687966	0.330250099078613	0.540426114310459	0.5338705468702	0.528409099359567	0.638259710641046	0.373659529506605	0.14939917399878	0.0672296190488723	0.471155414857381	0.262363124977034	0.471716263621283	0.289854477019889	0.417221494620576	0.341685891644012	0.24390372171978	0.327094881064233	0.536968574931572	0.752583942641266	0.2822265457819	0.240409252223328	0.174062446351306	0.302246610956543	0.253718071139252	0.2650562511535	0.172770109168948	0.222106046094485	0.522166536716989	0.290112622123992	0.590309821597737
0.230681028603278	0.225777688414386	0.204866997579099	0.234550026072887	0.261547970042188	0.332188592653184	0.22769831195979	0.495806072860272	0.505827308024736	0.482751489647137	0.515887953381311	0.457946291239017	0.201835431944797	0.39630533621676	0.386714863058247	0.418692378160403	0.148817143611809	0.269794799329797	0.524527947246633	0.366475367161343	0.225960978212256	1	0.563056060677716	0.394767152403324	0.391853780549764	0.326201566462447	0.419229618940979	0.0725009133926598	0.123813159859442	0.262336254235699	0.237888791952301	0.054140009391875	0.243752610188636	0.319362543217148	0.178706611697476	0.404314438661081	-0.0120563095007072	0.18295250322876	0.0557626754826211	0.226300109027588	0.371734937952958	0.228110566204054	-0.0153123207350626	0.173445788376166	0.205012462015591	0.442124120750126	0.296616962016661	0.0720008990969409	-0.0116064728594774	0.316673414839598	0.432000089394021	0.312437716784637	0.298185456473621	0.378042113379823	0.470920263846107	0.328759569799829	0.49844289023463	0.489524006790633	0.393313130286294	0.400600258400803	0.555668355074199	0.431776150186385	0.564032097990562	0.249678730675312	0.34444395744586	0.00435589519314017	0.370518499828457	0.299664594418645	0.459455965291669	0.509397925281695	0.428292969972262	0.548456576650998	0.356153732051518	0.452320709617662	0.270987007190048	0.194192513983206	0.327976499292167	0.210729959700968	0.224019784773812	0.352475334192556	-0.145899749510222	0.233744882962374	0.0978153999607892	-0.0605790928619538	0.100918234258693	0.213223283875209	0.0546169499734778	0.389434739130506	0.280517105758854	0.169318646658059	0.141719763725602	0.213639129622857	0.158470956737233	0.15850956624202	0.148102766985006	0.286128965365603	0.253332344373332	0.408999119539687	0.272739147440436	0.319330422642831
