1	0.672141637831081	0.697104337522686	0.643402490954481	0.542407801826375	0.589087879612855	0.629144767161786	0.419164991784877	0.53134973205797	0.594713319740635	0.404397204613019	0.501837022162368	0.359302757310183	0.670792505955663	0.412528335260178	0.459148230555891	0.336796995653083	0.364739342586202	0.62663878391345	0.405453071776498	0.543868183396475	0.549448611683255	0.442937528663308	0.308273624059345	0.435761442558401	0.557536625214583	0.579110082355498	0.520973502021416	0.209308753627539	0.288598043082148	0.338319508718615	0.549277358317076	0.521190944196066	0.658280827518645	0.616278916304909	0.522708662038654	0.149382045638952	0.517194019967124	0.407612349618621	0.481577588107884	0.537548666985324	0.658576236627107	0.41498784025514	0.567487503154391	0.514819049503994	0.30642224159632	0.628513638507464	0.470454412558021	0.299756804549788	0.542729409850567	0.816357073601931	0.740100564528795	0.56685822023629	0.733275162950217	0.560062145592853	0.67326138824984	0.430093980666583	0.567762039245371	0.520774521817524	0.427253885391056	0.515083142919646	0.48677802620769	0.60029224383432	0.536206175702705	0.786367643583755	0.397237049796582	0.680379980426955	0.605524742092621	0.656584640129479	0.512496268691787	0.55104813203273	0.568205212050132	0.0108236628697841	0.349396842791117	0.371263775403292	0.550201741042156	0.377133999726163	0.599912026455894	0.106897350271059	0.525487380030251	0.492777571543902	0.512794648657422	0.183619901687715	0.530203577559032	0.564175851440541	0.62025566808482	-0.00503569249304764	0.62001254450213	0.363084039423966	0.532136098437319	0.393900356281761	0.509725647213115	0.643744901643642	0.517710176291727	0.615176600018231	0.615709279719438	0.546195629137343	0.221193572923575	0.239157741340498	0.417024534944046
0.672141637831081	1	0.721198376993705	0.69957878774188	0.502195722308369	0.433633054385734	0.562864833211217	0.261731956008837	0.374772997998505	0.482262200718605	0.370955670130885	0.397902043409979	0.311188286311545	0.504454714819789	0.465587980737954	0.387092216342636	0.139153645271404	0.201813541558006	0.472758100091246	0.232415024462156	0.360323989541385	0.41720785638003	0.173354619365112	0.124779779367454	0.25954424826531	0.434049337040431	0.391953609240958	0.536186188440085	0.199721709279282	0.197463084944339	0.144242197732547	0.34327921890493	0.347938221226784	0.547792555021961	0.527701901064879	0.36307744903903	-0.00679813609782356	0.283176292278208	0.169773776006262	0.440638598560501	0.555151459140309	0.593510304227356	0.144688757190446	0.451018210811671	0.323216954468624	0.204040036690876	0.439390361839593	0.23993073343864	0.226547941788965	0.463467425244583	0.702896301402112	0.773484400389963	0.539477994703807	0.560005375175407	0.478897096169457	0.60354646556007	0.325944883092982	0.405886454220195	0.381656038077888	0.2978977062658	0.377515880503844	0.258071583555593	0.443071291162277	0.388760880113999	0.687183817759424	0.394546531048883	0.599458146455066	0.420286137891594	0.569322792849822	0.417326627330596	0.311173897094896	0.412235129386631	-0.201764590006598	0.195995315503484	0.151939702968223	0.277678900988945	0.241176616843718	0.520383964489922	0.234405230990856	0.374213387889869	0.343245729896632	0.435517127507221	0.258178321852591	0.405308130077513	0.486562296342146	0.473602584228228	-0.164554874954231	0.448183375154541	0.229796590400175	0.283689230649107	0.0688527749850875	0.506249229090077	0.475247499350671	0.447399147602917	0.54921799162147	0.346078497711907	0.434831875241891	0.2221285151723	0.244009543292084	0.33999356760239
0.697104337522686	0.721198376993705	1	0.647936662203789	0.315268681875903	0.43780859888144	0.527015253645592	0.416709177955526	0.422661066086381	0.607396562932334	0.425897114857771	0.559281936554174	0.378448083939689	0.636365449103916	0.345143114983625	0.174804711521496	0.278526050696555	0.344072175642277	0.45740192051007	0.402001183264721	0.441405147894341	0.526964609479058	0.353996398694586	0.220391676902647	0.501912448872102	0.432355929022921	0.508390405211572	0.522218045075306	-0.0311229134268124	0.0810658744632741	0.0501206097493303	0.330748037407925	0.462730857512162	0.470353572221881	0.424876392641358	0.130036918489302	0.0916688339214061	0.436771809719683	0.208548313877777	0.454006609696599	0.34406877387184	0.593813964944578	0.0735420967916543	0.412882627080284	0.422977206689863	0.125068916118708	0.403584297478965	0.311332127211732	0.189523795470994	0.631712836761147	0.810027669376048	0.871664654589619	0.624610196518551	0.725656926066816	0.417269127243065	0.646950354828598	0.340892040606812	0.545366605367925	0.502574057334624	0.395915954735405	0.288178164885714	0.364321177181535	0.539472972252462	0.473707692049215	0.777272184333119	0.285006362236941	0.554224856748664	0.424435225506445	0.425092583600987	0.416705640633475	0.437850552086426	0.465871588507073	-0.199977522148052	0.287221590846405	0.0514538250805757	0.289827942959073	0.114709228456299	0.647320916132599	-0.13619458547504	0.335367828676647	0.398677074313869	0.460232839516492	-0.0885719019902216	0.183429211318004	0.474813863754907	0.418766417723506	-0.0209202435422693	0.373904999023195	0.0946133020062435	0.310226520287866	0.186799874838027	0.394292747074926	0.472910382975062	0.617200785488047	0.57026351898424	0.406491098000163	0.337064790433001	0.0453160181394389	-0.113059085578301	0.222117124803752
0.64340249095448	0.69957878774188	0.647936662203789	1	0.632415461791623	0.762215344067038	0.845948208934925	0.59791769544821	0.636198746653757	0.808799121103508	0.63334640919784	0.711532258257003	0.642089678409879	0.618014606929112	0.697030713605829	0.547770527698764	0.414250843206581	0.474396138065987	0.608804976675086	0.620165787187496	0.646312722103516	0.627112639923652	0.455471845738192	0.414907121924741	0.565496355710713	0.576217878292481	0.635740720344499	0.621035785271346	0.0660002289113591	0.0353879808672449	0.382229155355259	0.488319637615363	0.642776355416187	0.596438653349551	0.728794484466849	0.260578862456659	0.126045541742335	0.450297345194865	0.409582147558795	0.684382748692556	0.54690869805652	0.683512668812453	0.424887180464777	0.607811423204456	0.535302071353977	0.379802070255014	0.666857301234302	0.671002396769451	0.385273605960605	0.704578513556425	0.720214724553155	0.660124659377487	0.840334014154629	0.766117780804939	0.774576829970552	0.885218763268621	0.601988215894385	0.617798005586635	0.618086071085601	0.600322292351459	0.603273634829615	0.620303169234954	0.715179501283481	0.585355358597965	0.702853790616462	0.678053120047424	0.719197028479447	0.635435161467109	0.636247361348612	0.690718272943828	0.596583570706563	0.683244796452263	0.0327332106091044	0.485805556473265	0.34869624656878	0.544368273342062	0.46355664463711	0.549750815269881	0.0744705228006916	0.581573065569077	0.614999851326589	0.716907647413212	0.156120133975938	0.521336491592694	0.661848857584713	0.57286680674101	0.0606045413397264	0.653538097172141	0.462221297865294	0.496570859172009	0.413166938403929	0.613418053396016	0.645979714120434	0.517898069499209	0.634422777112967	0.662117682244642	0.643377044489685	0.293847132573964	0.347001516177507	0.623242546108333
0.542407801826375	0.502195722308369	0.315268681875903	0.632415461791623	1	0.763494844141794	0.666928689795181	0.317950743692364	0.427580780771576	0.461041020825576	0.428904217893541	0.368854815879022	0.361331378967971	0.482660878868428	0.580415390329942	0.63365681105721	0.245637470671087	0.27490658980032	0.480355991012059	0.375938233485814	0.516658005776236	0.415223882171267	0.274176324952093	0.190850438043062	0.3005074725313	0.479563274271295	0.420038139954658	0.399968395515017	0.303831127317126	0.0426447129804267	0.354147538419267	0.399394233322034	0.413713128636474	0.487131581727758	0.622827636254347	0.425216185720388	0.0409867938189271	0.33037769579572	0.316286267828681	0.40439428797997	0.523888593272834	0.575265438269998	0.400820235158032	0.41461812257141	0.413636037934331	0.301608832709567	0.449269022266205	0.616017228599252	0.600501182038402	0.521294873249408	0.483654122221282	0.422589817243305	0.474356700055525	0.540400293174358	0.738960040038679	0.606821842534941	0.446794145595474	0.37534805839168	0.386387474159513	0.362300672860602	0.566523419889689	0.464268630920743	0.539435649200098	0.4344900164036	0.43774779502724	0.579624363025362	0.595729307555508	0.526069738691127	0.668308135552611	0.528768518933061	0.469715437013474	0.533675226654281	0.0229309511520131	0.360594876548522	0.432196090915034	0.453931328217017	0.456497469901552	0.278716878266399	0.296797892446045	0.426234036216053	0.387666384678694	0.490202085298805	0.339469529291864	0.538860584418723	0.448268733507617	0.447873292620211	0.0391327786299259	0.581500735191663	0.501170161111343	0.440890146376068	0.306126592496651	0.405153007877852	0.522118536899307	0.27826297212505	0.465387214184567	0.554365054321308	0.676027165159455	0.315726599050693	0.494469071294342	0.549574412760477
0.589087879612855	0.433633054385734	0.43780859888144	0.762215344067038	0.763494844141794	1	0.816424375988652	0.581369332284298	0.691896330328384	0.644336014996134	0.533407660681193	0.586439890536155	0.589996811067138	0.508891447672565	0.60995413189789	0.662841421471707	0.489569013047191	0.5115300594817	0.628963982809626	0.59580916518173	0.695105394010946	0.542339811027188	0.490719979634148	0.420683922176146	0.574197395323443	0.628644963377853	0.673799060063875	0.393693186343672	0.14085641466787	0.0234202634870465	0.516891186389093	0.542250428955243	0.560392406959961	0.530878457893409	0.752345235315037	0.366880634297907	0.264302324663622	0.518273922551443	0.522360697000608	0.511571240647354	0.504931200824671	0.624145080409023	0.579699191145449	0.584043426178756	0.597176727777138	0.457430785092973	0.570724163567948	0.835419314500333	0.519837642731622	0.624908228030999	0.59504773512448	0.463455958068034	0.632940915319886	0.740532169224495	0.836296787458474	0.754264431030609	0.665840888197515	0.62146101161322	0.610822877986864	0.657147678912093	0.673609259816616	0.702046708330265	0.70268079696109	0.599818581179569	0.531234386351574	0.64918319340616	0.649813850086855	0.693664155641337	0.688005692367978	0.686103283609606	0.655436658341634	0.683651627984322	0.237256977818148	0.592665738566755	0.48799542330141	0.631556220419754	0.47038148257584	0.397030548703009	0.0919668610446176	0.554821621079384	0.574042573460126	0.683903879930292	0.150410597703006	0.545621125783367	0.653396620588511	0.507893980447486	0.246778937844148	0.691568088584346	0.591958055742818	0.537804094104301	0.528517865685995	0.431336990265819	0.657205268374989	0.393796746582128	0.535658219473182	0.702223428407132	0.609519082595738	0.365294489995759	0.361118140097077	0.630155701350504
0.629144767161786	0.562864833211218	0.527015253645592	0.845948208934925	0.666928689795181	0.816424375988652	1	0.574773592435231	0.672821657811009	0.753118863470587	0.566424274955019	0.70887625060918	0.64202500432389	0.546799909021012	0.683274835642036	0.641291227405561	0.551567057071999	0.537220767043995	0.643996891056886	0.604822888411241	0.739878562627171	0.632174496578922	0.477323122160128	0.5174809172746	0.544349628764289	0.600708131274909	0.685707379005145	0.571444908213585	0.168820060987382	0.135577378452824	0.526551098008722	0.576607746734733	0.662203875242775	0.588321292290366	0.857301863248802	0.426417708732786	0.155731357943988	0.541974367499599	0.568725230901511	0.655076727317909	0.594711996277158	0.682515266408638	0.62495888964855	0.669119488083503	0.584262709583302	0.487782925221746	0.67800467756741	0.755188080364046	0.417895943839507	0.708783131877554	0.618808400889282	0.592760293486374	0.727097742105311	0.786784503850631	0.810906545255539	0.851334185827048	0.632572952381922	0.583738590195682	0.641975247926665	0.597961969225674	0.717262378676317	0.650911872171657	0.740955240147223	0.666650421592054	0.636151652507527	0.721262861405801	0.656883328226464	0.72784231318665	0.709988377212716	0.641475690953547	0.633414247421009	0.747228674674736	0.196706461531266	0.493623135234814	0.432577622479922	0.630107670810706	0.514884655098278	0.483213432641557	0.184982974667049	0.616411799112754	0.621081906702578	0.690527853833383	0.213891675508488	0.619563197823459	0.608123825243403	0.639289454265572	0.131616140827522	0.712778263932636	0.593594142605025	0.510008775290398	0.512030294056292	0.580826192872414	0.676082202265141	0.476802851541544	0.678755625959177	0.732365170888931	0.689764753142854	0.455379882280266	0.480147811764531	0.727744296061193
0.419164991784877	0.261731956008837	0.416709177955526	0.59791769544821	0.317950743692364	0.581369332284299	0.574773592435231	1	0.751938602556799	0.633714090501662	0.604353183006068	0.720582036828863	0.777769819805219	0.406934058305521	0.356157201908604	0.326820888806248	0.702973552732377	0.730697456205406	0.634306223406543	0.836588785251184	0.619580647747843	0.623544257518401	0.515629398241147	0.484406771630677	0.792505066994232	0.485186106125695	0.620798095730327	0.341371086301804	-0.151007904404553	0.0833602144094061	0.44449101647326	0.456261818189738	0.647636535680467	0.399038927464402	0.491612380978962	0.060396689662696	0.241433531530067	0.494460976037092	0.328426983947608	0.512009909045086	0.230806875886211	0.528681411778452	0.45199988824602	0.460752247825532	0.707726264420224	0.40370951720002	0.477102469319881	0.519437386437654	0.251801762546461	0.498110206050095	0.584008030500365	0.425221473305917	0.619518909039434	0.594084077479879	0.545636932807358	0.617680692414669	0.651037914220225	0.727195886862439	0.798244197056327	0.673682487021663	0.378977891450999	0.607329032707043	0.626683527724371	0.665714819517803	0.470928497928341	0.444333430908458	0.402041742299983	0.661442445029055	0.399048443152708	0.653418076834104	0.440237225309506	0.53075057720135	0.0931311359184091	0.650231883511364	0.354948379171284	0.521389857406274	0.249609166713662	0.488796270444823	-0.213786916460148	0.507469392933744	0.557565440707471	0.623079997002764	-0.190743153156384	0.327119885745794	0.592104736259355	0.380162841403397	0.219062999128665	0.445795595686189	0.372288916695747	0.501714750603723	0.484935356677392	0.390265562403316	0.46785465960336	0.458215331372396	0.392186368399653	0.498647745230042	0.358793595772295	0.104195723273514	0.0462856694994116	0.367691697104255
0.53134973205797	0.374772997998505	0.422661066086381	0.636198746653757	0.427580780771576	0.691896330328384	0.672821657811009	0.751938602556799	1	0.629132442845901	0.483484988914731	0.698884476862578	0.703062859419649	0.359287902190748	0.408600093974425	0.506305557020739	0.708413189298003	0.619151770201579	0.694590135331667	0.733591170813521	0.746812732524304	0.598550742981473	0.59595706787857	0.688329110521667	0.774331676143191	0.571328011371871	0.693187078781119	0.409498029176449	0.0900518631429433	0.106473984779815	0.533077826400053	0.471985797000507	0.577145372323226	0.460199077570052	0.639433692598526	0.351485704717314	0.43291459519497	0.458257124374638	0.6273170354322	0.537532242833776	0.347939284922287	0.486892512540046	0.603337696663904	0.569643709343828	0.617249100071687	0.46912983099582	0.50650028027276	0.577066897191598	0.373818601852786	0.506219147022531	0.536698135160063	0.38480752000967	0.604122670802939	0.63160086869543	0.582880441866935	0.663521313497302	0.596262081361542	0.653418653047537	0.731730553515849	0.843459984058735	0.463464941323048	0.657856826155553	0.659961958477433	0.707433607089372	0.511830541731984	0.488668720224786	0.499753314159499	0.691389149772813	0.590163170121731	0.618818174866988	0.605253451045744	0.594512542024452	0.355771404060571	0.68502584408705	0.562127185878997	0.593972029488402	0.30434569682116	0.453743321434991	-0.0345041288639828	0.605211566850429	0.646853029633131	0.679177801223077	-0.0629162327732487	0.520627165153067	0.503650714354473	0.433586034729003	0.331371650959986	0.638116228363796	0.556399504967394	0.537712928240985	0.61285647008035	0.434502281677567	0.573965111586772	0.427310266129575	0.498998641393545	0.556683897275541	0.413060979752331	0.232842182791922	0.228973271779763	0.506167573634084
0.594713319740635	0.482262200718604	0.607396562932334	0.808799121103508	0.461041020825576	0.644336014996135	0.753118863470587	0.633714090501662	0.629132442845901	1	0.697722679511064	0.898703512048137	0.700100071847438	0.613381768447702	0.633457510848109	0.383098020205976	0.579546380257546	0.520535071770842	0.509791602864412	0.663376068976368	0.758660363155961	0.80691132785	0.677774468160659	0.468563379859362	0.689453162899162	0.596160696914275	0.72445791890036	0.665829016305314	0.0413343604948263	-0.0655009418045545	0.293120434423171	0.483003437076959	0.738284069280315	0.62849913976514	0.595689736365341	0.0534081198013825	0.19766826305892	0.593096260437537	0.429550304991996	0.732746817205615	0.499814185828518	0.682963997991851	0.448787698067156	0.623778797138035	0.54472759269349	0.475315344181929	0.73779778202868	0.650944472583655	0.347180899200305	0.788363335390299	0.65839973298259	0.565442339101835	0.852271351111743	0.782060131438866	0.703171762939808	0.84362787426187	0.615459090712265	0.674630211652541	0.633203927212943	0.654295822917705	0.68149347058004	0.764167607903934	0.846645676323378	0.720112158828302	0.674669157156068	0.667688822528324	0.636110535179933	0.630882875363024	0.526581606709112	0.690590371002705	0.727576296558306	0.792942936442803	0.0548624170571688	0.607665919820807	0.321015552207063	0.589660346633246	0.502770301406674	0.645972145399288	0.0274148538402299	0.529962925392441	0.719428757630532	0.73452102329923	-0.0665396218294646	0.426264791008077	0.625988099416656	0.614832839664621	0.137652344360587	0.592125582737572	0.456755504895714	0.614766887700661	0.495794921255221	0.629187210486983	0.622127381528172	0.579252472489193	0.627085136468805	0.658650226303492	0.660267108150536	0.345259308021746	0.256716603715572	0.64346443368646
0.404397204613019	0.370955670130885	0.425897114857771	0.63334640919784	0.428904217893541	0.533407660681193	0.566424274955019	0.604353183006068	0.483484988914731	0.697722679511064	1	0.661513983043986	0.633550081745036	0.363413472101217	0.435702979166439	0.311219124037642	0.482849818434969	0.479945888186752	0.459118254120571	0.549922253933352	0.631819375665989	0.668257665820494	0.516752880215826	0.364651594674744	0.529087237229688	0.510727313652974	0.577793867111147	0.525967372952513	-0.00418872967450231	-0.0860212036420486	0.256169654395524	0.438549354912764	0.617764316061881	0.517742837452035	0.491673070688584	-0.023825549555027	0.230368696990861	0.387617903453953	0.302830584563489	0.598989606571709	0.410542122949709	0.489247452926946	0.324797571854418	0.469665358245286	0.472338353482661	0.322614025999858	0.530248626447541	0.498707718458531	0.303533942737983	0.570622398948136	0.485115615907212	0.374401920514198	0.651732373078597	0.592475134958794	0.585196682743563	0.670553651612033	0.6279121523186	0.593605667958009	0.557640676638046	0.410599411473741	0.512697242335248	0.646551868162223	0.67767043317791	0.636467420536478	0.462484294243583	0.594649594111921	0.463928949520393	0.610982385282402	0.394696348836075	0.553842217384512	0.534441911582709	0.670077722321642	0.0169764939991074	0.489878095044921	0.387199874389001	0.521714279017599	0.43177061042257	0.463823618988658	0.0138248952073429	0.493013672371586	0.60369314434681	0.663892572266745	0.00641311460730584	0.335598378155687	0.579127496049348	0.527624781055628	0.143547761236554	0.52148565733999	0.442227129232251	0.457662713522646	0.343419799446063	0.515612879717688	0.560297290865505	0.470846397689302	0.467671623273181	0.482770523224313	0.534868668627661	0.301024881306418	0.201656145428127	0.438990725038942
0.501837022162368	0.397902043409979	0.559281936554174	0.711532258257003	0.368854815879022	0.586439890536155	0.70887625060918	0.720582036828863	0.698884476862578	0.898703512048137	0.661513983043986	1	0.789361768460454	0.549565572987594	0.534233281043647	0.354359343657862	0.737500873608286	0.646728630237786	0.554743926996654	0.723822577475926	0.762143808941407	0.796892173887679	0.734482505686189	0.563768267742947	0.721342008534026	0.51608848451523	0.717304711206344	0.569183740157662	-0.0660798687150039	-0.0658676516502136	0.349888500719317	0.444958076539683	0.763091629992753	0.522758510659541	0.590515206980337	0.0396181786802742	0.219805581047081	0.590427230135633	0.479623698443814	0.709091027372838	0.375211745212828	0.608077463424792	0.485147925431064	0.584136929941489	0.61732182666509	0.509963806576625	0.622822018324607	0.622030478442783	0.263308030268198	0.713136356991296	0.618621425550462	0.521098080747371	0.771096288959052	0.738877533482739	0.663072075821731	0.766375484974413	0.626054131011036	0.684843716609115	0.673401938001194	0.667757538548029	0.525103767094473	0.70641450053292	0.811745299970853	0.763623121908999	0.658850914901368	0.626409408026141	0.517432966661955	0.656270978492779	0.458666735396694	0.662026910180992	0.695538213197118	0.739272958476722	0.0662016475148926	0.578702500164411	0.32552491870428	0.538461662819764	0.359192942284217	0.626157810697631	-0.0958982699060906	0.516913691414157	0.687998757312771	0.744801823637225	-0.231943307054469	0.328717701093313	0.599764573140401	0.496160421277984	0.15155339300926	0.576325690308962	0.407375181152448	0.54271959049405	0.544765281831674	0.571415896799743	0.536801628819789	0.574556425788715	0.53176889275335	0.646567371970681	0.535224405126895	0.244194943055949	0.151578401592768	0.552951334146033
0.359302757310183	0.311188286311545	0.378448083939689	0.642089678409879	0.361331378967971	0.589996811067138	0.64202500432389	0.777769819805219	0.703062859419649	0.700100071847438	0.633550081745036	0.789361768460454	1	0.351746920010562	0.469984546486333	0.457830191158806	0.737926444847242	0.649784706681305	0.615132466598983	0.764949484030021	0.697611986485926	0.58971694201415	0.556428519020527	0.497796952691911	0.69797272530939	0.574235945386	0.667776795716649	0.446671086835307	-0.0727402704374544	-0.00773823137216441	0.426865898488457	0.472972738082844	0.715271639170405	0.544061134666056	0.614134028223956	0.0901493183472745	0.311793473985394	0.536526806416406	0.406441915926244	0.641509125366616	0.259434164190396	0.490276365051376	0.504879456072791	0.587444875716614	0.643738098086576	0.547689075020099	0.556676857279998	0.524744194469448	0.269052348489969	0.541402751131648	0.589652254053382	0.421501231504368	0.662371551685128	0.599712811523791	0.593003008106548	0.709160961055418	0.701487479977467	0.720299674876635	0.709798839275508	0.660140795622894	0.452652182723522	0.673462891632821	0.695821418443776	0.716969657658563	0.49397492083223	0.62778402563542	0.546973020824357	0.668881850822829	0.530482233174221	0.7148464752094	0.571189815645073	0.536930131549459	0.083223045814483	0.617379774813241	0.432878823084181	0.61576785082867	0.445075942457213	0.480747996166691	-0.108524287969268	0.578109467437607	0.696440470858456	0.732756219919999	-0.193896837625549	0.365064401177165	0.647828886941239	0.506408572204336	0.223715845112958	0.563211801394757	0.468283993627594	0.481475566768077	0.42461192134538	0.454430255746159	0.554158248033179	0.492246836538158	0.406833920399712	0.462184773946799	0.470635160546235	0.219379736450447	0.143359930005218	0.459944591200002
0.670792505955663	0.504454714819789	0.636365449103916	0.618014606929112	0.482660878868428	0.508891447672565	0.546799909021012	0.406934058305521	0.359287902190748	0.613381768447702	0.363413472101217	0.549565572987594	0.351746920010562	1	0.625002988077744	0.396146811336343	0.312207687319126	0.382207450364514	0.483888433255564	0.451088316248201	0.478038328110708	0.512063182931222	0.453073673531164	0.175668831051599	0.485308952375202	0.417042449855782	0.527920679831349	0.49104906447458	0.189097484004213	0.242733435699392	0.232986081016195	0.381987138425623	0.467802169493273	0.469024927308683	0.477454384303975	0.203209398436733	-0.0274715750795968	0.544130920637275	0.157826717989592	0.446588171534174	0.419017240221501	0.724636911232297	0.285398491726771	0.445152506881554	0.436377464843466	0.295036102157921	0.508331041553611	0.492889925535084	0.230754760775338	0.623515517874437	0.717187206172952	0.657023927486589	0.568270097325682	0.587929084193191	0.573731813823651	0.621380516602644	0.287292085617637	0.440341368717777	0.423578478144715	0.342418370125268	0.349396208369719	0.365573293294765	0.487624760448691	0.407284434950145	0.699479393534586	0.498539275070215	0.665980871837643	0.452433039280716	0.445819259026573	0.520337856421352	0.454375204554416	0.403004612027071	-0.244942593923603	0.367522174154289	0.116291928533018	0.365889120130993	0.326574601336419	0.534840754915597	-0.0148110445570629	0.322989993146658	0.384309343619207	0.359054493355816	0.0785460445559536	0.313912354875075	0.460826723830763	0.452993601457901	-0.0819801296985257	0.486170346774023	0.126765206270071	0.425060335862815	0.253868769752007	0.406662972832105	0.461201416428864	0.498978862586188	0.522675529856022	0.569776595772243	0.445253720302928	0.0880239722764968	0.0717067937873008	0.354205893802229
0.412528335260178	0.465587980737954	0.345143114983625	0.697030713605828	0.580415390329942	0.60995413189789	0.683274835642036	0.356157201908604	0.408600093974425	0.633457510848109	0.435702979166439	0.534233281043647	0.469984546486333	0.625002988077744	1	0.494795694469476	0.423633392576242	0.397858600237081	0.437454223595108	0.405964750049537	0.584155850757402	0.518490526619698	0.370153013213237	0.210708962562093	0.342441341328354	0.396441466311616	0.387317477276714	0.470708556739263	0.315771788841458	0.076339888312692	0.341093742012614	0.387903974322429	0.443815201173865	0.406559362007267	0.648119018611672	0.190181940489753	-0.0521246935993912	0.405852186782611	0.228109636125062	0.483293538360654	0.553307856648819	0.642845999514687	0.424725240389343	0.417455474017786	0.332225833014438	0.358927568459425	0.531745720668226	0.579401884310561	0.366001904898721	0.663166406288328	0.451944892261387	0.398598637411434	0.556757905904381	0.516617913605202	0.670049409073346	0.642189560036372	0.383908881857197	0.310525430485465	0.388297689697423	0.367883351060876	0.573525081016233	0.525415051634565	0.552347126296457	0.450543917170605	0.510668602958391	0.675199537254932	0.569181749339637	0.522662386797231	0.495033390349472	0.441735955336997	0.492213129759945	0.550261740952334	0.0200817618980762	0.299387573927813	0.236012192117004	0.393673692145134	0.414870773740832	0.316400528644348	0.261999115362844	0.382885426862833	0.457694524820896	0.463205915013656	0.348280814468841	0.404006158514384	0.391838258477463	0.401902570518226	0.0183998666307245	0.488717591262578	0.367866775683998	0.308834422356565	0.320216397774901	0.419892186297903	0.456206969593797	0.370501007989999	0.497285100096329	0.587820250554372	0.634436356143011	0.425110878115921	0.486006060280593	0.666355787677556
0.459148230555891	0.387092216342636	0.174804711521496	0.547770527698764	0.63365681105721	0.662841421471707	0.64129122740556	0.326820888806248	0.506305557020739	0.383098020205976	0.311219124037642	0.354359343657862	0.457830191158806	0.396146811336343	0.494795694469476	1	0.397677593564529	0.412599124705905	0.689478071013898	0.408546796821909	0.546508066581843	0.260397539951857	0.349871647303751	0.377392124019653	0.265895077241894	0.481157313550889	0.500177852670652	0.364685322771205	0.318032761307169	0.298185215447037	0.746351553450397	0.657010906262927	0.532812203201117	0.483591589433124	0.778236475471785	0.675016249126586	0.213710778854333	0.386255734665447	0.518303391242099	0.353653861943205	0.456111481568535	0.465934361762428	0.690278432384914	0.535428041433108	0.502895761511689	0.399399093344299	0.52555521363923	0.54400714244832	0.378230590248178	0.383828284482634	0.405845987152971	0.300758247090291	0.387177127874864	0.469385709569452	0.569617774030448	0.52917639351583	0.423195054047646	0.364908573665562	0.405554488006639	0.369723374857467	0.44638700635741	0.433783148759957	0.445054584803393	0.443393599717759	0.395106659080985	0.584000478196592	0.716501451120591	0.492905561183552	0.786970637311288	0.551724482252041	0.398986638578649	0.379658324304814	0.155397722534463	0.399922464605283	0.407280088438335	0.627783206622489	0.546865603597467	0.181801575356383	0.162796876401088	0.561879562699898	0.458582825141108	0.464749088797568	0.317337272628536	0.698505460186431	0.512258322916505	0.602989928988973	0.121923074992968	0.783981966819912	0.487594932288888	0.518182469789508	0.482972577434588	0.315334081472891	0.573135486027444	0.169194992028727	0.413830044227178	0.503433603456306	0.539774759547299	0.232309363427376	0.381479008748473	0.454992443896022
0.336796995653083	0.139153645271404	0.278526050696555	0.414250843206581	0.245637470671087	0.489569013047191	0.551567057071999	0.702973552732377	0.708413189298003	0.579546380257546	0.482849818434969	0.737500873608286	0.737926444847242	0.312207687319126	0.423633392576242	0.397677593564529	1	0.737633489666741	0.567115389883725	0.640247069402825	0.761584192142287	0.614231234927546	0.595412091850266	0.587894670811628	0.630674839089049	0.431625312103101	0.595154264364367	0.323881043954066	0.00403655808180916	0.0314017375117504	0.564995952111508	0.50164509039182	0.618773351863506	0.330327903919126	0.553116833458505	0.180127076727695	0.298568655077355	0.466536647432806	0.466648257096757	0.509236541256891	0.227626207242709	0.462324664087336	0.58878357923975	0.429759060403782	0.5751062715224	0.419153625531602	0.446271312930799	0.489050199346674	0.251885628938699	0.531657034141167	0.407236690487445	0.263759897422414	0.492003116281334	0.506738697926875	0.445715782568443	0.517832671280015	0.541744164207848	0.54532412453698	0.574928809135487	0.557513488455309	0.361675534314931	0.567764790137246	0.634851733672824	0.711794308139954	0.43991473817422	0.484397506949611	0.36070805149483	0.623112660501071	0.418570232389398	0.484627608847836	0.532288807509803	0.510570878727495	0.256058377531661	0.518581117965983	0.355158523578767	0.544254334667533	0.259542152829478	0.328497978249711	-0.134178192526487	0.498345982584513	0.584275768425154	0.610126123621363	-0.209594035167759	0.292278378833015	0.409363145298454	0.338791977557076	0.301632882929364	0.514817603909934	0.38194871707602	0.436536759849718	0.542408502778802	0.320419149694266	0.411948242210072	0.360496254363941	0.366619300543814	0.482949953360476	0.379916453433608	0.137843807907697	0.101871912339195	0.378874633666058
0.364739342586202	0.201813541558006	0.344072175642277	0.474396138065987	0.27490658980032	0.5115300594817	0.537220767043994	0.730697456205406	0.619151770201579	0.520535071770842	0.479945888186752	0.646728630237786	0.649784706681304	0.382207450364514	0.397858600237081	0.412599124705905	0.737633489666741	1	0.704932221134874	0.675238352661645	0.686697701650435	0.483314142559681	0.524480061562244	0.506481815159747	0.603127876302983	0.345563542738139	0.48700668554878	0.207546805798739	-0.238974243819143	0.0336265370976885	0.664670825225894	0.563529274724466	0.58450216787161	0.27265677146188	0.506329910659921	0.186838424831474	0.161515354018822	0.489528559906588	0.291925584196698	0.290170356596119	0.171528395363461	0.44267296169973	0.494364620607807	0.343906646102951	0.566278807191558	0.214532125925562	0.433407697308613	0.457241669128608	0.153485243237717	0.434750272330687	0.422027343534522	0.326332310141659	0.476996326575041	0.522089718776693	0.411885692105679	0.41617803065201	0.527039625830062	0.498803900407939	0.662939412455355	0.501192830922466	0.304910974867238	0.485007863125521	0.560425746378383	0.624652757072485	0.37859877996257	0.340033176730539	0.335091574324895	0.63532887567179	0.426916073562683	0.47407816946088	0.400770402009894	0.494375473880674	0.167872132110427	0.427474422715796	0.281341684411702	0.464633521932048	0.210355462161404	0.309499942794978	-0.376682169862176	0.553996391293599	0.481687384227883	0.571453822616804	-0.215980150424857	0.29188589810534	0.439631862097492	0.278406421967464	0.201597237245479	0.380425849695455	0.233837418310479	0.420808075820849	0.437556853064641	0.147888590650626	0.368041795099726	0.244391085548853	0.33735493858853	0.482776069762054	0.231874555341517	0.0465018241313359	-0.00485727016663164	0.294415913583603
0.62663878391345	0.472758100091246	0.45740192051007	0.608804976675086	0.480355991012059	0.628963982809626	0.643996891056886	0.634306223406543	0.694590135331667	0.509791602864412	0.459118254120571	0.554743926996654	0.615132466598983	0.483888433255564	0.437454223595108	0.689478071013898	0.567115389883725	0.704932221134874	1	0.606604703609753	0.668502207324587	0.471545847701859	0.575915999246572	0.436144889420936	0.521599473667622	0.512290820316807	0.575951203781808	0.337459679115959	-0.0403332090719404	0.191121241028952	0.703612929999522	0.696070457753568	0.626101325603755	0.516563345454662	0.698010094216656	0.501917571480769	0.200735825009622	0.488597940223877	0.404114461091475	0.325842467836921	0.332679744861208	0.554374569387938	0.558142899855169	0.551888890230782	0.610767289245699	0.369913232009917	0.587491679020343	0.525500997188029	0.247342532779154	0.478201461708783	0.606292803142666	0.499965676443759	0.550819734704238	0.606629360828291	0.546061915516027	0.571242658871326	0.512193917502665	0.581453267150513	0.696737055060624	0.495264120292067	0.388958861814604	0.551216896816866	0.593461002728303	0.628923386464417	0.540514918240257	0.410110709467703	0.652304413637688	0.690008631569748	0.70831759353547	0.575107909154959	0.433130738369749	0.482996370222668	0.0590108288488864	0.434703985968254	0.397132965708889	0.610422999838159	0.393074935986069	0.422214914480809	-0.170552774245153	0.62636371852068	0.531681559580239	0.602955369263555	0.0140607726479216	0.47949007171219	0.612509349884388	0.57212635793587	0.105788471989265	0.626164910801117	0.315102328733887	0.545849138274246	0.488222058917495	0.279661230174927	0.599482493684203	0.335989779937749	0.467319992865197	0.583813678647739	0.445757441296184	0.11290123414224	0.156616696284569	0.372161295665388
0.405453071776498	0.232415024462156	0.402001183264721	0.620165787187496	0.375938233485814	0.59580916518173	0.604822888411241	0.836588785251184	0.733591170813521	0.663376068976368	0.549922253933352	0.723822577475926	0.764949484030021	0.451088316248201	0.405964750049537	0.408546796821909	0.640247069402825	0.675238352661645	0.606604703609753	1	0.635960022676166	0.578527765462132	0.550911327136031	0.502199125584392	0.822423867597943	0.483185186661947	0.642830944595458	0.436403870581568	-0.0456095096992769	0.0312313895544562	0.492868811928036	0.418033081377105	0.647075315389311	0.411417847112118	0.515448394355507	0.0727451967136903	0.295749284271619	0.61791798866589	0.376749644283702	0.52591785905721	0.247917282852073	0.517412820382483	0.464250438328655	0.481447694035571	0.661494541442923	0.347446957248568	0.496116008682299	0.578400499904102	0.281317872942784	0.521986617831766	0.57303686752723	0.426209352859919	0.679383948422377	0.600448464001084	0.581161372954254	0.645018000022762	0.603960473054806	0.667359594104557	0.72422762621409	0.737756689029471	0.34958761366545	0.601451308745	0.625276169192879	0.634813087116622	0.475634289254855	0.507510404360439	0.484999446335541	0.57361646981154	0.448264667904944	0.708204003977108	0.464378718913128	0.50467305620328	0.0485535857042142	0.695107889439705	0.306483916302581	0.525110445674714	0.378450521902485	0.430830165635955	-0.232581718747929	0.532652264828539	0.539625994633403	0.594564977156572	-0.20461793127019	0.346479852337488	0.573377611559328	0.379124804193358	0.244914243749706	0.513280833087256	0.359696270436313	0.547926303527976	0.483010372979416	0.382232104385039	0.487785691074997	0.429495654826966	0.396771042416317	0.484782051213424	0.426347600615878	0.0566630004674191	0.0441210272570353	0.405005550736064
0.543868183396475	0.360323989541385	0.441405147894341	0.646312722103516	0.516658005776236	0.695105394010946	0.739878562627171	0.619580647747843	0.746812732524304	0.758660363155961	0.63181937566599	0.762143808941407	0.697611986485926	0.478038328110708	0.584155850757402	0.546508066581843	0.761584192142287	0.686697701650435	0.668502207324587	0.635960022676166	1	0.706392323205089	0.679260771838056	0.585032467600496	0.640136465570362	0.585290553109067	0.714313818166772	0.51459982168362	0.128052610858879	0.104849602447187	0.578664523660903	0.591185304396914	0.680043462957784	0.542035920436152	0.689377351240774	0.288777559040873	0.343493853274124	0.514449211062987	0.521302515393239	0.582483708272187	0.418271492761493	0.661204800153596	0.650599203064237	0.572402174077835	0.579611196790548	0.49380087816213	0.655183156196845	0.648039077061575	0.356380018413763	0.688599367256953	0.537082614075136	0.449599151142148	0.673251400512145	0.667517951973552	0.656753752674938	0.717410190515739	0.609546047593861	0.586999247084816	0.646577546524653	0.628823189880456	0.60954914991051	0.709967413938669	0.771789988172304	0.739208825344125	0.53399730156072	0.583444751656896	0.564006127711363	0.740848984514041	0.589646982627613	0.591577684000842	0.719897132376998	0.692016235138595	0.274946572466765	0.553261876292644	0.543805779704019	0.65437413544495	0.513395920717219	0.467060777645104	-0.0108236518500349	0.670145768645336	0.710954575559007	0.725935457650976	-0.01071035122412	0.497102576338862	0.53641326722067	0.549817159203632	0.26225097640393	0.637541195086602	0.521107586093073	0.542974805022003	0.515728551406786	0.418709366606542	0.60599738300275	0.501857061483345	0.61170591871588	0.647815012646442	0.551871882961673	0.30062140871874	0.321447846501046	0.541474785300562
0.549448611683255	0.41720785638003	0.526964609479058	0.627112639923652	0.415223882171267	0.542339811027188	0.632174496578922	0.623544257518401	0.598550742981473	0.80691132785	0.668257665820494	0.796892173887679	0.58971694201415	0.512063182931222	0.518490526619697	0.260397539951857	0.614231234927546	0.483314142559681	0.471545847701859	0.578527765462132	0.706392323205089	1	0.655394271756351	0.426643632047903	0.603640742877032	0.544723970584023	0.658662455450664	0.576569241527753	0.129291895041573	0.0569510772109826	0.218629405636975	0.429791625307056	0.640839321640107	0.55080835644283	0.502227172593851	0.0894296360719945	0.128976836686375	0.478262334731184	0.386198348630455	0.622047317705728	0.568547235656631	0.65877992450908	0.395384724388552	0.519653292436734	0.547197331931832	0.511558490737775	0.637988606554086	0.568474387631876	0.326531279109995	0.65035270588286	0.562501387121887	0.502447242277633	0.679972911896735	0.654897849576418	0.612024082026628	0.682895836304974	0.590340115894887	0.640994040481077	0.6074310471774	0.542746666438962	0.550120294711626	0.696826364653195	0.753286152422644	0.698841384353248	0.591922078405274	0.568108276313376	0.475193869149794	0.656604520044984	0.458602355043191	0.568212502937824	0.726828217587041	0.744315207821727	0.0539282900522115	0.484406744617815	0.380445379135881	0.50501015861077	0.366604165544897	0.594605243458271	0.0999248259764323	0.430988229192722	0.604208404833023	0.583527693904538	-0.00166416151272615	0.324270147097452	0.513252481909906	0.529532616012372	0.0637438812577848	0.484889109465061	0.421486875565105	0.530786222367694	0.464455730590352	0.555421784700083	0.535698866262947	0.630277305336618	0.611414392205107	0.621850235386847	0.59165450506445	0.427055523484648	0.28557299918192	0.599714807576086
