1	0.659865956437995	0.528837806300963	0.536650422288641	0.614948884685623	0.426786318938764	0.527768137033914	0.425560113809594	0.57867396490961	0.370535623720563	0.311206544801098	0.434022880759105	0.369052484060717	0.61266334190789	0.46963287814831	0.542025637010953	0.190142586603028	0.214174374879215	0.41041572411686	0.272427424031218	0.456267363662404	0.339546230942472	0.36002414417666	0.431254000355401	0.316073110311379	0.293146818752766	0.281580811156243	0.400230817295993	0.345766502330283	0.359710121127748	0.361741677616822	0.40750925366435	0.34329137183954	0.383784808618971	0.53255313861902	0.561811769427192	0.422326309072802	0.418244243401436	0.416473072774699	0.280556241476404	0.487466262432103	0.360919635079411	0.474145094328965	0.509819463930539	0.441291653533705	0.364247249486855	0.541660496980577	0.387337048349713	0.217549147260983	0.558628547264161	0.710402774473968	0.581101530063965	0.600353744182862	0.421490522834848	0.445462686443122	0.583025222922682	0.254446042922677	0.211404180869443	0.275134166468983	0.438615259354613	0.308834835976171	0.29494543863983	0.401971356330193	0.254418147886385	0.55784851495437	0.637997874705809	0.465910397235554	0.0773239883476905	0.370268088988624	0.191367521898866	0.319341694693806	0.238745146999379	0.216166157052771	0.239023693904161	0.403726489860316	0.312745080041925	0.39075792293263	0.440287972979196	0.235262669753681	0.226473509019024	0.401431775589964	0.250974850491425	0.52321432873476	0.44709132465572	0.355272813728433	0.425312080820266	0.422671827883408	0.486400243799784	0.503361571862392	0.239596075799809	0.338517241511277	0.268517493443544	0.481683312475655	0.315780137010467	0.383150055565472	0.448947010890553	0.433983370658268	0.539640230136454	0.454615456928079	0.441637961730234
0.659865956437995	1	0.682276013135172	0.637584851667132	0.2378239284586	0.396478577813946	0.566153241352833	0.369959092290319	0.383811862075969	0.393719336634006	0.269958615878637	0.324873639753447	0.335116772142578	0.528617938340098	0.4285192896457	0.509379319750213	0.228355902766438	0.336690821536499	0.305758781969414	0.235825096211834	0.284773286782296	0.306018999421576	0.299702508357061	0.285784836695857	0.261793899620992	0.388906775178401	0.337915972223683	0.466421302107897	0.347313871627575	0.452824060654918	0.355181013494024	0.401690379532167	0.378855877093562	0.477582388736425	0.533020661973037	0.573014473281139	0.407192720576707	0.402887640396205	0.343434129069014	0.270571518727827	0.526695186640702	0.464716146773818	0.399572389432319	0.491544780091772	0.55038387285545	0.403873049430541	0.531094321812617	0.263353761659834	0.0967436751134067	0.482585578061909	0.607572996866059	0.624021113318784	0.585727776576152	0.485132643032459	0.400321249650654	0.585164557272833	0.200201485438153	0.187499941981279	0.260112341106721	0.31885903655826	0.40267028193556	0.333755696895728	0.486681514013071	0.169692953311178	0.611761050092364	0.584369010168864	0.460654960254392	0.0808026903051844	0.374553999991322	0.110605564293233	0.244398168262474	0.288791984998215	0.211502660070669	0.24650067154198	0.360401600088677	0.421558196854613	0.250115533961353	0.507718941704054	0.399955232726513	0.298550697133055	0.338679364285784	0.203363148763435	0.490936987443497	0.441164409984336	0.442477656708967	0.442781250849681	0.321569793754043	0.384869759493017	0.458244451592438	0.229635701315904	0.189945631961803	0.303733682092724	0.40422284584014	0.393999616792866	0.401373874029143	0.400415889195314	0.49503852719016	0.425393168432771	0.55989605809545	0.525359213101213
0.528837806300963	0.682276013135172	1	0.500679519401473	0.256744231572171	0.400300553719731	0.613283182142101	0.147224409351794	0.215132501976953	0.292791869520973	0.0316911085183517	0.217942569432158	0.2896883927585	0.407691062608476	0.370863032883697	0.248937369523156	0.0281754313053496	0.11557755602988	0.0924987576911393	-0.0108760338830824	0.199694166507082	0.216413600322681	0.178852418641465	0.167274870075824	0.0571901344657145	0.216139550983665	0.214909877000581	0.425756323148569	0.0604264219913598	0.427815564381839	0.0527746908102295	0.14374482218243	0.117374502601843	0.348507363509662	0.467205456546594	0.414849637264674	0.221200899208853	0.27176006987432	0.139352629958465	0.12066624581323	0.336266443007956	0.291025835278094	0.158179643583665	0.306832889051484	0.25264938396758	0.384985690595471	0.348330624880948	0.159652020013251	0.120580101049699	0.230572535701858	0.578348858836951	0.60980016319226	0.449989611108806	0.587052354274829	0.356329510161981	0.593855418236248	0.0954515906277061	0.123335933161464	0.168715603464986	0.259941002013471	0.26634139145749	0.154129949062437	0.394861055534934	0.197291494054579	0.485321902454832	0.304542556465443	0.327538478127092	0.10091002523081	0.2962478367371	-0.0761562701888917	0.176322155797297	0.205840242924691	0.372861446610764	0.0730097455790574	0.305493382192673	0.228395542782394	0.0816867631065789	0.49226236331261	0.245901523794149	0.236333724540719	0.237157616699075	0.0662327266269588	0.465831336667287	0.330269973835461	0.235125084991777	0.416743838686197	0.243396272398266	0.333918903076525	0.272236316342539	0.0309335033002307	0.073218556080129	0.209453317570767	0.240296882607325	0.40214551296444	0.330773646888623	0.260437659358733	0.391045021461808	0.40025499981004	0.382518128781156	0.326508085442137
0.536650422288641	0.637584851667132	0.500679519401473	1	0.428422942930994	0.588212122732579	0.791685665496863	0.346525584976291	0.358940483680958	0.324496444640805	0.284648453466708	0.322208345235217	0.303536047412936	0.601606150402598	0.671251110807068	0.635419465370172	0.227017037879922	0.272655600039766	0.355822654822885	0.360204324255219	0.375425275431927	0.220226496189624	0.424009213007999	0.336736990793524	0.318655266918642	0.226440198296915	0.280501735305403	0.290153129734238	0.277178982035924	0.445098805937129	0.333701705198241	0.262942189176252	0.397421891320524	0.196872208803413	0.694056686716881	0.524776852567828	0.14455031833752	0.38159418732016	0.288332378231345	0.119015612798147	0.297603038611092	0.458830722046614	0.339395872305543	0.280142218149057	0.455395737615195	0.260919420934723	0.429673351237019	0.395750281734077	0.113452317840981	0.625872115454133	0.524061074716889	0.285797363412504	0.811216104466667	0.664354342481772	0.578689132431322	0.829179824746719	0.24052274769072	0.28231140584381	0.203677059471532	0.235691259973227	0.386645310685174	0.255371972692374	0.381023545170548	0.15385848934708	0.54512569396744	0.630855899431424	0.512505756113147	0.32223580358869	0.299776169215848	0.100913737101317	0.462833013139636	0.355730119798971	0.143016271490453	0.262345928398019	0.332560345120756	0.259569485506006	0.296133103837965	0.30652074906783	0.295980799548303	0.221241116922736	0.446476024792451	0.347540080685399	0.386900538656412	0.280623555051463	0.524221922291142	0.225210615911082	0.221596947991628	0.566715777338752	0.377955381778963	0.206759118633955	0.287927618361568	0.178026153627024	0.363915135503197	0.30464352761937	0.396945554888932	0.549451113962126	0.380119285905854	0.293395232171321	0.494068226287822	0.553520060098938
0.614948884685623	0.2378239284586	0.256744231572172	0.428422942930994	1	0.612973733842511	0.461161982829021	0.281842760935631	0.385751699690533	0.198051270094541	0.221844128351875	0.259730425327202	0.354361009653765	0.544297885773942	0.461574539565708	0.355859194628925	0.174492816292718	0.135775589434275	0.20047499024514	0.19078448259635	0.372370360824447	0.291933097740357	0.414667693680185	0.470844870360011	0.207433869550168	0.108681723935631	0.27028305557357	0.308045150713766	0.409381114018415	0.251149408578902	0.237019436532292	0.216397469560424	0.275147742521865	0.14903616435339	0.480629777402099	0.378829822042224	0.310089346498093	0.35768610851101	0.420991269979656	0.161248880537558	0.362925598758136	0.253797696465486	0.344902883668035	0.299025255333438	0.189470197000017	0.391921784785287	0.345575577896685	0.557329272710399	0.470657666081663	0.405813049020915	0.564278044036409	0.263639768510643	0.548523169892589	0.480153721945984	0.526665177692963	0.438649604860486	0.263187687774565	0.134094981582319	0.0382547187448002	0.249998420932926	0.210231192798796	0.11804587088223	0.188126880850023	0.16564848040479	0.349341870006026	0.543560473300685	0.331119638111614	0.136965711964026	0.122083246035492	0.113157563112687	0.374166704272834	0.284388752369424	0.32168685096109	0.206604288762626	0.371321269110965	0.0488866172182348	0.289163187146446	0.342898879153321	0.0968530089394688	0.0436123213700787	0.293702404346303	0.24171706983221	0.328907994086357	0.257685113251764	0.236221909636068	0.206181332980258	0.369913137874592	0.52139861287105	0.42566092812401	0.223508381459349	0.431888019945172	0.135294851944614	0.377142049767677	0.355667901100551	0.266337259808484	0.563317563551378	0.363687377541843	0.379092784457123	0.296846560505727	0.333813884049582
0.426786318938764	0.396478577813946	0.400300553719731	0.588212122732579	0.612973733842511	1	0.689814682618457	0.255156204651473	0.267917534628013	0.286703893098528	0.150134058607954	0.301784119034077	0.263179027289316	0.383006635887975	0.553739277209715	0.308141563772677	0.141104548779238	0.148037702540552	0.123846484484151	0.148421484748195	0.364947407528099	0.257454937587302	0.382132993353184	0.353330963320724	0.256501887330821	0.0529886583613197	0.166345799839437	0.21896260740455	0.299645155386232	0.241092645516943	0.120315564318616	0.0728014010300005	0.13594290086036	0.0144765759893897	0.622841278009164	0.299226644531413	0.164227774521591	0.221775051344883	0.387993517095605	0.0456902824863679	0.319426624988374	0.304977618172174	0.306021616599648	0.193161973257977	0.190053958494693	0.369198519738657	0.333737094023264	0.669373949841444	0.0884047322255945	0.460440276256743	0.456535530854173	0.140697657438163	0.537698641418109	0.809086076678371	0.721702036345751	0.602477313247943	0.186341661449243	0.0573704421321961	-0.0156280618592699	0.175526343436868	0.36650090107463	0.235745731808951	0.355753547557232	0.0645400873643451	0.280695445422948	0.458389230964528	0.226310842035034	0.113999690844413	0.0990648419324802	0.104322992423803	0.332666134869911	0.345881487388251	0.318865226685464	0.268539804576675	0.275679866629841	0.0165293810769574	0.128375633489522	0.279157255336559	0.198931529057176	-0.083447072556045	0.215202628303512	0.163507678798951	0.177149457648505	0.0770401718727532	0.313178906125927	0.0639237456167025	0.228111772159228	0.537825527646563	0.289911031472078	0.0886580912726217	0.372507390958648	0.0535079227925048	0.142623781793595	0.2646131123139	0.226812866000575	0.650322150608812	0.31982062596092	0.304024699246103	0.398747115626179	0.389138763804851
0.527768137033913	0.566153241352833	0.613283182142101	0.791685665496863	0.461161982829021	0.689814682618457	1	0.251415770577453	0.378952699421179	0.27568643023795	0.195296823390247	0.330540345382339	0.27431913219567	0.512809231100452	0.536899006786408	0.423660760378408	0.129571597082776	0.215335115306638	0.242139445961904	0.159157166677708	0.393227680758136	0.161902684459838	0.313447229114595	0.316341689584461	0.292480266401654	0.0967415615520272	0.22780036983639	0.358916337380055	0.21371359523091	0.366629218897471	0.127402584582634	0.12887601712429	0.215061046649863	0.170276245973097	0.823201290729442	0.456090705066318	0.232036358617435	0.263294305559348	0.379395346623613	0.141921394188578	0.297643716906779	0.36989729222725	0.260106926758507	0.286406656711715	0.216438875709736	0.186661408914853	0.366609384105019	0.482258742405632	0.122507454763557	0.461865108604511	0.576401227481903	0.345018399904197	0.671647643268989	0.716151869985092	0.726169327462362	0.864603350968185	0.157624769213929	0.187334541214433	0.101791305145921	0.251842737100902	0.301826793527847	0.204045472397694	0.425377149092053	0.138444847453623	0.501649151639305	0.546680651228618	0.370268235001656	0.237826495847096	0.237158410269026	0.019195890308806	0.44352404130433	0.294691292760903	0.211209381805258	0.189925809569568	0.339633835504821	0.101487810612246	0.181646715448841	0.384562462400514	0.328158755766223	0.0925120447092604	0.401827764940241	0.210843336887693	0.428164799130404	0.20767953135037	0.327132476559568	0.22307978075197	0.221281169427762	0.636361811176568	0.365269585473021	0.104819050285551	0.399624369458665	0.211293569331486	0.318965387931977	0.256348403751063	0.338684531842976	0.595177875132682	0.296409228478877	0.337146566646392	0.418745352473303	0.499624775375822
0.425560113809594	0.369959092290319	0.147224409351794	0.346525584976291	0.281842760935631	0.255156204651473	0.251415770577453	1	0.715205146297661	0.259786421522196	0.373102512833552	0.505555161365293	0.407861355862954	0.191922194226493	0.35900432155182	0.530537738712376	0.351163876648685	0.607736765654817	0.811324698105251	0.591090894209346	0.283948286673396	0.270209719096894	0.399233846327544	0.419993765293658	0.631175575996005	0.192870496837547	0.289754259088731	0.126330960948606	0.111103724865137	0.0812941620884685	0.313593266916278	0.2140393369599	0.236080507855621	0.159744954910132	0.260437425349578	0.528853119030844	0.245642155036867	0.380861311160299	0.14264857426553	0.0690642547201851	0.273814571735338	0.124900692884882	0.208684214598921	0.306593324632236	0.37423531282376	0.31301407821508	0.320904414214817	0.256551601773531	-0.0338742906580262	0.406493830029527	0.306044593421854	0.285607014297752	0.251320078474464	0.207001161481862	0.24117004127203	0.230679668068656	0.386271718970738	0.592532794009534	0.65717482615123	0.597915132875646	0.296227608246932	0.380399056009961	0.416920402899329	0.408349522370004	0.285663972853369	0.342794064026349	0.381498962437232	0.416120968984469	0.620506842558773	0.562273300004014	0.219177758562492	0.371180459457717	0.236076766038514	0.533409376008891	0.327714560786595	0.251529639427266	0.301810016058739	0.167298110196251	0.0444719276242207	0.312033700798209	0.22893552846563	0.291544318441602	0.128107142053227	0.241459813538674	0.386005742124238	0.211161287762855	0.182129837015722	0.371309794242993	0.224305245217	0.376685590285119	0.08550057720055	0.0767213053491033	0.387526310758251	0.394703487570165	0.414529797918373	0.21930719341437	0.114612652696624	0.245725502545892	0.356006629666153	0.195092142124773
0.57867396490961	0.383811862075969	0.215132501976953	0.358940483680958	0.385751699690533	0.267917534628013	0.378952699421179	0.715205146297661	1	0.40337915255615	0.420850570399745	0.585053427825457	0.443214818154143	0.345127972261188	0.25760093444562	0.363848942276525	0.274268291049146	0.27265250554818	0.685298177988708	0.442420436561799	0.382698468295956	0.265934314384954	0.3707267789098	0.429919441589432	0.680710959508098	0.144256464050538	0.293149637895794	0.368168049170085	0.290475487091475	0.164115689488756	0.171231016815256	0.195349650206202	0.17968024392332	0.18708842611283	0.424835125146452	0.433456754306139	0.288393962883706	0.332260292856313	0.288397329797654	0.296775774719769	0.385868923737388	0.244448963636088	0.304923535323037	0.446663721130555	0.267185065154455	0.23510147712835	0.37948909551851	0.472495704451672	0.170363048013976	0.388653478894838	0.446695751507654	0.32761745403168	0.319171805717564	0.276637110927116	0.365654324119806	0.346020820202946	0.272689706838342	0.442005853923286	0.475022552960728	0.814734333920198	0.39337933581703	0.525107115019289	0.642997228634378	0.456079766939279	0.413767793265613	0.493834277949425	0.171006793218827	0.303410377147292	0.475984486202972	0.429129261963259	0.379675226117573	0.408411173482162	0.205931935069844	0.488940116945741	0.179176597877375	0.12774949746367	0.402279095169855	0.314118867738987	0.319273576255346	0.0469271153979992	0.178811416827713	0.217577257862952	0.277247708694732	0.162981913732602	0.15354957918059	0.266123294723857	0.160964447461042	0.359869640307377	0.278473909027241	0.265600699379234	0.209374084981461	0.290277799374206	0.439383088768668	0.283281814037915	0.268668701324264	0.457754933733093	0.295024917284538	0.342773403054181	0.333519387083088	0.292058449550557
0.370535623720563	0.393719336634006	0.292791869520973	0.324496444640805	0.198051270094541	0.286703893098528	0.27568643023795	0.259786421522196	0.40337915255615	1	0.410876341139777	0.686071081289838	0.403782670406693	0.337581954393876	0.304548950082714	0.267488152538663	0.195119556240415	0.166880326898943	0.233326312616932	0.205817771850205	0.438239276309637	0.486146758945142	0.277459874627002	0.202155374470289	0.192131597541424	0.273070594146864	0.239697470616051	0.341261128212144	0.0614922113823145	0.275501878575836	0.130279199823459	0.205629455740045	0.197535030146979	0.280759752944522	0.229231128412853	0.147681505658427	0.191315233807471	0.290581186643805	0.0803108990734588	0.132482485165492	0.271791553813424	0.413976994856769	0.238143855364644	0.220049054441472	0.187808986389364	0.256874849589188	0.315586868262202	0.307900254212053	0.152658644772683	0.499343891374069	0.286100514538621	0.248798838422027	0.313379908267241	0.350845880141028	0.156122873694583	0.292723002886583	0.0332812574314659	0.241576402111718	0.303973032447573	0.448548476412651	0.60378279646664	0.445719472900193	0.623125948900893	0.360877672273179	0.316462159327795	0.385040323249259	0.175874019698463	0.111227269456061	0.276905915862116	0.0498416279912205	0.362464966265207	0.476997487259911	0.226902213802923	0.225870177559907	0.0632100020349588	0.156391191182128	0.199263580801946	0.283964690966511	0.143146663047397	0.0725089043918064	0.158581254119221	0.255809162546561	0.188053404071524	0.203500286068792	0.149432457126614	0.30049987841449	0.301131713144779	0.0741058549904623	0.189506444136439	0.0795816211209584	0.142366338746678	0.272211336501253	0.182826201950744	0.265970421904189	0.169611021756122	0.309290497506694	0.399704405784726	0.16558729188466	0.265887656590317	0.282446774000038
0.311206544801098	0.269958615878637	0.0316911085183517	0.284648453466708	0.221844128351875	0.150134058607954	0.195296823390247	0.373102512833552	0.420850570399745	0.410876341139777	1	0.405867852422608	0.291752937839361	0.203697343936435	0.275069455766793	0.246349504648076	0.259411000249908	0.279452922742251	0.377147901056689	0.273038579819532	0.272933666074493	0.192124503901108	0.193404123076193	0.0990268990248677	0.269191527893548	0.0433171048902115	0.115641322142301	0.0532727173236813	-0.0414977024774922	0.0499306825110344	0.0698290682852769	0.0756712544805455	0.152757939032415	-0.128758523642278	0.191579376371721	0.13353044203647	0.0853570880975925	0.0637966881221608	0.087483261603126	-0.0413203894766511	0.153612961588735	0.235945853466446	-0.0184745155745197	0.0119391757606826	0.0633754031784935	-0.0384297429469197	0.0503918229538493	0.261122883878265	0.0688878751962994	0.246242668580023	0.226832488778685	0.000523286831676774	0.317579659577887	0.181795406390919	0.183631761433136	0.17684191967442	0.253018439064842	0.186917595247845	0.231690348518702	0.402882776882789	0.208109613810514	0.160131526303643	0.287069566727461	0.196207565282518	0.224857132055894	0.259028396217718	0.10721620532614	0.115717541201178	0.185658155274845	0.201079220430445	0.263111032390248	0.25069827734441	-0.103220718903141	0.203776611984065	0.0150655064779588	-0.0129249188094775	0.174162005595407	-0.0667300839967529	-0.0609962417302861	-0.0914976105111135	-0.0489314191621754	0.176829125904271	-0.00721901416828457	-0.0434858666238518	0.117167689623169	-0.0182205963370286	0.0304534213790166	0.116728236238813	-0.00346182749973243	0.0664752196875845	0.0736896798922242	-0.0207067051529475	0.0918731150529878	-0.097603851516964	0.105094897912629	0.258332416040724	0.164067946258112	-0.0204993316740347	0.0584348170880216	0.115797711390766
0.434022880759105	0.324873639753447	0.217942569432158	0.322208345235217	0.259730425327202	0.301784119034077	0.330540345382339	0.505555161365293	0.585053427825457	0.686071081289838	0.405867852422608	1	0.588815186539139	0.396284874089092	0.342255138559004	0.235928547465584	0.376232178209981	0.336558753335525	0.3411943245968	0.348767328059369	0.585608288513474	0.442529778639881	0.504866594181797	0.258576033589932	0.469038041669296	0.16039288934549	0.316872157310344	0.280304933466156	0.210369500162732	0.222505325580101	0.0138475051277833	0.213920238141081	0.252141296316535	0.224322631671695	0.275889681433832	0.172462071358368	0.136062387256986	0.154996094628755	0.015810346997284	0.0295142673200946	0.21560162557417	0.243000360501981	0.184778041733493	0.173271970000615	0.114080807423844	0.255473381365455	0.403328387782146	0.389969846545372	0.111335312354527	0.601910400475009	0.36543104542678	0.244075096664286	0.224042079460426	0.319481142088878	0.336116200217446	0.270863349800986	0.286628883733908	0.370950704898606	0.397950524866985	0.567765663922911	0.41903319825008	0.485837339576943	0.681086092401296	0.557016819047677	0.329664605879931	0.448014867115472	0.138625542402768	0.344901639991167	0.322239155472006	0.248618968591305	0.483316410559712	0.569434184551648	0.218813854003234	0.443744545068188	0.166709552527356	0.0850133488804175	0.258397534087369	0.230144582721647	0.18299463387842	0.0635086121656128	0.296977665089744	0.374515200067922	0.233684781314885	0.122664681444013	0.232351874412039	0.265893833102983	0.104411983806349	0.195625242536278	0.215045111997563	0.106828515223756	0.0581937190621063	0.143786839914905	0.241084228227655	0.325248116874008	0.32666091615479	0.435043174164489	0.313219297395028	0.167507074867089	0.284898728304746	0.350551668492519
0.369052484060717	0.335116772142578	0.2896883927585	0.303536047412936	0.354361009653765	0.263179027289316	0.27431913219567	0.407861355862954	0.443214818154143	0.403782670406693	0.291752937839361	0.588815186539139	1	0.404107999160286	0.347252195508076	0.2262751331402	0.629858269113589	0.392815514655705	0.13366623997215	0.217733353422753	0.409812687551683	0.353442505415388	0.354457525792728	0.155403801986914	0.310330477708743	0.192731045713236	0.230904482367939	0.347606391066673	0.169854630519946	0.182374393554742	0.144139041059274	0.344933024734549	0.4583926712778	0.293994325274481	0.229172968149848	0.120709295062186	0.158901011875118	0.168712609779641	0.0822722035720338	0.090476442541035	0.265938453038348	0.281637665379608	0.199480253767043	0.171612368957762	0.316938314325827	0.404480276548977	0.450218425013754	0.293926033469456	0.37678060880927	0.387978311164029	0.430886377236848	0.21988899760961	0.228259285659304	0.194242069848328	0.31150417995969	0.14803094157091	0.274136195740649	0.238971303810397	0.205879027776516	0.453800950721145	0.238819259201779	0.277409879878911	0.491963250003562	0.488085776865779	0.302700634176093	0.370184942455392	0.220443570944195	0.3078539294287	0.150655165289715	0.21967238889906	0.397172721757454	0.271604277888877	0.238171952481714	0.321967695908589	0.194066594170651	0.188257489739322	0.0836863274423145	0.297316324432153	0.190536990295631	0.117189918525689	0.189043166876533	0.449493599991769	0.212666211687576	0.226760814178296	0.299598707579007	0.244903819229488	0.151688553756127	0.221406086743467	0.2449776065506	0.102154393443764	0.101102656857832	0.148510361357184	0.158338203200079	0.293464504591349	0.181383329207731	0.340831030201383	0.308790027944404	0.235987280752887	0.159229623595903	0.275634314262073
0.61266334190789	0.528617938340098	0.407691062608476	0.601606150402598	0.544297885773942	0.383006635887975	0.512809231100452	0.191922194226493	0.345127972261188	0.337581954393876	0.203697343936435	0.396284874089092	0.404107999160286	1	0.602635597012032	0.533087911502317	0.229054288005923	0.126154405677508	0.179882570830867	0.125009739936014	0.488517868397221	0.146401030633539	0.396303200706176	0.308204139490921	0.124622306410665	0.13709289555826	0.337632367906591	0.513735154139293	0.504609993204346	0.586767110098561	0.385522509118777	0.364100255524768	0.431959894361339	0.308873387377335	0.553648768722827	0.430275042181596	0.392101351421751	0.246238811419219	0.389570707842795	0.31474259149799	0.374188960654356	0.513142665552405	0.494111200708428	0.294357526615908	0.32258208724336	0.386003073926087	0.462210026572891	0.461459584719501	0.455504702306377	0.617757475096851	0.595043021226661	0.463241147907661	0.645487841251898	0.359059842908714	0.407253409745717	0.542161825773623	0.206026355802604	0.13237589440662	0.154348693316165	0.310935674369049	0.28581321363089	0.240448508593745	0.314588961381975	0.259036668944105	0.65559095140424	0.616425491854292	0.41952599251789	0.173217778875513	0.247555512416531	-0.0114496684595817	0.387910541284769	0.25499155217823	0.176377300213461	0.1513669502502	0.215905442544313	0.173070418675914	0.30886205461861	0.427525864752896	0.38020932951571	0.181210421569661	0.403325258447228	0.307120120727038	0.478793058556914	0.37913258929698	0.265707465400234	0.257493716115178	0.388240373150989	0.467760964437778	0.431756038727181	0.109437136952081	0.290982391531973	0.251254392130404	0.287622835205983	0.297054229434072	0.1920494975849	0.558619637753165	0.620032469631105	0.383946663417681	0.387588952734206	0.490697004175015
0.46963287814831	0.4285192896457	0.370863032883697	0.671251110807068	0.461574539565708	0.553739277209715	0.536899006786408	0.35900432155182	0.25760093444562	0.304548950082714	0.275069455766793	0.342255138559004	0.347252195508076	0.602635597012032	1	0.53081708106586	0.243761729941674	0.22673399132087	0.267756747826835	0.224851188902492	0.432567649356985	0.13411316615934	0.32290133249987	0.240807492074802	0.210442873119751	0.126255028510156	0.164158357739701	0.232576136920499	0.2246702017473	0.38250143527716	0.32489811036219	0.163414998486801	0.232259342357995	0.126975415042403	0.53505414518352	0.350909649068212	0.191949863999271	0.295778722332737	0.221243113113646	0.0486880419387153	0.192459303769337	0.410064979926359	0.368344559777315	0.147438543839129	0.278099360964124	0.274330984387866	0.336102378901198	0.319081933364819	0.178084618999036	0.613560862378721	0.500179896235208	0.209253750191727	0.625362550296073	0.533597448269203	0.399589718107296	0.558779889001821	0.191031002877398	0.27806462926394	0.237934630781853	0.185531048325995	0.296914557160829	0.0496601156255725	0.270618957645877	0.0701328578097254	0.42429525607079	0.493603643246123	0.457650324745947	0.267345656124303	0.276897936027736	0.115790716539349	0.391219468406458	0.347074790006771	0.149340720051217	0.230706640987842	0.374784486252958	0.173840805606225	0.205854500589683	0.239109434623792	0.101709990882804	0.205589667813417	0.333364500197481	0.247225711536457	0.282174589507685	0.282094275690383	0.393961953526446	0.167277021504263	0.253819111247119	0.552914850989263	0.356381342730873	0.222623456019704	0.27452639428135	0.0825004164539529	0.27938079991284	0.266351077984651	0.403297426104911	0.353155908267699	0.272876311345818	0.135370591551196	0.467603767911133	0.409988669896516
0.542025637010953	0.509379319750213	0.248937369523156	0.635419465370172	0.355859194628925	0.308141563772677	0.423660760378408	0.530537738712376	0.363848942276525	0.267488152538663	0.246349504648076	0.235928547465584	0.2262751331402	0.533087911502317	0.53081708106586	1	0.379103973908804	0.532535303593034	0.532930957159136	0.532646549224329	0.43524188204115	0.259387580773399	0.403687387849712	0.430839866336421	0.205730671144967	0.4673779126855	0.383171910556422	0.241659070316947	0.274116437787568	0.479999266085005	0.839798711367504	0.512695923826437	0.535151516112538	0.442767887949171	0.567726433861053	0.695983430029618	0.34301923202152	0.630952361964247	0.38812972191522	0.256434331784244	0.230145592292635	0.39417823894533	0.587497155703794	0.443535239667753	0.675309902021248	0.437794145852621	0.501471692204274	0.199644866989374	0.0343745350335559	0.581395744331694	0.394723006883381	0.455485910615307	0.62502229063048	0.311908392744946	0.28825427089489	0.519197654763359	0.336963128315189	0.455825364673132	0.452894589956733	0.228690506874662	0.326965544678285	0.241798600250505	0.159736541255917	0.162824684127406	0.426122371481227	0.511012437370804	0.751504339463089	0.367287750172224	0.470106865343772	0.32996688951162	0.214808579437615	0.246671966617821	0.00517415924991432	0.1626510274108	0.444281704022702	0.536320545923055	0.451397600869469	0.390816370428465	0.127507217191578	0.542622534122721	0.450192085190201	0.388141526130416	0.334289629234356	0.612024477358217	0.628322769976444	0.358711065472373	0.314771011822599	0.582513922121426	0.44692496691904	0.556016028255861	0.310219345124633	0.289454876149604	0.506538310549138	0.450992772891981	0.408088949338421	0.300454177446418	0.186438118206656	0.261476400528197	0.491035208062151	0.428893234968598
0.190142586603028	0.228355902766438	0.0281754313053496	0.227017037879922	0.174492816292718	0.141104548779238	0.129571597082776	0.351163876648685	0.274268291049146	0.195119556240415	0.259411000249908	0.376232178209981	0.629858269113589	0.229054288005923	0.243761729941674	0.379103973908804	1	0.601654321329804	0.156150494662185	0.324545190289883	0.503262996856919	0.137282420950404	0.367884567735837	0.135940763343983	0.341206666267448	0.403014286367377	0.280678515848773	0.116057924787392	0.135999238256914	0.0646468206632148	0.448706840170052	0.492713629781277	0.583121659598131	0.28960309022942	0.136109457863183	0.209201687513163	0.0703250852541575	0.276834004485248	0.0230408141812965	-0.0621123732879466	0.09991682270931	0.225702315998338	0.234864449283158	0.159623104903276	0.425214675122627	0.383662857548195	0.413601069008508	0.0544946048908588	0.0926026776142101	0.406537442044033	0.242308904539029	0.15432121534391	0.237980920270333	0.142623485201608	0.327228555998611	0.12255470935257	0.421728295505181	0.379073324197834	0.218978177266299	0.220418519711308	0.0823956025824895	0.232456560449421	0.205178681304668	0.238450360032062	0.151847064804657	0.234591330850453	0.380427054168533	0.405204889072905	0.210249213945741	0.34953862211017	0.376581693783627	0.201103349602697	0.0215771980043354	0.302246081186044	0.41435515202232	0.449065948525696	0.179462785791618	0.14764247257046	0.0684577152564512	0.365133818226744	0.264723209662097	0.545285816037179	0.149405415988602	0.390208197726532	0.510838771768726	0.211777875907983	-0.0827958432445274	0.289192268559598	0.245277730861396	0.354259536702718	0.0104577145616219	-0.0337556405985504	0.247639142729196	0.253302262910117	0.224906149258612	0.304943205288595	-0.0366495664646411	0.0114422227207538	0.126826181248411	0.206114828881087
0.214174374879215	0.336690821536499	0.11557755602988	0.272655600039766	0.135775589434275	0.148037702540552	0.215335115306638	0.607736765654816	0.27265250554818	0.166880326898943	0.279452922742251	0.336558753335525	0.392815514655705	0.126154405677508	0.22673399132087	0.532535303593034	0.601654321329804	1	0.381891519247987	0.370339526421707	0.285855831682876	0.224407144294609	0.301267967014414	0.290057664541476	0.234678274165989	0.222246625870813	0.239559901302603	0.0628213848025581	-0.044299778938535	0.0955487468876555	0.451131526518803	0.276912916133188	0.394085409785317	0.177873703475608	0.200362824514827	0.376185735359921	0.189561087244373	0.284182114045594	0.130423104627656	-0.0289773765686356	0.114944053505583	0.221885951271131	0.110455115702648	0.119880626970437	0.365058354840974	0.20663100012518	0.25473385642549	0.0896241828615759	-0.172900947043431	0.356320311722298	0.151728547785543	0.178304110083002	0.216765805730502	0.149085197609358	0.172975549407616	0.212447814818467	0.385598985686204	0.396667264329938	0.390001793646339	0.249203357658678	0.0993431254210177	0.151266803570491	0.174882700093472	0.288364758344877	0.15632339052731	0.211091726564895	0.462560904800137	0.43763997129008	0.353221945376003	0.3155346966615	0.151728697933415	0.174203254863108	0.073991331837028	0.231725416896757	0.342840326161482	0.278615963151616	0.0831250565673895	0.163141663394651	-0.0282048581195783	0.419220147272588	0.125048805010134	0.338473125597129	0.134824309321967	0.321852434826394	0.451388431305346	0.210974507938592	0.105617124697505	0.382813522230561	0.255863519371677	0.370900050437064	0.079571222075559	-0.0163512427319006	0.220935960873903	0.326055915584594	0.260910688157649	0.187133986188449	-0.0474340746994365	-0.0240410866832114	0.219918661139808	0.188265652772379
0.41041572411686	0.305758781969414	0.0924987576911392	0.355822654822885	0.20047499024514	0.123846484484151	0.242139445961904	0.811324698105251	0.685298177988708	0.233326312616932	0.377147901056689	0.3411943245968	0.13366623997215	0.179882570830867	0.267756747826835	0.532930957159136	0.156150494662185	0.381891519247987	1	0.60324923576185	0.209041992536106	0.146340453280864	0.187155928029045	0.383927085251836	0.546490704745784	0.107976993400113	0.146689824527387	0.0833632794830363	0.0259151872310829	0.0877739106954592	0.261439195747513	0.100196168202123	0.0631189279795378	0.0888671379477397	0.22848609098268	0.534204030483255	0.185721482731056	0.347265183370227	0.161533083214296	0.108450859639237	0.24142916518175	0.141941556583995	0.183240343718318	0.309282547217146	0.300546769431025	0.123802840291691	0.158763516119457	0.21411790709734	-0.0253738386095143	0.307825950471536	0.245551375507113	0.231183844053557	0.264724918925709	0.162572707864556	0.145272343102722	0.275156286541571	0.256270560732558	0.560677817366472	0.640367529906647	0.502879778287803	0.275374908269614	0.374682356375994	0.332312742400979	0.324412855111178	0.24996405472881	0.305866308445303	0.374425671560884	0.389237792781818	0.712856228108171	0.513155052825195	0.166287991166657	0.237265475343767	0.063492441297433	0.366793797666603	0.220498568638029	0.205214191838202	0.31410910817574	0.0630735667158634	0.0310527548198405	0.245013908582537	0.170875887265935	0.155999283900864	0.0885731275627058	0.182922502508942	0.267802835132076	0.0925608300786482	0.145306763928834	0.296204856620269	0.160898049668202	0.343543205465901	0.117851403233088	0.101264517879472	0.364280549346203	0.208052131879257	0.266798964994154	0.141288293114572	0.0627508641834881	0.106309107832032	0.273779253787818	0.174322293773538
0.272427424031218	0.235825096211834	-0.0108760338830824	0.360204324255219	0.19078448259635	0.148421484748195	0.159157166677708	0.591090894209346	0.4424204365618	0.205817771850205	0.273038579819532	0.348767328059369	0.217733353422753	0.125009739936014	0.224851188902492	0.532646549224329	0.324545190289883	0.370339526421707	0.60324923576185	1	0.191746497776398	0.413863953755479	0.409930754585754	0.311922400891655	0.59945297668788	0.357876893993883	0.362823821421064	0.00113806813494783	0.12832924772497	0.157172212476873	0.359787315920651	0.278367804967218	0.277818242605533	0.304770330467374	0.165735489930743	0.439666449837545	0.0920688988800408	0.451980811899329	0.0775735039291973	0.103211629176161	0.193160682068306	0.0590697222992886	0.237448810567015	0.347655512702942	0.452429661513582	0.271230590940497	0.350468618474513	0.19308407344481	-0.0534668548688127	0.363899585047391	0.188962821318344	0.111345967537396	0.270469591973351	0.184168220322009	0.203589534500506	0.179908605233183	0.436562443072745	0.649317372170079	0.525189174686191	0.225980433015309	0.217166647424351	0.272958769187532	0.245644204094678	0.300183213761744	0.156991118668956	0.385639358939139	0.430744243463223	0.539801466382176	0.51335480065588	0.568911853053955	0.297131826673716	0.354416027690082	0.0716696863363044	0.499054930693373	0.37599305685637	0.338350581425362	0.353425262499845	0.108312662103696	0.122934199019102	0.370104180204505	0.315682899368261	0.357739767879024	0.080717663606214	0.281523713026757	0.532238549708291	0.17993992762908	0.0509150852041863	0.251165604147324	0.209652692983468	0.51112176466977	0.105170700732547	0.242402881960161	0.538224292849469	0.317874977979921	0.407851720340971	0.284522856134116	0.090620245554128	0.106922335575862	0.311495373651148	0.322507770078377
0.456267363662404	0.284773286782296	0.199694166507082	0.375425275431927	0.372370360824447	0.364947407528099	0.393227680758136	0.283948286673395	0.382698468295956	0.438239276309637	0.272933666074493	0.585608288513474	0.409812687551683	0.488517868397221	0.432567649356985	0.43524188204115	0.503262996856919	0.285855831682876	0.209041992536106	0.191746497776398	1	0.237815824818735	0.357331213688388	0.277277438574866	0.31966756169678	0.325642899464182	0.402232489295224	0.301653600992675	0.159454891842519	0.331362346006759	0.358173761024278	0.339182278328445	0.383822262607524	0.364853781844491	0.456919761689947	0.362286595919831	0.21206499663045	0.267951154690023	0.224644651538076	0.0964018912299904	0.183999154792618	0.39434914488158	0.423780188215888	0.335931718553818	0.237090662755189	0.298166379851804	0.378460068683073	0.198178793500785	0.153743024662899	0.606069010554256	0.473442755567088	0.257410680610465	0.359882031503452	0.364434912548433	0.427840481419252	0.441220862686318	0.137857356194007	0.288858508817079	0.154194098092401	0.348154873367809	0.260528625892707	0.311988054334179	0.323560825092941	0.2423068658421	0.335140315677543	0.386363402842291	0.353500501847102	0.244567210410121	0.214202463348421	0.181038803142677	0.51464430721807	0.338238625382262	0.0268257201530136	0.196497108524166	0.406552642379326	0.254125742290354	0.334359239687958	0.294358171856715	0.0633976192077558	0.177004598169679	0.418517438509826	0.359543423238508	0.278894483098879	0.352489739871703	0.329006753264011	0.299242935407091	0.0991045781615417	0.480348959732658	0.384344507363107	0.149450999970442	0.231164366321909	0.143344239802718	0.330002895741296	0.345751654657303	0.278487025943797	0.407278926030735	0.115106703145159	0.224077994526129	0.345738654570405	0.35761422484811
0.339546230942472	0.306018999421576	0.216413600322682	0.220226496189624	0.291933097740357	0.257454937587302	0.161902684459838	0.270209719096894	0.265934314384954	0.486146758945143	0.192124503901108	0.442529778639881	0.353442505415388	0.146401030633539	0.13411316615934	0.259387580773399	0.137282420950404	0.224407144294609	0.146340453280864	0.413863953755479	0.237815824818735	1	0.376584150032282	0.269829430362761	0.222151636803439	0.358749631167622	0.396373784646085	0.176608383334151	0.164419102035251	0.150132842467883	0.147087640179574	0.168934918324062	0.18257084363528	0.371285910241842	0.0871752422349583	0.249390048182775	0.143297522247135	0.306048911561062	0.0443909916401092	0.197280733603525	0.375739480416896	0.181704692512095	0.160491697625769	0.349506150640764	0.239378838755175	0.321088084807801	0.368855977184445	0.205506162935128	0.0187755307973009	0.326508108543884	0.318540726695235	0.155662444626315	0.215401786562858	0.225694633829426	0.15947224266589	0.154012653540576	0.213561762081784	0.269808498941816	0.188066069941145	0.188987681087291	0.414196583349176	0.379317123040545	0.478169809943613	0.37570476619652	0.180813865613712	0.40950199567296	0.248643292956391	0.20249570279434	0.230347589639152	0.0791002079570429	0.231816620719334	0.495504137482703	0.242056214921639	0.233389486514267	0.146004312522939	0.200589831990795	0.289176144518827	0.207239254002568	0.209759881379516	0.161577974823717	0.160295469353752	0.184009918782282	0.135704278383493	0.209655704665567	0.232715458338567	0.311505002936535	0.207621774125776	0.069924190069639	0.224933429769558	0.174936334433553	0.088347446078038	0.384026590824423	0.349591819109587	0.404654288787709	0.320225632626206	0.278575778852712	0.339136533628747	0.345032316338765	0.385556361202596	0.31863104500143
