1	0.769878757190916	0.739376971154164	0.526440097754883	0.802678222400137	0.559364327279568	0.547319128504521	0.249099910965822	0.339608004419852	0.643172338251939	0.465983041607814	0.533592564391291	0.52302219277731	0.621372295973001	0.421469448392705	0.447130267377907	0.448780623568555	0.335648482770227	0.495980569544182	0.255800137745191	0.579637794036053	0.421781342022869	0.422346992279994	0.408494515870216	0.215411142105379	0.504783256087708	0.567515247467561	0.454339919771085	0.286076935014146	0.336058458143222	0.370237276790494	0.418600105930372	0.213378707742562	0.46164042242166	0.546315045767049	0.438531626865211	0.329163906542269	0.304229198862402	0.489609451163482	0.546760828709166	0.474080544749964	0.670165856501214	0.444079959371825	0.467647110728672	0.223749475047743	0.459051680179562	0.483386938626623	0.556406791244236	0.559821827631051	0.500262603277533	0.815952261114088	0.670536337126536	0.596600717261276	0.679747062441718	0.563477196256514	0.522880989403748	0.388780732761047	0.414178662341318	0.491151630575706	0.24470726097044	0.658185477178973	0.509422298469969	0.568690871028764	0.36416536412239	0.5783583182406	0.560069636845042	0.495184084884718	0.42584845644249	0.396241629565002	0.491063614800429	0.491706834239042	0.451400472818927	0.340651304708248	0.330043199214049	0.391525255910319	0.605689541039842	0.212371467407889	0.427013522112369	0.272055967918204	0.449593146748875	0.42544935437669	0.41453695821019	0.331397104629991	0.36987075070458	0.565207090038177	0.670699681775837	0.167052921606745	0.55137714629029	0.43830649898826	0.272795204482564	0.424141959331291	0.50514701083461	0.369395318169537	0.483398606084798	0.489622172173446	0.470538671342876	0.706902516694407	0.482378983170251	0.5699606133857	0.395803926826172
0.769878757190916	1	0.730828124730262	0.674939880995479	0.642152389791796	0.571636925226253	0.565638250758502	0.245429406634585	0.404798029497518	0.613643558346514	0.481088686625519	0.431922205781455	0.486074007525983	0.742050281217629	0.596320051728398	0.594534957468223	0.508494686294596	0.422383699266061	0.579549440644195	0.298754260130869	0.491445436069845	0.273102448089036	0.439143257803974	0.317900791618213	0.23549470832066	0.407630430213993	0.517380246246153	0.519573967153615	0.24233050053714	0.400965680209197	0.475346261490193	0.416210749646366	0.238990391452368	0.279997935455837	0.602879549090224	0.512454524224436	0.266828426281967	0.27079995836613	0.519328043047837	0.470692302408826	0.451089665837311	0.599570845047722	0.547655753291736	0.310803531715451	0.30132301970086	0.362289334457933	0.604791028170616	0.594236768308783	0.564642438023886	0.586382085776751	0.770116283940051	0.785707681391159	0.575095794982618	0.649664371773563	0.564265350126793	0.600380136971579	0.29767785680122	0.459102615944457	0.537316068069839	0.307139894680851	0.670643036868992	0.492727267203676	0.595962784548421	0.406830904252853	0.54836417059618	0.547321370231934	0.624558325951879	0.411145798776287	0.459934647971351	0.492936522012092	0.304360046134547	0.339602784155212	0.269000362210242	0.278830807379054	0.269526348845537	0.436373157547387	0.0950431147553318	0.461738401233773	0.195005594579998	0.467888462219761	0.450974658120051	0.336620045009559	0.281929848580498	0.404798574387198	0.507605405778065	0.617540941192796	0.139000550270324	0.636119912221329	0.425731895092443	0.34792695367765	0.488882925965383	0.422972985141171	0.275114816133095	0.290975052768737	0.341142887182183	0.597166756026219	0.69778017115132	0.397765706795198	0.548895409369762	0.339555464784098
0.739376971154164	0.730828124730262	1	0.649912471379266	0.640194597292343	0.683875519704465	0.599835882170565	0.27243860776343	0.410228285418382	0.582878295526287	0.481318412884493	0.46933058530474	0.373954581930575	0.583430470135249	0.486463765083459	0.572098966868047	0.375918760948982	0.427411130089525	0.558344627994328	0.262231043397079	0.424307863750162	0.325679827258723	0.292681054448231	0.332336575823644	0.134577111585022	0.433927963470469	0.526397996524407	0.464210028305088	0.265555586877805	0.41003808876638	0.479327212213506	0.472308538459641	0.156093856931614	0.437269136252105	0.594143151336159	0.531059711893358	0.218964510403717	0.25226378980348	0.627093379691223	0.485368937431605	0.438876669672939	0.561971217125605	0.522859904736452	0.348899924865495	0.187344095208604	0.384056572093542	0.539417942930387	0.523642999857291	0.497583125162014	0.502297547986439	0.727460255641169	0.707446762637593	0.54512764273404	0.77622798893282	0.570858955074863	0.657326147859416	0.314758148561863	0.386147563372638	0.471409665315454	0.318172742439822	0.595372132474067	0.491437625804152	0.530861349935794	0.317231570127725	0.599109594109006	0.566758284017934	0.533814333095595	0.441713903179445	0.461561070201555	0.46604536571896	0.322421209073747	0.41868894099504	0.325491361396467	0.273770329717734	0.357059026742834	0.453769032899316	0.183098464993391	0.436689006319883	0.13284072952103	0.487073475906221	0.380745918557011	0.27726969049119	0.204207011641416	0.395926150066402	0.479600256957458	0.595099097720711	0.104941427750447	0.664818725035827	0.382054074974319	0.260236622706454	0.541608354303084	0.520684617865669	0.294137551799029	0.360678184629919	0.424982947312788	0.557938138026143	0.599287160660382	0.352604280086685	0.547240340834583	0.310054965992361
0.526440097754883	0.674939880995479	0.649912471379266	1	0.483910956012091	0.702415305983041	0.743150865701272	0.140492151907575	0.293998962206407	0.422159427539638	0.271838760321086	0.252134252446095	0.429596596234275	0.567154835214058	0.607570060052745	0.572982333849446	0.399000287361895	0.420155910372545	0.464331965196753	0.184264861494699	0.320858948453838	0.121206411792813	0.287641917793001	0.236246552387439	0.224736083463954	0.248991603007754	0.392349007270527	0.381113799359013	0.160141131623597	0.314702571696389	0.519521509054687	0.312241751326547	0.229652984607513	0.150398862245663	0.606549764549951	0.455267605185079	0.249824017523483	0.197290947124996	0.565659362117362	0.3464050795288	0.368752076703471	0.386627033465178	0.473421540255265	0.0807679000000977	0.235967848295694	0.245002164685344	0.516035885755189	0.536445569075615	0.277392770567041	0.504629856832565	0.528867641170098	0.451847481358048	0.61179024825933	0.653262805066036	0.546531053092023	0.765444649343261	0.323013712514669	0.363339933440025	0.455931694696569	0.195766284644057	0.51395684585497	0.375848433534221	0.440317049928734	0.307327204581689	0.34589160219722	0.417082462413782	0.630310257432415	0.290683794846552	0.411130201806711	0.39618149550827	0.240512529495647	0.265718165424646	0.210855017480768	0.257284727565748	0.225544199189797	0.305330130092863	0.185469792840967	0.433893918867355	0.0774189263987097	0.457904067609755	0.343271671876662	0.26329923749232	0.132739451112451	0.355810798504473	0.440023840352022	0.457933078499638	0.113637869594044	0.642904759160414	0.352349082275844	0.249332555967977	0.434745471782728	0.355594037967214	0.0998838504349708	0.12680768560818	0.223660768658194	0.590365985393886	0.486876260673064	0.306177317591388	0.327283390266933	0.226416167977871
0.802678222400137	0.642152389791796	0.640194597292343	0.483910956012091	1	0.645975267617022	0.534341741144579	0.309958947989999	0.383112514929591	0.596571826005482	0.475194017724701	0.596243448426521	0.559064713848967	0.568986242978548	0.407906563173185	0.477183997527541	0.448052307775012	0.355997611212993	0.4820693016142	0.409033155307008	0.492862806708142	0.390192986900071	0.549178170336538	0.346920807542223	0.323810009965272	0.59810510918048	0.563249012182468	0.373781121156776	0.289141708937555	0.26777641844173	0.396355261203596	0.488244453274066	0.290993888479702	0.510017412749453	0.561343720912236	0.45837989930981	0.34882825772471	0.494621756425694	0.475810993187977	0.494786293394502	0.441574923255158	0.573249801876266	0.408402117998533	0.496138981780828	0.343936608949732	0.536048439496611	0.571881942192713	0.582151515783086	0.480529862866664	0.384184686816814	0.742493016451739	0.552060537458121	0.617062168540834	0.646602743669257	0.661735527371971	0.533966734613355	0.388264933630834	0.478924540630498	0.481761654836423	0.330708005762701	0.540341308351666	0.499250675212068	0.510204216171019	0.414174940100295	0.500946422361562	0.483769243989467	0.481353538389913	0.453716448918412	0.364660040944684	0.500951350153623	0.501371664773868	0.461931217956282	0.279344437990292	0.281014086262406	0.364342295450168	0.543951793184419	0.317188044079705	0.299073936585757	0.181082153935703	0.374822968482349	0.453234151316759	0.444668973903799	0.155831086798871	0.323285934729529	0.585390657458877	0.671590805559734	0.214241927568428	0.506734648972024	0.398974102559309	0.365813917690632	0.416688798762104	0.403378660519126	0.493556326502622	0.398324878429818	0.445570080324976	0.486940282421972	0.641866348211707	0.21003615991552	0.404788322939796	0.199515177487509
0.559364327279568	0.571636925226253	0.683875519704465	0.702415305983041	0.645975267617022	1	0.778892131111369	0.318643811615606	0.423594720143918	0.546061464327017	0.461839323765505	0.482045258557802	0.472520788103567	0.536535843221265	0.50039006362769	0.484766134586871	0.441592819391431	0.477089235617805	0.499608475788934	0.330692724783835	0.413666493978189	0.265623323126036	0.407272231541216	0.302451424165424	0.346846815180215	0.497200900390006	0.556035846884275	0.331972567965029	0.230981215626037	0.334659116586115	0.469447072412412	0.44903133660637	0.181250016998141	0.412020102637908	0.596503843344015	0.495771114019787	0.162472893277764	0.231641263531593	0.557079105503467	0.386931690977724	0.423281945346515	0.357854499732822	0.424295323848116	0.29801188715751	0.276553625506905	0.4498705302613	0.509776692858515	0.605134030882991	0.370801112593621	0.483651107049024	0.574889820533239	0.530395291376942	0.607092824962315	0.782152245365075	0.708614725716269	0.729822442230338	0.238262937496398	0.389280453191618	0.459849999003727	0.347280661879595	0.489669249777459	0.459631687902827	0.526144415856241	0.435056429291582	0.395566672996645	0.561207782675817	0.517481664297001	0.376991722183085	0.428718137054431	0.476036182874141	0.424314681796931	0.443424173625223	0.256621417214739	0.241475884120688	0.309157107363405	0.318032661449882	0.338628011279198	0.348808083005107	0.138722099857529	0.337272272617419	0.409772035159458	0.313317783746527	0.0577747781570648	0.301305880675796	0.506461680743943	0.569801898691123	0.00864710212695113	0.643228794653756	0.392822852112554	0.407165722340339	0.49715064648789	0.449845496354667	0.367659380368255	0.232809737447233	0.405716086185154	0.760905094347314	0.450625462556532	0.18195692694198	0.332266598412587	0.161997192672371
0.547319128504521	0.565638250758502	0.599835882170565	0.743150865701272	0.534341741144579	0.778892131111369	1	0.290579927060819	0.521975566982251	0.47574307863724	0.400504536418438	0.498565342385482	0.503454769779729	0.473110916558882	0.422105863228332	0.422774655084386	0.352486487661779	0.454997345535903	0.498985165078335	0.308246268469206	0.393526453703067	0.275955587269124	0.298260642647048	0.483830441913955	0.344383697857768	0.436310833969207	0.557494067086021	0.325720783905711	0.299123041697212	0.335528919189339	0.381410355230067	0.277584728804976	0.0183821734488898	0.370329260699224	0.764127419490237	0.450714985250681	0.224399840750339	0.23858996132899	0.639915525648866	0.500310346647187	0.350113795722821	0.336318890385336	0.469829432797126	0.355325863590571	0.10706080576059	0.366934176614688	0.402820027127891	0.724167488746601	0.288934289139646	0.44384115231008	0.4781015744548	0.413758719019287	0.633466329008013	0.719106954276367	0.677487665367405	0.869852279014335	0.304229191905231	0.315239797250249	0.347267360330447	0.340257619150788	0.583639959776486	0.554114911777917	0.526038379622481	0.478200762023789	0.312357016564565	0.541646044189323	0.385284334574556	0.420202119369689	0.395385539258464	0.477555657092039	0.507678372251969	0.490497111675666	0.35566634432442	0.364793666008156	0.450182170290131	0.219975814803482	0.378371042458691	0.366665761868506	0.289090457875277	0.334007820496489	0.34811810525245	0.345332516746339	0.104677775080113	0.341342555607639	0.457089866415985	0.497351822170122	0.1027178962266	0.704354368246765	0.539629619546637	0.286428604265102	0.665977955394427	0.462916328377291	0.328025781873298	0.278267656813375	0.433164652876589	0.720800198880287	0.430765650294407	0.324198712852613	0.365539336823975	0.239690861072648
0.249099910965822	0.245429406634585	0.27243860776343	0.140492151907575	0.309958947989999	0.318643811615606	0.290579927060819	1	0.673787039780539	0.242093328009799	0.358102149271538	0.3800452772726	0.556547426010198	0.294997264976343	0.227375214518339	0.498323617451482	0.544941916288007	0.762898875008263	0.534773828761184	0.771891305370657	0.250491924259901	0.249640170005514	0.308957367539245	0.461031969446863	0.250785296586095	0.451121713341533	0.279025977421081	0.155714782999806	-0.00914080939542772	0.0880007353808996	0.526394069729641	0.338629859426834	0.143504317174695	0.259694550949674	0.4115375440197	0.621955633051229	0.0593887261688606	0.505829101096564	0.340322147422221	0.16337513227207	0.173603297596313	0.0720957703347783	0.301685639516814	0.365523387411422	0.370712711505075	0.366268362907104	0.341397804086736	0.235926833212836	0.195871830629487	0.314503706875712	0.387829703376224	0.150087927851306	0.181518163337393	0.29193362057784	0.182801345846002	0.156615825823384	0.452231365475232	0.587008806624371	0.545308949605747	0.555829246992064	0.333515791606535	0.2844207434867	0.26236591235643	0.332895752727369	0.257752456635762	0.352678073766808	0.358199866110872	0.498952746887733	0.570307476700979	0.648289204201439	0.309751665607348	0.293160516696851	0.48983358811605	0.426416252766814	0.193878741938433	0.251002397184232	0.336991488484839	0.159803196522333	0.142533046552947	0.35582261040157	0.17350880199099	0.227327938494189	0.0404423560349389	0.237156098297268	0.358641571572067	0.353974292505166	0.0624653077248719	0.44293001775082	0.207125836481101	0.550453947797732	0.311446804860796	0.161114296897668	0.396620676512115	0.17717222708638	0.365322507974256	0.214353391359926	0.208580319756886	-0.0281663325289773	0.293814434637688	0.157636787936839
0.339608004419852	0.404798029497518	0.410228285418382	0.293998962206407	0.383112514929591	0.423594720143918	0.521975566982251	0.673787039780539	1	0.356057689257481	0.36596944096676	0.495768478572781	0.562631677375881	0.373973128605793	0.270119862921619	0.538702848226441	0.461660387932412	0.599232245914185	0.589438955713126	0.705473783742854	0.309152632389122	0.251169833370707	0.370570733945261	0.660427598710323	0.468481793330678	0.472645863837682	0.459907806400238	0.277330308791865	0.0808044754010983	0.203453955582433	0.489439356711291	0.25383890207704	0.139997613698201	0.336428125218084	0.618950007339112	0.656754362627386	0.160500915755434	0.463144615351121	0.490667928289953	0.357118700143677	0.231449562240724	0.193993354115663	0.404592483403179	0.481653702893793	0.340832903498251	0.366278265113183	0.383691469467976	0.455517286614558	0.235936536962705	0.461532716672125	0.445922250845621	0.240160253168044	0.281316712818187	0.374244970158507	0.363622280087748	0.367204379961086	0.403480611443386	0.490194331130997	0.420196200692957	0.746074536662054	0.48472759336746	0.468617152809801	0.381043201315622	0.43018379177777	0.266466800252904	0.391727539584206	0.321336267195605	0.451690085346767	0.56800479881779	0.580356476176983	0.348230969124516	0.418884250272272	0.450225130104147	0.51924157015874	0.343592065326449	0.177270074311674	0.450599877481912	0.203214776206608	0.136492469618693	0.268921096553262	0.232859961299308	0.214500980314766	0.124320617437594	0.250242512264611	0.398634269931729	0.375120858034493	0.142982577970564	0.565167703542581	0.285632873072177	0.463638639983606	0.507053526129587	0.215345452741741	0.444643368558893	0.132332561884357	0.327916553760602	0.413151083042072	0.265008554981798	0.231741615550586	0.3470835953644	0.215093505559556
0.643172338251939	0.613643558346515	0.582878295526287	0.422159427539638	0.596571826005482	0.546061464327017	0.47574307863724	0.242093328009799	0.356057689257481	1	0.6274060754448	0.702712415216205	0.491550896519842	0.632463866739982	0.492678869572943	0.423813763366748	0.442958520965077	0.45880642345519	0.461964548086452	0.298973392989285	0.532076460943437	0.635341286945821	0.491494597564876	0.272065431206354	0.222113512201049	0.478749044347194	0.601080605534877	0.245576011356129	0.334596668432788	0.392613167319646	0.304362280848452	0.530556666512263	0.253723104609305	0.525069127451402	0.466812539184758	0.527755826108737	0.21994964007416	0.274459240608177	0.491849474881136	0.490590972756137	0.47581018152511	0.619162158657055	0.305158470239402	0.42034414356476	0.324934109774111	0.582877782504764	0.573740637421885	0.412107249517449	0.550785830956537	0.586039327787439	0.643974161543417	0.60637718857732	0.51463309967558	0.573975711788824	0.564209987308507	0.54681011821101	0.272954781280626	0.484536075025855	0.500313545259223	0.390825477808981	0.622679052213437	0.514410348971269	0.572431738936449	0.417088509591365	0.49139400544703	0.611886341931847	0.491179601293392	0.423954226211985	0.41782389045834	0.532061696707062	0.4562061082728	0.508279891379769	0.291765320685254	0.365375454584015	0.332032177870638	0.50396759884634	0.448378049068193	0.456405037295554	0.210017765150127	0.344292275676483	0.403588901260731	0.41791467314577	0.290315676951549	0.28044775534017	0.542824147110131	0.704914973954309	0.144159354502017	0.497225807592567	0.406323182394166	0.353095910181984	0.445246717820014	0.4818899053328	0.413239952577179	0.464800601892887	0.467091680869252	0.603089935462366	0.538949434450861	0.383927106833337	0.524841075328261	0.421336209296934
0.465983041607814	0.481088686625519	0.481318412884493	0.271838760321086	0.475194017724701	0.461839323765505	0.400504536418439	0.358102149271538	0.36596944096676	0.6274060754448	1	0.611390176597259	0.420520054445721	0.386968084406408	0.345048299089795	0.354560504137771	0.468265997779856	0.435075901642878	0.323781244583877	0.394063321415685	0.516743198998645	0.507597090900549	0.474364809003105	0.393044278203057	0.281092007788069	0.582554876952045	0.520124843346919	0.141744723515263	0.26461311234264	0.184202060959458	0.288895617774337	0.49545405959209	0.122701242171063	0.533962227041338	0.432754797871845	0.482694041812873	0.233679222927093	0.35562758135081	0.414823227695643	0.437036709414231	0.283861524489785	0.321189336985011	0.255931591619277	0.457819065018352	0.27857677341214	0.563089115508425	0.441646667367568	0.421351679936462	0.361619884605715	0.454182926014575	0.491414047058524	0.423235128220769	0.367336591221478	0.486686220327542	0.458743171965157	0.453048920776429	0.270772360906248	0.454541224938547	0.364621097699735	0.326251739883143	0.489242390368839	0.545878792689734	0.384362610835397	0.429685908790513	0.298011176841707	0.520297726280879	0.313661926567056	0.526717969509787	0.366287196333423	0.432310055438259	0.447856227378409	0.433524336407142	0.365979707568839	0.391836521199693	0.384033967751239	0.404221968287751	0.491611715685629	0.294885446311612	0.128234138690767	0.288272179473526	0.180372888718713	0.2281985439694	0.113317766036006	0.261861943301149	0.398812576353978	0.571495890307069	0.132110403668071	0.534466513159099	0.438520954982291	0.405388400454001	0.430982240760037	0.505900729273498	0.511328242883938	0.350721755305699	0.392287353755057	0.487176745175356	0.376681559093976	0.106274051240127	0.442893921402935	0.334402517167794
0.533592564391291	0.431922205781455	0.46933058530474	0.252134252446095	0.596243448426521	0.482045258557802	0.498565342385481	0.3800452772726	0.495768478572781	0.702712415216204	0.611390176597259	1	0.551315873629161	0.453019564714105	0.252608152641369	0.374696087864081	0.459684910188712	0.48458131053317	0.399245993396197	0.417217982179281	0.580245159037048	0.662081373870933	0.553268199156212	0.444045324962539	0.428786267621169	0.69419271666538	0.640669509632747	0.0981747513361265	0.333068152904114	0.316867814311561	0.294133765318814	0.521469143646842	0.339366271688414	0.635964923979631	0.507859903639766	0.487422290125025	0.311258385016228	0.477899028466389	0.424584357362371	0.384270877592707	0.247456468975443	0.390974718029244	0.185894432138655	0.447243103111575	0.323435123353947	0.578573475851943	0.465603924462537	0.420822042280976	0.37690156985217	0.379565133753991	0.543960165600331	0.374530477919229	0.564641937710002	0.580970956118459	0.518414324360432	0.50618887938184	0.332619913286223	0.48957500360889	0.388061095524117	0.419541945276195	0.487972500709059	0.51432353675473	0.520507031275539	0.496337012196555	0.443474227585624	0.536776939865383	0.37383934714314	0.48911930336402	0.360359337127789	0.494862196058375	0.547230852170618	0.483234380577514	0.452574091281894	0.544524087412656	0.346200752959433	0.3741492288821	0.51666584582806	0.254317018421834	0.15104171280134	0.281518086213047	0.268386636179312	0.441154055653033	0.0615743910180181	0.232070985700079	0.491999495557462	0.613876443172408	0.230062915682792	0.490448197173312	0.293800038762542	0.348055017146154	0.428585646577107	0.456386450240947	0.534997814908483	0.414066677163173	0.398186864653867	0.444320484958782	0.385595605302427	0.0909163380395981	0.33593406326747	0.187027137992111
0.52302219277731	0.486074007525983	0.373954581930574	0.429596596234275	0.559064713848966	0.472520788103566	0.503454769779729	0.556547426010199	0.562631677375881	0.491550896519842	0.420520054445721	0.551315873629161	1	0.445884665458639	0.372123101011524	0.509421176768121	0.583592124577244	0.540941230506371	0.546017454244555	0.554889117630175	0.493914339293438	0.334061064183341	0.492374209641743	0.415683757726293	0.374134163169867	0.561165550779897	0.490592958881137	0.31404965232001	0.108064483568443	0.223975980880883	0.388786722946937	0.380110271488053	0.362760785740289	0.37595039389713	0.539837520395318	0.576520091678758	0.172603683659846	0.528774995675347	0.448869491092566	0.3722099805694	0.250494805582634	0.293319219497358	0.314237668367616	0.38877875506132	0.362317810205125	0.466880035574563	0.464258545362931	0.444839788481525	0.301535779466483	0.330899965101344	0.549060384004501	0.262543744455708	0.428012714211136	0.506906022586347	0.418230335247528	0.456449436727773	0.428206802610281	0.431763330153967	0.440417438451083	0.385424460980956	0.552884222761597	0.499793326101767	0.440247209220154	0.491628830215866	0.219372478419231	0.454916933088627	0.446586288451994	0.446905506526492	0.50373605033197	0.486398751330837	0.489060564487771	0.48896110878707	0.289817676900566	0.434492361259938	0.353525967355052	0.451358043314909	0.367286249426942	0.194344355819481	0.145244553900451	0.300936241342891	0.353654049629325	0.474583542726625	0.105425571037916	0.230505373464189	0.53504592573564	0.492727672220728	0.106833959593733	0.529290179686272	0.320945245030665	0.486703446294103	0.465057873560696	0.255910709258616	0.444556141423163	0.209092006020752	0.400837955373617	0.4025617062192	0.364618722894133	0.10963125025817	0.310542574372911	0.255501045757615
0.621372295973001	0.742050281217629	0.583430470135249	0.567154835214058	0.568986242978548	0.536535843221265	0.473110916558882	0.294997264976343	0.373973128605793	0.632463866739982	0.386968084406408	0.453019564714105	0.445884665458639	1	0.701284077425626	0.625982407922803	0.596330775495898	0.42472826153392	0.562042295478047	0.393369783957759	0.476330279124283	0.249901382914595	0.374968152029283	0.104002632120681	0.317368396067531	0.329364556502546	0.568890838241826	0.371500782213238	0.278918464248366	0.388740743521777	0.42351268187368	0.466677383965331	0.304982824554488	0.304209181779849	0.513058992661998	0.596784307086545	0.0725856638678026	0.302655116612059	0.426078712319376	0.299927609490118	0.513943266604892	0.556654222160636	0.430393927540957	0.258700862785239	0.390093941887513	0.439209733977673	0.606144073321844	0.412183329249495	0.513523639256827	0.537348045108186	0.728824845683802	0.665593569615471	0.636714573572598	0.57835297235422	0.584324631308094	0.489659352302834	0.34290324381846	0.491784970108627	0.619794758292078	0.374279826469033	0.527987299834055	0.409263682351854	0.587528410321572	0.417221639303888	0.658442557181066	0.621647993495018	0.716892891766457	0.400806644030445	0.529795100367948	0.609958017003513	0.302016086238498	0.36986638316122	0.177004119132838	0.371478520982908	0.135052150810182	0.400194902007302	0.25878137921052	0.494620160376099	0.209189424819978	0.39699699691738	0.468139611747694	0.431074953470559	0.173637298492059	0.344563637766867	0.556518277499489	0.652399718490139	0.0574920967145262	0.560886275587974	0.313162778128329	0.428599650501307	0.327907220320443	0.411967875519928	0.324539900782158	0.200639157414305	0.416806546109112	0.598593160188458	0.629157240412256	0.248066662460308	0.296304929956397	0.246730747407065
0.421469448392705	0.596320051728398	0.486463765083459	0.607570060052745	0.407906563173185	0.50039006362769	0.422105863228332	0.227375214518339	0.270119862921619	0.492678869572943	0.345048299089795	0.252608152641369	0.372123101011524	0.701284077425626	1	0.693546678337241	0.540339931961576	0.395255118278336	0.467705990489299	0.354653246230354	0.37066711566236	0.115265602832151	0.422317583856892	0.0417077169319383	0.219860840558853	0.210294739601084	0.342549934755877	0.206914157774288	0.165468372305621	0.209634965232832	0.578055786881336	0.521753291854268	0.255959540032477	0.155842448010895	0.483387668510556	0.485076938701528	0.0212372598107772	0.286343724927455	0.415047855641788	0.201341069181919	0.323702122002605	0.395662482183267	0.464969189451672	0.0433074984795689	0.365566812589587	0.385550726817682	0.678191970179414	0.351816604890347	0.385105244617282	0.529561491153115	0.441192461735501	0.489535035507202	0.497063338593472	0.438502544389017	0.466182385108821	0.417135659442893	0.161003806351395	0.310963223834756	0.373123129630183	0.230214758082294	0.413919171138732	0.345804752586603	0.396102173609938	0.250084800235112	0.472424076332516	0.453227854001983	0.642387126473434	0.264283994166099	0.306638124807157	0.407235933482863	0.15624383975995	0.262034733901471	0.14138035309741	0.250672119661786	0.0899312623763137	0.172880385815277	0.160876379653575	0.285671102468247	-0.0327640806753432	0.328720835844164	0.348286917058376	0.206381780763368	0.0805903283241444	0.251475017744329	0.268071550092761	0.454332682401254	-0.111603850396496	0.496216093047178	0.224795822876641	0.302718463307699	0.225510905805402	0.267332617521643	0.0878384835949858	0.0819972012232248	0.297660726148216	0.548717397240363	0.482685483052343	0.1997504561063	0.28765803994045	0.195024880592184
0.447130267377907	0.594534957468224	0.572098966868047	0.572982333849446	0.477183997527541	0.484766134586871	0.422774655084386	0.498323617451482	0.538702848226441	0.423813763366748	0.354560504137771	0.374696087864081	0.509421176768121	0.625982407922803	0.693546678337241	1	0.545493372558088	0.606925215174511	0.755909341869699	0.504347777961055	0.395998485093744	0.162940972238456	0.40017910878599	0.351248532613719	0.330979362253345	0.390212315398958	0.405347219336542	0.319947716915135	0.1765089695939	0.285631856265786	0.822584958923622	0.675982202351381	0.450339951097908	0.196389329527493	0.67682937464203	0.820970129644257	0.166724462666131	0.517209477785503	0.628455335024894	0.229367693208031	0.402516579672041	0.375597318467173	0.564583098605436	0.181716219538456	0.508368421813363	0.376560431243317	0.728884064896461	0.376056025378627	0.414617453461955	0.56058627981251	0.545727957424716	0.416673246164158	0.397712359240925	0.465263318165406	0.426349616370267	0.390665897952459	0.417614278225872	0.444609508484754	0.52508077111678	0.395970360670489	0.445774262090404	0.317675820143111	0.395142312189186	0.447094527672171	0.498737478369992	0.415212837415307	0.755066596559253	0.516570790217951	0.631382517277569	0.502811168589012	0.232075409360349	0.246688671322124	0.328121025738364	0.306634586102632	0.219945665694096	0.363482488897664	0.264071795217328	0.270965131610806	0.00545323707399406	0.563278984180492	0.389755812716065	0.337375717920595	0.158252452911986	0.439389556211715	0.424213802532171	0.500141797926427	0.0888584677324789	0.738504079935174	0.248026043970608	0.45342765742838	0.38532549880826	0.160221556250743	0.279122215336812	0.0943292263167447	0.25516642213413	0.463462463361618	0.402314000186785	0.0776052529837279	0.30370051439831	0.148121296934074
0.448780623568555	0.508494686294596	0.375918760948982	0.399000287361895	0.448052307775012	0.441592819391431	0.352486487661779	0.544941916288007	0.461660387932412	0.442958520965077	0.468265997779856	0.459684910188712	0.583592124577244	0.596330775495898	0.540339931961576	0.545493372558088	1	0.576135746422876	0.532452129947431	0.512641691266823	0.531521796731426	0.334049962990049	0.529184220254916	0.345614798231838	0.306532400282938	0.417758882139274	0.421091815091487	0.226650794256023	0.0888503667909075	0.186286227840461	0.509620911076045	0.397962998943037	0.168617432749902	0.3305661828412	0.449197119664257	0.594780521320964	0.194788841026761	0.386842820749444	0.298440491198092	0.254168757477873	0.257789688917762	0.388820979043418	0.333642125263322	0.253867375689916	0.352089903705976	0.457054185815238	0.590253859711358	0.266943128687131	0.415610103721956	0.406149817116417	0.506858149785663	0.307969401264533	0.461865810595214	0.401466662643243	0.293877790110679	0.313313390522332	0.520064562016924	0.528861279830131	0.498328319318292	0.305442564561943	0.427721773363425	0.369713787060134	0.412986188914542	0.433030019618813	0.352246831368315	0.462636388435973	0.596231253140537	0.460971736290252	0.49202368723157	0.477953041436615	0.349959387385079	0.355342907131203	0.33713261197765	0.372774587214213	0.188516892801622	0.2979883931643	0.31183205448112	0.302584894953254	0.103761033501305	0.393088751330374	0.159761700563049	0.252425586890547	-0.020682667705166	0.314047369700355	0.476787522589325	0.519019755588058	0.210317190317132	0.513732368635852	0.170777876616476	0.509575210458879	0.202052220942003	0.322420286256079	0.293346224745861	0.230218101858776	0.393816458131796	0.33431605408677	0.465831197820684	0.0309294088317251	0.245423369848723	0.122067683667166
0.335648482770227	0.422383699266061	0.427411130089525	0.420155910372545	0.355997611212993	0.477089235617805	0.454997345535903	0.762898875008263	0.599232245914185	0.45880642345519	0.435075901642878	0.48458131053317	0.540941230506371	0.42472826153392	0.395255118278336	0.606925215174511	0.576135746422876	1	0.590959675055912	0.556606551318159	0.386797636639415	0.314456461240007	0.40158336949671	0.450253411077723	0.201402317306108	0.455203347633711	0.259510784395229	0.237759337150405	0.103018672150858	0.214206530124693	0.660260343823805	0.468922884938751	0.252463314927305	0.253645417670372	0.494291743309685	0.669732630586669	0.068740204148205	0.424908177634039	0.448701040732546	0.193867457000454	0.263959112651877	0.167083021158121	0.421295135820116	0.228474496166077	0.473736122792501	0.373225231529594	0.48622625876709	0.326884065466493	0.227255077559589	0.441223305165335	0.428240219661304	0.301037619995049	0.308624185606868	0.3858973475699	0.230365347576113	0.397927896611413	0.430057961235805	0.631346728313139	0.634292770145383	0.497291211578069	0.466794113420147	0.304321675708103	0.297635426183258	0.410389055421405	0.282593856717831	0.439454487786817	0.519146428666336	0.647029438804501	0.597959594306717	0.671733768370626	0.335316290491462	0.285971889617342	0.429475085363539	0.380731170994609	0.262670472334665	0.319094339409241	0.247037178727877	0.314718503287282	0.0837643931561805	0.594763015747895	0.335862521219412	0.390499944929738	0.116807819792544	0.396517909426278	0.540099522227011	0.47458957238628	0.0341375453784064	0.587093486151961	0.288653473124161	0.563843761574174	0.367523473827741	0.265272018976465	0.360039177184807	0.211723562362157	0.330130691481871	0.326338522191369	0.236052662398051	0.0641411459123282	0.385015569084649	0.198806548551132
0.495980569544182	0.579549440644195	0.558344627994327	0.464331965196753	0.4820693016142	0.499608475788934	0.498985165078335	0.534773828761184	0.589438955713126	0.461964548086452	0.323781244583877	0.399245993396197	0.546017454244555	0.562042295478047	0.467705990489299	0.755909341869699	0.532452129947431	0.590959675055912	1	0.446532775673651	0.342624486415626	0.203673077464861	0.322022202438363	0.486337858615451	0.243796226658984	0.314943453267014	0.433633437482751	0.346963189396158	0.0904095762960251	0.293405321269852	0.559084939320885	0.461197257047804	0.357173815234113	0.182352148151598	0.637433335060399	0.743804197875095	0.0805948208875847	0.363164810361861	0.525282465127544	0.191383762365643	0.339463952742473	0.371148071500589	0.401285658028278	0.313200024370552	0.299723495873254	0.300187838555031	0.533759540103825	0.416154389442454	0.54843197430097	0.400542474127315	0.621612395619543	0.437745276398682	0.377024469813049	0.391164365489081	0.409550107822583	0.415427722728545	0.44171736283267	0.427049926199709	0.581300707789367	0.427137013336092	0.425685858597939	0.286089765539088	0.394841062820037	0.407326161117156	0.447436872304294	0.319163617753545	0.657806489708264	0.475778995056808	0.730627627560414	0.504033631076446	0.168643115310358	0.289599000586674	0.29931091781704	0.174946574679113	0.328802767014335	0.343618005010078	0.266706741713651	0.231555124799534	0.0542588786721165	0.496219343196949	0.258346248559573	0.337153580897986	0.172022965790024	0.393293397103685	0.48407121053581	0.454477680837311	0.126549003113531	0.736954986632015	0.250198912223049	0.438748342921283	0.412995694313203	0.182871783677161	0.232643683673952	0.175528382827436	0.245036949215552	0.399353605074215	0.372848373441958	0.100202712293825	0.263249845040594	-0.00665740402057581
0.255800137745191	0.298754260130869	0.262231043397079	0.184264861494699	0.409033155307008	0.330692724783835	0.308246268469206	0.771891305370657	0.705473783742854	0.298973392989285	0.394063321415685	0.417217982179281	0.554889117630175	0.393369783957759	0.354653246230354	0.504347777961055	0.512641691266823	0.556606551318159	0.446532775673651	1	0.264972223681975	0.274474725671842	0.478084155337951	0.312249343699307	0.498482620916238	0.421014874147033	0.35430937563871	0.0602824942288185	0.0665621334074656	0.0481348002170825	0.381096583307889	0.361703259326649	0.24981175910401	0.352360796701163	0.464054733536237	0.543343697759735	0.0911000298555638	0.647145378783886	0.303291684666985	0.159793574375433	0.13464475090386	0.101253594339683	0.251904851975403	0.418525051588046	0.455118732374026	0.467244986869577	0.40243850479099	0.267631725072483	0.244312511987642	0.318603608906205	0.404450479476326	0.192438737608214	0.267165599163751	0.311509767134621	0.333159276631475	0.19276907164572	0.396713259697423	0.474652190939779	0.426602939935843	0.675773594979513	0.314452125555602	0.343561885763275	0.32755916695293	0.300589765778231	0.319145093371182	0.433665649943822	0.34951608704445	0.362002080268448	0.447937973092375	0.594857996126398	0.318482646856265	0.371099702891077	0.409644829883865	0.594629063608786	0.171074974320613	0.27127261919132	0.384152257050292	0.13109474536767	0.0516143089238425	0.158668330673865	0.251656002137915	0.240873736774105	-0.0650148071938631	0.0971646431697582	0.378272453091441	0.408239693599819	0.12406742214543	0.379793498679268	0.192027361022769	0.528410513558228	0.300519292233361	0.0935715488544728	0.497874309030498	0.143713177210157	0.361685652617412	0.264328223799359	0.258719966051707	-0.050658808203727	0.224033210541885	0.198623700522903
0.579637794036053	0.491445436069845	0.424307863750162	0.320858948453838	0.492862806708142	0.413666493978189	0.393526453703067	0.250491924259901	0.309152632389122	0.532076460943437	0.516743198998645	0.580245159037048	0.493914339293438	0.476330279124283	0.37066711566236	0.395998485093744	0.531521796731426	0.386797636639415	0.342624486415626	0.264972223681975	1	0.562340734613047	0.514755810370022	0.335721941883711	0.24119955377841	0.547933372037414	0.551122121202178	0.320408702577077	0.316670732162002	0.309082396948349	0.367112651100658	0.476981609122397	0.187577047907654	0.521962804332229	0.440769859122502	0.339191184981401	0.36458825627851	0.284587015131848	0.464488384722099	0.50767369756574	0.362261729011757	0.485246191454156	0.447879157254488	0.388406606033603	0.136782050063485	0.45718035305581	0.531493554388371	0.433832237157685	0.470875640427236	0.360646192637135	0.477410675008891	0.308256044868332	0.400420356537358	0.454469979921134	0.385190025712191	0.375474216844916	0.354033466397557	0.298194277666661	0.259929050716437	0.173458144447447	0.569955071530171	0.535758199005494	0.473918903110341	0.440097970573906	0.344919509893253	0.5047685309043	0.280460680817584	0.368965372733449	0.197418990706247	0.24394343838163	0.525558179431978	0.405889623921314	0.246805887678397	0.286060695288401	0.28541909800366	0.428111722324127	0.258371612513065	0.420093324385654	0.250843830394343	0.234583741098135	0.415086252621192	0.438210396381496	0.257646162925718	0.28342513784701	0.437894055956941	0.525581318623124	0.184005003541113	0.427567822398372	0.400377566340392	0.162812000143258	0.494103370430584	0.454847273248677	0.48600298124141	0.466765921905366	0.458227462008267	0.45270912806293	0.461193768485057	0.272630337042779	0.49678146790412	0.348760734295861
0.421781342022869	0.273102448089036	0.325679827258723	0.121206411792813	0.390192986900071	0.265623323126036	0.275955587269124	0.249640170005514	0.251169833370707	0.635341286945821	0.507597090900549	0.662081373870933	0.334061064183341	0.249901382914595	0.115265602832151	0.162940972238456	0.334049962990049	0.314456461240007	0.203673077464861	0.274474725671842	0.562340734613047	1	0.410304017082077	0.344086429654532	0.180951196490289	0.502278526665302	0.528241075516421	0.198686954969872	0.456728768954835	0.233970930080262	0.178953057105334	0.382834147085526	0.0579925381841655	0.683640858635111	0.317557394514936	0.358579150004014	0.420978676058191	0.26420618289132	0.33114432827007	0.569392331765887	0.317380482663364	0.437952878924639	0.167500724468327	0.411334522523415	0.178276845474437	0.49530998705779	0.380268779263093	0.284402001077556	0.361474484313604	0.279665515833794	0.420026799406494	0.328315747148048	0.293386372243233	0.336999987224262	0.318772789839983	0.246412434235863	0.315379799088255	0.334511401842555	0.266242017532521	0.272826280093286	0.36991064781977	0.405524885478354	0.312011235866364	0.301821855831546	0.366884801859744	0.509367917981534	0.163689337403966	0.238808809987293	0.202899512218415	0.305084084206394	0.507612986991794	0.414797506881226	0.394618458822826	0.431965371420778	0.294667143394122	0.403108819062597	0.442045261735697	0.394590517529631	0.258409619911648	0.188872639864089	0.160827283466416	0.170572983014847	0.0533219038009917	0.175394520180039	0.301976212743149	0.534043420248451	0.270182643104101	0.308531243061111	0.363481501582245	0.145978634638573	0.36555403128244	0.479363223264963	0.490878216110361	0.68412635766238	0.522860289246826	0.328654642512375	0.359046642248052	0.282986034314643	0.516304634156281	0.430073770988243
