1	0.676159632804902	0.547659259671739	0.534524071452996	0.699638917875636	0.535850686647189	0.530105148814261	0.336370801732663	0.120852103134847	0.489167624279469	0.213703692194226	0.416857062528649	0.286272573234302	0.671640857034333	0.481072008908447	0.359080295888324	0.246104343907224	0.255391675222035	0.329690721081824	0.0831454159745848	0.326932149684978	0.465694715521924	0.0518043222409861	0.240526216419747	0.137512819582493	-0.00753757597240071	0.0436788454348913	0.278977073003304	0.0142473367657333	0.494896566370202	0.219951338961262	0.34528020461151	0.478144267950443	0.195177079518316	0.443617644126922	0.399580134731935	0.178554446788668	0.124676279806894	0.251300079183661	0.447373595126013	0.244289297411756	0.317260667107948	0.398245441790347	0.245226819919966	0.247714406890105	0.0618815909383862	0.430574307409809	0.382874080529502	0.455343676753991	0.361144173338606	0.505126687067907	0.648243728791109	0.481610998572658	0.341497225081904	0.181450771984753	0.514615147680765	0.230583145301607	0.219751954243252	0.175168832058112	0.171776166485463	0.466254607608523	0.142402231414037	0.167811634859965	0.139650818067435	0.310670862655797	0.433772746856179	0.360813525015965	0.275603042938402	0.248864737728769	0.277168926265206	0.34020681343133	0.301700629108887	0.106799230858855	0.167558737258353	0.203956139733828	0.146682142006654	0.137213896846878	0.379628236233427	0.155490890484188	0.232875108174197	0.203398507204712	0.464240202540906	0.2134448105854	0.285724706995594	0.197497779101462	0.316413349410157	0.132633449064672	0.32898907851473	0.289161070047731	0.0865016273214676	0.202529472584462	0.436073905533277	0.340598460138329	0.308034095559685	0.230463003724614	0.144269902875587	0.18383947652191	0.289068863022516	0.360097352142786	0.287857847397877
0.676159632804902	1	0.594341413372116	0.596726607639438	0.538849256473827	0.591487126128998	0.576587496817251	0.263533422623106	0.0286543562925494	0.434737636337856	0.293513176280756	0.354265448230678	0.197797567689864	0.47478807639108	0.499264669446859	0.293420414313557	0.071813883270443	0.161714972826835	0.172561746838289	0.114899519724044	0.169633768753366	0.389228694645606	0.115459839950303	0.127540766006047	0.0537700532320102	-0.134145788214195	0.0771320181692028	0.270749126600004	-0.0632152714518028	0.455770058225542	0.172915365280083	0.0994243700404974	0.22787179354819	0.170740503074184	0.350152329789939	0.241902135145298	0.0953813341960647	0.0569783238641607	0.21670095678418	0.417957287688189	0.281666412405895	0.239936816182623	0.312283638909768	-0.00449689217391121	0.0383875939826179	0.0346826253131465	0.258365630733304	0.301931645002546	0.136785377979005	0.256263423068706	0.31714835398711	0.660632082296125	0.479115956481691	0.509495097856312	0.383829505162004	0.601506825397368	0.197315982905242	0.162406891648782	0.148938539672929	0.0680328822161564	0.31110144651053	0.0894635136138162	0.173130424765738	0.202718104495077	0.35737736400005	0.291807090368258	0.212605921631067	0.18957166297658	0.0370264533816608	0.160364556697634	0.384097225594479	0.0698633533803453	0.0553868311188249	0.123784224967273	0.0518113608717508	0.0106413864557653	0.0232978885746526	0.238883675917001	0.180334087279525	0.112040369237447	0.12425843772021	0.312695874275562	0.236658564071517	0.174452916173388	0.00511787937306727	0.320458551166535	0.110803630157806	0.294960001251586	0.272197768726091	-0.0613532689486527	0.184897889927652	0.487470776832535	0.167789757774383	0.246948124494728	0.0170722057800953	0.241211722976251	-0.0116676188327856	0.249796537192165	0.286105603108527	0.397657301417525
0.547659259671739	0.594341413372116	1	0.51336463387775	0.530096841078657	0.573817939733766	0.649133637933442	0.114938984860125	-0.031076915288076	0.442526295069621	0.165849686696973	0.473684644570529	0.260396017711534	0.329558609749963	0.314036629681622	0.130820464005744	-0.050164408718227	-0.0224862087330206	0.142933889506071	-0.0995333743729723	0.236267255218834	0.333170151244591	-0.0067177470407288	0.122621961629891	-0.0760626966610801	-0.277038673012143	-0.170771452381155	0.0596788293215467	-0.0345657052398958	0.294760644464529	0.0533909382004124	0.00740855167543681	0.201808340294732	0.0229426343241597	0.416144715239386	0.197017256415652	0.0701174584460669	-0.108593617631764	0.207462915554463	0.240869402159673	0.189209816752311	0.299542909803782	0.282732410600949	-0.0135959976275488	-0.139468058308344	-0.0171127482143962	0.247853838572909	0.33530630635727	0.227613455918892	0.19962775555636	0.299193007480775	0.490545154971523	0.362587526107053	0.588577375976912	0.1127089145234	0.502734466568717	0.00825071885298689	0.0744589242765394	0.00908546185732171	0.0383038836387709	0.410062595002744	0.224766016703963	0.16111914909622	-0.132834367059942	0.164459984047982	0.189914983990836	0.0914533450738801	-0.131357032088515	0.0676430313739467	0.0113079237521754	0.213339736041364	0.119072077813054	-0.0226079692090632	-0.0310847895330726	-0.114008001993037	-0.106459046030003	-0.0506074669155017	0.132295282179614	0.0848959537539057	-0.143641417005913	-0.0569454021744984	0.140277234116357	0.0845402483629535	-0.0718159392903166	-0.0376693513040341	0.105770891428606	-0.0387207023062684	0.243757985179798	0.0970915795649776	-0.155520377974606	0.189605665059698	0.299254141603293	-0.0153662767182494	0.0582193148818359	0.067339398667535	0.190242487951479	-0.0515754710419869	0.243223972144183	0.17040326629152	0.204690371497143
0.534524071452996	0.596726607639438	0.51336463387775	1	0.584654663170867	0.637559313990958	0.725661553762806	0.294332873467651	0.133751460470677	0.628625813672966	0.417034514409668	0.606927821721919	0.227496343620389	0.536399841105003	0.457656014895634	0.500570468821087	0.170748132604029	0.347432184893133	0.331896000824637	0.213924077775241	0.355139848513058	0.356942886760296	0.239915415245959	0.213818072057638	0.0154626539759457	-0.0320045791949001	0.0229537498144684	0.0741061079596891	0.0331050822140025	0.437311569160034	0.343093500292756	0.171811698578338	0.331768139595892	0.178069919682482	0.520118743452904	0.439192534317556	0.110212005117881	0.233231982871181	0.394631391079908	0.239012225276079	0.110359106676601	0.392681764437347	0.631538692212415	0.282997125701777	0.237200002710306	0.147925620671761	0.461165834400591	0.498057669256236	0.377702175692493	0.529546979467274	0.31090128804635	0.513003580511779	0.658231784151686	0.534553915436125	0.359473632231741	0.676812704484746	0.0994248185771054	0.162756431613108	0.12903238557922	0.13697558249513	0.498724816421221	0.364546802386447	0.386381551978154	0.014219413462191	0.294982601395597	0.540269025032193	0.404286896970855	0.216837211791	0.357074933317476	0.334792701960199	0.232156682556303	0.344424714585505	0.124268521176624	0.0127674344657973	0.125371297673031	0.21110920866788	0.223482463325958	0.0976233812836911	0.200556426928438	0.339051000891552	0.266335471584875	0.323943449799621	0.0290647861119573	0.193159559585927	0.20203936558625	0.329298242372186	0.104308497086884	0.429289788138657	0.277645581736196	0.157031541961739	0.33273925469704	0.333986731800241	0.329668050749946	0.361643541088242	0.280477725824668	0.527300132306164	-0.00678524055832037	0.306314820595736	0.372116337917194	0.382055875332922
0.699638917875636	0.538849256473827	0.530096841078657	0.584654663170867	1	0.670081998859647	0.636144415790293	0.439334298174256	0.223824784417283	0.546918698771197	0.361224538336788	0.521290106584403	0.39718754171757	0.640137760157781	0.444090938743196	0.407281884550384	0.291137305008374	0.313036091482741	0.363659378888379	0.115109290370493	0.494753146275247	0.493566657803182	0.0487070721081224	0.284587372035944	0.178932079046094	-0.0370360190105755	-0.0226036909835276	0.106260877757352	-0.00262173034181419	0.532580614855923	0.235219763782415	0.240702125431132	0.447393151621095	0.118858264347846	0.625854679252789	0.49128744553313	0.200698707560756	0.131436815033613	0.404044305244481	0.287706689715047	0.0887929239610013	0.368736801698834	0.463098865887097	0.237291580693066	0.223552742953433	0.0191730762335282	0.425979548045657	0.535556721991317	0.599682355763876	0.382362916984047	0.625315069032822	0.505628399211102	0.525628336796673	0.437482154235154	0.269604549549897	0.589421159073394	0.226572797346478	0.259597244894681	0.222648775256297	0.274622302060059	0.596977660227269	0.365610604406084	0.32123933240711	0.217509746458179	0.225058119599717	0.512500344965016	0.351825588443173	0.272719640080327	0.340140336836111	0.384903105841713	0.365550967620652	0.499428984153318	0.0945310361558985	0.176721546877071	0.170119790065408	0.158550615939611	0.179467496055688	0.186043651725658	0.0181201498755444	0.236543262482341	0.251338874764539	0.435006957340722	0.123596818345421	0.212236881273486	0.0875615632859882	0.183940931352795	0.157219091861216	0.494236389158429	0.38083737121788	0.0237913087003939	0.307645259400568	0.24718854852417	0.249736321057499	0.38236665094449	0.294146255045615	0.244984032920987	0.249018717735663	0.371777479192687	0.361568251195533	0.43220687237221
0.535850686647189	0.591487126128998	0.573817939733766	0.637559313990958	0.670081998859647	1	0.733828217405389	0.468914092126707	0.189849683061747	0.554684915385045	0.379425562357164	0.546087948239739	0.449708179095583	0.478942877438716	0.540326947434101	0.449960211761556	0.289028361397923	0.367649830707262	0.327375815838387	0.275539822478419	0.306481217980467	0.422530325603932	0.224944919882221	0.240647957868985	0.18751793757118	0.0108766045295937	0.00509198360654892	0.158376843951626	-0.0839752797246626	0.440301913573524	0.312999845001104	0.280540015180382	0.460331704786942	0.243206562044421	0.609750326052176	0.449308280451595	0.222017966793209	0.13548078530978	0.399636815988641	0.237365935980526	0.0418789206188358	0.468647518681888	0.53958279469382	0.183033636922791	0.251672058033395	0.128184924890459	0.46223080980338	0.673902959826231	0.393847641906787	0.448516830531822	0.265623190413695	0.480474916165639	0.530060323570861	0.563195073603895	0.41787842817943	0.611767051474758	0.117233647356442	0.155354029109785	0.206410101948561	0.129662159012589	0.459939083123793	0.224862387255859	0.246708422422306	0.105800807329176	0.20561535196128	0.418034468093828	0.340438506245291	0.215330479451253	0.329583522347699	0.372271013105759	0.230220712565735	0.431347666522642	0.035040383655631	0.152960446143272	0.111299676194973	0.201834478919128	0.0963774915264989	0.200811897797407	0.0503097515728723	0.221259273292479	0.173455457146246	0.398455527338939	0.161531151478019	0.1932520392672	0.170255253563877	0.314022762444049	0.112592125638398	0.450755746067559	0.213344730257192	0.00408636695210023	0.299809468438159	0.270946247518057	0.20194788188478	0.414243503978979	0.243400996424758	0.443451399631547	0.0437227960118693	0.338120464335006	0.224888047604946	0.44444428510206
0.530105148814261	0.576587496817251	0.649133637933442	0.725661553762806	0.636144415790293	0.733828217405389	1	0.390563456418107	0.193437869585224	0.599380913857333	0.383550621216579	0.641856895942496	0.399448044836083	0.419935242645497	0.409508664740126	0.414972365212833	0.175237315918059	0.32695468345604	0.223847581231635	0.185812114353827	0.425412930195723	0.393632337224829	0.125429331310386	0.330604125423048	0.147373999555164	-0.125062515358664	-0.0820996666632213	0.0454699262587479	0.0201285381184163	0.422785368421838	0.325336163031416	0.203075208029742	0.314333451789719	0.131101520952391	0.634538026019215	0.409232253910501	0.199854980722943	0.0870638320031297	0.396841756880818	0.222831485976776	0.138680280891724	0.437955130141266	0.523825939255995	0.157312594682584	0.147694474864916	0.0612358036175993	0.363779192124208	0.575700663522866	0.410124748608502	0.493316301806134	0.273497115370215	0.546198248929039	0.620924964051009	0.605220333679458	0.278376734226269	0.712451142001459	0.129181504614166	0.263663401903969	0.195885604169161	0.23758056030884	0.567675085833436	0.271728631672741	0.271751150550419	0.0558953404712598	0.14839175639919	0.533022973184817	0.330003760967132	0.197142808721406	0.2532465119727	0.279302438100504	0.303286611580583	0.330327074355916	0.113164084421807	0.0942539354220105	0.059528033198131	0.080159099111625	0.118746212424836	0.067176185807005	0.108220934993559	0.233069456959504	0.179453444390098	0.296858281067771	0.0201066408550772	0.100873164691645	0.0550393911120595	0.216697800619903	0.111404174058054	0.479322074044553	0.252274989613855	0.000826622916036117	0.345049561625427	0.284245999282253	0.266981553411391	0.331965475868665	0.235051949612699	0.447200269183777	-0.0563394965977287	0.281892226566625	0.246241061139244	0.365288789129905
0.336370801732663	0.263533422623106	0.114938984860125	0.294332873467651	0.439334298174256	0.468914092126707	0.390563456418107	1	0.494385835347018	0.416117300061126	0.332344230144275	0.402633928831798	0.491352493500884	0.422571624166758	0.38312725591171	0.54497370716541	0.551080614264045	0.636215060963726	0.57568184886282	0.589329985575964	0.317971474426707	0.254894390112224	0.213434852316882	0.419270613135587	0.520731871319175	0.378729148864933	0.282082953022347	0.167829238121153	-0.0256005718549362	0.349308383442738	0.4212908539435	0.441004153158106	0.46948662803689	0.225423943061218	0.376301599232587	0.618575176979801	0.278611392750499	0.434904010692544	0.474501979113539	0.27962673100923	-0.0567145980017772	0.335330735680895	0.393464231236838	0.501244954910454	0.458627189831058	0.247429645270228	0.407514807148123	0.544286801955749	0.385605019633322	0.486020197229152	0.119835012823618	0.342982227912225	0.345324676339018	0.373896898128222	0.340181217574218	0.423031482585458	0.221816164240429	0.446539469338273	0.36545694975467	0.370396927454112	0.449455023994499	0.206013239451844	0.322908560585264	0.249873335799991	0.110172133161887	0.54093071795377	0.489812258850782	0.615170746176491	0.594102684199862	0.603892862965354	0.36896056810947	0.339879300132677	0.255608660605094	0.487870786681514	0.397740107207394	0.492046839531947	0.393328751059515	0.12985152303545	0.0718549772923429	0.543856088165421	0.242358920826946	0.397842947038915	0.162634777178922	0.369031462257558	0.340452429790973	0.345137069877982	0.236669807072437	0.474629477998585	0.373332292244636	0.31708612517733	0.270718983931406	0.290859728980064	0.354704849173032	0.400612987405064	0.401270266005474	0.341105520812	0.137062106377892	0.353782734585368	0.360632011472425	0.408850082914284
0.120852103134847	0.0286543562925494	-0.031076915288076	0.133751460470677	0.223824784417283	0.189849683061746	0.193437869585224	0.494385835347018	1	0.150715822846757	0.0870308439976186	0.221498755996788	0.238427323532087	0.108436709425566	0.147287928551485	0.328855273701664	0.362552998466632	0.216333745896773	0.362546944950858	0.442121721868761	0.286356875253769	0.1520650579513	0.120527392095106	0.555709718916928	0.599662788479333	0.246336449766141	0.266478009366261	-0.0179754195083564	0.135895420475828	0.0628493566837913	0.280588716064476	0.0965212442904453	0.296249843389006	0.160825228551296	0.378202235386644	0.502393832539608	0.271996951784611	0.297781060570836	0.391719830345332	0.0521956451468673	0.018806548647572	0.166911327769138	0.261780221160113	0.414522916502207	0.226565476651545	0.20611938916971	0.273158743167806	0.330346910552984	0.230171340631384	0.274105408734719	0.0900341708006968	0.106888867504135	0.260648820013764	0.218085207256522	0.270043743190858	0.238199062535723	0.0677805630995469	0.401555853276895	0.455394497823985	0.842367221982855	0.366339229698567	0.26082391319367	0.270584588190828	0.154447094603678	-0.051941358421773	0.339906856736384	0.24792981877071	0.463928452958482	0.52189773546197	0.358912036704907	0.299225092806949	0.310683929226725	0.585244167183582	0.462208972394197	0.346844091851552	0.428446144242085	0.247929184239907	-0.0699168259429327	-0.0495697864643431	0.393784250947854	0.23558315886218	0.240320050446817	-0.160713782289326	0.226851310684835	0.217828580921471	0.169334212637153	0.347626503401566	0.455165528616683	0.291918767746477	0.237037786586687	0.289921635189012	-0.0596616449357039	0.36907085754118	0.270421976778889	0.221720282124286	0.293202608436979	0.0159253073767056	0.124367997996563	0.154704035154182	0.26493524442617
0.489167624279469	0.434737636337856	0.442526295069622	0.628625813672966	0.546918698771196	0.554684915385045	0.599380913857333	0.416117300061126	0.150715822846757	1	0.4988164511688	0.784244203463023	0.393232439707804	0.491318396613237	0.292353669827534	0.48937383776865	0.301621509913	0.464186386624705	0.338864056480271	0.404387573101759	0.501321704048978	0.601892455871973	0.242448632585731	0.38136460831634	0.142466829497209	0.094971316937273	0.176664950396459	0.218406385909033	0.0857606910970397	0.400358355257386	0.400675428473314	0.441671902823906	0.454511380904418	0.297614383912602	0.482024710502855	0.532268031914847	0.306106501721922	0.246006256064348	0.458205154838108	0.438887310706482	0.287660519910984	0.509456789092911	0.686096333907861	0.368415929567819	0.371782512451661	0.260017928232569	0.634204658085434	0.50567793080382	0.349143286447653	0.560028605244286	0.204614740134217	0.476647022510752	0.559385759975984	0.355604600097263	0.193517293328722	0.558524132556153	0.0615220086919041	0.160822089501894	0.212959987704593	0.12389285782121	0.5288407226408	0.246924344171784	0.349878877506522	-0.024400080719245	0.12949156469922	0.573154907875416	0.450658549724334	0.20816343339608	0.469575509337009	0.445406288164128	0.170273884418862	0.473922612489679	0.000227545165222459	0.220265792899823	0.243686458277472	0.295678008168313	0.295131446790338	0.187632039587009	0.205211950371268	0.384019689081474	0.148819294706937	0.418902513110284	0.104376440088021	0.316779793979804	0.314902198415968	0.282606342807504	0.167339936298715	0.321875418784684	0.258839937474021	0.239075727743155	0.352711225754021	0.403498955501873	0.37079958560696	0.277499219127174	0.479493330087687	0.355945653177728	-0.00461176308883005	0.378435615493122	0.362638106301445	0.438555570882383
0.213703692194226	0.293513176280756	0.165849686696973	0.417034514409669	0.361224538336788	0.379425562357165	0.383550621216579	0.332344230144275	0.0870308439976186	0.4988164511688	1	0.556445839480907	0.310358393836783	0.404938717684431	0.269488479170017	0.31872603994029	0.359752734283952	0.292654801499016	0.115702118645182	0.310059978237018	0.411659014035056	0.465849399935143	0.417132376454235	0.274540326470584	0.112990931445735	0.0843693943584512	0.15907373033742	-0.0389224341077118	0.155421230349276	0.34497393830384	0.268406188024777	0.181326734415244	0.191527555297324	0.0944911464069823	0.318428460508038	0.236536605786484	0.116745914927085	0.188531534738164	0.281479589456645	0.141230388176711	0.0579566200808269	0.178425381995161	0.447869153508496	0.254764602131848	0.39859468750546	0.227395389508147	0.275537171383511	0.457947011576301	0.273524182030312	0.423895575371789	0.125829186253278	0.348394773446137	0.334655085660272	0.284896110321214	0.336849529199406	0.380393341144232	0.215629195005544	0.193969043215631	0.0905483203411891	0.0933431438247954	0.45733224098659	0.369997086339433	0.447668998237706	-0.0668148106741474	0.05853666794009	0.480498935663478	0.163311393307211	0.338922846737247	0.221977985524845	0.37451822581225	0.184121691357805	0.459082303510781	0.0254096542517407	0.137313268128378	0.268777999313466	0.202777763124636	0.269888822173927	0.0757172783788128	0.169115738591924	0.336326185401885	0.219337401720235	0.377653133648955	-0.0125361630293756	0.0757783516208833	0.215347012331424	0.211121302995248	0.0701814231099227	0.21220731632946	0.398932519840403	0.101113635968178	0.194714817035133	0.0981539699304929	0.268039680281392	0.293024613958006	0.425933359158025	0.350497482012986	-0.0444688045177922	0.237127638131746	0.173823501663368	0.490192131607338
0.416857062528649	0.354265448230678	0.473684644570529	0.606927821721919	0.521290106584403	0.546087948239739	0.641856895942496	0.402633928831798	0.221498755996788	0.784244203463023	0.556445839480907	1	0.43984062455019	0.358396543199047	0.306345752769279	0.395970576488326	0.341635475182876	0.340308570866112	0.187526854217445	0.257943031562294	0.521633352582055	0.538318882949788	0.388192874932829	0.451367935176849	0.0756027076470185	-0.113744748329949	-0.000396560317118394	0.060258928242262	0.152966952017778	0.230453602682201	0.340338806052289	0.278705430071055	0.474149380128914	0.155357112500955	0.528364939580413	0.380643496019062	0.367927734314341	0.178317058033856	0.482641380576337	0.24173068176769	0.199102785597399	0.361098151727513	0.613093815743063	0.180541839381155	0.203061552010893	0.33689179674564	0.650807754980921	0.569021676447757	0.397917782953651	0.559081484956142	0.10589788240324	0.382136680654854	0.537246584172029	0.472730592684418	0.263395193642864	0.52948959577718	0.0112122595771244	0.0987011253630201	0.147465556656802	0.176269451934792	0.602945146412301	0.36998010783197	0.35608432462005	-0.108173490476721	0.0281070113822268	0.501983557293762	0.27405543052476	0.177461652107367	0.438606815775296	0.344579370051799	0.138985411188211	0.50262650330231	0.090528214467993	0.13611983099949	0.172509757573987	0.129616657934948	0.170552710298202	0.0228938372440673	0.251383822209916	0.261581832578674	0.1452698990527	0.329961526586588	-0.0133516115935475	0.101361613179461	0.153408796206388	0.193043232212349	0.179948691139201	0.443618785449455	0.267711256419389	0.0445976884349583	0.480149265794065	0.24212378877661	0.298211730850385	0.270006693943007	0.365873858294569	0.411656145818675	0.0857919872278097	0.357725014468814	0.24473868176188	0.462894953832825
0.286272573234302	0.197797567689863	0.260396017711534	0.227496343620389	0.39718754171757	0.449708179095583	0.399448044836083	0.491352493500884	0.238427323532087	0.393232439707804	0.310358393836783	0.43984062455019	1	0.293822046726529	0.315099399513012	0.241257864297471	0.477848226125311	0.316674245899806	0.133856698710746	0.337440204727341	0.433710683465301	0.390993166266072	0.110922165294354	0.29444612361438	0.358754525998584	0.165870097880594	0.172754337355956	0.2461769610339	0.0138424144980824	0.168920396801962	0.185638553946447	0.353739134287004	0.477842504817544	0.264992356227679	0.375560437535616	0.275773541907786	0.239501262052588	0.168339092206197	0.303053389382114	0.129317669307191	0.199828566973068	0.434154310027451	0.36238977675803	0.171183701629103	0.180170417130865	0.138178627853575	0.309976869681631	0.454638656453112	0.244162998095117	0.33262683434387	0.155590460678253	0.35868405690553	0.175357428033574	0.393003862242628	0.207986581634831	0.311014543015369	-0.013448331420883	0.20303058386029	0.124818127524983	0.256007909993853	0.412008767677622	0.256342237158379	0.135090960623228	0.0360552171178216	0.186590950316358	0.282032201977119	0.256150420634221	0.261921864127323	0.311971610978845	0.369152316687469	0.325098374926025	0.198430165359718	-0.0366377240353329	0.343826479993097	0.151220582498235	0.196201085006907	0.306336910339604	0.346641737426819	-0.045541779895536	0.256455130872809	0.130998330853999	0.224599354092392	0.190576611309065	0.0931819745036152	0.052581630132087	0.166254226414076	0.140207746764534	0.252560434636337	0.0934380680236311	0.00960965464355278	0.195898665080041	0.0652216163979091	0.193244556958287	0.380760994885039	0.285705504668755	0.218530319242823	0.0163289675377997	0.212976992769238	0.0404098425610676	0.35434082114797
0.671640857034333	0.47478807639108	0.329558609749963	0.536399841105003	0.640137760157781	0.478942877438716	0.419935242645497	0.422571624166758	0.108436709425566	0.491318396613237	0.404938717684431	0.358396543199047	0.293822046726529	1	0.55427011155297	0.487194485507495	0.351775033661483	0.470481275683786	0.448075197989465	0.221251642970399	0.346477378585955	0.393644103315579	0.16133125423477	0.188902076328559	0.245821207290107	0.145204852358554	0.139727177579462	0.346405536092891	0.221741561276047	0.661792482383645	0.326659117360499	0.388933387879876	0.524493224761417	0.266832728199662	0.309333342370064	0.458253485424696	0.158623554166741	0.291349107193103	0.281642649812295	0.520116924307781	0.152632356551682	0.339093777859626	0.470863997343499	0.334583552021757	0.478056142972297	0.281201564043172	0.411014754738026	0.324197809807987	0.498065042337265	0.459252741438461	0.455696895340674	0.521342289092504	0.489974858017133	0.227223616246442	0.178065666512252	0.525538842956118	0.218879922184867	0.277140933783798	0.236029680710098	0.158155481481805	0.38750106237821	0.215872441469957	0.297825913623183	0.157962097249785	0.373810650566068	0.543922531175605	0.466291146672124	0.368532993428614	0.422406573009294	0.489452033797346	0.28632644783177	0.332026437995084	0.127469185420444	0.301634260742196	0.236117025847265	0.344308773766426	0.318208188188684	0.354517456378062	0.2637781621385	0.36076173557641	0.310278511867927	0.525280501837555	0.251123033759456	0.355677129174054	0.267433761444962	0.34149757153189	0.130762678970044	0.348644759218667	0.37239113501248	0.175400423884393	0.247300432263066	0.406074725548261	0.375241670584551	0.337953401314369	0.363891821867272	0.204120278491968	0.193058757431139	0.238793690514911	0.352010478200043	0.301944607693519
0.481072008908447	0.499264669446859	0.314036629681622	0.457656014895634	0.444090938743196	0.540326947434101	0.409508664740126	0.383127255911709	0.147287928551485	0.292353669827534	0.269488479170017	0.306345752769279	0.315099399513012	0.55427011155297	1	0.404229847324623	0.30152056014609	0.266188995575144	0.23536985264695	0.206784298472171	0.224799501987401	0.316177103398495	0.243356766102914	0.0632543919210253	0.175489133232927	-0.0317169478929776	0.114465037403436	0.316839020894287	0.191951993394559	0.440836795414473	0.236079294456539	0.16953979949964	0.348131461775096	0.221485297949683	0.414888973475317	0.257268075741596	0.140435759995902	0.0443945964920034	0.199896608522762	0.274612758067322	0.162274836696443	0.225769252694892	0.421679794814012	0.164829475163385	0.196459067616046	0.143064845715027	0.415075925126055	0.394609766374536	0.247422033182002	0.488297450004672	0.329339791763094	0.57576446123341	0.420313946957918	0.408033314621793	0.262337400165458	0.485991666646862	0.193491213233441	0.241478472823996	0.307751774052383	0.148382661580617	0.355243378772208	0.153580209320347	0.286976891194122	0.183066434151033	0.410953589077064	0.314835104001945	0.191056568435284	0.334706555361048	0.336723384528671	0.233146470813029	0.214307887239881	0.312407174019496	0.156673294371812	0.214199056544129	0.196038969393376	0.199357661152882	0.171951581639612	0.350017698211106	0.0351804334045343	0.236340537501736	0.172240210315986	0.265656018320651	0.136755316867871	0.123667956223782	0.00333820198508597	0.336160041355186	0.152380370544959	0.301315925101114	0.428447263517296	-0.113220278762088	0.15343655983741	0.350963348610233	0.181980926793013	0.427788289398994	0.276651442505368	0.294575809152255	0.19298657549009	0.183147807474015	0.149272910820254	0.192709559040796
0.359080295888324	0.293420414313557	0.130820464005744	0.500570468821087	0.407281884550384	0.449960211761556	0.414972365212833	0.54497370716541	0.328855273701664	0.48937383776865	0.31872603994029	0.395970576488326	0.241257864297471	0.487194485507495	0.404229847324623	1	0.38972615524168	0.550618385262649	0.659225718918707	0.58014275021683	0.341351712036853	0.2843329204996	0.172678163394522	0.321521326867732	0.362807959926725	0.420180208355817	0.178001551037196	0.232917782861204	0.175273599274906	0.355094984664053	0.746628782057426	0.426972217654525	0.449328780970519	0.237116041176233	0.553793203752684	0.725835100224319	0.246838082126632	0.47439540211692	0.423837766272749	0.33156447209895	-0.044696268731157	0.482597547983537	0.635450500806227	0.464673385135362	0.54654573888936	0.314829719284797	0.354157798717112	0.484166536824255	0.323527296989429	0.481920444803441	0.213102463142929	0.361500243745304	0.34535778079232	0.265495834859676	0.331444588041392	0.411346103067014	0.168109474822014	0.348792614435809	0.423030831270943	0.208487150799224	0.250107820900493	0.162995165748935	0.199782636268835	0.125457810673463	0.132639340173361	0.508466195002468	0.671263878683853	0.442889796586124	0.518553835203058	0.507279065953074	0.151177173519789	0.339270108074924	0.165251549953508	0.326859358055261	0.384831855417879	0.5651857480789	0.47199917408393	0.195983373673831	0.0463323209054206	0.639457988071101	0.209802638605002	0.479098962431457	0.0853489960376711	0.357220294301562	0.480015480891761	0.399664768441119	0.0994288940501965	0.515711209973084	0.232048968000108	0.317189636382994	0.218618391088056	0.213637231518956	0.295759952320499	0.380624011924815	0.375535700168949	0.411582770229707	0.0867343775457142	0.15122399406309	0.290294591151541	0.365639068557991
0.246104343907224	0.071813883270443	-0.050164408718227	0.170748132604029	0.291137305008374	0.289028361397923	0.175237315918059	0.551080614264045	0.362552998466632	0.301621509913	0.359752734283952	0.341635475182876	0.477848226125311	0.351775033661483	0.30152056014609	0.38972615524168	1	0.475770820178251	0.251642241921832	0.411390358656756	0.518214957485071	0.287643530964832	0.348944898395694	0.395488936398823	0.390326402621381	0.339592310264532	0.179293817558696	0.0611693470922781	0.0631548878945086	0.21587271355285	0.288250854522998	0.331062053616479	0.428863232618886	0.137529250089242	0.376401835227955	0.403302210157934	0.256502055777999	0.43936200342818	0.291389942072226	0.11431720247724	-0.0810255734667085	0.198841270625266	0.439678618399415	0.412795223123331	0.517474998248988	0.250821097278324	0.335497868088882	0.342120096598855	0.436162345981852	0.37361961928652	0.165979229400995	0.0464749511683786	0.108940080420709	0.195837621699904	0.248935057391705	0.373120358288058	0.221660509578209	0.30892028583973	0.206253632531456	0.359444264021268	0.408615654315917	0.251520453388208	0.210041642743859	0.187299592957515	0.0547533170099302	0.392996126673238	0.276061264478411	0.545661623037922	0.507670970162521	0.531815317377875	0.322319661856072	0.312658790008748	0.190428016159715	0.376812931907926	0.470880438292428	0.417168842011885	0.337642736098155	0.0949034772294001	-0.0382438080455268	0.403904580994008	0.228841693963509	0.350880505806673	0.0600423739132444	0.29098649893239	0.249279854779658	0.0436287281219607	0.262593695450976	0.37611084667331	0.446194209315389	0.178741171089876	0.218629144734504	-0.0344906286204138	0.325711446703	0.252054963065968	0.323738609249432	0.251471212108434	0.16349898144949	0.168936161809424	0.112376311256556	0.245977959088398
0.255391675222035	0.161714972826835	-0.0224862087330206	0.347432184893133	0.313036091482741	0.367649830707261	0.32695468345604	0.636215060963726	0.216333745896773	0.464186386624704	0.292654801499016	0.340308570866112	0.316674245899806	0.470481275683786	0.266188995575144	0.550618385262649	0.475770820178251	1	0.520785078217155	0.454614589717798	0.31531866846652	0.207277925705402	0.180217550908654	0.382194803449919	0.37878299595029	0.304212698480044	0.2206537193427	0.131108448168775	0.147270178221411	0.37958808711986	0.6280842760393	0.527463529574453	0.37489582984142	0.213469799255442	0.287056295517341	0.601747524039197	0.305758377339305	0.38574993004334	0.453269941507641	0.314107371740025	0.0348361095966691	0.328651805506695	0.52320692970021	0.44185534952747	0.558756825834922	0.246927688694108	0.358911882495228	0.472486602162516	0.300505894152578	0.45745715983505	0.0138002236170232	0.218905369819803	0.282120430051931	0.207209815577813	0.185172513876446	0.324520027949567	0.0410042663409856	0.143328658292743	0.245526551526871	0.12122247710162	0.196405405841759	0.0082353192072929	0.235676945998774	0.0747388035397801	0.145731220503893	0.505973973951976	0.531815113876574	0.413393230165487	0.547340610721631	0.550881004778818	0.0983509159710977	0.190597841172554	0.166280937382384	0.319302886707863	0.289988042999376	0.457450710249612	0.443973873245037	0.108590989785593	0.176554149990835	0.578095336568054	0.196557477494846	0.325720722421976	0.098173263446738	0.406026812713429	0.390805229764495	0.248290491258025	0.209160051930196	0.354005514921505	0.190545964237787	0.296808727726019	0.294671409836708	0.175713945766229	0.330446815054999	0.266531895949452	0.282695257549198	0.302336591136281	-0.0969759966601099	0.191938474102701	0.26997243133524	0.149949196181256
0.329690721081824	0.172561746838289	0.142933889506071	0.331896000824637	0.363659378888379	0.327375815838387	0.223847581231635	0.57568184886282	0.362546944950858	0.338864056480271	0.115702118645182	0.187526854217445	0.133856698710746	0.448075197989465	0.23536985264695	0.659225718918706	0.251642241921832	0.520785078217155	1	0.466964730210957	0.105611687627923	0.208154963080039	-0.0444841570629111	0.282856429296193	0.316814030793383	0.510100049726365	0.156809358233888	0.20350048224017	0.0253209810710942	0.374706159328511	0.447945016743509	0.444484331856817	0.441322988132684	0.232013696724006	0.312372254182985	0.72374057953987	0.189010166345992	0.572878631105075	0.362667115193704	0.40195454750553	-0.0828889340036888	0.365460978323686	0.377883963466424	0.544631304522818	0.54626252898095	0.179993388573367	0.280334386831902	0.285050296264895	0.195228260491246	0.339600742248175	0.158259814847775	0.320289907813337	0.303239814054342	0.196224096221493	0.0215222097217834	0.275804580645625	0.12371711288319	0.466884519088549	0.381785135454251	0.151209044504679	0.200000619291126	0.103490984531857	0.16698081993021	0.126534970466408	0.121248013071046	0.320977750128498	0.640469087710583	0.401965947178013	0.605046781171203	0.455683436616969	0.0791125713422961	0.121654476550338	0.167619166856954	0.306567448463004	0.319211348165218	0.5943639190531	0.447349026851293	0.17965711436513	-0.00010410293440699	0.529392680155257	0.217119392974496	0.437888350347738	0.0453343125715697	0.446508574837389	0.554156406198036	0.348662925953313	0.0378777702287995	0.305664085355294	0.183840479704034	0.410967542484728	0.10697063996715	0.288831294124929	0.190807260382757	0.210387900220215	0.181047418384312	0.135573202098928	-0.067934488732734	0.213240909209373	0.314943248409145	0.248156809374588
0.0831454159745848	0.114899519724044	-0.0995333743729723	0.213924077775241	0.115109290370493	0.275539822478419	0.185812114353827	0.589329985575964	0.442121721868761	0.404387573101759	0.310059978237018	0.257943031562294	0.337440204727341	0.221251642970399	0.206784298472171	0.58014275021683	0.411390358656756	0.454614589717798	0.466964730210957	1	0.23073938719321	0.259603750589928	0.227236934566356	0.230820690035207	0.550303587668813	0.630578758723064	0.413866936441141	0.184964325830214	0.107772802538579	0.246155260621588	0.405705175913673	0.446342986924565	0.323626190603046	0.339180565679826	0.29504019954436	0.553736832742461	0.133061788826116	0.56505500318266	0.254455742693134	0.209630171868014	0.0759874845173278	0.315781734962041	0.425332329890352	0.431462993727297	0.566335425852171	0.177624395081785	0.41349032981352	0.290523139675894	0.107260988076695	0.363319088885783	-0.146040190208917	0.224643169391621	0.138522607151197	0.102413008225591	0.261195225349304	0.242453710759546	0.103055166397371	0.406663211947064	0.436544344353669	0.384687849754935	0.28480011478723	0.209794552911304	0.316379403051295	0.261046252309767	0.184678333824427	0.441870058428837	0.532534306162253	0.641249260015819	0.444948046810653	0.60546798709917	0.245078834960785	0.268623908244076	0.0849022065595772	0.476725513543471	0.376261336051281	0.607736832088163	0.496246926331527	0.152001979555884	-0.0207957299441148	0.631335780095008	0.38350045139419	0.329940965254168	0.13859537166399	0.384516327040892	0.409247068171877	0.533850434790848	0.0476961696294709	0.272236842368291	0.186362424725121	0.412338835917253	0.045500108537187	0.2192375540266	0.353213634671705	0.320918884273699	0.342943133786662	0.450349591245726	-0.123332401560135	0.192611747057544	0.208413805552464	0.356667869557932
0.326932149684978	0.169633768753366	0.236267255218834	0.355139848513058	0.494753146275247	0.306481217980467	0.425412930195723	0.317971474426707	0.286356875253769	0.501321704048978	0.411659014035056	0.521633352582055	0.433710683465301	0.346477378585955	0.224799501987401	0.341351712036853	0.51821495748507	0.31531866846652	0.105611687627923	0.23073938719321	1	0.406490077546226	0.253590864642265	0.372787788410206	0.314313490731608	0.0782564895147608	0.0750027836678738	0.0822041256881668	0.0674335768815926	0.241951102113923	0.333432711150152	0.272226163254944	0.309816793602184	0.130369515465093	0.387055486310117	0.342418783861479	0.0752628737371358	0.131125411180817	0.200590809423591	0.160455976374256	0.0902161271660891	0.229623705703612	0.471480514338336	0.287501919582586	0.274989129087251	0.0251293084274508	0.407618125335144	0.335862339412328	0.420302958546144	0.443774697581957	0.34777387950015	0.182656753265682	0.255893616436285	0.216181132648275	0.278727328022058	0.373434813774476	0.1779942757163	0.194604747046523	0.10362637078253	0.324859490709058	0.534759990194035	0.415691428848785	0.355760287980461	0.0806173284971012	0.0347407557238064	0.404472110340237	0.224114239245076	0.199524068308263	0.261781273154253	0.282450328465508	0.261634686219897	0.471031436585976	0.102273780476755	0.23419995963041	0.400947368092754	0.171694059282287	0.266224790745016	0.0552050879819545	-0.0763656438538649	0.274891050911573	0.191363903233845	0.3922476163489	-0.0472847557549805	0.0755451298624269	0.0947232599120835	0.0045291831905236	0.0737838480656071	0.233503325470703	0.339314183873589	0.0112978796696025	0.191038404294508	0.00251230446720975	0.337518553655588	0.289318608490184	0.363215277692005	0.342786873581574	0.0657199789139347	0.13311040409035	0.10657465806212	0.283255356679958
0.465694715521924	0.389228694645606	0.333170151244591	0.356942886760296	0.493566657803182	0.422530325603932	0.393632337224829	0.254894390112224	0.1520650579513	0.601892455871973	0.465849399935143	0.538318882949788	0.390993166266073	0.393644103315579	0.316177103398495	0.2843329204996	0.287643530964832	0.207277925705402	0.208154963080039	0.259603750589928	0.406490077546226	1	0.237064911229095	0.335553764044363	0.193009452947471	0.103575976384559	0.253048060540681	0.357057594212757	0.223145724545332	0.393287344603046	0.174073291123771	0.361163075349197	0.326788327162052	0.402278062809346	0.363602947675622	0.411594540571878	0.358020080658889	0.231594290011042	0.30690142397236	0.434337759610399	0.445335952362197	0.378410566843056	0.420110962594496	0.179673317095726	0.236063666273079	0.232668227104592	0.547483892694335	0.473721202795043	0.233957157416041	0.483583575813249	0.203543378441208	0.51665293405714	0.363148714850402	0.176737078312874	0.127464654717592	0.261570291374358	0.0658920861209541	0.165523304529641	0.151256676356986	0.183647046345411	0.527822093694001	0.322656268357457	0.30276230810243	-0.0293115262112765	0.226226580612767	0.344890529059596	0.318911205763706	0.195876421364493	0.334562409295862	0.371112425224589	0.204896156909342	0.410571507869701	-0.0410863166772069	0.25021139036268	0.218538510402943	0.0808443192708833	0.257915970795844	0.440627888757236	0.219562822192006	0.261281424034694	0.177467587902131	0.394835713291549	0.289154839540321	0.204225615186837	0.241402704551182	0.334612387531192	0.2296200352885	0.207080588705895	0.289935927396397	0.143555766136274	0.198839918816267	0.305154119590943	0.330329774320428	0.340848454658323	0.428464076892617	0.156610583618992	0.0619156880771988	0.321004548312347	0.175855169174691	0.381825361432343
